1770029669.813727 0.0000000 0.0000000 0.0000000 -0.0000000 -0.0000000 -0.0000000 1.0000000
1770029670.113749 -0.0014464 -0.0035138 -0.0092550 -0.0006717 -0.0004296 0.0004774 0.9999996
1770029678.447067 0.3083215 0.1554831 0.0012456 -0.0020631 0.0318490 0.0029184 0.9994863
1770029678.747078 0.3236969 0.1942575 0.0051676 -0.0038454 0.0319170 0.0024498 0.9994801
1770029683.613748 -0.3186549 -0.5015940 -0.0092752 -0.0019407 0.0009381 -0.0042065 0.9999889
1770029685.547111 -0.4173822 0.0505306 -0.0125249 0.0039801 -0.0011441 -0.0039011 0.9999838
1770029686.247081 -0.4422786 0.2828182 -0.0047814 -0.0163118 0.0023947 -0.2122702 0.9770719
1770029686.813717 -0.4123346 0.3920134 -0.0184491 -0.0273867 0.0113780 -0.3185774 0.9474328
1770029687.347060 -0.3474185 0.4074000 -0.0298085 -0.0299515 0.0144462 -0.3434691 0.9385751
1770029688.147043 -0.1520617 0.2334331 -0.0261331 -0.0151637 0.0170301 -0.2034333 0.9788232
1770029689.147050 0.0811592 -0.0467371 -0.0196931 0.0695164 0.0985359 -0.1365281 0.9832692
1770029689.313711 0.1300132 -0.1013957 -0.0101297 0.0699056 0.1250440 -0.1342331 0.9805400
1770029689.447041 0.1695615 -0.1432226 -0.0087552 0.0640163 0.1394678 -0.1333656 0.9791140
1770029689.547046 0.1995679 -0.1659064 -0.0050335 0.0480314 0.1383419 -0.1325836 0.9802939
1770029689.647043 0.2375698 -0.1671526 -0.0017924 0.0107096 0.1228797 -0.1147862 0.9857028
1770029690.047040 0.3579410 -0.2255666 0.0341728 -0.0527634 0.0678452 -0.0433291 0.9953570
1770029690.180382 0.3904508 -0.2456571 0.0409744 -0.0577180 0.0579220 -0.0260103 0.9963118
1770029690.347043 0.4206354 -0.2599810 0.0479996 -0.0552886 0.0504707 -0.0131619 0.9971072
1770029690.747054 0.4998200 -0.3087057 0.0330723 -0.0261279 0.0374336 -0.0018659 0.9989557
1770029690.980378 0.5146353 -0.3250859 0.0144847 -0.0083070 0.0359876 0.0001704 0.9993177
1770029692.180387 0.6225761 -0.2038492 -0.0036352 0.0203351 0.0346663 0.0054459 0.9991772
1770029692.813728 0.6259020 -0.0402333 -0.0002449 0.0165848 0.0381258 0.0037972 0.9991281
1770029693.480381 0.6178074 0.1534459 0.0157580 0.0095183 0.0391092 0.0006751 0.9991894
1770029694.180339 0.5687279 0.3184017 0.0167915 0.0034275 0.0368446 -0.0021518 0.9993128
1770029694.213673 0.5652795 0.3232667 0.0170802 0.0028507 0.0368107 -0.0027662 0.9993144
1770029694.247005 0.5622677 0.3289007 0.0158489 0.0028871 0.0362613 -0.0027935 0.9993343
1770029694.713673 0.5097193 0.3762263 0.0102523 -0.0002585 0.0331672 -0.0055014 0.9994346
1770029694.880333 0.4876581 0.3795161 0.0068437 -0.0007939 0.0317493 -0.0056781 0.9994794
1770029695.313691 0.4223242 0.3602217 0.0053331 0.0008747 0.0287777 -0.0052546 0.9995717
1770029695.547002 0.3855670 0.3270532 0.0024540 0.0026790 0.0269232 -0.0030858 0.9996292
1770029697.547011 0.0174644 -0.2171031 -0.0147571 0.0805443 -0.0772966 0.0033648 0.9937437
1770029697.580343 0.0175190 -0.2164316 -0.0284702 0.0664019 -0.0752322 0.0040226 0.9949446
1770029697.947017 -0.0846245 -0.2900264 0.0135427 -0.0211309 -0.0426427 0.0011862 0.9988662
1770029699.247021 -0.3242107 -0.4963231 -0.0133109 0.0029669 -0.0032822 -0.0030668 0.9999855
1770029700.480332 -0.4171557 -0.1853894 -0.0081034 0.0109614 -0.0012097 -0.0033067 0.9999337
1770029701.746955 -0.4435675 0.2514217 -0.0055155 -0.0143827 0.0015281 -0.1869104 0.9822705
1770029702.280284 -0.4241734 0.3749790 -0.0155753 -0.0260313 0.0089682 -0.3029072 0.9526223
1770029702.646933 -0.3890066 0.4080240 -0.0217160 -0.0308456 0.0129434 -0.3396870 0.9399435
1770029703.446930 -0.2424506 0.3212726 -0.0323111 -0.0250646 0.0171274 -0.2911076 0.9562085
1770029703.546937 -0.2090729 0.2952948 -0.0219850 -0.0218125 0.0168059 -0.2647228 0.9639313
1770029703.680263 -0.1703496 0.2544785 -0.0333621 -0.0168023 0.0170860 -0.2217864 0.9748008
1770029703.980266 -0.0848866 0.1652968 -0.0351517 -0.0012364 0.0199711 -0.1534183 0.9879587
1770029704.813622 0.1048331 -0.0726160 -0.0176803 0.0703864 0.1103129 -0.1349954 0.9821675
1770029704.980263 0.1560311 -0.1292714 -0.0102599 0.0668617 0.1341456 -0.1321527 0.9798317
1770029705.180266 0.2179009 -0.1616763 -0.0091462 0.0321453 0.1332711 -0.1261217 0.9824963
1770029708.313595 0.6257501 -0.0590139 -0.0024595 0.0185392 0.0373522 0.0042282 0.9991212
1770029711.180311 0.3783033 0.3192024 -0.0018679 0.0026140 0.0267123 -0.0022751 0.9996372
1770029712.780323 0.1122511 -0.0878013 -0.0123405 0.0973363 -0.0496049 -0.0075225 0.9939861
1770029713.013643 0.0482641 -0.1913927 -0.0298608 0.0994148 -0.0780282 -0.0051139 0.9919689
1770029713.046980 0.0396335 -0.2028934 -0.0238050 0.0979068 -0.0796074 -0.0026710 0.9920029
1770029715.013643 -0.3472757 -0.4763387 -0.0195844 0.0074416 -0.0019162 -0.0030947 0.9999657
1770029717.413666 -0.4438773 0.2723646 -0.0051156 -0.0162253 0.0029204 -0.2071702 0.9781660
1770029718.980258 -0.2569811 0.3341888 -0.0271436 -0.0264364 0.0165523 -0.3030841 0.9524533
1770029719.613597 -0.0739310 0.1519284 -0.0366329 0.0017162 0.0207534 -0.1507013 0.9883600
1770029720.380264 0.0944683 -0.0651913 -0.0191601 0.0699067 0.1060294 -0.1355899 0.9825916
1770029720.613610 0.1644472 -0.1340750 -0.0082580 0.0657359 0.1381655 -0.1331901 0.9792086
1770029720.746930 0.2025323 -0.1572150 -0.0036508 0.0426732 0.1383521 -0.1305285 0.9808160
1770029720.880255 0.2575249 -0.1738083 -0.0031560 -0.0033844 0.1130544 -0.1048812 0.9880320
1770029720.913639 0.2625384 -0.1762157 0.0015977 -0.0098264 0.1079718 -0.0992124 0.9891423
1770029721.013587 0.2911621 -0.1906467 0.0141621 -0.0275694 0.0937981 -0.0802607 0.9919678
1770029721.180253 0.3439984 -0.2171767 0.0258488 -0.0497530 0.0728997 -0.0514592 0.9947674
1770029721.313616 0.3789650 -0.2365288 0.0366698 -0.0574392 0.0612974 -0.0323524 0.9959401
1770029721.480259 0.4152496 -0.2579700 0.0433618 -0.0576177 0.0514993 -0.0150250 0.9968963
1770029721.746961 0.4677435 -0.2846978 0.0364807 -0.0431897 0.0410748 -0.0038507 0.9982148
1770029724.513584 0.6236111 0.1140525 0.0120932 0.0119545 0.0387138 0.0012289 0.9991781
1770029724.780225 0.6173499 0.1747053 0.0198681 0.0074114 0.0382803 0.0003477 0.9992395
1770029725.946891 0.5025017 0.3769153 0.0084078 -0.0008336 0.0333246 -0.0058816 0.9994269
1770029726.813581 0.3724836 0.3128572 -0.0012361 0.0028207 0.0261196 -0.0027577 0.9996511
1770029727.046892 0.3299794 0.2652659 -0.0025687 0.0059495 0.0248486 -0.0007939 0.9996732
1770029727.180221 0.3060147 0.2357312 -0.0065756 0.0089499 0.0243843 -0.0005160 0.9996625
1770029727.413554 0.2583156 0.1739912 -0.0095211 0.0150366 0.0226879 -0.0013163 0.9996287
1770029727.746891 0.1943633 0.1020362 -0.0225230 0.0455272 0.0154128 -0.0051172 0.9988311
1770029728.113554 0.1552197 0.0115386 -0.0409543 0.0785986 -0.0092947 -0.0074177 0.9968355
1770029728.280227 0.1343651 -0.0462557 -0.0135766 0.0912672 -0.0346306 -0.0062105 0.9952047
1770029728.380245 0.1107391 -0.0893441 -0.0110804 0.0981125 -0.0505281 -0.0075437 0.9938632
1770029728.480247 0.0818497 -0.1327987 -0.0186693 0.1016083 -0.0653286 -0.0085007 0.9926408
1770029728.546892 0.0666965 -0.1650348 -0.0262389 0.1010787 -0.0736046 -0.0066373 0.9921297
1770029728.613577 0.0468166 -0.1928061 -0.0292213 0.0992317 -0.0784894 -0.0043292 0.9919545
1770029728.780220 0.0140215 -0.2208702 -0.0245303 0.0621586 -0.0739461 0.0048539 0.9953114
1770029729.580217 -0.1871780 -0.4014805 0.0297570 -0.0343463 -0.0218539 -0.0038980 0.9991634
1770029730.013553 -0.2614441 -0.4862524 0.0115712 -0.0092738 -0.0096967 -0.0029795 0.9999056
1770029730.746893 -0.3635397 -0.4513250 -0.0153663 0.0101247 -0.0013598 -0.0035433 0.9999416
1770029731.780230 -0.4194604 -0.1456140 -0.0078582 0.0101043 -0.0012537 -0.0035490 0.9999419
1770029732.680194 -0.4336600 0.1731263 -0.0000017 -0.0060648 0.0013879 -0.1045205 0.9945033
1770029733.013544 -0.4426333 0.2719714 -0.0061424 -0.0171377 0.0028048 -0.2084011 0.9778893
1770029733.446859 -0.4262808 0.3726046 -0.0138258 -0.0252688 0.0087832 -0.2997215 0.9536516
1770029733.913534 -0.3779619 0.4104099 -0.0201571 -0.0304982 0.0124102 -0.3431659 0.9386975
1770029734.346888 -0.3098122 0.3805489 -0.0351478 -0.0294252 0.0157994 -0.3332624 0.9422424
1770029734.580202 -0.2525964 0.3337352 -0.0264123 -0.0262745 0.0163495 -0.3014007 0.9529953
1770029734.780187 -0.1999220 0.2844863 -0.0247522 -0.0198696 0.0174802 -0.2514199 0.9675163
1770029734.980187 -0.1364465 0.2217655 -0.0332288 -0.0119552 0.0178080 -0.1892692 0.9816910
1770029735.146858 -0.0880396 0.1692096 -0.0346991 -0.0036158 0.0191268 -0.1544026 0.9878163
1770029735.346859 -0.0362746 0.1141500 -0.0283905 0.0170863 0.0272622 -0.1473369 0.9885629
1770029735.680217 0.0318708 0.0247589 -0.0284201 0.0547288 0.0585533 -0.1428424 0.9864950
1770029735.846850 0.0661720 -0.0224976 -0.0203811 0.0661470 0.0844180 -0.1390174 0.9844655
1770029735.980198 0.0988731 -0.0678147 -0.0227692 0.0700774 0.1065946 -0.1350110 0.9825979
1770029736.113519 0.1385332 -0.1095196 -0.0166431 0.0695204 0.1271725 -0.1327022 0.9805021
1770029736.280201 0.1830107 -0.1671001 -0.0214181 0.0604891 0.1401705 -0.1318040 0.9794493
1770029736.346864 0.2062576 -0.1476658 -0.0148903 0.0419725 0.1358130 -0.1304593 0.9812102
1770029736.646859 0.3009634 -0.1945727 0.0168098 -0.0334858 0.0881696 -0.0733628 0.9928357
1770029737.113517 0.4226606 -0.2555563 0.0509729 -0.0560632 0.0501522 -0.0131539 0.9970801
1770029737.380184 0.4758425 -0.2935973 0.0337619 -0.0405337 0.0395845 -0.0027429 0.9983900
1770029737.746874 0.5097280 -0.3267720 0.0108465 -0.0101558 0.0360689 -0.0000338 0.9992977
1770029737.813521 0.5134780 -0.3342225 0.0063743 -0.0063753 0.0360739 -0.0001566 0.9993288
1770029738.646858 0.6056085 -0.2648387 -0.0043252 0.0189696 0.0332381 0.0049270 0.9992553
1770029739.113528 0.6230487 -0.1699180 -0.0055701 0.0198801 0.0356192 0.0046621 0.9991568
1770029739.613533 0.6249375 -0.0377183 -0.0018496 0.0161257 0.0378085 0.0037641 0.9991478
1770029739.946855 0.6239848 0.0726218 0.0069379 0.0143787 0.0387052 0.0015746 0.9991460
1770029740.180192 0.6235819 0.1280313 0.0129623 0.0103082 0.0386266 0.0012614 0.9991997
1770029740.413528 0.6152820 0.1836339 0.0191086 0.0069052 0.0384303 0.0006691 0.9992372
1770029740.580213 0.6029571 0.2324824 0.0179708 0.0058863 0.0379425 -0.0008085 0.9992623
1770029740.713565 0.5930412 0.2645237 0.0157976 0.0045683 0.0375022 -0.0012733 0.9992853
1770029740.880204 0.5766165 0.3024953 0.0178934 0.0035305 0.0373209 -0.0026084 0.9992937
1770029741.013532 0.5636111 0.3223554 0.0144953 0.0017612 0.0364569 -0.0036879 0.9993269
1770029741.146862 0.5518644 0.3402171 0.0128208 0.0006988 0.0350806 -0.0045498 0.9993739
1770029741.346896 0.5278032 0.3635032 0.0108811 0.0001830 0.0340335 -0.0054405 0.9994059
1770029741.580228 0.4999404 0.3735511 0.0046030 -0.0022369 0.0321974 -0.0067485 0.9994562
1770029741.846859 0.4677316 0.3712910 -0.0047909 -0.0017753 0.0296790 -0.0064159 0.9995373
1770029742.313518 0.3934576 0.3298247 -0.0094071 0.0021967 0.0261478 -0.0038102 0.9996484
1770029742.713531 0.3168935 0.2516966 -0.0051208 0.0079760 0.0243466 -0.0015198 0.9996706
1770029743.080205 0.2424698 0.1628264 -0.0200510 0.0214656 0.0223713 -0.0033182 0.9995137
1770029743.480198 0.1760565 0.0752778 -0.0353554 0.0583033 0.0088517 -0.0062309 0.9982402
1770029743.746858 0.1480532 0.0001797 -0.0562873 0.0817829 -0.0141732 -0.0083828 0.9965141
1770029743.946861 0.1155246 -0.0796979 -0.0410865 0.0957042 -0.0456879 -0.0082005 0.9943269
1770029744.046861 0.0871061 -0.1212816 -0.0311150 0.1002791 -0.0609386 -0.0083300 0.9930565
1770029744.113524 0.0660129 -0.1473782 -0.0296278 0.1013439 -0.0692297 -0.0077615 0.9924094
1770029744.213518 0.0428795 -0.1916787 -0.0287349 0.0984814 -0.0774789 -0.0034260 0.9921123
1770029744.313540 0.0263551 -0.2139026 -0.0252749 0.0904130 -0.0766123 0.0038833 0.9929456
1770029744.380181 0.0176048 -0.2125734 -0.0247523 0.0627705 -0.0709559 0.0058573 0.9954852
1770029744.746883 -0.0875295 -0.2839811 0.0104898 -0.0193337 -0.0401618 0.0002225 0.9990061
1770029745.380184 -0.2027020 -0.4067242 0.0114683 -0.0268486 -0.0161402 -0.0045499 0.9994988
1770029745.913529 -0.2555865 -0.4250540 -0.0060220 -0.0054548 -0.0055959 -0.0040825 0.9999611
1770029746.880181 -0.2759311 -0.2633404 -0.0253095 0.0075889 0.0004732 -0.0043240 0.9999617
1770029747.580207 -0.2372470 -0.1113264 -0.0286522 0.0059651 0.0016124 -0.0023837 0.9999781
1770029748.080206 -0.1950382 -0.0313898 -0.0321870 0.0027037 0.0028361 -0.0022044 0.9999899
1770029748.680178 -0.1387973 0.0233247 -0.0346802 0.0003970 0.0040046 -0.0022481 0.9999894
1770029749.513509 -0.0711573 0.0332183 -0.0281026 0.0001252 0.0048685 -0.0014178 0.9999871
1770029750.680180 -0.0154519 0.0079474 -0.0212561 0.0011404 0.0025192 -0.0001719 0.9999962
