1770029669813726720.000000 0.000000000 0.000000000 0.000000000 -0.000000000 -0.000000000 -0.000000000 1.000000000
1770029670113748736.000000 -0.001446435 -0.003513839 -0.009255022 -0.000671746 -0.000429562 0.000477382 0.999999583
1770029678447066880.000000 0.308321476 0.155483097 0.001245568 -0.002063057 0.031848993 0.002918443 0.999486327
1770029678747077888.000000 0.323696882 0.194257468 0.005167604 -0.003845389 0.031916995 0.002449755 0.999480128
1770029683613747712.000000 -0.318654895 -0.501594007 -0.009275165 -0.001940665 0.000938097 -0.004206472 0.999988854
1770029685547110912.000000 -0.417382240 0.050530557 -0.012524881 0.003980062 -0.001144072 -0.003901071 0.999983847
1770029686247080960.000000 -0.442278624 0.282818168 -0.004781447 -0.016311785 0.002394736 -0.212270230 0.977071941
1770029686813716992.000000 -0.412334561 0.392013401 -0.018449113 -0.027386727 0.011377953 -0.318577379 0.947432816
1770029687347059712.000000 -0.347418517 0.407400042 -0.029808518 -0.029951531 0.014446201 -0.343469143 0.938575089
1770029688147042816.000000 -0.152061671 0.233433142 -0.026133087 -0.015163675 0.017030081 -0.203433320 0.978823245
1770029689147049984.000000 0.081159212 -0.046737123 -0.019693051 0.069516443 0.098535888 -0.136528134 0.983269155
1770029689313710592.000000 0.130013183 -0.101395689 -0.010129746 0.069905616 0.125044033 -0.134233147 0.980539978
1770029689447040768.000000 0.169561490 -0.143222645 -0.008755189 0.064016290 0.139467821 -0.133365616 0.979113996
1770029689547046400.000000 0.199567884 -0.165906355 -0.005033501 0.048031401 0.138341948 -0.132583573 0.980293870
1770029689647042816.000000 0.237569824 -0.167152643 -0.001792443 0.010709623 0.122879662 -0.114786208 0.985702813
1770029690047040512.000000 0.357941002 -0.225566611 0.034172818 -0.052763406 0.067845210 -0.043329116 0.995357037
1770029690180382464.000000 0.390450835 -0.245657116 0.040974371 -0.057717986 0.057921957 -0.026010295 0.996311784
1770029690347043328.000000 0.420635402 -0.259981006 0.047999568 -0.055288564 0.050470650 -0.013161928 0.997107208
1770029690747053824.000000 0.499820024 -0.308705717 0.033072326 -0.026127929 0.037433632 -0.001865867 0.998955727
1770029690980378368.000000 0.514635324 -0.325085878 0.014484727 -0.008306988 0.035987634 0.000170373 0.999317706
1770029692180386560.000000 0.622576118 -0.203849182 -0.003635183 0.020335078 0.034666266 0.005445882 0.999177217
1770029692813728256.000000 0.625901997 -0.040233329 -0.000244949 0.016584843 0.038125820 0.003797222 0.999128103
1770029693480381184.000000 0.617807388 0.153445944 0.015757991 0.009518257 0.039109156 0.000675070 0.999189377
1770029694180338944.000000 0.568727911 0.318401694 0.016791478 0.003427545 0.036844619 -0.002151820 0.999312818
1770029694213672960.000000 0.565279543 0.323266745 0.017080171 0.002850650 0.036810715 -0.002766212 0.999314368
1770029694247004672.000000 0.562267721 0.328900665 0.015848922 0.002887096 0.036261305 -0.002793517 0.999334276
1770029694713672960.000000 0.509719253 0.376226336 0.010252306 -0.000258541 0.033167206 -0.005501413 0.999434650
1770029694880333312.000000 0.487658083 0.379516095 0.006843703 -0.000793870 0.031749349 -0.005678082 0.999479413
1770029695313690880.000000 0.422324181 0.360221714 0.005333123 0.000874656 0.028777707 -0.005254584 0.999571681
1770029695547002112.000000 0.385567039 0.327053159 0.002453998 0.002679035 0.026923232 -0.003085805 0.999629200
1770029697547010816.000000 0.017464351 -0.217103094 -0.014757102 0.080544256 -0.077296592 0.003364825 0.993743718
1770029697580343296.000000 0.017519049 -0.216431573 -0.028470231 0.066401929 -0.075232208 0.004022558 0.994944572
1770029697947016960.000000 -0.084624536 -0.290026426 0.013542695 -0.021130910 -0.042642675 0.001186213 0.998866200
1770029699247021312.000000 -0.324210703 -0.496323138 -0.013310885 0.002966933 -0.003282174 -0.003066754 0.999985516
1770029700480331776.000000 -0.417155653 -0.185389414 -0.008103356 0.010961440 -0.001209742 -0.003306716 0.999933720
1770029701746955264.000000 -0.443567544 0.251421690 -0.005515511 -0.014382668 0.001528082 -0.186910436 0.982270479
1770029702280284416.000000 -0.424173355 0.374978960 -0.015575328 -0.026031317 0.008968165 -0.302907169 0.952622294
1770029702646932736.000000 -0.389006585 0.408024013 -0.021716002 -0.030845575 0.012943367 -0.339687049 0.939943492
1770029703446929920.000000 -0.242450565 0.321272641 -0.032311056 -0.025064599 0.017127393 -0.291107625 0.956208527
1770029703546936832.000000 -0.209072948 0.295294762 -0.021984970 -0.021812515 0.016805872 -0.264722794 0.963931322
1770029703680262656.000000 -0.170349643 0.254478544 -0.033362068 -0.016802274 0.017086010 -0.221786425 0.974800766
1770029703980265728.000000 -0.084886618 0.165296808 -0.035151709 -0.001236430 0.019971142 -0.153418273 0.987958729
1770029704813622528.000000 0.104833148 -0.072615981 -0.017680282 0.070386402 0.110312879 -0.134995386 0.982167542
1770029704980262656.000000 0.156031072 -0.129271403 -0.010259915 0.066861741 0.134145647 -0.132152662 0.979831696
1770029705180265728.000000 0.217900887 -0.161676347 -0.009146227 0.032145295 0.133271053 -0.126121700 0.982496262
1770029708313595392.000000 0.625750065 -0.059013944 -0.002459542 0.018539187 0.037352245 0.004228157 0.999121249
1770029711180310784.000000 0.378303289 0.319202393 -0.001867906 0.002614022 0.026712330 -0.002275122 0.999637187
1770029712780322560.000000 0.112251125 -0.087801315 -0.012340521 0.097336307 -0.049604859 -0.007522479 0.993986130
1770029713013643008.000000 0.048264135 -0.191392675 -0.029860822 0.099414773 -0.078028232 -0.005113937 0.991968870
1770029713046980096.000000 0.039633494 -0.202893376 -0.023805032 0.097906776 -0.079607390 -0.002670975 0.992002904
1770029715013643264.000000 -0.347275674 -0.476338744 -0.019584427 0.007441560 -0.001916205 -0.003094698 0.999965668
1770029717413666304.000000 -0.443877339 0.272364616 -0.005115647 -0.016225312 0.002920425 -0.207170203 0.978166044
1770029718980257536.000000 -0.256981134 0.334188819 -0.027143568 -0.026436361 0.016552314 -0.303084135 0.952453256
1770029719613597184.000000 -0.073931001 0.151928410 -0.036632910 0.001716220 0.020753447 -0.150701329 0.988359988
1770029720380263680.000000 0.094468333 -0.065191291 -0.019160066 0.069906749 0.106029406 -0.135589942 0.982591629
1770029720613609728.000000 0.164447233 -0.134075046 -0.008257962 0.065735921 0.138165534 -0.133190140 0.979208589
1770029720746930176.000000 0.202532262 -0.157215044 -0.003650805 0.042673197 0.138352126 -0.130528465 0.980816007
1770029720880254720.000000 0.257524937 -0.173808292 -0.003156007 -0.003384354 0.113054350 -0.104881167 0.988031983
1770029720913639168.000000 0.262538373 -0.176215708 0.001597662 -0.009826439 0.107971765 -0.099212378 0.989142299
1770029721013586944.000000 0.291162103 -0.190646708 0.014162144 -0.027569382 0.093798101 -0.080260716 0.991967797
1770029721180252672.000000 0.343998373 -0.217176676 0.025848845 -0.049753014 0.072899677 -0.051459156 0.994767427
1770029721313615616.000000 0.378964990 -0.236528799 0.036669824 -0.057439189 0.061297372 -0.032352448 0.995940089
1770029721480259072.000000 0.415249646 -0.257970005 0.043361757 -0.057617705 0.051499337 -0.015024994 0.996896327
1770029721746960896.000000 0.467743546 -0.284697831 0.036480658 -0.043189745 0.041074835 -0.003850746 0.998214781
1770029724513584128.000000 0.623611093 0.114052452 0.012093157 0.011954516 0.038713783 0.001228892 0.999178112
1770029724780225024.000000 0.617349863 0.174705252 0.019868055 0.007411353 0.038280316 0.000347717 0.999239504
1770029725946891008.000000 0.502501726 0.376915306 0.008407843 -0.000833558 0.033324577 -0.005881641 0.999426901
1770029726813580544.000000 0.372483552 0.312857151 -0.001236059 0.002820716 0.026119616 -0.002757720 0.999651074
1770029727046892032.000000 0.329979450 0.265265882 -0.002568730 0.005949499 0.024848577 -0.000793862 0.999673247
1770029727180221440.000000 0.306014717 0.235731199 -0.006575645 0.008949923 0.024384255 -0.000516049 0.999662459
1770029727413553920.000000 0.258315623 0.173991233 -0.009521074 0.015036643 0.022687858 -0.001316310 0.999628663
1770029727746891264.000000 0.194363281 0.102036238 -0.022523042 0.045527242 0.015412792 -0.005117160 0.998831093
1770029728113554432.000000 0.155219719 0.011538639 -0.040954318 0.078598596 -0.009294744 -0.007417713 0.996835470
1770029728280227072.000000 0.134365082 -0.046255749 -0.013576588 0.091267206 -0.034630630 -0.006210454 0.995204747
1770029728380245248.000000 0.110739097 -0.089344144 -0.011080444 0.098112471 -0.050528135 -0.007543736 0.993863165
1770029728480247296.000000 0.081849739 -0.132798731 -0.018669277 0.101608306 -0.065328620 -0.008500713 0.992640793
1770029728546892288.000000 0.066696480 -0.165034771 -0.026238894 0.101078652 -0.073604643 -0.006637287 0.992129743
1770029728613577472.000000 0.046816550 -0.192806065 -0.029221259 0.099231653 -0.078489408 -0.004329194 0.991954505
1770029728780219904.000000 0.014021533 -0.220870212 -0.024530284 0.062158618 -0.073946103 0.004853852 0.995311379
1770029729580217344.000000 -0.187177956 -0.401480526 0.029757002 -0.034346320 -0.021853905 -0.003897960 0.999163449
1770029730013553408.000000 -0.261444092 -0.486252367 0.011571163 -0.009273786 -0.009696687 -0.002979537 0.999905586
1770029730746892800.000000 -0.363539666 -0.451325029 -0.015366288 0.010124745 -0.001359791 -0.003543304 0.999941587
1770029731780229632.000000 -0.419460446 -0.145613968 -0.007858205 0.010104281 -0.001253651 -0.003548971 0.999941885
1770029732680194048.000000 -0.433659971 0.173126340 -0.000001741 -0.006064782 0.001387876 -0.104520507 0.994503319
1770029733013543680.000000 -0.442633271 0.271971405 -0.006142361 -0.017137704 0.002804837 -0.208401099 0.977889299
1770029733446858752.000000 -0.426280797 0.372604638 -0.013825845 -0.025268786 0.008783217 -0.299721509 0.953651607
1770029733913534464.000000 -0.377961934 0.410409898 -0.020157125 -0.030498233 0.012410218 -0.343165874 0.938697517
1770029734346888192.000000 -0.309812218 0.380548865 -0.035147771 -0.029425193 0.015799381 -0.333262414 0.942242384
1770029734580201984.000000 -0.252596378 0.333735198 -0.026412254 -0.026274489 0.016349468 -0.301400661 0.952995300
1770029734780186880.000000 -0.199922040 0.284486264 -0.024752222 -0.019869601 0.017480195 -0.251419902 0.967516303
1770029734980187136.000000 -0.136446461 0.221765488 -0.033228770 -0.011955215 0.017808000 -0.189269185 0.981691003
1770029735146858240.000000 -0.088039592 0.169209570 -0.034699082 -0.003615824 0.019126806 -0.154402643 0.987816274
1770029735346859264.000000 -0.036274560 0.114150010 -0.028390476 0.017086316 0.027262179 -0.147336870 0.988562942
1770029735680216576.000000 0.031870823 0.024758924 -0.028420059 0.054728825 0.058553275 -0.142842442 0.986495018
1770029735846849792.000000 0.066171981 -0.022497635 -0.020381058 0.066146955 0.084418006 -0.139017358 0.984465539
1770029735980197888.000000 0.098873079 -0.067814715 -0.022769224 0.070077412 0.106594644 -0.135010973 0.982597947
1770029736113519360.000000 0.138533190 -0.109519631 -0.016643070 0.069520429 0.127172545 -0.132702157 0.980502069
1770029736280201216.000000 0.183010668 -0.167100132 -0.021418076 0.060489137 0.140170529 -0.131803989 0.979449332
1770029736346863616.000000 0.206257641 -0.147665828 -0.014890296 0.041972548 0.135812953 -0.130459338 0.981210232
1770029736646859264.000000 0.300963372 -0.194572672 0.016809816 -0.033485770 0.088169619 -0.073362775 0.992835701
1770029737113517056.000000 0.422660619 -0.255556345 0.050972909 -0.056063250 0.050152160 -0.013153891 0.997080088
1770029737380184064.000000 0.475842476 -0.293597251 0.033761904 -0.040533669 0.039584544 -0.002742915 0.998390019
1770029737746873600.000000 0.509727955 -0.326772004 0.010846470 -0.010155763 0.036068909 -0.000033828 0.999297738
1770029737813521152.000000 0.513477981 -0.334222496 0.006374319 -0.006375310 0.036073897 -0.000156607 0.999328792
1770029738646858496.000000 0.605608463 -0.264838725 -0.004325165 0.018969608 0.033238068 0.004927020 0.999255300
1770029739113528064.000000 0.623048663 -0.169917971 -0.005570106 0.019880135 0.035619169 0.004662051 0.999156833
1770029739613533184.000000 0.624937475 -0.037718281 -0.001849583 0.016125698 0.037808508 0.003764071 0.999147832
1770029739946855168.000000 0.623984754 0.072621763 0.006937852 0.014378673 0.038705155 0.001574571 0.999145985
1770029740180191488.000000 0.623581886 0.128031343 0.012962328 0.010308175 0.038626637 0.001261433 0.999199748
1770029740413528064.000000 0.615281999 0.183633938 0.019108621 0.006905184 0.038430333 0.000669077 0.999237239
1770029740580212480.000000 0.602957070 0.232482418 0.017970765 0.005886256 0.037942499 -0.000808490 0.999262273
1770029740713565440.000000 0.593041241 0.264523745 0.015797624 0.004568280 0.037502192 -0.001273288 0.999285281
1770029740880204288.000000 0.576616526 0.302495301 0.017893437 0.003530534 0.037320893 -0.002608403 0.999293745
1770029741013531648.000000 0.563611090 0.322355390 0.014495319 0.001761223 0.036456939 -0.003687867 0.999326885
1770029741146861824.000000 0.551864386 0.340217054 0.012820763 0.000698751 0.035080630 -0.004549847 0.999373913
1770029741346895872.000000 0.527803242 0.363503218 0.010881069 0.000183023 0.034033544 -0.005440452 0.999405861
1770029741580228352.000000 0.499940366 0.373551130 0.004603035 -0.002236857 0.032197420 -0.006748467 0.999456227
1770029741846859008.000000 0.467731595 0.371291041 -0.004790936 -0.001775308 0.029679034 -0.006415891 0.999537349
1770029742313517568.000000 0.393457592 0.329824746 -0.009407074 0.002196693 0.026147818 -0.003810248 0.999648392
1770029742713530880.000000 0.316893488 0.251696587 -0.005120785 0.007976046 0.024346573 -0.001519784 0.999670625
1770029743080205312.000000 0.242469773 0.162826449 -0.020051043 0.021465611 0.022371281 -0.003318216 0.999513745
1770029743480198144.000000 0.176056534 0.075277828 -0.035355374 0.058303274 0.008851739 -0.006230869 0.998240232
1770029743746857984.000000 0.148053184 0.000179661 -0.056287311 0.081782922 -0.014173228 -0.008382809 0.996514142
1770029743946861056.000000 0.115524583 -0.079697855 -0.041086502 0.095704183 -0.045687936 -0.008200546 0.994326949
1770029744046861056.000000 0.087106116 -0.121281616 -0.031115049 0.100279070 -0.060938593 -0.008330023 0.993056536
1770029744113524480.000000 0.066012941 -0.147378176 -0.029627802 0.101343930 -0.069229692 -0.007761499 0.992409408
1770029744213518080.000000 0.042879529 -0.191678673 -0.028734928 0.098481409 -0.077478863 -0.003425972 0.992112279
1770029744313540352.000000 0.026355110 -0.213902637 -0.025274940 0.090412974 -0.076612331 0.003883275 0.992945611
1770029744380180992.000000 0.017604835 -0.212573394 -0.024752298 0.062770523 -0.070955850 0.005857263 0.995485246
1770029744746883328.000000 -0.087529510 -0.283981085 0.010489808 -0.019333651 -0.040161770 0.000222518 0.999006093
1770029745380184320.000000 -0.202702016 -0.406724185 0.011468344 -0.026848599 -0.016140174 -0.004549949 0.999498844
1770029745913528832.000000 -0.255586535 -0.425054014 -0.006022006 -0.005454829 -0.005595922 -0.004082469 0.999961138
1770029746880181248.000000 -0.275931090 -0.263340354 -0.025309524 0.007588860 0.000473169 -0.004324028 0.999961734
1770029747580206848.000000 -0.237247050 -0.111326396 -0.028652180 0.005965104 0.001612445 -0.002383657 0.999978065
1770029748080205568.000000 -0.195038199 -0.031389751 -0.032186978 0.002703730 0.002836109 -0.002204365 0.999989927
1770029748680178432.000000 -0.138797283 0.023324672 -0.034680177 0.000397040 0.004004649 -0.002248081 0.999989390
1770029749513508864.000000 -0.071157329 0.033218343 -0.028102649 0.000125154 0.004868465 -0.001417779 0.999987125
1770029750680179968.000000 -0.015451928 0.007947423 -0.021256112 0.001140390 0.002519175 -0.000171908 0.999996185
