1769791606941099520.000000 0.000000000 0.000000000 0.000000000 -0.000000000 -0.000000000 -0.000000000 1.000000000
1769791606974413056.000000 0.000779836 -0.012654729 -0.010350933 -0.002371099 -0.000466997 -0.000186685 0.999997079
1769791607007746304.000000 -0.003486065 -0.016112423 -0.015024595 -0.003334036 0.000230879 -0.001705359 0.999992967
1769791607074427136.000000 -0.001615559 -0.014577465 -0.009879843 -0.003261075 -0.000073289 -0.000859889 0.999994338
1769791607241076992.000000 -0.004338552 -0.013140668 -0.009372547 -0.003702043 0.000291065 -0.003297263 0.999987721
1769791607307742208.000000 -0.003921045 -0.016380230 -0.008862782 -0.003758391 0.000129062 -0.001149466 0.999992311
1769791607541077248.000000 -0.001904785 -0.015457125 -0.017576361 -0.003331009 -0.000936034 -0.002414377 0.999991119
1769791607774468608.000000 -0.024468498 -0.042361502 0.017066065 -0.008523379 0.002657081 0.001042492 0.999959648
1769791613041091072.000000 0.057108309 -0.069297291 0.082285494 -0.008312485 -0.002415630 0.005108928 0.999949515
1769791614341087488.000000 0.168472037 -0.063903481 0.074477777 0.000262332 0.002309851 0.004146374 0.999988675
1769791615041105920.000000 0.257009834 -0.028436672 0.067270719 0.001539289 0.004798874 0.008979170 0.999947011
1769791615374421760.000000 0.279966176 0.013630527 0.070735380 0.004254641 0.010385355 0.004206232 0.999928176
1769791615607747328.000000 0.318421364 0.022714384 0.065601312 0.003162163 0.010018251 0.006968483 0.999920547
1769791615807766784.000000 0.342370152 0.070739552 0.075712316 0.007522163 0.011466519 0.003594160 0.999899507
1769791615974419456.000000 0.347448736 0.083083734 0.125843287 0.004651458 0.016041759 0.003004780 0.999856055
1769791616141103616.000000 0.380079985 0.107626721 0.082165644 0.006838508 0.012542098 0.006131794 0.999879181
1769791616374414080.000000 0.409075886 0.137010232 0.082654461 0.005411928 0.011067552 0.004731323 0.999912918
1769791616674416384.000000 0.435835063 0.211777166 0.109652527 0.011122124 0.012190995 0.002177127 0.999861479
1769791616941078784.000000 0.439588785 0.234253690 0.108158268 0.007556829 0.013058808 0.004110061 0.999877751
1769791617207752704.000000 0.473987997 0.330106020 0.130994692 0.020576119 0.009724183 0.003828073 0.999733686
1769791617607746048.000000 0.473636329 0.354563951 0.136675239 0.014064547 0.011111771 -0.000406563 0.999839306
1769791618007750656.000000 0.462418616 0.394868165 0.142481685 0.017507188 0.011126537 -0.004399810 0.999775171
1769791618141086464.000000 0.440150470 0.397492409 0.130994320 0.016911989 0.013307897 -0.003691950 0.999761641
1769791618341085440.000000 0.420971841 0.393021733 0.116955705 0.016572421 0.012884279 -0.004769919 0.999768317
1769791618441080576.000000 0.409011066 0.376622170 0.095052034 0.014152027 0.012938316 -0.001541607 0.999814928
1769791618541087488.000000 0.352080792 0.301090270 0.055060819 0.002731573 0.016774375 0.004589254 0.999845028
1769791618707756032.000000 0.334506989 0.287592709 0.060150571 0.001962931 0.019076705 -0.000472453 0.999816000
1769791618841083648.000000 0.304720342 0.268587708 0.051619895 0.000088326 0.022533331 0.002525882 0.999742925
1769791619007746816.000000 0.287651062 0.260956258 0.044046290 0.003756192 0.021660578 0.003641448 0.999751687
1769791619141090816.000000 0.284842789 0.248980150 0.043817215 0.005965398 0.018342780 0.006460024 0.999793112
1769791619274409728.000000 0.266418874 0.226040065 0.031653177 0.006407400 0.019437220 0.008511192 0.999754310
1769791619407752960.000000 0.249792576 0.199323192 0.028280292 0.005884318 0.018302703 0.010043567 0.999764740
1769791619541083392.000000 0.220162541 0.165982321 0.038741112 0.006624045 0.020832513 0.006881309 0.999737382
1769791619707747328.000000 0.186611891 0.132312343 0.032725710 0.009493472 0.022689445 0.007090537 0.999672353
1769791619841075968.000000 0.176819995 0.105067812 0.025449572 0.014684563 0.019225443 0.005267553 0.999693453
1769791619974413568.000000 0.155401558 0.084375851 0.020670829 0.024108425 0.017541036 0.004886289 0.999543548
1769791620107745536.000000 0.122969970 0.050073974 0.005268400 0.032988042 0.015946340 0.002763467 0.999324739
1769791620274413312.000000 0.095952570 0.006021574 0.007582111 0.045652516 0.010708627 0.000641057 0.998899817
1769791620474430720.000000 -0.094133042 0.061565388 -0.009399764 0.069861069 0.010011218 -0.001908707 0.997504711
1769791620574425344.000000 -0.009812709 -0.015686756 -0.007593328 0.072243072 -0.012524066 0.002862433 0.997304320
1769791620741074176.000000 0.000102209 -0.009391028 0.033966720 0.083547078 -0.033190757 -0.003092555 0.995946169
1769791620941096448.000000 -0.065974057 -0.024152845 -0.017096942 0.083239682 -0.038132232 -0.000411900 0.995799661
1769791621041103360.000000 -0.038368620 -0.009720705 0.004990465 0.077938981 -0.037110124 0.003846653 0.996259809
1769791621074410752.000000 -0.047202781 -0.008257116 0.020910822 0.065103687 -0.033592980 0.000530705 0.997312784
1769791621141082624.000000 -0.042277455 0.002261278 0.060291056 0.044299100 -0.031841632 -0.000940187 0.998510301
1769791621207754496.000000 -0.042577669 -0.007437145 0.073616110 0.026429577 -0.029019887 -0.000427921 0.999229312
1769791621341155840.000000 -0.049054787 -0.008460811 0.076020233 0.004591465 -0.023737784 -0.002238448 0.999705195
1769791621507757568.000000 -0.057726216 -0.012788008 0.048013505 -0.013806881 -0.019568274 -0.005000288 0.999700665
1769791621974407680.000000 -0.068114541 -0.025002478 0.062973835 -0.004234286 -0.013089174 -0.009263378 0.999862492
1769791622574427648.000000 -0.069247924 -0.030214364 0.070283979 0.040069971 -0.011748415 -0.009161097 0.999085784
1769791623474413056.000000 -0.092620477 -0.022838090 0.060190219 0.058738634 -0.015327805 -0.009266352 0.998112679
1769791624341126912.000000 -0.092554219 -0.001370708 0.075906150 0.049439769 -0.023401864 -0.006905938 0.998479009
1769791624807802112.000000 -0.096855931 0.001257346 0.076844931 0.036033005 -0.026450485 -0.006408734 0.998979986
1769791625274459136.000000 -0.108515233 0.001657666 0.054373663 0.018650845 -0.028006962 -0.004417649 0.999423981
1769791625641126912.000000 -0.052066214 0.044720814 0.127357885 0.012095597 -0.034351032 -0.002936182 0.999332368
1769791626207797760.000000 -0.008027200 0.119193710 0.057741195 0.001421898 -0.042704675 -0.165817663 0.985230327
1769791626407796224.000000 -0.001492643 0.157063693 0.041476350 0.000808041 -0.042599298 -0.218915910 0.974813044
1769791626607807744.000000 0.008629762 0.201985821 0.047348347 0.001895241 -0.044033308 -0.263668239 0.963606000
1769791626807803136.000000 0.013740565 0.238952488 0.046811238 0.001313958 -0.043716401 -0.303754926 0.951745868
1769791627074488320.000000 0.040507618 0.275003046 0.041157052 0.001307734 -0.046696916 -0.346169561 0.937008202
1769791627341124352.000000 0.043588299 0.328149676 0.039607376 0.003154007 -0.043046240 -0.376722127 0.925320208
1769791627607805184.000000 0.075639457 0.352384180 0.041446637 0.004223767 -0.041715994 -0.395663649 0.917437851
1769791627907799552.000000 0.114744090 0.366933048 0.041841641 0.005934456 -0.042800117 -0.401649386 0.914773583
1769791628207798784.000000 0.162087247 0.348060757 0.025511641 0.003552784 -0.044424836 -0.399096966 0.915825009
1769791628507805952.000000 0.228483766 0.324346274 0.046852749 0.004521525 -0.045475766 -0.381507277 0.923235476
1769791628807800832.000000 0.294893086 0.265739977 0.061828598 0.003210590 -0.046384107 -0.351089180 0.935186923
1769791629074463488.000000 0.360670596 0.202502236 0.080766886 0.001698468 -0.047531977 -0.305113345 0.951127589
1769791629207793408.000000 0.402190477 0.159599692 0.077727638 0.000839620 -0.048999157 -0.270360947 0.961510956
1769791629241124352.000000 0.411571205 0.148902029 0.081028603 0.000604931 -0.049300168 -0.259766519 0.964412034
1769791629374484224.000000 0.450315267 0.112884544 0.094658427 0.001154413 -0.049198527 -0.216186091 0.975111187
1769791629507795200.000000 0.495333314 0.076691084 0.096108124 0.002372582 -0.050659005 -0.178422183 0.982646227
1769791629641167872.000000 0.456691891 0.084065057 0.156088620 0.010256249 -0.038912836 -0.154252544 0.987211645
1769791629774482176.000000 0.477762848 0.069787040 0.172398478 0.021740731 -0.035740830 -0.148289785 0.988058805
1769791629874488064.000000 0.468557239 0.084313750 0.169892788 0.037989855 -0.024073703 -0.150830150 0.987536073
1769791629974456064.000000 0.479337782 0.080868937 0.162227154 0.049827904 -0.016280772 -0.148269147 0.987556756
1769791630107804416.000000 0.484768718 0.070571050 0.159141719 0.064116664 -0.001984211 -0.147503987 0.986979127
1769791630241128704.000000 0.494281083 0.085423812 0.167428628 0.081371844 0.017464973 -0.143753797 0.986107767
1769791630374461440.000000 0.438704103 0.065104060 0.186008096 0.085529730 0.048009407 -0.142434314 0.984932601
1769791630507791104.000000 0.477706999 0.101509452 0.264293432 0.094038948 0.071500555 -0.157076105 0.980495512
1769791630641135872.000000 0.489928842 0.100703895 0.268050730 0.093496718 0.085865386 -0.167923093 0.977592647
1769791630741123072.000000 0.560035110 0.138427079 0.322851479 0.095748246 0.088639542 -0.182709277 0.974470437
1769791630841130752.000000 0.525498629 0.087181628 0.342294931 0.071005233 0.098775119 -0.193940282 0.973441780
1769791630941123072.000000 0.598207057 -0.041581981 0.028625883 0.058276940 0.023287779 -0.065015614 0.995908856
1769791631007790336.000000 0.549705148 -0.084361292 0.176671237 0.009575765 0.055305257 -0.107747018 0.992592692
1769791631241132288.000000 0.594665647 -0.110922709 0.206700578 -0.025383133 0.029744292 -0.073613681 0.996519983
1769791631407794688.000000 0.655008078 -0.140624270 0.215626389 -0.037444387 0.013111763 -0.046122681 0.998147666
1769791631541130240.000000 0.807696640 -0.112911299 0.340438455 -0.030542476 -0.008455702 -0.035812795 0.998855889
1769791631807790080.000000 0.832507849 -0.091980159 0.355888098 -0.013463675 -0.013434268 -0.032966170 0.999275506
1769791632341166336.000000 0.800261557 -0.192670375 0.212020397 0.016017443 -0.012706041 -0.015671728 0.999668121
1769791632941171712.000000 0.842319250 -0.211276814 0.216561899 0.033158723 -0.012668365 -0.008514727 0.999333560
1769791633641169664.000000 0.826327920 -0.176693767 0.210838139 0.036469903 -0.001895771 -0.007052360 0.999308109
1769791634341166848.000000 0.884889543 -0.141268373 0.253597498 0.027128903 -0.002896707 -0.000276790 0.999627709
1769791634741176320.000000 0.868400633 -0.049921438 0.223886207 0.025755974 0.001880431 -0.009629050 0.999620140
1769791634974500608.000000 0.781739593 0.011310705 0.175198659 0.025100511 0.013589069 -0.004071010 0.999584317
1769791635207834368.000000 0.785397470 0.018029811 0.185742259 0.016368954 0.012657106 -0.000991747 0.999785423
1769791635507840512.000000 0.769509673 0.049879976 0.131587446 0.011644735 0.014187269 0.011675089 0.999763370
1769791635774503168.000000 0.783628762 0.127228290 0.213707641 0.010852567 0.012600153 0.004433546 0.999851882
1769791635941167360.000000 0.769529879 0.143273428 0.193593025 0.006875964 0.014466438 0.002076608 0.999869585
1769791636041165312.000000 0.772246480 0.164282337 0.196943179 0.005937956 0.013025164 0.001760475 0.999895990
1769791636141164288.000000 0.760602355 0.165804982 0.185254499 0.000052363 0.014317035 -0.000935698 0.999897063
1769791636307862528.000000 0.737700522 0.182985067 0.183561683 -0.006797969 0.017126253 -0.007165905 0.999804556
1769791636474502912.000000 0.714422107 0.227189019 0.172045708 -0.004750010 0.019149775 -0.011010400 0.999744773
1769791636607840768.000000 0.704066575 0.251323909 0.164817065 -0.005061571 0.018078232 -0.012023794 0.999751508
1769791636741182976.000000 0.684048891 0.257751882 0.159387425 -0.009805176 0.020040600 -0.014779649 0.999641836
1769791636774498816.000000 0.681138694 0.262583584 0.157785669 -0.010450463 0.019993845 -0.015446119 0.999626160
1769791636874534656.000000 0.667031109 0.272569597 0.151220396 -0.011547136 0.020217264 -0.017068688 0.999583244
1769791637007873792.000000 0.645449936 0.297174305 0.144656584 -0.010206489 0.022625368 -0.018923063 0.999512851
1769791637141180160.000000 0.629133999 0.312735945 0.140317529 -0.009269041 0.023042914 -0.019264314 0.999505877
1769791637307871488.000000 0.604425669 0.332573831 0.131360263 -0.007252444 0.023630649 -0.021729080 0.999458253
1769791637507835648.000000 0.584631145 0.340050876 0.127459839 -0.008742949 0.021943491 -0.020045586 0.999520004
1769791637674563072.000000 0.548309147 0.334007829 0.118923612 -0.012870941 0.026287822 -0.020552421 0.999360263
1769791637974501120.000000 0.503863752 0.322314203 0.123039827 -0.015832501 0.026707910 -0.018314563 0.999350131
1769791638141183488.000000 0.475396931 0.310919583 0.121307753 -0.016153554 0.027230607 -0.019565510 0.999307156
1769791638274536704.000000 0.457885951 0.301331937 0.111257307 -0.014358403 0.025803367 -0.018753510 0.999387980
1769791638407841536.000000 0.440727770 0.287100852 0.105843388 -0.013525170 0.024426866 -0.016007597 0.999481976
1769791638541172992.000000 0.421975791 0.265567958 0.102456622 -0.013880802 0.023093620 -0.013419573 0.999546885
1769791638674516480.000000 0.407148749 0.249014154 0.096041515 -0.011412408 0.020714486 -0.010094446 0.999669313
1769791638741168128.000000 0.402159154 0.240020722 0.091699079 -0.009680095 0.018474221 -0.007685560 0.999752939
1769791638807833856.000000 0.396781743 0.228444263 0.095675521 -0.009362934 0.017578870 -0.004889918 0.999789715
1769791638874543616.000000 0.386072665 0.219869196 0.086812787 -0.007277008 0.017590875 -0.002681910 0.999815166
1769791638974504960.000000 0.383926123 0.200307027 0.064455457 -0.005226458 0.013530602 0.004726157 0.999883652
1769791639041185792.000000 0.376480788 0.187425092 0.061423872 -0.005469216 0.012742040 0.005833829 0.999886870
1769791639107873792.000000 0.376232833 0.184675932 0.052582648 -0.000240469 0.009329951 0.007770926 0.999926269
1769791639141181184.000000 0.367814600 0.171707913 0.049753372 -0.000794631 0.009957644 0.010378883 0.999896228
1769791639241168128.000000 0.363844872 0.158322006 0.049908437 0.002798382 0.006969210 0.012839711 0.999889374
1769791639307830528.000000 0.354122519 0.140294909 0.041421905 0.003696646 0.006712296 0.015941108 0.999843597
1769791639374508544.000000 0.353663266 0.131299540 0.031375539 0.007533025 0.004472757 0.020171082 0.999758184
1769791639441168128.000000 0.346181571 0.117658637 0.023293544 0.009171014 0.003585639 0.023630461 0.999672294
1769791639507827968.000000 0.336857945 0.101224437 0.008146734 0.011319751 0.002366185 0.020932801 0.999714017
1769791639574496256.000000 0.325018346 0.071541451 0.012395658 0.010256256 0.002023285 0.023239918 0.999675274
1769791639641160192.000000 0.319599479 0.057555564 0.001266529 0.015258498 0.000351520 0.023832995 0.999599457
1769791639707848192.000000 0.307698756 0.058166012 -0.012239187 0.025817888 -0.000152987 0.022449801 0.999414563
1769791639741192704.000000 0.299707234 0.045222800 -0.020735666 0.027998384 0.000188880 0.022652708 0.999351263
1769791639874521088.000000 0.241568446 -0.035042856 -0.010383387 0.027442059 0.002924268 0.002282796 0.999616563
1769791640041221376.000000 0.220812708 -0.018332049 0.018907338 0.049499772 -0.003964860 -0.004891104 0.998754323
1769791640174524672.000000 0.212631196 0.013252233 0.045045968 0.072772615 -0.010232313 -0.014916293 0.997184515
1769791640374518528.000000 0.199774504 0.014959667 0.008707781 0.091896236 -0.032440558 -0.016941104 0.995095849
1769791640574515968.000000 0.188195616 -0.010805426 -0.020352101 0.100664169 -0.060260955 -0.002596882 0.993090451
1769791640641190912.000000 0.187038362 -0.016482964 -0.051347215 0.102270275 -0.069166765 0.000049604 0.992349148
1769791640741191936.000000 0.179735288 -0.015743585 -0.049457807 0.102547497 -0.076658651 0.006388502 0.991749287
1769791640907868416.000000 0.164504796 -0.028589524 -0.005381169 0.090114906 -0.072328448 0.012991170 0.993216574
1769791640941197824.000000 0.166447565 -0.030616663 -0.001778706 0.078168623 -0.070630074 0.013394875 0.994344831
1769791641007856384.000000 0.171155468 -0.026934957 0.018958706 0.055552389 -0.068718761 0.012583304 0.996008694
1769791641141183488.000000 0.157432631 -0.035417698 0.007793975 0.026613936 -0.060590234 0.008385424 0.997772634
1769791641374521600.000000 0.144888371 -0.042081479 0.029961990 0.000408303 -0.053728692 0.001592118 0.998554230
1769791641941188096.000000 0.142089739 -0.041491479 0.054612484 0.023768974 -0.042140178 -0.005111127 0.998815835
1769791642607861248.000000 0.136333272 -0.038719025 0.062865146 0.052072998 -0.039903190 -0.007518990 0.997817397
1769791643641176576.000000 0.115915470 -0.028504318 0.054905590 0.055836953 -0.045547988 -0.007570990 0.997371733
1769791644107860224.000000 0.112773418 -0.013394436 0.065846950 0.048589297 -0.048945826 -0.007259116 0.997592449
1769791644907846912.000000 0.096332408 0.009492167 0.048881747 0.025948605 -0.051577847 -0.006567864 0.998310208
1769791645174510848.000000 0.088291340 0.015141804 0.039209750 0.016948817 -0.051306792 -0.005949661 0.998521388
1769791645441176576.000000 0.068489261 0.017421173 0.019548744 0.007480888 -0.049675688 -0.005350858 0.998723090
1769791645674511872.000000 0.061015029 0.044052280 0.015204304 0.003103889 -0.051768854 -0.079453036 0.995488644
1769791645707847936.000000 0.057293613 0.050410468 0.014141879 0.002247494 -0.050998505 -0.090424791 0.994594157
1769791645941187072.000000 0.048530903 0.111755490 0.017886370 0.003158059 -0.050575685 -0.157122195 0.986278236
1769791646241188352.000000 0.045899406 0.157077223 0.020229477 -0.000055838 -0.050489176 -0.236810848 0.970242977
1769791646507844864.000000 0.048756041 0.216672152 0.019368375 0.000875345 -0.049887110 -0.293664128 0.954605639
1769791646807855872.000000 0.063197993 0.274041981 0.006653106 0.002642610 -0.048910804 -0.342451781 0.938257694
1769791647307852544.000000 0.104434222 0.338840574 0.007518784 0.004353845 -0.046661537 -0.393059790 0.918317914
1769791647507846912.000000 0.122387454 0.347647160 0.007454902 0.004072372 -0.046227437 -0.402563453 0.914215028
1769791647707853312.000000 0.135916978 0.351381272 0.015732056 0.003740369 -0.045120433 -0.405291408 0.913065732
1769791647941201664.000000 0.144529715 0.346738249 0.018329402 0.002463044 -0.042651553 -0.401680678 0.914782763
1769791648107886080.000000 0.186319768 0.332188368 0.008047007 0.002899033 -0.044427972 -0.393579751 0.918211699
1769791648241222400.000000 0.224894315 0.315358281 0.015699660 0.002797310 -0.046072040 -0.385058612 0.921737194
1769791648341221632.000000 0.245414674 0.303106397 0.017271638 0.003140572 -0.046250626 -0.376654327 0.925193310
1769791648441217024.000000 0.269944549 0.284840703 0.026375065 0.003366533 -0.046852563 -0.366694957 0.929154634
1769791648507896832.000000 0.284397304 0.276527643 0.035338581 0.003563599 -0.046601817 -0.359316677 0.932044566
1769791648607890944.000000 0.308536261 0.254511118 0.038366448 0.002964280 -0.047075033 -0.346296847 0.936938465
1769791648707893504.000000 0.330296159 0.228841752 0.040350374 0.001779527 -0.047299109 -0.330380261 0.942660332
1769791648774551040.000000 0.349108666 0.216209382 0.051389948 0.002437168 -0.047872461 -0.316698790 0.947314203
1769791648807884288.000000 0.357673526 0.207649067 0.055030711 0.001822709 -0.048005570 -0.310819089 0.949254274
1769791648874558208.000000 0.373166978 0.186543047 0.052556105 0.001063535 -0.048307732 -0.296053827 0.953948319
1769791648941225984.000000 0.391571760 0.170220926 0.059473913 0.001247416 -0.048197623 -0.278840184 0.959126472
1769791649041219328.000000 0.420295715 0.138341427 0.068630189 0.000427748 -0.048524994 -0.247254118 0.967734754
1769791649107891200.000000 0.443827659 0.113064535 0.060380552 -0.000210584 -0.049507782 -0.224335670 0.973253548
1769791649241218816.000000 0.485620826 0.079975061 0.078238294 0.001042704 -0.049816996 -0.186199948 0.981247544
1769791649341219072.000000 0.515046120 0.053182695 0.085001789 0.002465122 -0.049737550 -0.162666008 0.985423684
1769791649374558208.000000 0.525363326 0.045523323 0.088854387 0.004070010 -0.049777593 -0.156768560 0.986371756
1769791649441227776.000000 0.544230580 0.030819695 0.095037296 0.008759306 -0.049393050 -0.150849342 0.987283170
1769791649507881472.000000 0.562301159 0.016204044 0.106960773 0.015225002 -0.047461629 -0.149431527 0.987514973
1769791649607890688.000000 0.581148505 -0.005257433 0.129166827 0.025515115 -0.042277861 -0.147149920 0.987880826
1769791649707889920.000000 0.597881317 -0.026301354 0.136593908 0.035767406 -0.034489617 -0.145235375 0.988148749
1769791649841225984.000000 0.571815908 -0.006822828 0.123074621 0.052910797 -0.016811918 -0.143644527 0.988070905
1769791649907897600.000000 0.570028305 0.003496823 0.126033470 0.063818723 -0.007485290 -0.143585861 0.987549603
1769791649974551296.000000 0.568392634 -0.006039417 0.126744241 0.067645714 0.002609606 -0.145781785 0.986997962
1769791650107894784.000000 0.561114013 0.001319981 0.159241527 0.077073298 0.027559331 -0.148581147 0.985506892
1769791650274556160.000000 0.564259946 0.029192708 0.236220807 0.086840369 0.059459232 -0.151989147 0.982762754
1769791650407881472.000000 0.557804704 0.033214610 0.271691233 0.086045340 0.081104338 -0.159615040 0.980072081
1769791650607891456.000000 0.587363362 -0.105715282 0.258513808 0.056082785 0.076483779 -0.140569866 0.985517681
1769791650707894528.000000 0.678290904 -0.088353828 0.259110719 0.027400553 0.048175991 -0.117432408 0.991533101
1769791650874551040.000000 0.637066424 -0.132708848 0.199854016 -0.012187311 0.033382379 -0.090720356 0.995242178
1769791651041218560.000000 0.680504382 -0.148193628 0.225400880 -0.031950299 0.016608143 -0.065698899 0.997189581
1769791651074565632.000000 0.692011476 -0.152377978 0.235830843 -0.034941189 0.013892569 -0.060875420 0.997436881
1769791651241264128.000000 0.753230870 -0.183744133 0.241193295 -0.042327948 -0.001849209 -0.035810154 0.998460114
1769791651274589952.000000 0.767346799 -0.185735732 0.245735958 -0.041837782 -0.004914147 -0.031345405 0.998620510
1769791651407899392.000000 0.796779931 -0.193701610 0.260677189 -0.038940202 -0.010836981 -0.020455381 0.998973370
1769791651707912960.000000 0.796075642 -0.185558811 0.240353554 -0.011549832 -0.012363574 -0.019134745 0.999673724
1769791652107915008.000000 0.808777153 -0.209238082 0.203579441 0.013458709 -0.013141742 -0.011892833 0.999752343
1769791652707883264.000000 0.842822671 -0.216306046 0.210013226 0.032413669 -0.011051671 -0.004180619 0.999404728
1769791653407889408.000000 0.861587703 -0.196498126 0.204427332 0.034194533 -0.005661779 -0.001417694 0.999398172
1769791653907889920.000000 0.878428698 -0.169056341 0.212017730 0.029328745 -0.002989147 0.003719097 0.999558449
1769791654307895808.000000 0.887766302 -0.108736128 0.213587970 0.025552737 -0.001360654 0.003445368 0.999666631
1769791654874560512.000000 0.907718718 -0.061529376 0.237924114 0.012487269 -0.001510383 0.009409770 0.999876618
1769791655174551552.000000 0.900451005 0.016263006 0.221437231 0.010406366 -0.000297187 0.003368183 0.999940157
1769791655474557440.000000 0.881922424 0.108067006 0.220160782 0.011325523 0.002136127 -0.000372949 0.999933541
1769791655507889920.000000 0.880668163 0.112067744 0.219867378 0.010083159 0.001729843 -0.001920652 0.999945819
1769791655641235712.000000 0.868053377 0.127552494 0.215584829 0.004579355 0.003145618 -0.008476271 0.999948680
1769791655774567168.000000 0.853232801 0.136317357 0.214227825 -0.002528116 0.005304518 -0.013835624 0.999887049
1769791655874558720.000000 0.841832459 0.148526967 0.206798613 -0.006170664 0.007389455 -0.017198032 0.999805748
1769791656041247744.000000 0.816745162 0.183797583 0.192358285 -0.007706270 0.012011184 -0.022126913 0.999653339
1769791656274583296.000000 0.790359318 0.231391057 0.180761129 -0.007867810 0.012391154 -0.027563006 0.999512315
1769791656574583552.000000 0.752857327 0.277273357 0.169163659 -0.011074133 0.014586570 -0.032197762 0.999313712
1769791656907916032.000000 0.710211396 0.317263246 0.162805498 -0.012959205 0.016424278 -0.035311267 0.999157369
1769791657207916288.000000 0.674303234 0.335735649 0.154298350 -0.014567096 0.014506347 -0.034390859 0.999197006
1769791657507919360.000000 0.631119311 0.335531235 0.150904104 -0.018389745 0.015796531 -0.035032049 0.999092102
1769791657774580480.000000 0.594743133 0.332487285 0.143107548 -0.017975595 0.015713131 -0.031488512 0.999218941
1769791658041254656.000000 0.536275029 0.324181676 0.147667065 -0.014751549 0.019555649 -0.033205278 0.999148369
1769791658241244160.000000 0.500911593 0.294907182 0.143914059 -0.016073136 0.019664625 -0.031705894 0.999174535
1769791658374583552.000000 0.489079982 0.286596715 0.138408706 -0.012022543 0.016122120 -0.028346479 0.999395847
1769791658474579968.000000 0.481363863 0.276473910 0.133616656 -0.008868518 0.013510416 -0.023982212 0.999581754
1769791658607918848.000000 0.467873037 0.258957535 0.122789994 -0.005593627 0.011262108 -0.018263370 0.999754131
1769791658674587392.000000 0.460450470 0.250466645 0.117011219 -0.003172455 0.010357868 -0.013879597 0.999845028
1769791658741265408.000000 0.452014029 0.237423196 0.109872259 -0.002323684 0.008972590 -0.011692433 0.999888718
1769791658841263872.000000 0.445934772 0.231049895 0.108323820 0.002639668 0.006607620 -0.008386045 0.999939501
1769791658907914496.000000 0.435836434 0.216250122 0.102008238 0.003338259 0.006303623 -0.005866718 0.999957383
1769791658974593536.000000 0.427713543 0.205511525 0.092092633 0.005349885 0.005523120 -0.003443698 0.999964535
1769791659074589696.000000 0.414026290 0.173426330 0.086127982 0.004383049 0.004659903 0.001043301 0.999979019
1769791659141245696.000000 0.405277759 0.158809856 0.077766202 0.005873226 0.004416092 0.003804072 0.999965787
1769791659207911424.000000 0.400625497 0.144327134 0.064553097 0.008132217 0.002342709 0.007756351 0.999934137
1769791659241251328.000000 0.393320829 0.130131423 0.061918508 0.007311178 0.002625678 0.008506559 0.999933660
1769791659307919104.000000 0.390962899 0.120355107 0.053116351 0.011140041 0.000191820 0.009483185 0.999892950
1769791659374590464.000000 0.383683056 0.103119224 0.037353352 0.014717338 -0.000785431 0.011960366 0.999819875
1769791659441243648.000000 0.373537004 0.077904418 0.032618850 0.017325815 -0.001316042 0.013935031 0.999751925
1769791659507923456.000000 0.363523781 0.069605641 0.028223891 0.024592429 -0.002465185 0.014685171 0.999586642
1769791659574595584.000000 0.356476456 0.073543377 0.023807444 0.035742201 -0.005160885 0.014670203 0.999240041
1769791659674585856.000000 0.349753648 0.055527918 0.016164983 0.045547359 -0.010947698 0.013235094 0.998814523
1769791659807912960.000000 0.275151551 0.037380062 0.101815455 0.052513573 -0.005312936 -0.009092703 0.998564661
1769791659941248256.000000 0.281936169 0.074055500 0.100677319 0.078367256 -0.017118977 -0.012131463 0.996703744
1769791660107911936.000000 0.265508413 0.094899222 0.101308838 0.100680783 -0.036184296 -0.016316697 0.994126678
1769791660241251584.000000 0.267947882 0.130858004 0.050460614 0.119887203 -0.058859423 -0.022137644 0.990793884
1769791660341255680.000000 0.244785875 0.072439373 0.020681731 0.111500017 -0.068073995 -0.003213729 0.991424918
1769791660441251840.000000 0.238534138 0.070954137 0.004072260 0.114755124 -0.078887396 0.002142191 0.990254223
1769791660541253888.000000 0.236172229 0.065524794 -0.007156154 0.111718357 -0.085319415 0.008229767 0.990036309
1769791660641253376.000000 0.231831357 0.063330814 0.000116345 0.107829921 -0.082337588 0.015104536 0.990638733
1769791660674604032.000000 0.228513628 0.069455840 0.029736619 0.101822011 -0.079728439 0.014437511 0.991497457
1769791660707919616.000000 0.225403458 0.066183880 0.043126222 0.089286923 -0.077421345 0.013166643 0.992905021
1769791660774590208.000000 0.220302567 0.073271155 0.053486258 0.068123572 -0.073616557 0.010344930 0.994903386
1769791660874576896.000000 0.222632766 0.056009352 0.083985247 0.042620484 -0.070448279 0.011012263 0.996543705
1769791661074582016.000000 0.215862751 0.066647053 0.087104179 0.022515815 -0.063556701 0.010534665 0.997668624
1769791661807916288.000000 0.126787439 0.014988337 0.044797968 0.037679989 -0.039459288 -0.005260395 0.998496652
1769791662607924992.000000 0.120158404 0.017599771 0.054040130 0.063210823 -0.039249662 -0.007962083 0.997196317
1769791663907941632.000000 0.099999584 0.051057227 0.067378834 0.055155348 -0.047386382 -0.008659837 0.997315109
1769791664474635008.000000 0.087003909 0.058676414 0.048912533 0.038487423 -0.049694460 -0.006963161 0.997998357
1769791664807956736.000000 0.076268271 0.060552288 0.030760230 0.026921561 -0.049948744 -0.005844688 0.998371780
1769791665041287424.000000 0.072585404 0.065392897 0.023555836 0.019167028 -0.049839444 -0.005574277 0.998557746
1769791665274602752.000000 0.060592145 0.064507417 0.008415825 0.011109955 -0.050175838 -0.027536618 0.998298883
1769791665474608128.000000 0.057244148 0.086712524 0.007499549 0.007320065 -0.050602265 -0.091227226 0.994516671
1769791665707940352.000000 0.053245280 0.126878396 0.002602723 0.005129653 -0.050669100 -0.160358071 0.985744178
1769791665941271552.000000 0.048265822 0.171984568 0.006209097 0.003669167 -0.049815945 -0.221883208 0.973792970
1769791666107951104.000000 0.047108728 0.205858409 0.010717991 0.003336556 -0.049745813 -0.259448439 0.964469135
1769791666307950592.000000 0.040941209 0.238550514 0.017352419 0.002574498 -0.048122685 -0.303061754 0.951751649
1769791666474627328.000000 0.042264380 0.259111017 0.017868433 0.002055504 -0.047263924 -0.333557576 0.941541970
1769791666607936256.000000 0.048582412 0.284262598 0.018216174 0.002961743 -0.046480507 -0.351397693 0.935067058
1769791666741268480.000000 0.060371816 0.302144080 0.016220376 0.002818398 -0.046729546 -0.365691215 0.929558158
1769791666941271040.000000 0.082831800 0.329587460 0.011404238 0.003818746 -0.046942621 -0.384570092 0.921893537
1769791667107942656.000000 0.103052720 0.344501406 0.019266192 0.004262576 -0.045482237 -0.395788461 0.917204797
1769791667274607104.000000 0.124973327 0.360286862 0.035596397 0.005582777 -0.045994330 -0.402493000 0.914249837
1769791667441273344.000000 0.155195117 0.361687750 0.029916542 0.005816839 -0.047412362 -0.405035168 0.913052440
1769791667574604288.000000 0.171804562 0.359545648 0.032208648 0.005493186 -0.047128428 -0.404255688 0.913414538
1769791667741278208.000000 0.206034690 0.349628568 0.035011526 0.005783855 -0.048410773 -0.399296045 0.915524781
1769791667907939840.000000 0.239330262 0.334418029 0.043523628 0.005597509 -0.049064532 -0.391357303 0.918912888
1769791668107936000.000000 0.279808223 0.304206133 0.051299836 0.004814615 -0.049836226 -0.376284868 0.925150216
1769791668274614272.000000 0.319314480 0.271214515 0.061275207 0.004609721 -0.050658740 -0.358553380 0.932122290
1769791668407951104.000000 0.352905095 0.240856081 0.071071416 0.003653259 -0.051892497 -0.339968532 0.938996971
1769791668641273600.000000 0.415117502 0.178970039 0.080383979 0.002572107 -0.053250894 -0.293405145 0.954500496
1769791668874627072.000000 0.487769485 0.104993224 0.096784838 0.000716314 -0.055046685 -0.221236542 0.973665118
1769791669008033536.000000 0.530166984 0.067420781 0.108519629 0.001170518 -0.055646393 -0.182806328 0.981572211
1769791669141273088.000000 0.569711208 0.028743155 0.121500842 0.003578231 -0.055134505 -0.155798554 0.986242473
1769791669274611712.000000 0.586799920 0.025992535 0.140971810 0.017966742 -0.049918499 -0.148943916 0.987421453
1769791669407942400.000000 0.594041824 0.024082683 0.150999591 0.034877028 -0.039415415 -0.147322968 0.987687171
1769791669574602496.000000 0.607077003 0.021992225 0.147702500 0.055093389 -0.023003489 -0.144386932 0.987718582
1769791669741287936.000000 0.611065626 0.007368292 0.106020667 0.071157560 -0.001989151 -0.142201900 0.987274706
1769791669874628096.000000 0.616642535 0.011535738 0.131442308 0.080020301 0.021160146 -0.143596306 0.986168921
1769791670007934976.000000 0.612431824 0.016147399 0.164541930 0.085038617 0.047148567 -0.146706998 0.984389424
1769791670141271296.000000 0.618639588 0.012121087 0.184025168 0.084103853 0.067457683 -0.150480509 0.982716441
1769791670307958272.000000 0.637455404 -0.027688634 0.201202020 0.074040532 0.074547388 -0.149641067 0.983142018
1769791670374603008.000000 0.645671725 -0.043321684 0.188153073 0.061681796 0.068939611 -0.141686484 0.985579848
1769791670441286912.000000 0.652391732 -0.048770268 0.182713926 0.037673183 0.059084278 -0.129626438 0.989083827
1769791670607952128.000000 0.728147626 -0.065728500 0.174086064 0.001215670 0.027121626 -0.100784287 0.994537830
1769791670874610176.000000 0.795746267 -0.111235373 0.186148286 -0.031099476 -0.000135164 -0.059662171 0.997734070
1769791671207941632.000000 0.841931641 -0.146720245 0.146210209 -0.029695576 -0.014953705 -0.029314457 0.999017119
1769791671441281792.000000 0.869095504 -0.175331399 0.141591579 -0.011877525 -0.020474728 -0.018630497 0.999546230
1769791671741280256.000000 0.888702810 -0.193818226 0.132354096 0.009746394 -0.022235449 -0.012419394 0.999628127
1769791672141277952.000000 0.913752198 -0.212896541 0.125127137 0.025498897 -0.022088988 -0.006457046 0.999409914
1769791672641274880.000000 0.940497935 -0.212154046 0.121567503 0.033941295 -0.020333143 -0.001973502 0.999215066
1769791673207960576.000000 0.969872057 -0.189589217 0.129577398 0.035515912 -0.017515616 0.002319725 0.999212921
1769791673674611456.000000 0.997943759 -0.154481754 0.148764715 0.031650055 -0.016759120 0.005427215 0.999343812
1769791673974610432.000000 1.000682831 -0.118523590 0.147307694 0.027808718 -0.014749128 0.005983920 0.999486566
1769791674341281536.000000 1.010693908 -0.073344380 0.157353476 0.022140840 -0.014349801 0.007064477 0.999626935
1769791674641271296.000000 1.013677239 -0.034935307 0.161691204 0.016817922 -0.013964619 0.008930939 0.999721169
1769791674907941632.000000 1.017018914 -0.007181414 0.165181965 0.010816858 -0.014861387 0.011463751 0.999765337
1769791675207945984.000000 1.020109415 0.026286675 0.167391449 0.005232918 -0.016532134 0.015426721 0.999730647
1769791675407945984.000000 1.012204885 0.043303262 0.159988105 -0.000379980 -0.016997403 0.014847174 0.999745250
1769791675707950080.000000 1.008961797 0.110852756 0.134509996 -0.001424256 -0.018815126 0.012454956 0.999744415
1769791676041280512.000000 0.974438965 0.171317622 0.117753871 -0.003542327 -0.018578520 0.005933812 0.999803543
1769791676274606080.000000 0.949342370 0.205453917 0.107283510 -0.005483415 -0.018075578 0.001391117 0.999820590
1769791676541286912.000000 0.914726853 0.243078977 0.093855448 -0.005344064 -0.016993916 -0.000848866 0.999840975
1769791676707941632.000000 0.892651320 0.256417066 0.083102778 -0.006628637 -0.015852509 -0.003166657 0.999847412
1769791676907939072.000000 0.865152538 0.269315094 0.073097542 -0.006197021 -0.016709056 -0.004362000 0.999831676
1769791677074616832.000000 0.839298189 0.274498761 0.055760361 -0.007708475 -0.014587752 -0.004991396 0.999851465
1769791677207950336.000000 0.819213271 0.275292516 0.042480700 -0.008201224 -0.013842938 -0.004916579 0.999858499
1769791677341276416.000000 0.801798403 0.272231847 0.026353287 -0.008970186 -0.013233511 -0.004462535 0.999862254
1769791677441277696.000000 0.789202452 0.267716736 0.031537551 -0.009589093 -0.013995999 -0.004241471 0.999847114
1769791677541289216.000000 0.778485060 0.264025420 0.036027882 -0.009311352 -0.015101558 -0.003244403 0.999837399
1769791677707943936.000000 0.749053776 0.250057638 0.026764316 -0.009574268 -0.014207616 -0.002182381 0.999850869
1769791677907939840.000000 0.721948147 0.231044978 0.020340070 -0.007954339 -0.015558690 0.001376414 0.999846399
1769791678074633472.000000 0.695474565 0.205047980 0.016480362 -0.008149697 -0.015936188 0.002771389 0.999835968
1769791678207969792.000000 0.674019039 0.178848788 0.008524723 -0.008185875 -0.016290922 0.005682426 0.999817610
1769791678341300736.000000 0.663919389 0.156730086 -0.002968069 -0.006103772 -0.018983271 0.012120122 0.999727726
1769791678441389568.000000 0.651553571 0.134601220 -0.013589701 -0.005348549 -0.020248214 0.016064212 0.999651670
1769791678607997440.000000 0.636145711 0.097206287 -0.023348890 -0.003789269 -0.023096509 0.023865132 0.999441206
1769791678741300992.000000 0.618225992 0.063894182 -0.040192023 -0.001747633 -0.023354432 0.030062538 0.999273598
1769791678807982848.000000 0.614674151 0.053959250 -0.046900060 0.001438945 -0.025379827 0.032766089 0.999139726
1769791678874638336.000000 0.610464633 0.039158620 -0.054407362 0.003056092 -0.026459383 0.035929497 0.998999298
1769791678907976704.000000 0.609698713 0.032501657 -0.059007198 0.004258598 -0.027310556 0.037631787 0.998909354
1769791679007992320.000000 0.596890748 0.008011726 -0.076547146 0.006481288 -0.027990999 0.041201137 0.998737693
1769791679141308928.000000 0.566714942 -0.034251615 -0.087691694 0.011258464 -0.026653433 0.040483743 0.998761177
1769791679207969792.000000 0.566352427 -0.042817220 -0.097843960 0.018949145 -0.029470520 0.041475240 0.998525083
1769791679341300992.000000 0.547451556 -0.059066776 -0.112797186 0.035981752 -0.032292377 0.041445300 0.997970343
1769791679441304832.000000 0.550397694 -0.054724593 -0.132576421 0.051592965 -0.039447319 0.042480845 0.996984184
1769791679574638080.000000 0.563578069 -0.018927792 -0.149961621 0.078496307 -0.051510789 0.042566422 0.994672358
1769791679741301248.000000 0.562022567 0.043795634 -0.144535005 0.115038402 -0.064608842 0.039847627 0.990456522
1769791679874632448.000000 0.564839005 0.104092941 -0.138967142 0.145216823 -0.082212828 0.038408570 0.985229909
1769791680041301504.000000 0.469920009 -0.136085749 0.034876503 0.083499908 -0.083234973 -0.000779220 0.993025243
1769791680174677504.000000 0.462835997 -0.137284815 0.047102686 0.089913182 -0.100643210 0.003933470 0.990843654
1769791680474635008.000000 0.161822826 -0.020858366 0.008917675 0.075197443 -0.069613144 0.013439440 0.994645059
1769791680541302528.000000 0.163038120 -0.017296772 0.024570711 0.052951042 -0.066874623 0.010721715 0.996297657
1769791680641302016.000000 0.159593493 -0.019134397 0.053376369 0.032209400 -0.062392496 0.008188803 0.997498214
1769791680807975680.000000 0.148340464 -0.025098482 0.036506392 0.009308575 -0.055686239 0.003487202 0.998398840
1769791681341309440.000000 0.134931207 -0.044428382 0.017940266 0.014649133 -0.043134373 -0.003624332 0.998955309
1769791681907967744.000000 0.132895827 -0.042645536 0.038921762 0.046542108 -0.038912144 -0.005787239 0.998141408
1769791682707974400.000000 0.117473103 -0.039046012 0.037842352 0.058330406 -0.041398328 -0.006853531 0.997415066
1769791683407977984.000000 0.111331075 -0.020754008 0.045664012 0.052539580 -0.047012914 -0.006968216 0.997487247
1769791683774686976.000000 0.105348870 -0.012810920 0.043374244 0.044484597 -0.049111933 -0.006666441 0.997779906
1769791684074639104.000000 0.097736619 -0.007176817 0.034480155 0.035980709 -0.050289061 -0.006241011 0.998066902
1769791684441310208.000000 0.089567743 0.001204724 0.024456432 0.024583692 -0.050839778 -0.005121159 0.998391092
1769791684707970048.000000 0.082538567 0.010411581 0.016393248 0.016061923 -0.050788946 -0.004940525 0.998568058
1769791685007982848.000000 0.071616709 0.018563895 0.001631499 0.006303319 -0.050757088 -0.019394720 0.998502791
1769791685274639872.000000 0.061402380 0.068559557 0.003998149 0.003984603 -0.050934944 -0.103941582 0.993270338
1769791685541301760.000000 0.056774296 0.120941274 0.003060481 0.002267886 -0.051458891 -0.179546908 0.982400000
1769791685807962368.000000 0.048912868 0.174071401 0.009574123 0.001301624 -0.050482001 -0.247679040 0.967525184
1769791686074746368.000000 0.052010953 0.227908880 0.011764299 0.001679934 -0.049830958 -0.301588506 0.952133596
1769791686374639872.000000 0.051223360 0.271831244 0.031262849 0.000707883 -0.047778394 -0.351046324 0.935138047
1769791686741313792.000000 0.096469089 0.331183314 -0.001446855 0.004380476 -0.047812384 -0.386073261 0.921217799
1769791687007997440.000000 0.124682426 0.347817361 0.005690513 0.004424761 -0.046397708 -0.400966167 0.914906502
1769791687341334784.000000 0.178956598 0.353166521 0.007486918 0.005550187 -0.047991052 -0.403575510 0.913670003
1769791687774645248.000000 0.260839641 0.312510937 0.024379302 0.004712381 -0.049252339 -0.384119958 0.921956539
1769791688074640896.000000 0.327772409 0.258768171 0.042474806 0.003878247 -0.050470848 -0.353844613 0.933933437
1769791688441339904.000000 0.425902665 0.165725261 0.065520503 0.002432347 -0.052745540 -0.282151163 0.957915843
1769791688574637824.000000 0.466859728 0.120933861 0.066386931 0.000989187 -0.053600185 -0.240458727 0.969177842
1769791688707974144.000000 0.507194459 0.085434854 0.084737562 0.001195932 -0.053857423 -0.199691802 0.978376806
1769791688807989760.000000 0.533666968 0.053067517 0.075696416 0.000838698 -0.054085396 -0.173744395 0.983304083
1769791688874642176.000000 0.553772807 0.033430681 0.078061081 0.001946152 -0.053728674 -0.159831375 0.985679150
1769791689908024576.000000 0.614782274 0.012554728 0.163188517 0.083698057 0.068372212 -0.149905547 0.982775807
1769791690107975168.000000 0.645426393 -0.028719902 0.189958170 0.070370831 0.071847200 -0.146023035 0.984156072
1769791693507976704.000000 1.001447320 -0.145374775 0.156938076 0.030648477 -0.016669385 0.004870311 0.999379396
1769791697641361408.000000 0.723651409 0.234514400 0.014906956 -0.007842119 -0.015013654 0.000709219 0.999856293
1769791698474687744.000000 0.620975971 0.072219245 -0.039682269 -0.001576651 -0.023176609 0.028593184 0.999321163
1769791699141356288.000000 0.546290994 -0.049489465 -0.128365770 0.044975784 -0.035191037 0.040863875 0.997531414
1769791699308025088.000000 0.560760617 -0.014335888 -0.150551125 0.075925939 -0.049514886 0.040658612 0.995052993
1769791699441351936.000000 0.564764440 0.022479132 -0.159164518 0.101255774 -0.058249298 0.038664985 0.992400765
1769791699608021504.000000 0.567233443 0.098986074 -0.165892527 0.140859336 -0.078484446 0.042631071 0.985992610
1769791699774684160.000000 0.501663089 -0.117170267 -0.189332768 0.096655898 -0.082281321 0.045754608 0.990855157
1769791699841357568.000000 0.501258850 -0.119857393 -0.189430416 0.100851759 -0.091852508 0.047829539 0.989497066
1769791699908015872.000000 0.496778011 -0.124102287 -0.199618295 0.103334807 -0.099558666 0.050256886 0.988374531
1769791700074691584.000000 0.491261482 -0.123479061 -0.214164972 0.103027418 -0.110141240 0.064083457 0.986482441
1769791700174678784.000000 0.491689563 -0.129514053 -0.216384396 0.096706904 -0.106865548 0.066016912 0.987354696
1769791700208013312.000000 0.488485277 -0.123741753 -0.202728242 0.088638350 -0.104167432 0.068024896 0.988263667
1769791700241350656.000000 0.491661400 -0.128228068 -0.186356932 0.075423218 -0.104768120 0.066526517 0.989398420
1769791700341416704.000000 0.491002798 -0.128105894 -0.174042165 0.047213029 -0.102761924 0.064166196 0.991510808
1769791700508025600.000000 0.493619353 -0.127074555 -0.155785918 0.023018399 -0.099346697 0.063793309 0.992739022
1769791700808013568.000000 0.491250992 -0.135141850 -0.132337555 0.005462105 -0.094713874 0.061097536 0.993612885
1769791701241378048.000000 0.470818520 -0.148614749 -0.108103491 0.021655491 -0.083818033 0.046598278 0.995155334
1769791701741431552.000000 0.465851158 -0.150634363 -0.115284912 0.041727629 -0.078427196 0.043911718 0.995077789
1769791702574714112.000000 0.460310221 -0.149391592 -0.132988140 0.049128212 -0.078490183 0.045157667 0.994679093
1769791703241376256.000000 0.459538758 -0.140016168 -0.129122704 0.042347845 -0.078792557 0.048752788 0.994797289
1769791703974708480.000000 0.465242714 -0.140282944 -0.159725577 0.027388524 -0.080245949 0.055204555 0.994868338
1769791704308043776.000000 0.427089423 -0.129074514 -0.144651264 0.016287789 -0.071520790 0.037747208 0.996591508
1769791704508044800.000000 0.398270428 -0.115777574 -0.121187538 0.009909905 -0.064034626 0.023357373 0.997625053
1769791704808046080.000000 0.396479070 -0.114728011 -0.120194882 0.003598310 -0.061464570 0.022928605 0.997839391
1769791705108049664.000000 0.360267222 -0.097811341 -0.060109627 -0.005012829 -0.049723316 0.003032357 0.998745859
1769791705208044800.000000 0.352419496 -0.096434318 -0.059789047 -0.008295168 -0.046886358 -0.001858139 0.998864055
1769791705408066048.000000 0.362307221 -0.074767485 -0.052230820 -0.008042347 -0.046006337 -0.004624047 0.998898089
1769791705674716928.000000 0.387561530 -0.049995050 -0.041602571 -0.008112418 -0.046550259 -0.004378010 0.998873413
1769791705941379072.000000 0.411812574 -0.034471359 -0.034722775 -0.008352917 -0.046843048 -0.004588428 0.998856783
1769791706208046336.000000 0.435694396 -0.023643248 -0.025246369 -0.008202012 -0.047447715 -0.004744806 0.998828828
1769791706774717952.000000 0.482174605 -0.020004557 -0.010060097 -0.008364181 -0.048773255 -0.005233238 0.998761177
1769791707274729984.000000 0.513293505 -0.023763860 0.000753114 -0.007958694 -0.049587160 -0.005315030 0.998723984
1769791707841375232.000000 0.539989889 -0.040092763 0.006664219 -0.008677617 -0.051419050 -0.004916821 0.998627365
1769791708408048640.000000 0.559412241 -0.045074724 0.021554796 -0.007876074 -0.053612795 -0.004560758 0.998520315
1769791708708052480.000000 0.565319538 -0.047505554 0.026022632 -0.007934944 -0.054544453 -0.005526679 0.998464525
1769791708841392896.000000 0.569316328 -0.047925103 0.025307436 -0.007929198 -0.055616554 -0.005325741 0.998406529
1769791708974735104.000000 0.571947098 -0.048618134 0.029796980 -0.008052096 -0.055992078 -0.005411529 0.998384118
1769791709074736896.000000 0.569816589 -0.050861530 0.029048055 -0.008388821 -0.055905454 -0.005770176 0.998384178
1769791709274731264.000000 0.578520298 -0.052618019 0.027150946 -0.008620112 -0.057969730 -0.005223803 0.998267472
1769791713341420800.000000 0.578227460 -0.053341221 0.020637356 -0.008571533 -0.057866376 -0.006281626 0.998267770
1769791713708063744.000000 0.577369630 -0.065589115 -0.010608740 -0.010579432 -0.056368351 -0.006338567 0.998333871
1769791714041405184.000000 0.580268443 -0.071935534 -0.030989485 -0.011733751 -0.056317464 -0.006990666 0.998319507
