1769791606.941099 0.0000000 0.0000000 0.0000000 -0.0000000 -0.0000000 -0.0000000 1.0000000
1769791606.974413 0.0007798 -0.0126547 -0.0103509 -0.0023711 -0.0004670 -0.0001867 0.9999971
1769791607.007746 -0.0034861 -0.0161124 -0.0150246 -0.0033340 0.0002309 -0.0017054 0.9999930
1769791607.074427 -0.0016156 -0.0145775 -0.0098798 -0.0032611 -0.0000733 -0.0008599 0.9999943
1769791607.241077 -0.0043386 -0.0131407 -0.0093725 -0.0037020 0.0002911 -0.0032973 0.9999877
1769791607.307742 -0.0039210 -0.0163802 -0.0088628 -0.0037584 0.0001291 -0.0011495 0.9999923
1769791607.541077 -0.0019048 -0.0154571 -0.0175764 -0.0033310 -0.0009360 -0.0024144 0.9999911
1769791607.774469 -0.0244685 -0.0423615 0.0170661 -0.0085234 0.0026571 0.0010425 0.9999596
1769791613.041091 0.0571083 -0.0692973 0.0822855 -0.0083125 -0.0024156 0.0051089 0.9999495
1769791614.341088 0.1684720 -0.0639035 0.0744778 0.0002623 0.0023099 0.0041464 0.9999887
1769791615.041106 0.2570098 -0.0284367 0.0672707 0.0015393 0.0047989 0.0089792 0.9999470
1769791615.374422 0.2799662 0.0136305 0.0707354 0.0042546 0.0103854 0.0042062 0.9999282
1769791615.607747 0.3184214 0.0227144 0.0656013 0.0031622 0.0100183 0.0069685 0.9999205
1769791615.807767 0.3423702 0.0707396 0.0757123 0.0075222 0.0114665 0.0035942 0.9998995
1769791615.974419 0.3474487 0.0830837 0.1258433 0.0046515 0.0160418 0.0030048 0.9998561
1769791616.141104 0.3800800 0.1076267 0.0821656 0.0068385 0.0125421 0.0061318 0.9998792
1769791616.374414 0.4090759 0.1370102 0.0826545 0.0054119 0.0110676 0.0047313 0.9999129
1769791616.674416 0.4358351 0.2117772 0.1096525 0.0111221 0.0121910 0.0021771 0.9998615
1769791616.941079 0.4395888 0.2342537 0.1081583 0.0075568 0.0130588 0.0041101 0.9998778
1769791617.207753 0.4739880 0.3301060 0.1309947 0.0205761 0.0097242 0.0038281 0.9997337
1769791617.607746 0.4736363 0.3545640 0.1366752 0.0140645 0.0111118 -0.0004066 0.9998393
1769791618.007751 0.4624186 0.3948682 0.1424817 0.0175072 0.0111265 -0.0043998 0.9997752
1769791618.141086 0.4401505 0.3974924 0.1309943 0.0169120 0.0133079 -0.0036920 0.9997616
1769791618.341085 0.4209718 0.3930217 0.1169557 0.0165724 0.0128843 -0.0047699 0.9997683
1769791618.441081 0.4090111 0.3766222 0.0950520 0.0141520 0.0129383 -0.0015416 0.9998149
1769791618.541087 0.3520808 0.3010903 0.0550608 0.0027316 0.0167744 0.0045893 0.9998450
1769791618.707756 0.3345070 0.2875927 0.0601506 0.0019629 0.0190767 -0.0004725 0.9998160
1769791618.841084 0.3047203 0.2685877 0.0516199 0.0000883 0.0225333 0.0025259 0.9997429
1769791619.007747 0.2876511 0.2609563 0.0440463 0.0037562 0.0216606 0.0036414 0.9997517
1769791619.141091 0.2848428 0.2489801 0.0438172 0.0059654 0.0183428 0.0064600 0.9997931
1769791619.274410 0.2664189 0.2260401 0.0316532 0.0064074 0.0194372 0.0085112 0.9997543
1769791619.407753 0.2497926 0.1993232 0.0282803 0.0058843 0.0183027 0.0100436 0.9997647
1769791619.541083 0.2201625 0.1659823 0.0387411 0.0066240 0.0208325 0.0068813 0.9997374
1769791619.707747 0.1866119 0.1323123 0.0327257 0.0094935 0.0226894 0.0070905 0.9996724
1769791619.841076 0.1768200 0.1050678 0.0254496 0.0146846 0.0192254 0.0052676 0.9996935
1769791619.974414 0.1554016 0.0843759 0.0206708 0.0241084 0.0175410 0.0048863 0.9995435
1769791620.107745 0.1229700 0.0500740 0.0052684 0.0329880 0.0159463 0.0027635 0.9993247
1769791620.274413 0.0959526 0.0060216 0.0075821 0.0456525 0.0107086 0.0006411 0.9988998
1769791620.474431 -0.0941330 0.0615654 -0.0093998 0.0698611 0.0100112 -0.0019087 0.9975047
1769791620.574425 -0.0098127 -0.0156868 -0.0075933 0.0722431 -0.0125241 0.0028624 0.9973043
1769791620.741074 0.0001022 -0.0093910 0.0339667 0.0835471 -0.0331908 -0.0030926 0.9959462
1769791620.941097 -0.0659741 -0.0241528 -0.0170969 0.0832397 -0.0381322 -0.0004119 0.9957997
1769791621.041103 -0.0383686 -0.0097207 0.0049905 0.0779390 -0.0371101 0.0038467 0.9962598
1769791621.074411 -0.0472028 -0.0082571 0.0209108 0.0651037 -0.0335930 0.0005307 0.9973128
1769791621.141083 -0.0422775 0.0022613 0.0602911 0.0442991 -0.0318416 -0.0009402 0.9985103
1769791621.207754 -0.0425777 -0.0074371 0.0736161 0.0264296 -0.0290199 -0.0004279 0.9992293
1769791621.341156 -0.0490548 -0.0084608 0.0760202 0.0045915 -0.0237378 -0.0022384 0.9997052
1769791621.507758 -0.0577262 -0.0127880 0.0480135 -0.0138069 -0.0195683 -0.0050003 0.9997007
1769791621.974408 -0.0681145 -0.0250025 0.0629738 -0.0042343 -0.0130892 -0.0092634 0.9998625
1769791622.574428 -0.0692479 -0.0302144 0.0702840 0.0400700 -0.0117484 -0.0091611 0.9990858
1769791623.474413 -0.0926205 -0.0228381 0.0601902 0.0587386 -0.0153278 -0.0092664 0.9981127
1769791624.341127 -0.0925542 -0.0013707 0.0759062 0.0494398 -0.0234019 -0.0069059 0.9984790
1769791624.807802 -0.0968559 0.0012573 0.0768449 0.0360330 -0.0264505 -0.0064087 0.9989800
1769791625.274459 -0.1085152 0.0016577 0.0543737 0.0186508 -0.0280070 -0.0044176 0.9994240
1769791625.641127 -0.0520662 0.0447208 0.1273579 0.0120956 -0.0343510 -0.0029362 0.9993324
1769791626.207798 -0.0080272 0.1191937 0.0577412 0.0014219 -0.0427047 -0.1658177 0.9852303
1769791626.407796 -0.0014926 0.1570637 0.0414764 0.0008080 -0.0425993 -0.2189159 0.9748130
1769791626.607808 0.0086298 0.2019858 0.0473483 0.0018952 -0.0440333 -0.2636682 0.9636060
1769791626.807803 0.0137406 0.2389525 0.0468112 0.0013140 -0.0437164 -0.3037549 0.9517459
1769791627.074488 0.0405076 0.2750030 0.0411571 0.0013077 -0.0466969 -0.3461696 0.9370082
1769791627.341124 0.0435883 0.3281497 0.0396074 0.0031540 -0.0430462 -0.3767221 0.9253202
1769791627.607805 0.0756395 0.3523842 0.0414466 0.0042238 -0.0417160 -0.3956636 0.9174379
1769791627.907799 0.1147441 0.3669330 0.0418416 0.0059345 -0.0428001 -0.4016494 0.9147736
1769791628.207799 0.1620872 0.3480608 0.0255116 0.0035528 -0.0444248 -0.3990970 0.9158250
1769791628.507806 0.2284838 0.3243463 0.0468527 0.0045215 -0.0454758 -0.3815073 0.9232355
1769791628.807801 0.2948931 0.2657400 0.0618286 0.0032106 -0.0463841 -0.3510892 0.9351869
1769791629.074463 0.3606706 0.2025022 0.0807669 0.0016985 -0.0475320 -0.3051133 0.9511276
1769791629.207793 0.4021905 0.1595997 0.0777276 0.0008396 -0.0489992 -0.2703609 0.9615110
1769791629.241124 0.4115712 0.1489020 0.0810286 0.0006049 -0.0493002 -0.2597665 0.9644120
1769791629.374484 0.4503153 0.1128845 0.0946584 0.0011544 -0.0491985 -0.2161861 0.9751112
1769791629.507795 0.4953333 0.0766911 0.0961081 0.0023726 -0.0506590 -0.1784222 0.9826462
1769791629.641168 0.4566919 0.0840651 0.1560886 0.0102562 -0.0389128 -0.1542525 0.9872116
1769791629.774482 0.4777628 0.0697870 0.1723985 0.0217407 -0.0357408 -0.1482898 0.9880588
1769791629.874488 0.4685572 0.0843138 0.1698928 0.0379899 -0.0240737 -0.1508301 0.9875361
1769791629.974456 0.4793378 0.0808689 0.1622272 0.0498279 -0.0162808 -0.1482691 0.9875568
1769791630.107804 0.4847687 0.0705711 0.1591417 0.0641167 -0.0019842 -0.1475040 0.9869791
1769791630.241129 0.4942811 0.0854238 0.1674286 0.0813718 0.0174650 -0.1437538 0.9861078
1769791630.374461 0.4387041 0.0651041 0.1860081 0.0855297 0.0480094 -0.1424343 0.9849326
1769791630.507791 0.4777070 0.1015095 0.2642934 0.0940389 0.0715006 -0.1570761 0.9804955
1769791630.641136 0.4899288 0.1007039 0.2680507 0.0934967 0.0858654 -0.1679231 0.9775926
1769791630.741123 0.5600351 0.1384271 0.3228515 0.0957482 0.0886395 -0.1827093 0.9744704
1769791630.841131 0.5254986 0.0871816 0.3422949 0.0710052 0.0987751 -0.1939403 0.9734418
1769791630.941123 0.5982071 -0.0415820 0.0286259 0.0582769 0.0232878 -0.0650156 0.9959089
1769791631.007790 0.5497051 -0.0843613 0.1766712 0.0095758 0.0553053 -0.1077470 0.9925927
1769791631.241132 0.5946656 -0.1109227 0.2067006 -0.0253831 0.0297443 -0.0736137 0.9965200
1769791631.407795 0.6550081 -0.1406243 0.2156264 -0.0374444 0.0131118 -0.0461227 0.9981477
1769791631.541130 0.8076966 -0.1129113 0.3404385 -0.0305425 -0.0084557 -0.0358128 0.9988559
1769791631.807790 0.8325078 -0.0919802 0.3558881 -0.0134637 -0.0134343 -0.0329662 0.9992755
1769791632.341166 0.8002616 -0.1926704 0.2120204 0.0160174 -0.0127060 -0.0156717 0.9996681
1769791632.941172 0.8423193 -0.2112768 0.2165619 0.0331587 -0.0126684 -0.0085147 0.9993336
1769791633.641170 0.8263279 -0.1766938 0.2108381 0.0364699 -0.0018958 -0.0070524 0.9993081
1769791634.341167 0.8848895 -0.1412684 0.2535975 0.0271289 -0.0028967 -0.0002768 0.9996277
1769791634.741176 0.8684006 -0.0499214 0.2238862 0.0257560 0.0018804 -0.0096291 0.9996201
1769791634.974501 0.7817396 0.0113107 0.1751987 0.0251005 0.0135891 -0.0040710 0.9995843
1769791635.207834 0.7853975 0.0180298 0.1857423 0.0163690 0.0126571 -0.0009917 0.9997854
1769791635.507840 0.7695097 0.0498800 0.1315874 0.0116447 0.0141873 0.0116751 0.9997634
1769791635.774503 0.7836288 0.1272283 0.2137076 0.0108526 0.0126002 0.0044335 0.9998519
1769791635.941167 0.7695299 0.1432734 0.1935930 0.0068760 0.0144664 0.0020766 0.9998696
1769791636.041165 0.7722465 0.1642823 0.1969432 0.0059380 0.0130252 0.0017605 0.9998960
1769791636.141164 0.7606024 0.1658050 0.1852545 0.0000524 0.0143170 -0.0009357 0.9998971
1769791636.307863 0.7377005 0.1829851 0.1835617 -0.0067980 0.0171263 -0.0071659 0.9998046
1769791636.474503 0.7144221 0.2271890 0.1720457 -0.0047500 0.0191498 -0.0110104 0.9997448
1769791636.607841 0.7040666 0.2513239 0.1648171 -0.0050616 0.0180782 -0.0120238 0.9997515
1769791636.741183 0.6840489 0.2577519 0.1593874 -0.0098052 0.0200406 -0.0147796 0.9996418
1769791636.774499 0.6811387 0.2625836 0.1577857 -0.0104505 0.0199938 -0.0154461 0.9996262
1769791636.874535 0.6670311 0.2725696 0.1512204 -0.0115471 0.0202173 -0.0170687 0.9995832
1769791637.007874 0.6454499 0.2971743 0.1446566 -0.0102065 0.0226254 -0.0189231 0.9995129
1769791637.141180 0.6291340 0.3127359 0.1403175 -0.0092690 0.0230429 -0.0192643 0.9995059
1769791637.307872 0.6044257 0.3325738 0.1313603 -0.0072524 0.0236306 -0.0217291 0.9994583
1769791637.507836 0.5846311 0.3400509 0.1274598 -0.0087429 0.0219435 -0.0200456 0.9995200
1769791637.674563 0.5483091 0.3340078 0.1189236 -0.0128709 0.0262878 -0.0205524 0.9993603
1769791637.974501 0.5038638 0.3223142 0.1230398 -0.0158325 0.0267079 -0.0183146 0.9993501
1769791638.141184 0.4753969 0.3109196 0.1213078 -0.0161536 0.0272306 -0.0195655 0.9993072
1769791638.274537 0.4578860 0.3013319 0.1112573 -0.0143584 0.0258034 -0.0187535 0.9993880
1769791638.407841 0.4407278 0.2871009 0.1058434 -0.0135252 0.0244269 -0.0160076 0.9994820
1769791638.541173 0.4219758 0.2655680 0.1024566 -0.0138808 0.0230936 -0.0134196 0.9995469
1769791638.674516 0.4071487 0.2490142 0.0960415 -0.0114124 0.0207145 -0.0100944 0.9996693
1769791638.741168 0.4021592 0.2400207 0.0916991 -0.0096801 0.0184742 -0.0076856 0.9997529
1769791638.807834 0.3967817 0.2284443 0.0956755 -0.0093629 0.0175789 -0.0048899 0.9997897
1769791638.874544 0.3860727 0.2198692 0.0868128 -0.0072770 0.0175909 -0.0026819 0.9998152
1769791638.974505 0.3839261 0.2003070 0.0644555 -0.0052265 0.0135306 0.0047262 0.9998837
1769791639.041186 0.3764808 0.1874251 0.0614239 -0.0054692 0.0127420 0.0058338 0.9998869
1769791639.107874 0.3762328 0.1846759 0.0525826 -0.0002405 0.0093300 0.0077709 0.9999263
1769791639.141181 0.3678146 0.1717079 0.0497534 -0.0007946 0.0099576 0.0103789 0.9998962
1769791639.241168 0.3638449 0.1583220 0.0499084 0.0027984 0.0069692 0.0128397 0.9998894
1769791639.307831 0.3541225 0.1402949 0.0414219 0.0036966 0.0067123 0.0159411 0.9998436
1769791639.374509 0.3536633 0.1312995 0.0313755 0.0075330 0.0044728 0.0201711 0.9997582
1769791639.441168 0.3461816 0.1176586 0.0232935 0.0091710 0.0035856 0.0236305 0.9996723
1769791639.507828 0.3368579 0.1012244 0.0081467 0.0113198 0.0023662 0.0209328 0.9997140
1769791639.574496 0.3250183 0.0715415 0.0123957 0.0102563 0.0020233 0.0232399 0.9996753
1769791639.641160 0.3195995 0.0575556 0.0012665 0.0152585 0.0003515 0.0238330 0.9995995
1769791639.707848 0.3076988 0.0581660 -0.0122392 0.0258179 -0.0001530 0.0224498 0.9994146
1769791639.741193 0.2997072 0.0452228 -0.0207357 0.0279984 0.0001889 0.0226527 0.9993513
1769791639.874521 0.2415684 -0.0350429 -0.0103834 0.0274421 0.0029243 0.0022828 0.9996166
1769791640.041221 0.2208127 -0.0183320 0.0189073 0.0494998 -0.0039649 -0.0048911 0.9987543
1769791640.174525 0.2126312 0.0132522 0.0450460 0.0727726 -0.0102323 -0.0149163 0.9971845
1769791640.374519 0.1997745 0.0149597 0.0087078 0.0918962 -0.0324406 -0.0169411 0.9950958
1769791640.574516 0.1881956 -0.0108054 -0.0203521 0.1006642 -0.0602610 -0.0025969 0.9930905
1769791640.641191 0.1870384 -0.0164830 -0.0513472 0.1022703 -0.0691668 0.0000496 0.9923491
1769791640.741192 0.1797353 -0.0157436 -0.0494578 0.1025475 -0.0766587 0.0063885 0.9917493
1769791640.907868 0.1645048 -0.0285895 -0.0053812 0.0901149 -0.0723284 0.0129912 0.9932166
1769791640.941198 0.1664476 -0.0306167 -0.0017787 0.0781686 -0.0706301 0.0133949 0.9943448
1769791641.007856 0.1711555 -0.0269350 0.0189587 0.0555524 -0.0687188 0.0125833 0.9960087
1769791641.141184 0.1574326 -0.0354177 0.0077940 0.0266139 -0.0605902 0.0083854 0.9977726
1769791641.374521 0.1448884 -0.0420815 0.0299620 0.0004083 -0.0537287 0.0015921 0.9985542
1769791641.941188 0.1420897 -0.0414915 0.0546125 0.0237690 -0.0421402 -0.0051111 0.9988158
1769791642.607861 0.1363333 -0.0387190 0.0628651 0.0520730 -0.0399032 -0.0075190 0.9978174
1769791643.641176 0.1159155 -0.0285043 0.0549056 0.0558370 -0.0455480 -0.0075710 0.9973717
1769791644.107860 0.1127734 -0.0133944 0.0658469 0.0485893 -0.0489458 -0.0072591 0.9975924
1769791644.907847 0.0963324 0.0094922 0.0488817 0.0259486 -0.0515778 -0.0065679 0.9983102
1769791645.174511 0.0882913 0.0151418 0.0392097 0.0169488 -0.0513068 -0.0059497 0.9985214
1769791645.441177 0.0684893 0.0174212 0.0195487 0.0074809 -0.0496757 -0.0053509 0.9987231
1769791645.674512 0.0610150 0.0440523 0.0152043 0.0031039 -0.0517689 -0.0794530 0.9954886
1769791645.707848 0.0572936 0.0504105 0.0141419 0.0022475 -0.0509985 -0.0904248 0.9945942
1769791645.941187 0.0485309 0.1117555 0.0178864 0.0031581 -0.0505757 -0.1571222 0.9862782
1769791646.241188 0.0458994 0.1570772 0.0202295 -0.0000558 -0.0504892 -0.2368108 0.9702430
1769791646.507845 0.0487560 0.2166722 0.0193684 0.0008753 -0.0498871 -0.2936641 0.9546056
1769791646.807856 0.0631980 0.2740420 0.0066531 0.0026426 -0.0489108 -0.3424518 0.9382577
1769791647.307853 0.1044342 0.3388406 0.0075188 0.0043538 -0.0466615 -0.3930598 0.9183179
1769791647.507847 0.1223875 0.3476472 0.0074549 0.0040724 -0.0462274 -0.4025635 0.9142150
1769791647.707853 0.1359170 0.3513813 0.0157321 0.0037404 -0.0451204 -0.4052914 0.9130657
1769791647.941202 0.1445297 0.3467382 0.0183294 0.0024630 -0.0426516 -0.4016807 0.9147828
1769791648.107886 0.1863198 0.3321884 0.0080470 0.0028990 -0.0444280 -0.3935798 0.9182117
1769791648.241222 0.2248943 0.3153583 0.0156997 0.0027973 -0.0460720 -0.3850586 0.9217372
1769791648.341222 0.2454147 0.3031064 0.0172716 0.0031406 -0.0462506 -0.3766543 0.9251933
1769791648.441217 0.2699445 0.2848407 0.0263751 0.0033665 -0.0468526 -0.3666950 0.9291546
1769791648.507897 0.2843973 0.2765276 0.0353386 0.0035636 -0.0466018 -0.3593167 0.9320446
1769791648.607891 0.3085363 0.2545111 0.0383664 0.0029643 -0.0470750 -0.3462968 0.9369385
1769791648.707894 0.3302962 0.2288418 0.0403504 0.0017795 -0.0472991 -0.3303803 0.9426603
1769791648.774551 0.3491087 0.2162094 0.0513899 0.0024372 -0.0478725 -0.3166988 0.9473142
1769791648.807884 0.3576735 0.2076491 0.0550307 0.0018227 -0.0480056 -0.3108191 0.9492543
1769791648.874558 0.3731670 0.1865430 0.0525561 0.0010635 -0.0483077 -0.2960538 0.9539483
1769791648.941226 0.3915718 0.1702209 0.0594739 0.0012474 -0.0481976 -0.2788402 0.9591265
1769791649.041219 0.4202957 0.1383414 0.0686302 0.0004277 -0.0485250 -0.2472541 0.9677348
1769791649.107891 0.4438277 0.1130645 0.0603806 -0.0002106 -0.0495078 -0.2243357 0.9732535
1769791649.241219 0.4856208 0.0799751 0.0782383 0.0010427 -0.0498170 -0.1861999 0.9812475
1769791649.341219 0.5150461 0.0531827 0.0850018 0.0024651 -0.0497376 -0.1626660 0.9854237
1769791649.374558 0.5253633 0.0455233 0.0888544 0.0040700 -0.0497776 -0.1567686 0.9863718
1769791649.441228 0.5442306 0.0308197 0.0950373 0.0087593 -0.0493931 -0.1508493 0.9872832
1769791649.507881 0.5623012 0.0162040 0.1069608 0.0152250 -0.0474616 -0.1494315 0.9875150
1769791649.607891 0.5811485 -0.0052574 0.1291668 0.0255151 -0.0422779 -0.1471499 0.9878808
1769791649.707890 0.5978813 -0.0263014 0.1365939 0.0357674 -0.0344896 -0.1452354 0.9881487
1769791649.841226 0.5718159 -0.0068228 0.1230746 0.0529108 -0.0168119 -0.1436445 0.9880709
1769791649.907898 0.5700283 0.0034968 0.1260335 0.0638187 -0.0074853 -0.1435859 0.9875496
1769791649.974551 0.5683926 -0.0060394 0.1267442 0.0676457 0.0026096 -0.1457818 0.9869980
1769791650.107895 0.5611140 0.0013200 0.1592415 0.0770733 0.0275593 -0.1485811 0.9855069
1769791650.274556 0.5642599 0.0291927 0.2362208 0.0868404 0.0594592 -0.1519891 0.9827628
1769791650.407881 0.5578047 0.0332146 0.2716912 0.0860453 0.0811043 -0.1596150 0.9800721
1769791650.607892 0.5873634 -0.1057153 0.2585138 0.0560828 0.0764838 -0.1405699 0.9855177
1769791650.707895 0.6782909 -0.0883538 0.2591107 0.0274006 0.0481760 -0.1174324 0.9915331
1769791650.874551 0.6370664 -0.1327088 0.1998540 -0.0121873 0.0333824 -0.0907204 0.9952422
1769791651.041219 0.6805044 -0.1481936 0.2254009 -0.0319503 0.0166081 -0.0656989 0.9971896
1769791651.074566 0.6920115 -0.1523780 0.2358308 -0.0349412 0.0138926 -0.0608754 0.9974369
1769791651.241264 0.7532309 -0.1837441 0.2411933 -0.0423279 -0.0018492 -0.0358102 0.9984601
1769791651.274590 0.7673468 -0.1857357 0.2457360 -0.0418378 -0.0049141 -0.0313454 0.9986205
1769791651.407899 0.7967799 -0.1937016 0.2606772 -0.0389402 -0.0108370 -0.0204554 0.9989734
1769791651.707913 0.7960756 -0.1855588 0.2403536 -0.0115498 -0.0123636 -0.0191347 0.9996737
1769791652.107915 0.8087772 -0.2092381 0.2035794 0.0134587 -0.0131417 -0.0118928 0.9997523
1769791652.707883 0.8428227 -0.2163060 0.2100132 0.0324137 -0.0110517 -0.0041806 0.9994047
1769791653.407889 0.8615877 -0.1964981 0.2044273 0.0341945 -0.0056618 -0.0014177 0.9993982
1769791653.907890 0.8784287 -0.1690563 0.2120177 0.0293287 -0.0029891 0.0037191 0.9995584
1769791654.307896 0.8877663 -0.1087361 0.2135880 0.0255527 -0.0013607 0.0034454 0.9996666
1769791654.874561 0.9077187 -0.0615294 0.2379241 0.0124873 -0.0015104 0.0094098 0.9998766
1769791655.174551 0.9004510 0.0162630 0.2214372 0.0104064 -0.0002972 0.0033682 0.9999402
1769791655.474557 0.8819224 0.1080670 0.2201608 0.0113255 0.0021361 -0.0003729 0.9999335
1769791655.507890 0.8806682 0.1120677 0.2198674 0.0100832 0.0017298 -0.0019207 0.9999458
1769791655.641236 0.8680534 0.1275525 0.2155848 0.0045794 0.0031456 -0.0084763 0.9999487
1769791655.774567 0.8532328 0.1363174 0.2142278 -0.0025281 0.0053045 -0.0138356 0.9998870
1769791655.874559 0.8418325 0.1485270 0.2067986 -0.0061707 0.0073895 -0.0171980 0.9998057
1769791656.041248 0.8167452 0.1837976 0.1923583 -0.0077063 0.0120112 -0.0221269 0.9996533
1769791656.274583 0.7903593 0.2313911 0.1807611 -0.0078678 0.0123912 -0.0275630 0.9995123
1769791656.574584 0.7528573 0.2772734 0.1691637 -0.0110741 0.0145866 -0.0321978 0.9993137
1769791656.907916 0.7102114 0.3172632 0.1628055 -0.0129592 0.0164243 -0.0353113 0.9991574
1769791657.207916 0.6743032 0.3357356 0.1542984 -0.0145671 0.0145063 -0.0343909 0.9991970
1769791657.507919 0.6311193 0.3355312 0.1509041 -0.0183897 0.0157965 -0.0350320 0.9990921
1769791657.774580 0.5947431 0.3324873 0.1431075 -0.0179756 0.0157131 -0.0314885 0.9992189
1769791658.041255 0.5362750 0.3241817 0.1476671 -0.0147515 0.0195556 -0.0332053 0.9991484
1769791658.241244 0.5009116 0.2949072 0.1439141 -0.0160731 0.0196646 -0.0317059 0.9991745
1769791658.374583 0.4890800 0.2865967 0.1384087 -0.0120225 0.0161221 -0.0283465 0.9993958
1769791658.474580 0.4813639 0.2764739 0.1336167 -0.0088685 0.0135104 -0.0239822 0.9995818
1769791658.607919 0.4678730 0.2589575 0.1227900 -0.0055936 0.0112621 -0.0182634 0.9997541
1769791658.674587 0.4604505 0.2504666 0.1170112 -0.0031725 0.0103579 -0.0138796 0.9998450
1769791658.741266 0.4520140 0.2374232 0.1098723 -0.0023237 0.0089726 -0.0116924 0.9998887
1769791658.841264 0.4459348 0.2310499 0.1083238 0.0026397 0.0066076 -0.0083860 0.9999395
1769791658.907914 0.4358364 0.2162501 0.1020082 0.0033383 0.0063036 -0.0058667 0.9999574
1769791658.974594 0.4277135 0.2055115 0.0920926 0.0053499 0.0055231 -0.0034437 0.9999645
1769791659.074590 0.4140263 0.1734263 0.0861280 0.0043830 0.0046599 0.0010433 0.9999790
1769791659.141246 0.4052778 0.1588099 0.0777662 0.0058732 0.0044161 0.0038041 0.9999658
1769791659.207911 0.4006255 0.1443271 0.0645531 0.0081322 0.0023427 0.0077564 0.9999341
1769791659.241251 0.3933208 0.1301314 0.0619185 0.0073112 0.0026257 0.0085066 0.9999337
1769791659.307919 0.3909629 0.1203551 0.0531164 0.0111400 0.0001918 0.0094832 0.9998930
1769791659.374590 0.3836831 0.1031192 0.0373534 0.0147173 -0.0007854 0.0119604 0.9998199
1769791659.441244 0.3735370 0.0779044 0.0326189 0.0173258 -0.0013160 0.0139350 0.9997519
1769791659.507923 0.3635238 0.0696056 0.0282239 0.0245924 -0.0024652 0.0146852 0.9995866
1769791659.574596 0.3564765 0.0735434 0.0238074 0.0357422 -0.0051609 0.0146702 0.9992400
1769791659.674586 0.3497536 0.0555279 0.0161650 0.0455474 -0.0109477 0.0132351 0.9988145
1769791659.807913 0.2751516 0.0373801 0.1018155 0.0525136 -0.0053129 -0.0090927 0.9985647
1769791659.941248 0.2819362 0.0740555 0.1006773 0.0783673 -0.0171190 -0.0121315 0.9967037
1769791660.107912 0.2655084 0.0948992 0.1013088 0.1006808 -0.0361843 -0.0163167 0.9941267
1769791660.241251 0.2679479 0.1308580 0.0504606 0.1198872 -0.0588594 -0.0221376 0.9907939
1769791660.341256 0.2447859 0.0724394 0.0206817 0.1115000 -0.0680740 -0.0032137 0.9914249
1769791660.441252 0.2385341 0.0709541 0.0040723 0.1147551 -0.0788874 0.0021422 0.9902542
1769791660.541254 0.2361722 0.0655248 -0.0071562 0.1117184 -0.0853194 0.0082298 0.9900363
1769791660.641253 0.2318314 0.0633308 0.0001163 0.1078299 -0.0823376 0.0151045 0.9906387
1769791660.674604 0.2285136 0.0694558 0.0297366 0.1018220 -0.0797284 0.0144375 0.9914975
1769791660.707920 0.2254035 0.0661839 0.0431262 0.0892869 -0.0774213 0.0131666 0.9929050
1769791660.774590 0.2203026 0.0732712 0.0534863 0.0681236 -0.0736166 0.0103449 0.9949034
1769791660.874577 0.2226328 0.0560094 0.0839852 0.0426205 -0.0704483 0.0110123 0.9965437
1769791661.074582 0.2158628 0.0666471 0.0871042 0.0225158 -0.0635567 0.0105347 0.9976686
1769791661.807916 0.1267874 0.0149883 0.0447980 0.0376800 -0.0394593 -0.0052604 0.9984967
1769791662.607925 0.1201584 0.0175998 0.0540401 0.0632108 -0.0392497 -0.0079621 0.9971963
1769791663.907942 0.0999996 0.0510572 0.0673788 0.0551553 -0.0473864 -0.0086598 0.9973151
1769791664.474635 0.0870039 0.0586764 0.0489125 0.0384874 -0.0496945 -0.0069632 0.9979984
1769791664.807957 0.0762683 0.0605523 0.0307602 0.0269216 -0.0499487 -0.0058447 0.9983718
1769791665.041287 0.0725854 0.0653929 0.0235558 0.0191670 -0.0498394 -0.0055743 0.9985577
1769791665.274603 0.0605921 0.0645074 0.0084158 0.0111100 -0.0501758 -0.0275366 0.9982989
1769791665.474608 0.0572441 0.0867125 0.0074995 0.0073201 -0.0506023 -0.0912272 0.9945167
1769791665.707940 0.0532453 0.1268784 0.0026027 0.0051297 -0.0506691 -0.1603581 0.9857442
1769791665.941272 0.0482658 0.1719846 0.0062091 0.0036692 -0.0498159 -0.2218832 0.9737930
1769791666.107951 0.0471087 0.2058584 0.0107180 0.0033366 -0.0497458 -0.2594484 0.9644691
1769791666.307950 0.0409412 0.2385505 0.0173524 0.0025745 -0.0481227 -0.3030618 0.9517516
1769791666.474627 0.0422644 0.2591110 0.0178684 0.0020555 -0.0472639 -0.3335576 0.9415420
1769791666.607936 0.0485824 0.2842626 0.0182162 0.0029617 -0.0464805 -0.3513977 0.9350671
1769791666.741268 0.0603718 0.3021441 0.0162204 0.0028184 -0.0467295 -0.3656912 0.9295582
1769791666.941271 0.0828318 0.3295875 0.0114042 0.0038187 -0.0469426 -0.3845701 0.9218935
1769791667.107943 0.1030527 0.3445014 0.0192662 0.0042626 -0.0454822 -0.3957885 0.9172048
1769791667.274607 0.1249733 0.3602869 0.0355964 0.0055828 -0.0459943 -0.4024930 0.9142498
1769791667.441273 0.1551951 0.3616877 0.0299165 0.0058168 -0.0474124 -0.4050352 0.9130524
1769791667.574604 0.1718046 0.3595456 0.0322086 0.0054932 -0.0471284 -0.4042557 0.9134145
1769791667.741278 0.2060347 0.3496286 0.0350115 0.0057839 -0.0484108 -0.3992960 0.9155248
1769791667.907940 0.2393303 0.3344180 0.0435236 0.0055975 -0.0490645 -0.3913573 0.9189129
1769791668.107936 0.2798082 0.3042061 0.0512998 0.0048146 -0.0498362 -0.3762849 0.9251502
1769791668.274614 0.3193145 0.2712145 0.0612752 0.0046097 -0.0506587 -0.3585534 0.9321223
1769791668.407951 0.3529051 0.2408561 0.0710714 0.0036533 -0.0518925 -0.3399685 0.9389970
1769791668.641273 0.4151175 0.1789700 0.0803840 0.0025721 -0.0532509 -0.2934051 0.9545005
1769791668.874627 0.4877695 0.1049932 0.0967848 0.0007163 -0.0550467 -0.2212365 0.9736651
1769791669.008034 0.5301670 0.0674208 0.1085196 0.0011705 -0.0556464 -0.1828063 0.9815722
1769791669.141273 0.5697112 0.0287432 0.1215008 0.0035782 -0.0551345 -0.1557986 0.9862425
1769791669.274612 0.5867999 0.0259925 0.1409718 0.0179667 -0.0499185 -0.1489439 0.9874215
1769791669.407942 0.5940418 0.0240827 0.1509996 0.0348770 -0.0394154 -0.1473230 0.9876872
1769791669.574603 0.6070770 0.0219922 0.1477025 0.0550934 -0.0230035 -0.1443869 0.9877186
1769791669.741288 0.6110656 0.0073683 0.1060207 0.0711576 -0.0019892 -0.1422019 0.9872747
1769791669.874628 0.6166425 0.0115357 0.1314423 0.0800203 0.0211601 -0.1435963 0.9861689
1769791670.007935 0.6124318 0.0161474 0.1645419 0.0850386 0.0471486 -0.1467070 0.9843894
1769791670.141271 0.6186396 0.0121211 0.1840252 0.0841039 0.0674577 -0.1504805 0.9827164
1769791670.307958 0.6374554 -0.0276886 0.2012020 0.0740405 0.0745474 -0.1496411 0.9831420
1769791670.374603 0.6456717 -0.0433217 0.1881531 0.0616818 0.0689396 -0.1416865 0.9855798
1769791670.441287 0.6523917 -0.0487703 0.1827139 0.0376732 0.0590843 -0.1296264 0.9890838
1769791670.607952 0.7281476 -0.0657285 0.1740861 0.0012157 0.0271216 -0.1007843 0.9945378
1769791670.874610 0.7957463 -0.1112354 0.1861483 -0.0310995 -0.0001352 -0.0596622 0.9977341
1769791671.207942 0.8419316 -0.1467202 0.1462102 -0.0296956 -0.0149537 -0.0293145 0.9990171
1769791671.441282 0.8690955 -0.1753314 0.1415916 -0.0118775 -0.0204747 -0.0186305 0.9995462
1769791671.741280 0.8887028 -0.1938182 0.1323541 0.0097464 -0.0222354 -0.0124194 0.9996281
1769791672.141278 0.9137522 -0.2128965 0.1251271 0.0254989 -0.0220890 -0.0064570 0.9994099
1769791672.641275 0.9404979 -0.2121540 0.1215675 0.0339413 -0.0203331 -0.0019735 0.9992151
1769791673.207961 0.9698721 -0.1895892 0.1295774 0.0355159 -0.0175156 0.0023197 0.9992129
1769791673.674612 0.9979438 -0.1544818 0.1487647 0.0316501 -0.0167591 0.0054272 0.9993438
1769791673.974610 1.0006828 -0.1185236 0.1473077 0.0278087 -0.0147491 0.0059839 0.9994866
1769791674.341281 1.0106939 -0.0733444 0.1573535 0.0221408 -0.0143498 0.0070645 0.9996269
1769791674.641271 1.0136772 -0.0349353 0.1616912 0.0168179 -0.0139646 0.0089309 0.9997212
1769791674.907942 1.0170189 -0.0071814 0.1651820 0.0108169 -0.0148614 0.0114638 0.9997653
1769791675.207946 1.0201094 0.0262867 0.1673914 0.0052329 -0.0165321 0.0154267 0.9997306
1769791675.407946 1.0122049 0.0433033 0.1599881 -0.0003800 -0.0169974 0.0148472 0.9997452
1769791675.707950 1.0089618 0.1108528 0.1345100 -0.0014243 -0.0188151 0.0124550 0.9997444
1769791676.041281 0.9744390 0.1713176 0.1177539 -0.0035423 -0.0185785 0.0059338 0.9998035
1769791676.274606 0.9493424 0.2054539 0.1072835 -0.0054834 -0.0180756 0.0013911 0.9998206
1769791676.541287 0.9147269 0.2430790 0.0938554 -0.0053441 -0.0169939 -0.0008489 0.9998410
1769791676.707942 0.8926513 0.2564171 0.0831028 -0.0066286 -0.0158525 -0.0031667 0.9998474
1769791676.907939 0.8651525 0.2693151 0.0730975 -0.0061970 -0.0167091 -0.0043620 0.9998317
1769791677.074617 0.8392982 0.2744988 0.0557604 -0.0077085 -0.0145878 -0.0049914 0.9998515
1769791677.207950 0.8192133 0.2752925 0.0424807 -0.0082012 -0.0138429 -0.0049166 0.9998585
1769791677.341276 0.8017984 0.2722318 0.0263533 -0.0089702 -0.0132335 -0.0044625 0.9998623
1769791677.441278 0.7892025 0.2677167 0.0315376 -0.0095891 -0.0139960 -0.0042415 0.9998471
1769791677.541289 0.7784851 0.2640254 0.0360279 -0.0093114 -0.0151016 -0.0032444 0.9998374
1769791677.707944 0.7490538 0.2500576 0.0267643 -0.0095743 -0.0142076 -0.0021824 0.9998509
1769791677.907940 0.7219481 0.2310450 0.0203401 -0.0079543 -0.0155587 0.0013764 0.9998464
1769791678.074634 0.6954746 0.2050480 0.0164804 -0.0081497 -0.0159362 0.0027714 0.9998360
1769791678.207970 0.6740190 0.1788488 0.0085247 -0.0081859 -0.0162909 0.0056824 0.9998176
1769791678.341301 0.6639194 0.1567301 -0.0029681 -0.0061038 -0.0189833 0.0121201 0.9997277
1769791678.441390 0.6515536 0.1346012 -0.0135897 -0.0053485 -0.0202482 0.0160642 0.9996517
1769791678.607997 0.6361457 0.0972063 -0.0233489 -0.0037893 -0.0230965 0.0238651 0.9994412
1769791678.741301 0.6182260 0.0638942 -0.0401920 -0.0017476 -0.0233544 0.0300625 0.9992736
1769791678.807983 0.6146742 0.0539593 -0.0469001 0.0014389 -0.0253798 0.0327661 0.9991397
1769791678.874638 0.6104646 0.0391586 -0.0544074 0.0030561 -0.0264594 0.0359295 0.9989993
1769791678.907977 0.6096987 0.0325017 -0.0590072 0.0042586 -0.0273106 0.0376318 0.9989094
1769791679.007992 0.5968907 0.0080117 -0.0765471 0.0064813 -0.0279910 0.0412011 0.9987377
1769791679.141309 0.5667149 -0.0342516 -0.0876917 0.0112585 -0.0266534 0.0404837 0.9987612
1769791679.207970 0.5663524 -0.0428172 -0.0978440 0.0189491 -0.0294705 0.0414752 0.9985251
1769791679.341301 0.5474516 -0.0590668 -0.1127972 0.0359818 -0.0322924 0.0414453 0.9979703
1769791679.441305 0.5503977 -0.0547246 -0.1325764 0.0515930 -0.0394473 0.0424808 0.9969842
1769791679.574638 0.5635781 -0.0189278 -0.1499616 0.0784963 -0.0515108 0.0425664 0.9946724
1769791679.741301 0.5620226 0.0437956 -0.1445350 0.1150384 -0.0646088 0.0398476 0.9904565
1769791679.874632 0.5648390 0.1040929 -0.1389671 0.1452168 -0.0822128 0.0384086 0.9852299
1769791680.041301 0.4699200 -0.1360857 0.0348765 0.0834999 -0.0832350 -0.0007792 0.9930252
1769791680.174678 0.4628360 -0.1372848 0.0471027 0.0899132 -0.1006432 0.0039335 0.9908437
1769791680.474635 0.1618228 -0.0208584 0.0089177 0.0751974 -0.0696131 0.0134394 0.9946451
1769791680.541302 0.1630381 -0.0172968 0.0245707 0.0529510 -0.0668746 0.0107217 0.9962977
1769791680.641302 0.1595935 -0.0191344 0.0533764 0.0322094 -0.0623925 0.0081888 0.9974982
1769791680.807976 0.1483405 -0.0250985 0.0365064 0.0093086 -0.0556862 0.0034872 0.9983988
1769791681.341310 0.1349312 -0.0444284 0.0179403 0.0146491 -0.0431344 -0.0036243 0.9989553
1769791681.907968 0.1328958 -0.0426455 0.0389218 0.0465421 -0.0389121 -0.0057872 0.9981414
1769791682.707974 0.1174731 -0.0390460 0.0378424 0.0583304 -0.0413983 -0.0068535 0.9974151
1769791683.407978 0.1113311 -0.0207540 0.0456640 0.0525396 -0.0470129 -0.0069682 0.9974872
1769791683.774687 0.1053489 -0.0128109 0.0433742 0.0444846 -0.0491119 -0.0066664 0.9977799
1769791684.074639 0.0977366 -0.0071768 0.0344802 0.0359807 -0.0502891 -0.0062410 0.9980669
1769791684.441310 0.0895677 0.0012047 0.0244564 0.0245837 -0.0508398 -0.0051212 0.9983911
1769791684.707970 0.0825386 0.0104116 0.0163932 0.0160619 -0.0507889 -0.0049405 0.9985681
1769791685.007983 0.0716167 0.0185639 0.0016315 0.0063033 -0.0507571 -0.0193947 0.9985028
1769791685.274640 0.0614024 0.0685596 0.0039981 0.0039846 -0.0509349 -0.1039416 0.9932703
1769791685.541302 0.0567743 0.1209413 0.0030605 0.0022679 -0.0514589 -0.1795469 0.9824000
1769791685.807962 0.0489129 0.1740714 0.0095741 0.0013016 -0.0504820 -0.2476790 0.9675252
1769791686.074746 0.0520110 0.2279089 0.0117643 0.0016799 -0.0498310 -0.3015885 0.9521336
1769791686.374640 0.0512234 0.2718312 0.0312628 0.0007079 -0.0477784 -0.3510463 0.9351380
1769791686.741314 0.0964691 0.3311833 -0.0014469 0.0043805 -0.0478124 -0.3860733 0.9212178
1769791687.007998 0.1246824 0.3478174 0.0056905 0.0044248 -0.0463977 -0.4009662 0.9149065
1769791687.341335 0.1789566 0.3531665 0.0074869 0.0055502 -0.0479911 -0.4035755 0.9136700
1769791687.774645 0.2608396 0.3125109 0.0243793 0.0047124 -0.0492523 -0.3841200 0.9219565
1769791688.074641 0.3277724 0.2587682 0.0424748 0.0038782 -0.0504708 -0.3538446 0.9339334
1769791688.441340 0.4259027 0.1657253 0.0655205 0.0024323 -0.0527455 -0.2821512 0.9579158
1769791688.574638 0.4668597 0.1209339 0.0663869 0.0009892 -0.0536002 -0.2404587 0.9691778
1769791688.707974 0.5071945 0.0854349 0.0847376 0.0011959 -0.0538574 -0.1996918 0.9783768
1769791688.807990 0.5336670 0.0530675 0.0756964 0.0008387 -0.0540854 -0.1737444 0.9833041
1769791688.874642 0.5537728 0.0334307 0.0780611 0.0019462 -0.0537287 -0.1598314 0.9856791
1769791689.908025 0.6147823 0.0125547 0.1631885 0.0836981 0.0683722 -0.1499055 0.9827758
1769791690.107975 0.6454264 -0.0287199 0.1899582 0.0703708 0.0718472 -0.1460230 0.9841561
1769791693.507977 1.0014473 -0.1453748 0.1569381 0.0306485 -0.0166694 0.0048703 0.9993794
1769791697.641361 0.7236514 0.2345144 0.0149070 -0.0078421 -0.0150137 0.0007092 0.9998563
1769791698.474688 0.6209760 0.0722192 -0.0396823 -0.0015767 -0.0231766 0.0285932 0.9993212
1769791699.141356 0.5462910 -0.0494895 -0.1283658 0.0449758 -0.0351910 0.0408639 0.9975314
1769791699.308025 0.5607606 -0.0143359 -0.1505511 0.0759259 -0.0495149 0.0406586 0.9950530
1769791699.441352 0.5647644 0.0224791 -0.1591645 0.1012558 -0.0582493 0.0386650 0.9924008
1769791699.608021 0.5672334 0.0989861 -0.1658925 0.1408593 -0.0784844 0.0426311 0.9859926
1769791699.774684 0.5016631 -0.1171703 -0.1893328 0.0966559 -0.0822813 0.0457546 0.9908552
1769791699.841357 0.5012589 -0.1198574 -0.1894304 0.1008518 -0.0918525 0.0478295 0.9894971
1769791699.908016 0.4967780 -0.1241023 -0.1996183 0.1033348 -0.0995587 0.0502569 0.9883745
1769791700.074692 0.4912615 -0.1234791 -0.2141650 0.1030274 -0.1101412 0.0640835 0.9864824
1769791700.174679 0.4916896 -0.1295141 -0.2163844 0.0967069 -0.1068655 0.0660169 0.9873547
1769791700.208013 0.4884853 -0.1237418 -0.2027282 0.0886384 -0.1041674 0.0680249 0.9882637
1769791700.241351 0.4916614 -0.1282281 -0.1863569 0.0754232 -0.1047681 0.0665265 0.9893984
1769791700.341417 0.4910028 -0.1281059 -0.1740422 0.0472130 -0.1027619 0.0641662 0.9915108
1769791700.508026 0.4936194 -0.1270746 -0.1557859 0.0230184 -0.0993467 0.0637933 0.9927390
1769791700.808014 0.4912510 -0.1351418 -0.1323376 0.0054621 -0.0947139 0.0610975 0.9936129
1769791701.241378 0.4708185 -0.1486147 -0.1081035 0.0216555 -0.0838180 0.0465983 0.9951553
1769791701.741431 0.4658512 -0.1506344 -0.1152849 0.0417276 -0.0784272 0.0439117 0.9950778
1769791702.574714 0.4603102 -0.1493916 -0.1329881 0.0491282 -0.0784902 0.0451577 0.9946791
1769791703.241376 0.4595388 -0.1400162 -0.1291227 0.0423478 -0.0787926 0.0487528 0.9947973
1769791703.974709 0.4652427 -0.1402829 -0.1597256 0.0273885 -0.0802459 0.0552046 0.9948683
1769791704.308044 0.4270894 -0.1290745 -0.1446513 0.0162878 -0.0715208 0.0377472 0.9965915
1769791704.508045 0.3982704 -0.1157776 -0.1211875 0.0099099 -0.0640346 0.0233574 0.9976251
1769791704.808046 0.3964791 -0.1147280 -0.1201949 0.0035983 -0.0614646 0.0229286 0.9978394
1769791705.108050 0.3602672 -0.0978113 -0.0601096 -0.0050128 -0.0497233 0.0030324 0.9987459
1769791705.208045 0.3524195 -0.0964343 -0.0597890 -0.0082952 -0.0468864 -0.0018581 0.9988641
1769791705.408066 0.3623072 -0.0747675 -0.0522308 -0.0080423 -0.0460063 -0.0046240 0.9988981
1769791705.674717 0.3875615 -0.0499950 -0.0416026 -0.0081124 -0.0465503 -0.0043780 0.9988734
1769791705.941379 0.4118126 -0.0344714 -0.0347228 -0.0083529 -0.0468430 -0.0045884 0.9988568
1769791706.208046 0.4356944 -0.0236432 -0.0252464 -0.0082020 -0.0474477 -0.0047448 0.9988288
1769791706.774718 0.4821746 -0.0200046 -0.0100601 -0.0083642 -0.0487733 -0.0052332 0.9987612
1769791707.274730 0.5132935 -0.0237639 0.0007531 -0.0079587 -0.0495872 -0.0053150 0.9987240
1769791707.841375 0.5399899 -0.0400928 0.0066642 -0.0086776 -0.0514190 -0.0049168 0.9986274
1769791708.408049 0.5594122 -0.0450747 0.0215548 -0.0078761 -0.0536128 -0.0045608 0.9985203
1769791708.708052 0.5653195 -0.0475056 0.0260226 -0.0079349 -0.0545445 -0.0055267 0.9984645
1769791708.841393 0.5693163 -0.0479251 0.0253074 -0.0079292 -0.0556166 -0.0053257 0.9984065
1769791708.974735 0.5719471 -0.0486181 0.0297970 -0.0080521 -0.0559921 -0.0054115 0.9983841
1769791709.074737 0.5698166 -0.0508615 0.0290481 -0.0083888 -0.0559055 -0.0057702 0.9983842
1769791709.274731 0.5785203 -0.0526180 0.0271509 -0.0086201 -0.0579697 -0.0052238 0.9982675
1769791713.341421 0.5782275 -0.0533412 0.0206374 -0.0085715 -0.0578664 -0.0062816 0.9982678
1769791713.708064 0.5773696 -0.0655891 -0.0106087 -0.0105794 -0.0563684 -0.0063386 0.9983339
1769791714.041405 0.5802684 -0.0719355 -0.0309895 -0.0117338 -0.0563175 -0.0069907 0.9983195
