1770114746758364160.000000 0.000000000 0.000000000 0.000000000 -0.000000000 -0.000000000 -0.000000000 1.000000000
1770114746825031936.000000 -0.016759878 0.004962153 0.002993074 0.000152255 0.002066515 -0.000596133 0.999997675
1770114746858367232.000000 -0.004133977 0.004601161 -0.004628422 0.001062257 0.000058780 0.000283030 0.999999404
1770114747025035264.000000 -0.005587748 0.001502991 -0.003249449 0.000472042 0.000148776 0.000462225 0.999999821
1770114747958381056.000000 -0.008277483 0.006812977 -0.004925850 0.001123295 0.001082705 -0.000080416 0.999998808
1770114750325058560.000000 0.000355405 0.007865435 0.001744264 0.000851561 0.000601724 -0.000645572 0.999999285
1770114750625067520.000000 0.028862596 0.036160324 0.045647912 0.003334465 -0.000923217 -0.002615581 0.999990642
1770114750958402560.000000 0.014128831 0.015366303 0.024127400 0.001884418 0.000061281 0.000077213 0.999998212
1770114751158376704.000000 0.000352777 0.006203845 0.003653684 0.000180420 0.000240012 0.000109966 0.999999940
1770114751591715584.000000 -0.004776195 0.009886603 -0.002768336 0.000760603 -0.000506562 -0.002689071 0.999996006
1770114752025046784.000000 0.005688335 0.007807782 0.003586371 0.002835140 -0.001623134 -0.001859330 0.999992967
1770114752625071872.000000 0.021864071 0.003079879 0.010315309 0.003497318 -0.001624751 -0.002102943 0.999990404
1770114753058389504.000000 0.040454675 0.005004492 0.022060500 0.006788375 -0.000601986 -0.002049537 0.999974668
1770114753291719936.000000 0.042772569 -0.009617491 0.007715760 0.006472843 0.000622976 -0.000393749 0.999978781
1770114753491714304.000000 0.029312067 -0.006081549 -0.003362683 0.007190127 0.004120504 -0.003744428 0.999958634
1770114753891728128.000000 0.051135860 -0.021632612 -0.010594121 0.008797089 0.007704822 -0.002757231 0.999927819
1770114754325064704.000000 0.073893078 -0.030848248 -0.015503275 0.010113575 0.012178238 -0.001221579 0.999873996
1770114754691718912.000000 0.101510324 -0.023473587 -0.013930779 0.011824104 0.017769650 -0.001069007 0.999771595
1770114755358375424.000000 0.149256140 -0.006524606 -0.030858375 0.011573857 0.027857464 -0.000142535 0.999544919
1770114755691723264.000000 0.185058951 0.019499419 -0.017774969 0.011630137 0.033193972 -0.000023382 0.999381304
1770114756258374400.000000 0.257616520 0.058695111 -0.003434735 0.007937662 0.040082432 0.001299439 0.999164045
1770114756425028352.000000 0.271736711 0.081773989 -0.005479581 0.007905213 0.043193009 -0.000021846 0.999035478
1770114756591712512.000000 0.289898634 0.101519160 -0.008086736 0.005880168 0.044465911 -0.000121346 0.998993635
1770114756725045504.000000 0.308522850 0.119749196 -0.004838600 0.005290856 0.044670720 0.000363978 0.998987734
1770114756891700992.000000 0.327100068 0.142762467 0.004349626 0.003533951 0.045014344 0.001241916 0.998979330
1770114757158359808.000000 0.347953260 0.178712368 0.003658714 0.000777750 0.046323303 -0.002030287 0.998924196
1770114757425026560.000000 0.366890550 0.211391971 0.005124197 -0.000777213 0.046459071 0.000258957 0.998919845
1770114757625031680.000000 0.374332786 0.249495089 0.004907531 -0.000352773 0.047541302 -0.002825235 0.998865247
1770114757825041408.000000 0.377564490 0.264335215 -0.002996901 -0.002188538 0.046614733 -0.003106898 0.998905718
1770114758025038080.000000 0.382212996 0.278162181 -0.007674397 -0.004450978 0.045876604 -0.003262007 0.998931885
1770114758191714816.000000 0.370038062 0.288751185 -0.012729076 -0.006315358 0.047166903 -0.005348880 0.998852730
1770114758358372608.000000 0.367703855 0.300783515 -0.014369196 -0.006039239 0.046434823 -0.005527212 0.998887777
1770114758491709696.000000 0.359095722 0.305343151 -0.016006276 -0.005226758 0.045638975 -0.005881799 0.998926997
1770114758658361856.000000 0.363140345 0.316206098 -0.017037543 -0.002942270 0.041039083 -0.004697308 0.999142230
1770114759025031680.000000 0.343469352 0.303031802 -0.019257072 -0.003080022 0.041037884 -0.003433874 0.999146938
1770114759258357504.000000 0.321744114 0.285632342 -0.013527852 -0.001932677 0.039442498 -0.003097952 0.999215186
1770114759491704320.000000 0.281180322 0.245123118 -0.011519141 -0.000771982 0.039213803 -0.002332964 0.999227822
1770114759658360832.000000 0.256522566 0.209739730 -0.043171030 0.000901456 0.037551414 -0.001277666 0.999293506
1770114759825046016.000000 0.219444036 0.171276495 -0.038561545 0.004153002 0.037568256 0.002188912 0.999283016
1770114759991687168.000000 0.208355278 0.153758317 -0.029867087 0.009839526 0.034653779 0.000455285 0.999350846
1770114760125023488.000000 0.194473401 0.142922193 -0.022942295 0.015427860 0.032640349 -0.001530809 0.999346912
1770114760291688192.000000 0.155636102 0.103849329 -0.032365113 0.025575701 0.030207789 -0.003990747 0.999208450
1770114760458359040.000000 0.138975352 0.078480758 -0.035452764 0.040278941 0.022306575 -0.005428276 0.998924732
1770114760725024512.000000 0.093456842 0.017415969 -0.072407193 0.064099573 0.005401700 -0.009062869 0.997887731
1770114761025037056.000000 0.022626618 -0.082826592 -0.083149053 0.083192296 -0.030128278 -0.007129023 0.996052504
1770114761325029120.000000 -0.060317814 -0.199754387 -0.067489818 0.079179488 -0.048477180 0.001698758 0.995679557
1770114761458356224.000000 -0.064640597 -0.226499870 -0.058162417 0.047151949 -0.040306408 0.003699961 0.998067319
1770114761691691008.000000 -0.125940382 -0.246510565 -0.046933651 -0.007036912 -0.025781455 0.004801626 0.999631286
1770114761891693568.000000 -0.185569540 -0.282780021 -0.031696782 -0.030399226 -0.016972937 0.002700216 0.999390125
1770114762058365696.000000 -0.205800325 -0.341014713 -0.029041521 -0.037209805 -0.013721590 0.002413658 0.999210358
1770114766125026048.000000 -0.649074376 0.030637160 -0.096628428 0.005045415 -0.006078362 -0.029821774 0.999523997
1770114767025034496.000000 -0.673934460 0.317669928 -0.098394826 -0.011528753 -0.000223257 -0.269582421 0.962908268
1770114767191691008.000000 -0.658934832 0.364945054 -0.100922711 -0.012184883 -0.001352843 -0.300211132 0.953794003
1770114767358359040.000000 -0.678495526 0.398986161 -0.092506185 -0.017106056 0.002918342 -0.331047326 0.943454564
1770114767491693824.000000 -0.654505551 0.428917706 -0.077934653 -0.017221084 0.002817262 -0.349989355 0.936591148
1770114767658381056.000000 -0.631524205 0.452238530 -0.093183555 -0.018848632 0.002105477 -0.367181152 0.929956079
1770114768091698176.000000 -0.577643752 0.491856396 -0.120182894 -0.022004165 0.005978616 -0.396470100 0.917764425
1770114768725037568.000000 -0.476971656 0.466160297 -0.100123711 -0.023458160 0.011241447 -0.388592005 0.921042681
1770114769091687424.000000 -0.401751518 0.410018682 -0.100881785 -0.020664133 0.015635863 -0.357021093 0.933736801
1770114769158356992.000000 -0.392947376 0.394091576 -0.103203662 -0.020941310 0.017182842 -0.350122035 0.936312377
1770114769291706368.000000 -0.363417864 0.364160925 -0.097949795 -0.019666588 0.019658523 -0.329744995 0.943660438
1770114769391702272.000000 -0.321952194 0.341901779 -0.076319568 -0.017137608 0.019515831 -0.309863925 0.950426161
1770114769425031168.000000 -0.322848976 0.329861224 -0.090413406 -0.017927911 0.021375116 -0.303200036 0.952518523
1770114769558363648.000000 -0.274049431 0.294147402 -0.088778749 -0.012358741 0.021024372 -0.268372566 0.963006437
1770114769625023744.000000 -0.252903372 0.269814014 -0.079485960 -0.011189967 0.021519199 -0.246004164 0.968965292
1770114769691699456.000000 -0.233964175 0.253218621 -0.076287471 -0.008141955 0.022330096 -0.224738389 0.974129200
1770114769825024256.000000 -0.190484986 0.200778425 -0.092270747 -0.005854258 0.022794615 -0.185638726 0.982336223
1770114769925032448.000000 -0.162024096 0.180502802 -0.079855926 -0.000819288 0.024683777 -0.163062155 0.986306667
1770114769991696128.000000 -0.148861572 0.162850693 -0.069275759 0.003769295 0.026978020 -0.154428616 0.987628341
1770114770025021440.000000 -0.140062928 0.151070744 -0.080870524 0.006279112 0.027460560 -0.150898248 0.988147914
1770114770125020928.000000 -0.113674045 0.129093468 -0.056225725 0.017829733 0.031794522 -0.148321599 0.988267124
1770114770258389760.000000 -0.085037485 0.092831522 -0.055264648 0.034629777 0.041279268 -0.146108106 0.987800181
1770114770391694080.000000 -0.041512933 0.055798184 -0.063759632 0.049345113 0.052988146 -0.143758744 0.986960351
1770114770525055232.000000 -0.025041552 0.003484987 -0.065109931 0.063041799 0.067942135 -0.142478675 0.985448837
1770114770691714304.000000 0.022869756 -0.035238199 -0.044494841 0.075274654 0.093134835 -0.140386283 0.982828259
1770114770825031680.000000 0.053994432 -0.076320179 -0.034189701 0.077996157 0.115537554 -0.139011398 0.980430305
1770114771091692288.000000 0.135048211 -0.156802073 -0.027835874 0.069748990 0.142724559 -0.141995907 0.977037370
1770114771291688192.000000 0.213382319 -0.176088795 -0.014928737 0.030903764 0.121586770 -0.115048781 0.985406220
1770114771491706368.000000 0.252975762 -0.200233251 -0.020275528 -0.008505197 0.096188076 -0.079668693 0.992133319
1770114771791695616.000000 0.337659925 -0.245388895 0.009315258 -0.033501554 0.073041782 -0.037048250 0.996077299
1770114772058359040.000000 0.392083734 -0.293558449 -0.006045901 -0.026908264 0.060835663 -0.015430848 0.997665763
1770114772258356224.000000 0.398958951 -0.317505181 -0.027455347 -0.009750231 0.058567788 -0.013344789 0.998146594
1770114772525038848.000000 0.414865971 -0.346544564 -0.048816673 0.011075434 0.057233315 -0.011339398 0.998235047
1770114772858366464.000000 0.461052805 -0.374273479 -0.053515155 0.027675888 0.055327021 -0.006867866 0.998061061
1770114773258381568.000000 0.482148528 -0.379303604 -0.080670387 0.039930996 0.057722468 -0.003326771 0.997528255
1770114773758370048.000000 0.530534506 -0.376277357 -0.091392703 0.041346740 0.058595628 0.001525262 0.997424006
1770114774091697664.000000 0.555044532 -0.333994150 -0.093858764 0.043491490 0.060892943 0.003746731 0.997189283
1770114774491703552.000000 0.581883669 -0.287444860 -0.093998827 0.038558457 0.063265219 0.003776683 0.997244477
1770114774791700480.000000 0.604528666 -0.243424013 -0.085853554 0.032690257 0.064083315 0.006192820 0.997389793
1770114775158368512.000000 0.618277967 -0.168900147 -0.075854577 0.026195286 0.065517962 0.004525589 0.997497261
1770114775458366208.000000 0.621976316 -0.092663616 -0.079135686 0.020932892 0.066576317 0.006385376 0.997541308
1770114775758400256.000000 0.618758440 -0.033726636 -0.080303147 0.013301643 0.067014791 0.006295341 0.997643471
1770114776058370304.000000 0.610747159 0.031963866 -0.081562229 0.006638268 0.066583581 0.006138326 0.997739911
1770114776291697152.000000 0.623769701 0.082039408 -0.063360810 0.002341009 0.064972483 0.006159817 0.997865319
1770114776525047552.000000 0.605032384 0.130632982 -0.067069456 -0.002662077 0.066687785 0.004256241 0.997761250
1770114776691716096.000000 0.597822964 0.169036686 -0.064645015 -0.004978954 0.065297857 0.004062526 0.997845113
1770114776858360320.000000 0.578579247 0.204968035 -0.073443487 -0.007096771 0.064057603 0.002149964 0.997918665
1770114777025044992.000000 0.564271748 0.242748126 -0.073279850 -0.007991203 0.063153520 0.003267589 0.997966468
1770114777058384128.000000 0.561900139 0.247296438 -0.073498480 -0.008666521 0.062791966 0.004475424 0.997978985
1770114777158361600.000000 0.553869128 0.263820350 -0.071812414 -0.009715887 0.062128719 0.004533269 0.998010576
1770114777258361088.000000 0.547227979 0.287986577 -0.072711170 -0.009244403 0.060644936 0.005565949 0.998101115
1770114777458364928.000000 0.526208520 0.310570568 -0.080740936 -0.011976855 0.059018664 0.003933468 0.998177290
1770114777625051648.000000 0.502493024 0.327792645 -0.082040742 -0.013313812 0.057649598 0.003397355 0.998242319
1770114777858377216.000000 0.467485398 0.340294182 -0.087565094 -0.013692127 0.055736080 0.003000691 0.998347163
1770114778158374144.000000 0.420497000 0.343734026 -0.085372530 -0.014967045 0.054646678 0.002338987 0.998390853
1770114778425032704.000000 0.393565685 0.345048189 -0.062660180 -0.013093105 0.052517384 0.002016031 0.998532176
1770114778725033728.000000 0.348194569 0.323725224 -0.072251901 -0.010525819 0.048987228 0.003240698 0.998738706
1770114778825033472.000000 0.328495860 0.297169566 -0.074713215 -0.010993544 0.047989722 0.003085763 0.998782575
1770114779058360832.000000 0.281948894 0.258146614 -0.095073529 -0.009416543 0.045568757 0.004513366 0.998906672
1770114779158375168.000000 0.266161978 0.243462160 -0.085993037 -0.007536775 0.044529084 0.006158803 0.998960674
1770114779358435072.000000 0.236509755 0.198725015 -0.091257870 -0.005577161 0.042123053 0.005423072 0.999082148
1770114779425051136.000000 0.230710998 0.186955392 -0.097696915 -0.003676499 0.040473700 0.007423682 0.999146283
1770114779525056256.000000 0.219319612 0.167351723 -0.093242511 -0.001743191 0.039188962 0.006006476 0.999212265
1770114779658385408.000000 0.191128463 0.140753746 -0.097122438 0.002235432 0.037889160 0.008462965 0.999243617
1770114779725039872.000000 0.184861928 0.133054286 -0.093970306 0.005362294 0.036834504 0.008976972 0.999266684
1770114779758387712.000000 0.189647585 0.130665779 -0.105410188 0.007924748 0.034797695 0.012308528 0.999287188
1770114779958383104.000000 0.138309300 0.076989450 -0.098800726 0.013903522 0.035031989 0.004052487 0.999281228
1770114779991694592.000000 0.126984209 0.064574063 -0.111583494 0.016209815 0.034485158 0.003427126 0.999267876
1770114780091698176.000000 0.128609344 0.064641424 -0.085395843 0.026533216 0.032117777 -0.001812192 0.999130189
1770114780125025792.000000 0.111878172 0.046791978 -0.110356152 0.029049011 0.030931287 -0.001592970 0.999098003
1770114780258364160.000000 0.121528618 0.064403623 -0.070801571 0.046747707 0.024190841 -0.005311528 0.998599648
1770114780325036032.000000 0.111598954 0.049044378 -0.080301620 0.053504728 0.020309035 -0.005074999 0.998348176
1770114780391651840.000000 0.098695040 0.029910406 -0.084319584 0.059511252 0.017045319 -0.008070953 0.998049498
1770114780424999680.000000 0.103686616 0.017587081 -0.082536660 0.062468387 0.014769564 -0.004914949 0.997925580
1770114780524997632.000000 0.098967001 0.002155808 -0.095677055 0.073006809 0.007058607 -0.008268555 0.997272193
1770114780591652096.000000 0.096083231 -0.014346355 -0.099660218 0.079618894 -0.000989505 -0.008043300 0.996792436
1770114780624992768.000000 0.096617498 -0.022268739 -0.116912171 0.082319841 -0.005913193 -0.007434312 0.996560693
1770114780824998400.000000 0.054373328 -0.085588701 -0.088641204 0.097359903 -0.031926639 -0.011160503 0.994674444
1770114780924990464.000000 0.000243408 -0.123358950 -0.061653182 0.100980684 -0.045410495 -0.008465257 0.993815422
1770114780991658752.000000 0.007496178 -0.146705195 -0.104543597 0.101310156 -0.054984435 -0.004769605 0.993322849
1770114781124997888.000000 -0.032251485 -0.198610872 -0.091581970 0.096609816 -0.064074919 0.002158599 0.993255436
1770114781191654144.000000 -0.036123794 -0.213004202 -0.073735997 0.094105057 -0.064304180 0.010190988 0.993431151
1770114781258321920.000000 -0.045627397 -0.218352184 -0.090967126 0.089605443 -0.060895421 0.011466457 0.994047880
1770114781458319616.000000 -0.119699717 -0.274183869 -0.062713735 0.023729634 -0.042160995 0.010113337 0.998777807
1770114781758331648.000000 -0.179728687 -0.333624244 -0.051181473 -0.015631588 -0.029036568 0.007288235 0.999429584
1770114782024990208.000000 -0.256157160 -0.419411629 -0.049885817 -0.017619267 -0.018552905 0.006129557 0.999653816
1770114784491676416.000000 -0.641806006 -0.416560024 -0.116619334 0.025621857 -0.002939877 0.002516808 0.999664247
1770114786524983552.000000 -0.679597080 0.233856186 -0.112850897 -0.008888166 -0.001495836 -0.212723881 0.977070808
1770114786724986880.000000 -0.682235479 0.301538467 -0.091080494 -0.010343399 -0.000037858 -0.257044107 0.966344357
1770114786958338560.000000 -0.668695927 0.358491719 -0.102652892 -0.014433446 0.000765747 -0.303916991 0.952588856
1770114787591657216.000000 -0.618683457 0.468230784 -0.109078974 -0.021368841 0.004163494 -0.384623080 0.922816932
1770114787758324224.000000 -0.607600927 0.464622319 -0.140250891 -0.024976522 0.007721272 -0.395352960 0.918157220
1770114788158290432.000000 -0.532674253 0.485261410 -0.126279801 -0.023293806 0.006325108 -0.399801970 0.916283727
1770114788358301952.000000 -0.502042234 0.474913359 -0.099557288 -0.024571899 0.010056408 -0.397085607 0.917397499
1770114788491626240.000000 -0.475684166 0.464148670 -0.110756136 -0.024272302 0.011778405 -0.390835494 0.920065045
1770114788658310656.000000 -0.443862438 0.438436389 -0.112645417 -0.023054568 0.013252803 -0.377791554 0.925508738
1770114788824965888.000000 -0.408717573 0.406358421 -0.109403953 -0.022242460 0.015278673 -0.362260312 0.931686282
1770114789091629056.000000 -0.349203229 0.342919886 -0.109276012 -0.020022783 0.018740250 -0.322593510 0.946140230
1770114789224955904.000000 -0.312063783 0.307881922 -0.106721595 -0.017576886 0.020080604 -0.294755429 0.955200016
1770114789358288640.000000 -0.262147665 0.262400687 -0.119319662 -0.013371660 0.019694025 -0.255129337 0.966613889
1770114789491640576.000000 -0.227308959 0.224227980 -0.113232538 -0.008710279 0.022517944 -0.211435705 0.977093697
1770114789624964864.000000 -0.188917562 0.181162745 -0.100360759 -0.004407223 0.023937780 -0.177921489 0.983743608
1770114789724966400.000000 -0.165469676 0.159842029 -0.072363056 0.001228843 0.026924089 -0.157540664 0.987144649
1770114789791624448.000000 -0.137612447 0.128814742 -0.076266088 0.005591225 0.026496796 -0.148565456 0.988531709
1770114789891620608.000000 -0.117536567 0.113050215 -0.070460394 0.017417684 0.031383459 -0.147596210 0.988396227
1770114789991634688.000000 -0.085694507 0.085280925 -0.072664551 0.030404886 0.038172297 -0.145539865 0.988148093
1770114790091640576.000000 -0.083731271 0.049647968 -0.070366062 0.041244265 0.048419937 -0.145109341 0.987369061
1770114790158299904.000000 -0.058474962 0.027972603 -0.083648987 0.047882266 0.054796968 -0.144449770 0.986832738
1770114790291630336.000000 -0.035304558 0.010284740 -0.073644415 0.064380229 0.069498822 -0.144137189 0.985012472
1770114790391625472.000000 -0.015849395 -0.037615813 -0.037354343 0.071191080 0.084570989 -0.137752518 0.984278321
1770114790558292736.000000 0.034721166 -0.088350043 -0.068288207 0.076955616 0.110566527 -0.136291057 0.981467128
1770114790624962816.000000 0.059631165 -0.099897452 -0.052130561 0.078082085 0.121354714 -0.137680367 0.979908347
1770114790824961536.000000 0.116921894 -0.167936683 -0.039479461 0.070450731 0.143463746 -0.139659077 0.977215528
1770114790958333184.000000 0.159617484 -0.174412400 -0.033014074 0.060652345 0.140288964 -0.135464907 0.978922665
1770114791491629568.000000 0.318975240 -0.253791958 -0.008315586 -0.033826381 0.075789608 -0.044287816 0.995565355
1770114791791627008.000000 0.389598340 -0.274469107 0.000493513 -0.028460344 0.061534714 -0.019192448 0.997514486
1770114792091623424.000000 0.396692812 -0.298472494 -0.043776628 -0.002074188 0.058808651 -0.018584708 0.998094141
1770114792491622912.000000 0.444137752 -0.373437256 -0.071692646 0.022136725 0.055704866 -0.008352648 0.998166919
1770114793091654144.000000 0.509498715 -0.418730497 -0.093373567 0.038563348 0.056890856 -0.000539312 0.997635186
1770114793791618816.000000 0.550734043 -0.362164944 -0.104330339 0.041539211 0.061162066 0.002083083 0.997260928
1770114794258287104.000000 0.605409801 -0.290334791 -0.079190925 0.038832616 0.062105235 0.004037328 0.997305691
1770114794691620864.000000 0.634158194 -0.234233305 -0.086956523 0.029716486 0.063234873 0.006374767 0.997535825
1770114794991619072.000000 0.643570185 -0.181744605 -0.070120677 0.022999112 0.064042434 0.005684562 0.997665942
1770114795291621376.000000 0.654035509 -0.099315032 -0.090169549 0.017575039 0.064582862 0.005032871 0.997744918
1770114795558294016.000000 0.620761454 -0.025617650 -0.083641022 0.012816695 0.066321597 0.004371244 0.997706413
1770114795858298112.000000 0.663543344 0.009843710 -0.064909361 0.004231185 0.063388012 0.004544637 0.997969627
1770114796158299904.000000 0.621538341 0.086251132 -0.068528064 -0.000719009 0.064452842 0.006580809 0.997898817
1770114796458290432.000000 0.597151339 0.168933645 -0.088547602 -0.005173896 0.065277450 0.004576305 0.997843266
1770114796758307584.000000 0.577264011 0.225648358 -0.091224372 -0.009114144 0.062659994 0.004700396 0.997982264
1770114797091620352.000000 0.536268592 0.293679148 -0.081282444 -0.010619190 0.060499392 0.002776253 0.998107910
1770114797424960256.000000 0.505857944 0.316741347 -0.083399788 -0.013643955 0.056175575 0.003070284 0.998322964
1770114797458326784.000000 0.506541193 0.316535711 -0.094343625 -0.013404261 0.055014219 0.003531581 0.998389363
1770114797758330880.000000 0.463932127 0.336563408 -0.081333697 -0.014390780 0.053604681 0.004111911 0.998450100
1770114798324947968.000000 0.375723243 0.316876382 -0.079675063 -0.013887549 0.050069578 0.003851322 0.998641729
1770114798458289664.000000 0.357047737 0.294003576 -0.086158775 -0.013804733 0.048316471 0.004418963 0.998726904
1770114798691628800.000000 0.315005034 0.271427393 -0.079956472 -0.011634868 0.046659734 0.004262006 0.998834014
1770114798958290688.000000 0.266524732 0.220653623 -0.077357233 -0.009014275 0.044475213 0.003192893 0.998964727
1770114799091645952.000000 0.255846292 0.193495706 -0.091456391 -0.006306051 0.041351799 0.005313022 0.999110639
1770114799258299904.000000 0.233472139 0.167601094 -0.071017936 -0.002392261 0.040055823 0.004332917 0.999185205
1770114799358291456.000000 0.218387157 0.151492923 -0.067985483 -0.000033405 0.038506106 0.005864849 0.999241173
1770114799458284800.000000 0.189475402 0.123518378 -0.068128228 0.002551599 0.039148133 0.004513614 0.999220014
1770114799524988928.000000 0.177679241 0.108733490 -0.069906846 0.004137727 0.038501464 0.005613256 0.999234200
1770114799624980224.000000 0.161010638 0.090425149 -0.071780622 0.008358318 0.037314165 0.004495619 0.999258518
1770114799724966656.000000 0.145841584 0.066908263 -0.082733303 0.013744532 0.035178840 0.001596412 0.999285221
1770114799791621376.000000 0.137517691 0.061614279 -0.084361129 0.019411325 0.033619355 -0.000021834 0.999246180
1770114799924948480.000000 0.115133144 0.026066972 -0.105905406 0.034136027 0.028564246 -0.000307391 0.999008894
1770114800058325248.000000 0.116316758 0.052461114 -0.044597648 0.050134990 0.022887630 -0.007953646 0.998448491
1770114800224947200.000000 0.091782540 0.019845029 -0.058767177 0.067972571 0.013954146 -0.009566566 0.997543752
1770114800358278912.000000 0.066486724 -0.016349478 -0.057008065 0.079793461 0.002020976 -0.010256190 0.996756613
1770114800858279680.000000 -0.050526515 -0.196805611 -0.071157046 0.099194571 -0.062264353 0.000579831 0.993117929
1770114800924945152.000000 -0.068940252 -0.214688003 -0.055849370 0.096533284 -0.062981561 0.008707969 0.993296921
1770114801058293504.000000 -0.080901183 -0.249530047 -0.075153887 0.072299853 -0.054156687 0.013572695 0.995819032
1770114801491616000.000000 -0.205520347 -0.331665695 -0.046058688 -0.014220358 -0.027529761 0.009121572 0.999478221
1770114801658279680.000000 -0.242277369 -0.378514826 -0.044024002 -0.020397026 -0.021671372 0.006280378 0.999537349
1770114801758282752.000000 -0.263760209 -0.408729643 -0.060167130 -0.017701663 -0.018494984 0.007659400 0.999642909
1770114802191613696.000000 -0.355757773 -0.538540423 -0.068462871 0.005956432 -0.006354237 0.005322871 0.999947906
1770114802824951808.000000 -0.463393301 -0.618713021 -0.103662170 0.021003429 -0.000588645 0.006395461 0.999758780
1770114803691627520.000000 -0.582643628 -0.549159467 -0.114606552 0.029059395 -0.001488425 0.005039678 0.999563873
1770114803724944384.000000 -0.587092221 -0.526607096 -0.078442708 0.030616112 -0.001337492 0.005205906 0.999516785
1770114803824911616.000000 -0.607177436 -0.513801157 -0.088684246 0.028751815 -0.000844912 0.003493609 0.999580145
1770114803924920576.000000 -0.618115842 -0.516682446 -0.121387608 0.026507009 -0.001366162 0.004996688 0.999635220
1770114804091577600.000000 -0.625386178 -0.459097862 -0.103471115 0.026660079 -0.001977660 0.004730791 0.999631405
1770114804258255616.000000 -0.646973789 -0.406068623 -0.091078706 0.026497327 -0.002183356 0.003726300 0.999639571
1770114805024911104.000000 -0.651092768 -0.179558590 -0.084834680 0.015522876 -0.005739627 0.001819739 0.999861419
1770114805058243328.000000 -0.684509754 -0.159410149 -0.072491720 0.015944337 -0.003804293 0.001692787 0.999864221
1770114805424915200.000000 -0.686998129 -0.032837160 -0.099317916 0.009849489 -0.004147483 0.000503938 0.999942780
1770114805691576320.000000 -0.664586127 0.046058398 -0.080362104 0.004643114 -0.006993150 -0.042486083 0.999061823
1770114805824915968.000000 -0.671575308 0.089898780 -0.079782575 0.001119898 -0.004916207 -0.084668539 0.996396422
1770114805991582208.000000 -0.680868208 0.149122819 -0.077807494 -0.001806425 -0.003401386 -0.131986201 0.991244078
1770114806158247424.000000 -0.682344735 0.203995839 -0.092724234 -0.005017427 -0.002156164 -0.177988663 0.984017372
1770114806291576576.000000 -0.684760988 0.244508475 -0.088584110 -0.007679814 -0.001249380 -0.214037925 0.976794362
1770114806524911616.000000 -0.681130528 0.309571683 -0.101798214 -0.012181831 -0.000317630 -0.266921669 0.963641167
1770114806658285312.000000 -0.683795810 0.343770564 -0.073223613 -0.014174727 0.001802930 -0.294542611 0.955531538
1770114806824912384.000000 -0.675177634 0.383779466 -0.095125169 -0.016112154 0.002086086 -0.324068069 0.945894301
1770114806958243840.000000 -0.666886449 0.410631359 -0.106428631 -0.018597722 0.003415550 -0.345112711 0.938370764
1770114807258250496.000000 -0.642901182 0.452826917 -0.117513373 -0.021535613 0.003984723 -0.377729744 0.925656855
1770114807591585280.000000 -0.591047287 0.484485954 -0.109261736 -0.023422766 0.006895875 -0.398148000 0.916996181
1770114807858256384.000000 -0.558185518 0.482641041 -0.119428024 -0.024824226 0.007406433 -0.400488317 0.915935576
1770114808124913408.000000 -0.519038320 0.471392393 -0.132897958 -0.024954369 0.010292546 -0.395353705 0.918132246
1770114808324917248.000000 -0.468973607 0.450966656 -0.114997074 -0.023961002 0.011766433 -0.383309811 0.923234046
1770114808524926976.000000 -0.430519640 0.414941311 -0.108991310 -0.024252899 0.014992395 -0.369238555 0.928897202
1770114808724932864.000000 -0.392554641 0.370606452 -0.111957416 -0.022601508 0.018006139 -0.343953967 0.938541770
1770114808858241536.000000 -0.354659230 0.342139244 -0.102582686 -0.019814046 0.019531287 -0.321919888 0.946358025
1770114809024933888.000000 -0.310418546 0.296362758 -0.085740149 -0.015119242 0.020907497 -0.281796932 0.959127069
1770114809158254336.000000 -0.264565825 0.258769840 -0.072912164 -0.011521071 0.021701630 -0.241739631 0.970030069
1770114809291587072.000000 -0.224473506 0.214999989 -0.070324987 -0.007763581 0.023226062 -0.200079724 0.979473531
1770114809424915200.000000 -0.185101673 0.172338769 -0.083870701 -0.002148107 0.024495617 -0.165953755 0.985826910
1770114809558262784.000000 -0.150492460 0.126126751 -0.075832300 0.006879470 0.027213529 -0.148031950 0.988584161
1770114809691585792.000000 -0.116069920 0.089256607 -0.082068890 0.021537354 0.034295667 -0.145455629 0.988535643
1770114809791580672.000000 -0.090786941 0.064098164 -0.070667438 0.034576740 0.041951932 -0.143699840 0.988126934
1770114809958271232.000000 -0.054193471 0.018482186 -0.076625071 0.052073799 0.058577847 -0.142907590 0.986627817
1770114810124908800.000000 -0.010792047 -0.022726309 -0.041740295 0.069833338 0.079364978 -0.138409436 0.984716892
1770114810258292480.000000 0.000617884 -0.059663650 -0.064921699 0.075105518 0.102794409 -0.136782378 0.982386410
1770114810591578368.000000 0.110207677 -0.149618909 -0.012368411 0.071690060 0.144469827 -0.139005661 0.977070332
1770114810858246912.000000 0.168254778 -0.215732425 -0.057612490 0.012848307 0.118312113 -0.112501167 0.986499190
1770114811191572992.000000 0.259693682 -0.276097119 -0.036528230 -0.034823652 0.083403416 -0.061440658 0.994010210
1770114811558285056.000000 0.341966301 -0.354602635 -0.055645175 -0.034231052 0.064217933 -0.022089303 0.997103989
1770114811858258432.000000 0.356768757 -0.449953109 -0.093902893 -0.011764652 0.060466852 -0.011097385 0.998039186
1770114812158259968.000000 0.402944416 -0.496577799 -0.095062040 0.007245114 0.057729501 -0.007637287 0.998276770
1770114812424926464.000000 0.449415118 -0.508882105 -0.108086385 0.021412201 0.056245871 -0.003331393 0.998181820
1770114812691594240.000000 0.495532930 -0.520253241 -0.077819750 0.028512867 0.055516534 -0.000630801 0.998050392
1770114813024945408.000000 0.530609965 -0.503678620 -0.109733246 0.031831659 0.056180239 -0.000264385 0.997913063
1770114813391598336.000000 0.579739749 -0.481668234 -0.095373474 0.035128504 0.056711189 0.003268997 0.997767091
1770114813824923648.000000 0.624632001 -0.411817908 -0.105856061 0.033855252 0.058923546 0.005975069 0.997670352
1770114814258281984.000000 0.633043766 -0.316905528 -0.098550454 0.029650871 0.062236901 0.005511587 0.997605681
1770114814691593216.000000 0.652661264 -0.247471854 -0.080372326 0.020015130 0.063672751 0.006898218 0.997746289
1770114815091593984.000000 0.662622631 -0.122224599 -0.089127950 0.014065793 0.064224981 0.006489748 0.997815251
1770114815391597056.000000 0.672508299 -0.038043592 -0.072513491 0.009530036 0.063385494 0.009138316 0.997901797
1770114815758260480.000000 0.654145837 0.065094143 -0.078378499 0.002919222 0.063831501 0.006277293 0.997936726
1770114816024924416.000000 0.633532166 0.145171076 -0.082237080 -0.001169432 0.064504951 0.005381793 0.997902215
1770114816224941056.000000 0.622019172 0.171009287 -0.071306452 -0.005519499 0.063982815 0.005136599 0.997922540
1770114816524922880.000000 0.603163540 0.234234586 -0.081529908 -0.008825285 0.061490525 0.003687473 0.998061836
1770114816824926976.000000 0.573982060 0.290462226 -0.091553748 -0.011112802 0.058603175 0.003913809 0.998211801
1770114817291597824.000000 0.516869426 0.331414223 -0.099181771 -0.012769390 0.053460851 0.002638587 0.998484850
1770114817924980736.000000 0.425767660 0.336222589 -0.103022829 -0.014692257 0.050141145 0.003236284 0.998628855
1770114818324947712.000000 0.359586090 0.301687777 -0.089966804 -0.011669399 0.046279974 0.003991985 0.998852372
1770114818658255616.000000 0.305974662 0.237889677 -0.094107382 -0.009238055 0.042675409 0.004019011 0.999038219
1770114818858236672.000000 0.268561006 0.210691199 -0.061614767 -0.004326277 0.040906642 0.005324238 0.999139428
1770114819058240768.000000 0.227494627 0.164821833 -0.055756543 -0.001385735 0.040066794 0.004285015 0.999186873
1770114819224903168.000000 0.192510188 0.109783329 -0.064528264 0.001344457 0.038800221 0.005469103 0.999231160
1770114819358234368.000000 0.171311304 0.090520598 -0.058440775 0.006577904 0.037562255 0.003333027 0.999267101
1770114819491595776.000000 0.148166344 0.074135579 -0.039417543 0.014696581 0.035892379 -0.000505822 0.999247491
1770114819624929536.000000 0.116664037 0.042775791 -0.060764540 0.027030338 0.033371959 -0.003613103 0.999070883
1770114819758269952.000000 0.098534353 0.021568635 -0.068964489 0.041370261 0.027019901 -0.004064888 0.998770237
1770114819958256896.000000 0.071016900 -0.013043742 -0.052476048 0.062793106 0.017026557 -0.005324726 0.997867107
1770114820091578368.000000 0.062789455 -0.029961601 -0.039889708 0.077074520 0.005575927 -0.006749359 0.996986926
1770114820258242048.000000 0.029907720 -0.060077682 -0.077970877 0.090734579 -0.016498789 -0.007605871 0.995709419
1770114820358259200.000000 0.016647659 -0.086534165 -0.086854622 0.098112680 -0.032103211 -0.009459355 0.994612396
1770114820424903424.000000 -0.000964491 -0.120397158 -0.070117533 0.100605972 -0.042286620 -0.006705876 0.994004726
1770114820558242816.000000 -0.039327662 -0.177603036 -0.085877024 0.100175604 -0.057816774 -0.004197342 0.993279636
1770114820724916736.000000 -0.071030155 -0.248980373 -0.084933899 0.091243707 -0.062099282 0.014522789 0.993784368
1770114820858233856.000000 -0.104811780 -0.254529238 -0.059613641 0.057510231 -0.050236378 0.013157182 0.996993363
1770114820958256128.000000 -0.131545320 -0.271355927 -0.065548904 0.027215205 -0.042353448 0.013250493 0.998644054
1770114821158234624.000000 -0.185592264 -0.305327594 -0.044629063 -0.004179968 -0.030964058 0.009889600 0.999462843
1770114821424947712.000000 -0.248676494 -0.375576735 -0.038309049 -0.019909119 -0.020963095 0.005318688 0.999567866
1770114821591587584.000000 -0.285114676 -0.433115065 -0.046408091 -0.014840837 -0.015539271 0.005044848 0.999756396
1770114821758257920.000000 -0.315773487 -0.487409055 -0.061895821 -0.003985718 -0.010649573 0.005675628 0.999919236
1770114821991591424.000000 -0.355768770 -0.549660087 -0.075516380 0.007368214 -0.005892213 0.006332055 0.999935448
1770114822358246400.000000 -0.424640477 -0.604019642 -0.087700017 0.019633086 -0.002067345 0.006446589 0.999784350
1770114822624917760.000000 -0.474425286 -0.617755175 -0.092320099 0.022190949 0.000108456 0.006277530 0.999734044
1770114822724909312.000000 -0.489836961 -0.612024605 -0.086312033 0.025617760 0.000034921 0.005939640 0.999654174
1770114822758238208.000000 -0.492523074 -0.612305403 -0.086627178 0.026196539 0.000192265 0.006116941 0.999638081
1770114823058231808.000000 -0.539365470 -0.600112200 -0.093467668 0.028759645 0.000042112 0.005918942 0.999568880
1770114823124900608.000000 -0.551931679 -0.595115602 -0.095461406 0.028926767 0.000106132 0.005675749 0.999565423
1770114823224900352.000000 -0.561263084 -0.581243455 -0.092522539 0.028986471 -0.000216838 0.005045493 0.999567032
1770114823291565312.000000 -0.572698176 -0.575731218 -0.098263070 0.029038982 -0.000184947 0.004820079 0.999566674
1770114823524914432.000000 -0.602805793 -0.534644604 -0.095301673 0.028567147 -0.000627067 0.004482321 0.999581635
1770114823624924672.000000 -0.610634029 -0.514387965 -0.097811773 0.028282296 -0.000922954 0.004466560 0.999589562
1770114823724910848.000000 -0.624202371 -0.489696801 -0.094441868 0.027892670 -0.001273427 0.004496730 0.999599993
1770114823824915200.000000 -0.631004155 -0.464532822 -0.090050228 0.027181195 -0.001416126 0.004203497 0.999620676
1770114824291566080.000000 -0.666605473 -0.331083894 -0.090093665 0.022945138 -0.003005244 0.002659307 0.999728680
1770114824891572224.000000 -0.691221118 -0.132026032 -0.089032449 0.014307557 -0.003623834 0.001722620 0.999889612
1770114825358232064.000000 -0.690571666 0.028070945 -0.101931170 0.006554804 -0.004583685 -0.011812323 0.999898255
1770114825691577088.000000 -0.686058700 0.136198670 -0.096889198 -0.000160475 -0.003804890 -0.113083050 0.993578255
1770114825924904448.000000 -0.699287236 0.204888970 -0.110795192 -0.005332879 -0.001402570 -0.180444971 0.983569622
1770114826191593472.000000 -0.699764490 0.281749040 -0.100716457 -0.010792647 0.000820089 -0.247880414 0.968730211
1770114826458239488.000000 -0.680741906 0.348296791 -0.104173258 -0.014652327 0.001557041 -0.303512931 0.952713430
1770114826758236672.000000 -0.669186890 0.414173365 -0.106849253 -0.019137733 0.003419288 -0.350314677 0.936430275
1770114827024982528.000000 -0.644940138 0.458249003 -0.096852899 -0.021201219 0.004464565 -0.378778040 0.925233960
1770114827324897280.000000 -0.629869163 0.480968714 -0.089378446 -0.023654271 0.009142492 -0.396433234 0.917713284
1770114827624897792.000000 -0.638851047 0.488905936 -0.069041237 -0.025692131 0.013639688 -0.400801063 0.915703237
1770114827891561216.000000 -0.646522999 0.476049423 -0.073700532 -0.026727829 0.018233873 -0.391989797 0.919400454
1770114828058232576.000000 -0.651671588 0.465686858 -0.067914493 -0.026652392 0.022197146 -0.382038623 0.923495233
1770114828191570944.000000 -0.665094733 0.453333318 -0.052630112 -0.026048206 0.026434826 -0.369879782 0.928338110
1770114828324892160.000000 -0.669441879 0.428985268 -0.045172963 -0.026631342 0.031311698 -0.359034270 0.932418764
1770114828458229248.000000 -0.644649148 0.393058479 -0.058659036 -0.026420785 0.032544028 -0.342983782 0.938405514
1770114828558237952.000000 -0.620156229 0.358351380 -0.074666813 -0.026725329 0.033767141 -0.328402311 0.943555772
1770114828624899840.000000 -0.594930947 0.342653483 -0.072965525 -0.024954300 0.034208246 -0.316231012 0.947736800
1770114828758239744.000000 -0.539200127 0.309211046 -0.080948651 -0.021084936 0.034107547 -0.287801027 0.956850410
1770114828858230016.000000 -0.486714393 0.276130468 -0.105825737 -0.017555563 0.032914616 -0.259181917 0.965107858
1770114828891563520.000000 -0.463293254 0.268042415 -0.104393557 -0.015541839 0.032140691 -0.248099461 0.968076527
1770114828924898048.000000 -0.446622550 0.255121171 -0.108290017 -0.014589909 0.032104209 -0.235423893 0.971252799
1770114828958226944.000000 -0.430077046 0.245781079 -0.105326273 -0.013322263 0.032700587 -0.224738821 0.973779082
1770114828991562240.000000 -0.411435604 0.245866373 -0.094353639 -0.011135051 0.032177176 -0.213987604 0.976242781
1770114829024900096.000000 -0.385201663 0.247710958 -0.070839211 -0.008676097 0.032396652 -0.205889642 0.978000343
1770114829091562752.000000 -0.367677033 0.219721600 -0.080064222 -0.007128227 0.033336092 -0.185396746 0.982072294
1770114829191558656.000000 -0.328364700 0.216480762 -0.056146830 -0.000250305 0.034053810 -0.161255494 0.986324966
1770114829224896000.000000 -0.326229185 0.207233563 -0.063288577 0.001143978 0.034896486 -0.155253366 0.987257481
1770114829291562752.000000 -0.308081299 0.194103718 -0.060550001 0.006891819 0.035752233 -0.146801606 0.988495648
1770114829458243328.000000 -0.286364973 0.166481450 -0.070988268 0.026619539 0.045103718 -0.141715452 0.988520980
1770114829491574016.000000 -0.283982575 0.143393442 -0.068338200 0.028919950 0.047668643 -0.140768066 0.988471389
1770114829558254592.000000 -0.281188130 0.112737969 -0.079999149 0.035563685 0.053656142 -0.139012724 0.988196194
1770114829624906752.000000 -0.276323169 0.100464776 -0.081282914 0.043376248 0.060248982 -0.137497082 0.987716138
1770114829724915968.000000 -0.286151499 0.079620935 -0.091013387 0.053945277 0.073354408 -0.137689114 0.986281276
1770114829824901632.000000 -0.288057595 0.058583140 -0.097967468 0.065724686 0.085980937 -0.135714561 0.984819353
1770114829891583744.000000 -0.279133677 0.040178224 -0.094335511 0.070072666 0.096692726 -0.134343073 0.983713567
1770114829924900352.000000 -0.279872626 0.037042264 -0.091353670 0.072369374 0.103504039 -0.134392783 0.982846975
1770114829991572736.000000 -0.264533907 0.015162774 -0.092806831 0.075372778 0.113911502 -0.132362485 0.981745064
1770114830091588864.000000 -0.253559858 0.015080952 -0.088389046 0.080234408 0.131577924 -0.132927895 0.979070902
1770114830158227200.000000 -0.255648404 -0.011162203 -0.095645532 0.078029007 0.144070402 -0.133302331 0.977438331
1770114830258226688.000000 -0.225037560 -0.039308555 -0.094829261 0.076728277 0.156182811 -0.132916242 0.975732028
1770114830391560704.000000 -0.174605697 -0.081408449 -0.090510510 0.069282971 0.162276119 -0.133382350 0.975230992
1770114830458227200.000000 -0.163002566 -0.104033783 -0.095422618 0.064212173 0.159963042 -0.127469063 0.976749897
1770114830491559936.000000 -0.162647620 -0.099331059 -0.094927996 0.056844018 0.157314718 -0.124201775 0.978056669
1770114830558229504.000000 -0.141703039 -0.107361339 -0.099573225 0.033420250 0.144332007 -0.106064312 0.983260810
1770114830624891648.000000 -0.113877729 -0.096021749 -0.094496846 0.019053200 0.132913202 -0.092921272 0.986578286
1770114830724899072.000000 -0.084266216 -0.105603874 -0.096264914 0.002952315 0.119947217 -0.074544802 0.989973247
1770114830758226688.000000 -0.079929411 -0.101371966 -0.086690128 -0.002221839 0.116836771 -0.070421040 0.990648866
1770114830858230784.000000 -0.048232991 -0.099091358 -0.077138014 -0.012588838 0.107042953 -0.054809704 0.992662728
1770114830891583488.000000 -0.038705103 -0.113115229 -0.076567665 -0.016569778 0.103855394 -0.049026586 0.993245125
1770114831024910080.000000 -0.006455663 -0.123891972 -0.062474404 -0.024079060 0.095137410 -0.031395398 0.994677544
1770114831124907008.000000 0.001992845 -0.128599003 -0.057004508 -0.024971440 0.092542648 -0.022790983 0.995134652
1770114831191558400.000000 0.016042588 -0.131678194 -0.051422603 -0.022849809 0.089728989 -0.016779838 0.995562732
1770114831324896512.000000 0.031047367 -0.152622849 -0.056434002 -0.017963246 0.086280867 -0.010699112 0.996051431
1770114831391561472.000000 0.044363938 -0.160802066 -0.057714716 -0.013302362 0.084574215 -0.008951705 0.996288180
1770114831458240512.000000 0.050830476 -0.172442064 -0.059208401 -0.007813913 0.083617039 -0.007457557 0.996439457
1770114831624894976.000000 0.089227721 -0.181460485 -0.069218777 0.008138917 0.079233296 -0.010510853 0.996767461
1770114831791566848.000000 0.115160435 -0.212550744 -0.078648232 0.019467611 0.077549927 -0.007194737 0.996772408
1770114831924899072.000000 0.130476311 -0.232631028 -0.097966455 0.026814554 0.076249979 -0.004290636 0.996718884
1770114832091570688.000000 0.134408697 -0.241596594 -0.108927488 0.034649674 0.077229053 -0.003323969 0.996405542
1770114832224912384.000000 0.150483102 -0.243940830 -0.110406630 0.040295705 0.076676667 -0.003131293 0.996236503
1770114832491588352.000000 0.173640966 -0.255838037 -0.126080081 0.046829436 0.077576831 -0.000955051 0.995885491
1770114833091568896.000000 0.226057291 -0.226747811 -0.130044878 0.051836539 0.080213107 0.003742299 0.995421946
1770114833391563520.000000 0.247550502 -0.205988973 -0.130844042 0.050958905 0.082104594 0.005182715 0.995306551
1770114833758231040.000000 0.265278518 -0.171276480 -0.133237973 0.045723565 0.084350139 0.007604752 0.995357513
1770114834091565824.000000 0.295252651 -0.108576909 -0.126775220 0.040944371 0.084904917 0.007468698 0.995519459
1770114834324891392.000000 0.297370791 -0.062767453 -0.132806376 0.036535349 0.085950524 0.006927638 0.995605171
1770114834558247936.000000 0.307688922 -0.027867861 -0.126104355 0.030945159 0.086490639 0.010214136 0.995719612
1770114834791583488.000000 0.318973124 0.035914619 -0.115817025 0.026814295 0.087072715 0.009077006 0.995799661
1770114834991569408.000000 0.331753433 0.087638214 -0.100697726 0.023256578 0.086511940 0.007977301 0.995947361
1770114835191578112.000000 0.334204853 0.119674310 -0.099817224 0.017525239 0.085587718 0.008996624 0.996135890
1770114835391543808.000000 0.327142596 0.161189064 -0.095488399 0.013029347 0.085839838 0.009410263 0.996179283
1770114835591553280.000000 0.316875398 0.213023782 -0.099359460 0.009909428 0.086185224 0.007689421 0.996200204
1770114835758237952.000000 0.309603184 0.250236213 -0.104173653 0.006146038 0.086456038 0.005452554 0.996221781
1770114835891560192.000000 0.299175769 0.277961612 -0.106142342 0.002688198 0.087466933 0.003770485 0.996156693
1770114836091548672.000000 0.279855162 0.324056596 -0.109599531 0.000336557 0.085379571 0.001682918 0.996347070
1770114836224882432.000000 0.272639424 0.351815581 -0.116917387 -0.001125942 0.084081948 0.002453577 0.996455193
1770114836524879360.000000 0.243509591 0.407497317 -0.121120229 -0.003939665 0.081487112 0.001635894 0.996665299
1770114836624878592.000000 0.234446838 0.421010584 -0.120774232 -0.005269710 0.080216698 0.002629009 0.996760070
1770114836724875776.000000 0.226165533 0.436603159 -0.120390914 -0.005462114 0.079177290 0.003346758 0.996840000
1770114836824889600.000000 0.212096557 0.447778851 -0.121866614 -0.006043528 0.078947470 0.002605131 0.996857047
1770114836958249984.000000 0.193450764 0.458811611 -0.124642193 -0.006148871 0.076850548 0.001918280 0.997021854
1770114837124888832.000000 0.171717346 0.467624128 -0.127809182 -0.007436235 0.075128950 0.001082260 0.997145534
1770114837224890624.000000 0.156796902 0.473517627 -0.126067385 -0.007707505 0.075346388 0.001076409 0.997127056
1770114837358221056.000000 0.137459591 0.474838376 -0.126092806 -0.008171419 0.074500613 0.000932711 0.997187078
1770114837491566080.000000 0.117793284 0.472744167 -0.127747193 -0.008689650 0.074083291 0.001169851 0.997213542
1770114837658210048.000000 0.089538507 0.467582196 -0.119462408 -0.008356652 0.072921894 0.000280074 0.997302592
1770114837991542272.000000 0.034849916 0.435453504 -0.118049152 -0.007250064 0.069938131 0.001349789 0.997524083
1770114838391553536.000000 -0.043099135 0.368124396 -0.102623761 -0.003686140 0.066882946 0.001125117 0.997753382
1770114838424893952.000000 -0.045206096 0.366738319 -0.100846104 -0.001723407 0.065877378 0.001814915 0.997824609
1770114838591547648.000000 -0.074846812 0.331841320 -0.104780346 0.000347445 0.063598730 0.003228808 0.997970283
1770114838724880640.000000 -0.103000127 0.306684911 -0.101791717 0.003796389 0.062765010 0.003226280 0.998015940
1770114838924883456.000000 -0.144043386 0.258256167 -0.096133590 0.008136392 0.061108563 0.004960265 0.998085678
1770114839024881152.000000 -0.158929884 0.236437708 -0.099549398 0.011094171 0.059320025 0.004347712 0.998167932
1770114839091550464.000000 -0.174415827 0.216731116 -0.103518493 0.012786547 0.058840893 0.005011158 0.998172939
1770114839224877312.000000 -0.199872732 0.182873040 -0.114411399 0.018068941 0.057530515 0.004066670 0.998171926
1770114839291551744.000000 -0.212748811 0.167805001 -0.119637363 0.023422843 0.056163236 0.002522471 0.998143613
1770114839324909312.000000 -0.215909898 0.161205605 -0.121787094 0.026887806 0.055085745 0.002908188 0.998115301
1770114839391548672.000000 -0.226182535 0.147077054 -0.129585862 0.033759180 0.053069733 0.003112301 0.998015165
1770114839491547392.000000 -0.237903297 0.131299153 -0.142367288 0.045159224 0.047734004 0.002979027 0.997834265
1770114839591550464.000000 -0.250487566 0.115298584 -0.153709576 0.055262826 0.042656943 0.003246883 0.997554958
1770114839758210816.000000 -0.276263624 0.068001412 -0.154330388 0.070481807 0.035061713 0.000581283 0.996896505
1770114839891564032.000000 -0.290805608 0.026727002 -0.156633899 0.081839584 0.021071600 0.000508957 0.996422648
1770114839958257920.000000 -0.298670411 0.008889924 -0.166296482 0.086785279 0.012426663 0.001281359 0.996148705
1770114840058219008.000000 -0.310984880 -0.034014069 -0.182761639 0.092717744 -0.002331931 0.001128832 0.995689094
1770114840124889344.000000 -0.323829055 -0.065140843 -0.186144203 0.096491821 -0.012343760 0.002871652 0.995253146
1770114840191547392.000000 -0.342320353 -0.092943817 -0.181244418 0.099968955 -0.022450630 0.000634736 0.994737029
1770114840324879872.000000 -0.382176846 -0.150373310 -0.178506121 0.100424998 -0.037697937 0.004331741 0.994220793
1770114840424897536.000000 -0.407805055 -0.187407002 -0.166084468 0.097127646 -0.042342983 0.011761749 0.994301260
1770114840591543296.000000 -0.445292711 -0.222410351 -0.147989362 0.069544509 -0.030760985 0.017014207 0.996959329
1770114840658246144.000000 -0.459579498 -0.232448488 -0.148259237 0.044970125 -0.025608577 0.015908837 0.998533368
1770114840758219776.000000 -0.484686822 -0.247325405 -0.128443867 0.022911914 -0.019035466 0.015240139 0.999440074
1770114840891552256.000000 -0.520872891 -0.274316400 -0.112605803 0.001828562 -0.011427285 0.012682003 0.999852657
1770114841058236928.000000 -0.560730577 -0.310821742 -0.096886970 -0.014265154 -0.004822253 0.009398880 0.999842465
1770114841258245376.000000 -0.604037464 -0.360882580 -0.090584300 -0.018046269 0.001983131 0.006912752 0.999811292
1770114841791540992.000000 -0.687608540 -0.484474301 -0.119484581 0.006696140 0.014632536 0.006920549 0.999846578
1770114842091541760.000000 -0.720986545 -0.521389961 -0.147949353 0.015532010 0.017753761 0.008200794 0.999688089
1770114842424891648.000000 -0.757574320 -0.523039162 -0.143142164 0.020952079 0.020338645 0.008118428 0.999540627
1770114843024888576.000000 -0.798473835 -0.463435948 -0.140064940 0.026209051 0.022069355 0.007130523 0.999387443
1770114843291544576.000000 -0.807121098 -0.422649980 -0.147058249 0.025263121 0.022517862 0.006550015 0.999405742
1770114843458266880.000000 -0.812475264 -0.396447331 -0.149253398 0.024061929 0.022651087 0.005416987 0.999439180
1770114843624866048.000000 -0.816075087 -0.369911611 -0.154496804 0.022805834 0.023120372 0.004227588 0.999463618
1770114843858212608.000000 -0.810694277 -0.306061924 -0.130799308 0.022195034 0.023563188 0.004738638 0.999464691
1770114844024878080.000000 -0.805995703 -0.267803729 -0.132025033 0.020609248 0.023411144 0.004701431 0.999502420
1770114844191545600.000000 -0.800150990 -0.233307034 -0.134077847 0.018690949 0.023639459 0.004297452 0.999536574
1770114844324868352.000000 -0.793725133 -0.204822898 -0.136997744 0.017562618 0.024104953 0.004759400 0.999543846
1770114844458200832.000000 -0.785230398 -0.176348090 -0.137421757 0.016113209 0.023987170 0.004126369 0.999573886
1770114844758213632.000000 -0.765831113 -0.118154958 -0.142538935 0.012900328 0.024297860 0.003564107 0.999615192
1770114844858210816.000000 -0.757460058 -0.101047568 -0.141448513 0.011729694 0.024866011 0.004017326 0.999613881
1770114845024889344.000000 -0.745348990 -0.074106291 -0.143766642 0.009711935 0.025055377 0.003693607 0.999632120
1770114845191567872.000000 -0.729968846 -0.044881489 -0.142004699 0.008471935 0.025858345 0.003549696 0.999623418
1770114845391547136.000000 -0.711958468 -0.020489588 -0.144543484 0.006672644 0.026143190 0.003730949 0.999628961
1770114845591578112.000000 -0.694887400 0.001442255 -0.149830744 0.004307420 0.027524078 0.002798235 0.999607921
1770114845724907520.000000 -0.682222605 0.015965020 -0.148823395 0.003862684 0.027556084 0.002697141 0.999609172
1770114845858198784.000000 -0.670453966 0.026640477 -0.147666261 0.002740290 0.027933707 0.003239778 0.999600768
1770114846058199552.000000 -0.652005315 0.040899944 -0.147527546 0.001607700 0.028769847 0.003105068 0.999579966
1770114846224868864.000000 -0.639901638 0.045715008 -0.154209465 0.000400112 0.029771488 0.002433602 0.999553740
1770114846524871936.000000 -0.610822976 0.055576846 -0.152030274 -0.000642258 0.030467248 0.003260587 0.999530256
1770114846924866048.000000 -0.574502587 0.053857561 -0.158404723 -0.001681513 0.031462286 0.003086824 0.999498785
1770114847291531008.000000 -0.546596944 0.046146337 -0.162544608 -0.001903717 0.032457028 0.003645291 0.999464691
1770114847691545600.000000 -0.523643970 0.041406669 -0.159563273 -0.001221019 0.033017930 0.003831074 0.999446690
1770114848158204672.000000 -0.498024255 0.031473275 -0.147938639 -0.001091866 0.032152995 0.004093741 0.999473989
1770114848691634432.000000 -0.482002467 0.024626147 -0.142369539 -0.000254282 0.031429052 0.004701921 0.999494910
1770114849824869632.000000 -0.459323227 0.009779781 -0.144400537 -0.001363419 0.027466260 0.004233254 0.999612808
