1770114746.758364 0.0000000 0.0000000 0.0000000 -0.0000000 -0.0000000 -0.0000000 1.0000000
1770114746.825032 -0.0167599 0.0049622 0.0029931 0.0001523 0.0020665 -0.0005961 0.9999977
1770114746.858367 -0.0041340 0.0046012 -0.0046284 0.0010623 0.0000588 0.0002830 0.9999994
1770114747.025035 -0.0055877 0.0015030 -0.0032494 0.0004720 0.0001488 0.0004622 0.9999998
1770114747.958381 -0.0082775 0.0068130 -0.0049258 0.0011233 0.0010827 -0.0000804 0.9999988
1770114750.325058 0.0003554 0.0078654 0.0017443 0.0008516 0.0006017 -0.0006456 0.9999993
1770114750.625067 0.0288626 0.0361603 0.0456479 0.0033345 -0.0009232 -0.0026156 0.9999906
1770114750.958403 0.0141288 0.0153663 0.0241274 0.0018844 0.0000613 0.0000772 0.9999982
1770114751.158377 0.0003528 0.0062038 0.0036537 0.0001804 0.0002400 0.0001100 0.9999999
1770114751.591716 -0.0047762 0.0098866 -0.0027683 0.0007606 -0.0005066 -0.0026891 0.9999960
1770114752.025047 0.0056883 0.0078078 0.0035864 0.0028351 -0.0016231 -0.0018593 0.9999930
1770114752.625072 0.0218641 0.0030799 0.0103153 0.0034973 -0.0016248 -0.0021029 0.9999904
1770114753.058389 0.0404547 0.0050045 0.0220605 0.0067884 -0.0006020 -0.0020495 0.9999747
1770114753.291720 0.0427726 -0.0096175 0.0077158 0.0064728 0.0006230 -0.0003937 0.9999788
1770114753.491714 0.0293121 -0.0060815 -0.0033627 0.0071901 0.0041205 -0.0037444 0.9999586
1770114753.891728 0.0511359 -0.0216326 -0.0105941 0.0087971 0.0077048 -0.0027572 0.9999278
1770114754.325065 0.0738931 -0.0308482 -0.0155033 0.0101136 0.0121782 -0.0012216 0.9998740
1770114754.691719 0.1015103 -0.0234736 -0.0139308 0.0118241 0.0177696 -0.0010690 0.9997716
1770114755.358375 0.1492561 -0.0065246 -0.0308584 0.0115739 0.0278575 -0.0001425 0.9995449
1770114755.691723 0.1850590 0.0194994 -0.0177750 0.0116301 0.0331940 -0.0000234 0.9993813
1770114756.258374 0.2576165 0.0586951 -0.0034347 0.0079377 0.0400824 0.0012994 0.9991640
1770114756.425028 0.2717367 0.0817740 -0.0054796 0.0079052 0.0431930 -0.0000218 0.9990355
1770114756.591712 0.2898986 0.1015192 -0.0080867 0.0058802 0.0444659 -0.0001213 0.9989936
1770114756.725045 0.3085229 0.1197492 -0.0048386 0.0052909 0.0446707 0.0003640 0.9989877
1770114756.891701 0.3271001 0.1427625 0.0043496 0.0035340 0.0450143 0.0012419 0.9989793
1770114757.158360 0.3479533 0.1787124 0.0036587 0.0007778 0.0463233 -0.0020303 0.9989242
1770114757.425027 0.3668905 0.2113920 0.0051242 -0.0007772 0.0464591 0.0002590 0.9989198
1770114757.625032 0.3743328 0.2494951 0.0049075 -0.0003528 0.0475413 -0.0028252 0.9988652
1770114757.825042 0.3775645 0.2643352 -0.0029969 -0.0021885 0.0466147 -0.0031069 0.9989057
1770114758.025038 0.3822130 0.2781622 -0.0076744 -0.0044510 0.0458766 -0.0032620 0.9989319
1770114758.191715 0.3700381 0.2887512 -0.0127291 -0.0063154 0.0471669 -0.0053489 0.9988527
1770114758.358373 0.3677039 0.3007835 -0.0143692 -0.0060392 0.0464348 -0.0055272 0.9988878
1770114758.491710 0.3590957 0.3053432 -0.0160063 -0.0052268 0.0456390 -0.0058818 0.9989270
1770114758.658362 0.3631403 0.3162061 -0.0170375 -0.0029423 0.0410391 -0.0046973 0.9991422
1770114759.025032 0.3434694 0.3030318 -0.0192571 -0.0030800 0.0410379 -0.0034339 0.9991469
1770114759.258358 0.3217441 0.2856323 -0.0135279 -0.0019327 0.0394425 -0.0030980 0.9992152
1770114759.491704 0.2811803 0.2451231 -0.0115191 -0.0007720 0.0392138 -0.0023330 0.9992278
1770114759.658361 0.2565226 0.2097397 -0.0431710 0.0009015 0.0375514 -0.0012777 0.9992935
1770114759.825046 0.2194440 0.1712765 -0.0385615 0.0041530 0.0375683 0.0021889 0.9992830
1770114759.991687 0.2083553 0.1537583 -0.0298671 0.0098395 0.0346538 0.0004553 0.9993508
1770114760.125023 0.1944734 0.1429222 -0.0229423 0.0154279 0.0326403 -0.0015308 0.9993469
1770114760.291688 0.1556361 0.1038493 -0.0323651 0.0255757 0.0302078 -0.0039907 0.9992085
1770114760.458359 0.1389754 0.0784808 -0.0354528 0.0402789 0.0223066 -0.0054283 0.9989247
1770114760.725024 0.0934568 0.0174160 -0.0724072 0.0640996 0.0054017 -0.0090629 0.9978877
1770114761.025037 0.0226266 -0.0828266 -0.0831491 0.0831923 -0.0301283 -0.0071290 0.9960525
1770114761.325029 -0.0603178 -0.1997544 -0.0674898 0.0791795 -0.0484772 0.0016988 0.9956796
1770114761.458356 -0.0646406 -0.2264999 -0.0581624 0.0471519 -0.0403064 0.0037000 0.9980673
1770114761.691691 -0.1259404 -0.2465106 -0.0469337 -0.0070369 -0.0257815 0.0048016 0.9996313
1770114761.891694 -0.1855695 -0.2827800 -0.0316968 -0.0303992 -0.0169729 0.0027002 0.9993901
1770114762.058366 -0.2058003 -0.3410147 -0.0290415 -0.0372098 -0.0137216 0.0024137 0.9992104
1770114766.125026 -0.6490744 0.0306372 -0.0966284 0.0050454 -0.0060784 -0.0298218 0.9995240
1770114767.025034 -0.6739345 0.3176699 -0.0983948 -0.0115288 -0.0002233 -0.2695824 0.9629083
1770114767.191691 -0.6589348 0.3649451 -0.1009227 -0.0121849 -0.0013528 -0.3002111 0.9537940
1770114767.358359 -0.6784955 0.3989862 -0.0925062 -0.0171061 0.0029183 -0.3310473 0.9434546
1770114767.491694 -0.6545056 0.4289177 -0.0779347 -0.0172211 0.0028173 -0.3499894 0.9365911
1770114767.658381 -0.6315242 0.4522385 -0.0931836 -0.0188486 0.0021055 -0.3671812 0.9299561
1770114768.091698 -0.5776438 0.4918564 -0.1201829 -0.0220042 0.0059786 -0.3964701 0.9177644
1770114768.725038 -0.4769717 0.4661603 -0.1001237 -0.0234582 0.0112414 -0.3885920 0.9210427
1770114769.091687 -0.4017515 0.4100187 -0.1008818 -0.0206641 0.0156359 -0.3570211 0.9337368
1770114769.158357 -0.3929474 0.3940916 -0.1032037 -0.0209413 0.0171828 -0.3501220 0.9363124
1770114769.291706 -0.3634179 0.3641609 -0.0979498 -0.0196666 0.0196585 -0.3297450 0.9436604
1770114769.391702 -0.3219522 0.3419018 -0.0763196 -0.0171376 0.0195158 -0.3098639 0.9504262
1770114769.425031 -0.3228490 0.3298612 -0.0904134 -0.0179279 0.0213751 -0.3032000 0.9525185
1770114769.558364 -0.2740494 0.2941474 -0.0887787 -0.0123587 0.0210244 -0.2683726 0.9630064
1770114769.625024 -0.2529034 0.2698140 -0.0794860 -0.0111900 0.0215192 -0.2460042 0.9689653
1770114769.691700 -0.2339642 0.2532186 -0.0762875 -0.0081420 0.0223301 -0.2247384 0.9741292
1770114769.825024 -0.1904850 0.2007784 -0.0922707 -0.0058543 0.0227946 -0.1856387 0.9823362
1770114769.925032 -0.1620241 0.1805028 -0.0798559 -0.0008193 0.0246838 -0.1630622 0.9863067
1770114769.991696 -0.1488616 0.1628507 -0.0692758 0.0037693 0.0269780 -0.1544286 0.9876283
1770114770.025021 -0.1400629 0.1510707 -0.0808705 0.0062791 0.0274606 -0.1508982 0.9881479
1770114770.125021 -0.1136740 0.1290935 -0.0562257 0.0178297 0.0317945 -0.1483216 0.9882671
1770114770.258390 -0.0850375 0.0928315 -0.0552646 0.0346298 0.0412793 -0.1461081 0.9878002
1770114770.391694 -0.0415129 0.0557982 -0.0637596 0.0493451 0.0529881 -0.1437587 0.9869604
1770114770.525055 -0.0250416 0.0034850 -0.0651099 0.0630418 0.0679421 -0.1424787 0.9854488
1770114770.691714 0.0228698 -0.0352382 -0.0444948 0.0752747 0.0931348 -0.1403863 0.9828283
1770114770.825032 0.0539944 -0.0763202 -0.0341897 0.0779962 0.1155376 -0.1390114 0.9804303
1770114771.091692 0.1350482 -0.1568021 -0.0278359 0.0697490 0.1427246 -0.1419959 0.9770374
1770114771.291688 0.2133823 -0.1760888 -0.0149287 0.0309038 0.1215868 -0.1150488 0.9854062
1770114771.491706 0.2529758 -0.2002333 -0.0202755 -0.0085052 0.0961881 -0.0796687 0.9921333
1770114771.791696 0.3376599 -0.2453889 0.0093153 -0.0335016 0.0730418 -0.0370483 0.9960773
1770114772.058359 0.3920837 -0.2935584 -0.0060459 -0.0269083 0.0608357 -0.0154308 0.9976658
1770114772.258356 0.3989590 -0.3175052 -0.0274553 -0.0097502 0.0585678 -0.0133448 0.9981466
1770114772.525039 0.4148660 -0.3465446 -0.0488167 0.0110754 0.0572333 -0.0113394 0.9982350
1770114772.858366 0.4610528 -0.3742735 -0.0535152 0.0276759 0.0553270 -0.0068679 0.9980611
1770114773.258382 0.4821485 -0.3793036 -0.0806704 0.0399310 0.0577225 -0.0033268 0.9975283
1770114773.758370 0.5305345 -0.3762774 -0.0913927 0.0413467 0.0585956 0.0015253 0.9974240
1770114774.091698 0.5550445 -0.3339942 -0.0938588 0.0434915 0.0608929 0.0037467 0.9971893
1770114774.491704 0.5818837 -0.2874449 -0.0939988 0.0385585 0.0632652 0.0037767 0.9972445
1770114774.791700 0.6045287 -0.2434240 -0.0858536 0.0326903 0.0640833 0.0061928 0.9973898
1770114775.158369 0.6182780 -0.1689001 -0.0758546 0.0261953 0.0655180 0.0045256 0.9974973
1770114775.458366 0.6219763 -0.0926636 -0.0791357 0.0209329 0.0665763 0.0063854 0.9975413
1770114775.758400 0.6187584 -0.0337266 -0.0803031 0.0133016 0.0670148 0.0062953 0.9976435
1770114776.058370 0.6107472 0.0319639 -0.0815622 0.0066383 0.0665836 0.0061383 0.9977399
1770114776.291697 0.6237697 0.0820394 -0.0633608 0.0023410 0.0649725 0.0061598 0.9978653
1770114776.525048 0.6050324 0.1306330 -0.0670695 -0.0026621 0.0666878 0.0042562 0.9977612
1770114776.691716 0.5978230 0.1690367 -0.0646450 -0.0049790 0.0652979 0.0040625 0.9978451
1770114776.858360 0.5785792 0.2049680 -0.0734435 -0.0070968 0.0640576 0.0021500 0.9979187
1770114777.025045 0.5642717 0.2427481 -0.0732799 -0.0079912 0.0631535 0.0032676 0.9979665
1770114777.058384 0.5619001 0.2472964 -0.0734985 -0.0086665 0.0627920 0.0044754 0.9979790
1770114777.158362 0.5538691 0.2638204 -0.0718124 -0.0097159 0.0621287 0.0045333 0.9980106
1770114777.258361 0.5472280 0.2879866 -0.0727112 -0.0092444 0.0606449 0.0055659 0.9981011
1770114777.458365 0.5262085 0.3105706 -0.0807409 -0.0119769 0.0590187 0.0039335 0.9981773
1770114777.625052 0.5024930 0.3277926 -0.0820407 -0.0133138 0.0576496 0.0033974 0.9982423
1770114777.858377 0.4674854 0.3402942 -0.0875651 -0.0136921 0.0557361 0.0030007 0.9983472
1770114778.158374 0.4204970 0.3437340 -0.0853725 -0.0149670 0.0546467 0.0023390 0.9983909
1770114778.425033 0.3935657 0.3450482 -0.0626602 -0.0130931 0.0525174 0.0020160 0.9985322
1770114778.725034 0.3481946 0.3237252 -0.0722519 -0.0105258 0.0489872 0.0032407 0.9987387
1770114778.825033 0.3284959 0.2971696 -0.0747132 -0.0109935 0.0479897 0.0030858 0.9987826
1770114779.058361 0.2819489 0.2581466 -0.0950735 -0.0094165 0.0455688 0.0045134 0.9989067
1770114779.158375 0.2661620 0.2434622 -0.0859930 -0.0075368 0.0445291 0.0061588 0.9989607
1770114779.358435 0.2365098 0.1987250 -0.0912579 -0.0055772 0.0421231 0.0054231 0.9990821
1770114779.425051 0.2307110 0.1869554 -0.0976969 -0.0036765 0.0404737 0.0074237 0.9991463
1770114779.525056 0.2193196 0.1673517 -0.0932425 -0.0017432 0.0391890 0.0060065 0.9992123
1770114779.658386 0.1911285 0.1407537 -0.0971224 0.0022354 0.0378892 0.0084630 0.9992436
1770114779.725040 0.1848619 0.1330543 -0.0939703 0.0053623 0.0368345 0.0089770 0.9992667
1770114779.758388 0.1896476 0.1306658 -0.1054102 0.0079247 0.0347977 0.0123085 0.9992872
1770114779.958383 0.1383093 0.0769894 -0.0988007 0.0139035 0.0350320 0.0040525 0.9992812
1770114779.991695 0.1269842 0.0645741 -0.1115835 0.0162098 0.0344852 0.0034271 0.9992679
1770114780.091698 0.1286093 0.0646414 -0.0853958 0.0265332 0.0321178 -0.0018122 0.9991302
1770114780.125026 0.1118782 0.0467920 -0.1103562 0.0290490 0.0309313 -0.0015930 0.9990980
1770114780.258364 0.1215286 0.0644036 -0.0708016 0.0467477 0.0241908 -0.0053115 0.9985996
1770114780.325036 0.1115990 0.0490444 -0.0803016 0.0535047 0.0203090 -0.0050750 0.9983482
1770114780.391652 0.0986950 0.0299104 -0.0843196 0.0595113 0.0170453 -0.0080710 0.9980495
1770114780.425000 0.1036866 0.0175871 -0.0825367 0.0624684 0.0147696 -0.0049149 0.9979256
1770114780.524998 0.0989670 0.0021558 -0.0956771 0.0730068 0.0070586 -0.0082686 0.9972722
1770114780.591652 0.0960832 -0.0143464 -0.0996602 0.0796189 -0.0009895 -0.0080433 0.9967924
1770114780.624993 0.0966175 -0.0222687 -0.1169122 0.0823198 -0.0059132 -0.0074343 0.9965607
1770114780.824998 0.0543733 -0.0855887 -0.0886412 0.0973599 -0.0319266 -0.0111605 0.9946744
1770114780.924990 0.0002434 -0.1233590 -0.0616532 0.1009807 -0.0454105 -0.0084653 0.9938154
1770114780.991659 0.0074962 -0.1467052 -0.1045436 0.1013102 -0.0549844 -0.0047696 0.9933228
1770114781.124998 -0.0322515 -0.1986109 -0.0915820 0.0966098 -0.0640749 0.0021586 0.9932554
1770114781.191654 -0.0361238 -0.2130042 -0.0737360 0.0941051 -0.0643042 0.0101910 0.9934312
1770114781.258322 -0.0456274 -0.2183522 -0.0909671 0.0896054 -0.0608954 0.0114665 0.9940479
1770114781.458320 -0.1196997 -0.2741839 -0.0627137 0.0237296 -0.0421610 0.0101133 0.9987778
1770114781.758332 -0.1797287 -0.3336242 -0.0511815 -0.0156316 -0.0290366 0.0072882 0.9994296
1770114782.024990 -0.2561572 -0.4194116 -0.0498858 -0.0176193 -0.0185529 0.0061296 0.9996538
1770114784.491676 -0.6418060 -0.4165600 -0.1166193 0.0256219 -0.0029399 0.0025168 0.9996642
1770114786.524984 -0.6795971 0.2338562 -0.1128509 -0.0088882 -0.0014958 -0.2127239 0.9770708
1770114786.724987 -0.6822355 0.3015385 -0.0910805 -0.0103434 -0.0000379 -0.2570441 0.9663444
1770114786.958338 -0.6686959 0.3584917 -0.1026529 -0.0144334 0.0007657 -0.3039170 0.9525889
1770114787.591657 -0.6186835 0.4682308 -0.1090790 -0.0213688 0.0041635 -0.3846231 0.9228169
1770114787.758324 -0.6076009 0.4646223 -0.1402509 -0.0249765 0.0077213 -0.3953530 0.9181572
1770114788.158290 -0.5326743 0.4852614 -0.1262798 -0.0232938 0.0063251 -0.3998020 0.9162837
1770114788.358302 -0.5020422 0.4749134 -0.0995573 -0.0245719 0.0100564 -0.3970856 0.9173975
1770114788.491626 -0.4756842 0.4641487 -0.1107561 -0.0242723 0.0117784 -0.3908355 0.9200650
1770114788.658311 -0.4438624 0.4384364 -0.1126454 -0.0230546 0.0132528 -0.3777916 0.9255087
1770114788.824966 -0.4087176 0.4063584 -0.1094040 -0.0222425 0.0152787 -0.3622603 0.9316863
1770114789.091629 -0.3492032 0.3429199 -0.1092760 -0.0200228 0.0187402 -0.3225935 0.9461402
1770114789.224956 -0.3120638 0.3078819 -0.1067216 -0.0175769 0.0200806 -0.2947554 0.9552000
1770114789.358289 -0.2621477 0.2624007 -0.1193197 -0.0133717 0.0196940 -0.2551293 0.9666139
1770114789.491641 -0.2273090 0.2242280 -0.1132325 -0.0087103 0.0225179 -0.2114357 0.9770937
1770114789.624965 -0.1889176 0.1811627 -0.1003608 -0.0044072 0.0239378 -0.1779215 0.9837436
1770114789.724967 -0.1654697 0.1598420 -0.0723631 0.0012288 0.0269241 -0.1575407 0.9871446
1770114789.791625 -0.1376124 0.1288147 -0.0762661 0.0055912 0.0264968 -0.1485655 0.9885317
1770114789.891621 -0.1175366 0.1130502 -0.0704604 0.0174177 0.0313835 -0.1475962 0.9883962
1770114789.991635 -0.0856945 0.0852809 -0.0726646 0.0304049 0.0381723 -0.1455399 0.9881481
1770114790.091640 -0.0837313 0.0496480 -0.0703661 0.0412443 0.0484199 -0.1451093 0.9873691
1770114790.158300 -0.0584750 0.0279726 -0.0836490 0.0478823 0.0547970 -0.1444498 0.9868327
1770114790.291630 -0.0353046 0.0102847 -0.0736444 0.0643802 0.0694988 -0.1441372 0.9850125
1770114790.391625 -0.0158494 -0.0376158 -0.0373543 0.0711911 0.0845710 -0.1377525 0.9842783
1770114790.558293 0.0347212 -0.0883500 -0.0682882 0.0769556 0.1105665 -0.1362911 0.9814671
1770114790.624963 0.0596312 -0.0998975 -0.0521306 0.0780821 0.1213547 -0.1376804 0.9799083
1770114790.824961 0.1169219 -0.1679367 -0.0394795 0.0704507 0.1434637 -0.1396591 0.9772155
1770114790.958333 0.1596175 -0.1744124 -0.0330141 0.0606523 0.1402890 -0.1354649 0.9789227
1770114791.491630 0.3189752 -0.2537920 -0.0083156 -0.0338264 0.0757896 -0.0442878 0.9955654
1770114791.791627 0.3895983 -0.2744691 0.0004935 -0.0284603 0.0615347 -0.0191924 0.9975145
1770114792.091624 0.3966928 -0.2984725 -0.0437766 -0.0020742 0.0588087 -0.0185847 0.9980941
1770114792.491623 0.4441378 -0.3734373 -0.0716926 0.0221367 0.0557049 -0.0083526 0.9981669
1770114793.091654 0.5094987 -0.4187305 -0.0933736 0.0385633 0.0568909 -0.0005393 0.9976352
1770114793.791619 0.5507340 -0.3621649 -0.1043303 0.0415392 0.0611621 0.0020831 0.9972609
1770114794.258287 0.6054098 -0.2903348 -0.0791909 0.0388326 0.0621052 0.0040373 0.9973057
1770114794.691621 0.6341582 -0.2342333 -0.0869565 0.0297165 0.0632349 0.0063748 0.9975358
1770114794.991619 0.6435702 -0.1817446 -0.0701207 0.0229991 0.0640424 0.0056846 0.9976659
1770114795.291621 0.6540355 -0.0993150 -0.0901695 0.0175750 0.0645829 0.0050329 0.9977449
1770114795.558294 0.6207615 -0.0256176 -0.0836410 0.0128167 0.0663216 0.0043712 0.9977064
1770114795.858298 0.6635433 0.0098437 -0.0649094 0.0042312 0.0633880 0.0045446 0.9979696
1770114796.158300 0.6215383 0.0862511 -0.0685281 -0.0007190 0.0644528 0.0065808 0.9978988
1770114796.458290 0.5971513 0.1689336 -0.0885476 -0.0051739 0.0652774 0.0045763 0.9978433
1770114796.758308 0.5772640 0.2256484 -0.0912244 -0.0091141 0.0626600 0.0047004 0.9979823
1770114797.091620 0.5362686 0.2936791 -0.0812824 -0.0106192 0.0604994 0.0027763 0.9981079
1770114797.424960 0.5058579 0.3167413 -0.0833998 -0.0136440 0.0561756 0.0030703 0.9983230
1770114797.458327 0.5065412 0.3165357 -0.0943436 -0.0134043 0.0550142 0.0035316 0.9983894
1770114797.758331 0.4639321 0.3365634 -0.0813337 -0.0143908 0.0536047 0.0041119 0.9984501
1770114798.324948 0.3757232 0.3168764 -0.0796751 -0.0138875 0.0500696 0.0038513 0.9986417
1770114798.458290 0.3570477 0.2940036 -0.0861588 -0.0138047 0.0483165 0.0044190 0.9987269
1770114798.691629 0.3150050 0.2714274 -0.0799565 -0.0116349 0.0466597 0.0042620 0.9988340
1770114798.958291 0.2665247 0.2206536 -0.0773572 -0.0090143 0.0444752 0.0031929 0.9989647
1770114799.091646 0.2558463 0.1934957 -0.0914564 -0.0063061 0.0413518 0.0053130 0.9991106
1770114799.258300 0.2334721 0.1676011 -0.0710179 -0.0023923 0.0400558 0.0043329 0.9991852
1770114799.358291 0.2183872 0.1514929 -0.0679855 -0.0000334 0.0385061 0.0058648 0.9992412
1770114799.458285 0.1894754 0.1235184 -0.0681282 0.0025516 0.0391481 0.0045136 0.9992200
1770114799.524989 0.1776792 0.1087335 -0.0699068 0.0041377 0.0385015 0.0056133 0.9992342
1770114799.624980 0.1610106 0.0904251 -0.0717806 0.0083583 0.0373142 0.0044956 0.9992585
1770114799.724967 0.1458416 0.0669083 -0.0827333 0.0137445 0.0351788 0.0015964 0.9992852
1770114799.791621 0.1375177 0.0616143 -0.0843611 0.0194113 0.0336194 -0.0000218 0.9992462
1770114799.924948 0.1151331 0.0260670 -0.1059054 0.0341360 0.0285642 -0.0003074 0.9990089
1770114800.058325 0.1163168 0.0524611 -0.0445976 0.0501350 0.0228876 -0.0079536 0.9984485
1770114800.224947 0.0917825 0.0198450 -0.0587672 0.0679726 0.0139541 -0.0095666 0.9975438
1770114800.358279 0.0664867 -0.0163495 -0.0570081 0.0797935 0.0020210 -0.0102562 0.9967566
1770114800.858280 -0.0505265 -0.1968056 -0.0711570 0.0991946 -0.0622644 0.0005798 0.9931179
1770114800.924945 -0.0689403 -0.2146880 -0.0558494 0.0965333 -0.0629816 0.0087080 0.9932969
1770114801.058294 -0.0809012 -0.2495300 -0.0751539 0.0722999 -0.0541567 0.0135727 0.9958190
1770114801.491616 -0.2055203 -0.3316657 -0.0460587 -0.0142204 -0.0275298 0.0091216 0.9994782
1770114801.658280 -0.2422774 -0.3785148 -0.0440240 -0.0203970 -0.0216714 0.0062804 0.9995373
1770114801.758283 -0.2637602 -0.4087296 -0.0601671 -0.0177017 -0.0184950 0.0076594 0.9996429
1770114802.191614 -0.3557578 -0.5385404 -0.0684629 0.0059564 -0.0063542 0.0053229 0.9999479
1770114802.824952 -0.4633933 -0.6187130 -0.1036622 0.0210034 -0.0005886 0.0063955 0.9997588
1770114803.691628 -0.5826436 -0.5491595 -0.1146066 0.0290594 -0.0014884 0.0050397 0.9995639
1770114803.724944 -0.5870922 -0.5266071 -0.0784427 0.0306161 -0.0013375 0.0052059 0.9995168
1770114803.824912 -0.6071774 -0.5138012 -0.0886842 0.0287518 -0.0008449 0.0034936 0.9995801
1770114803.924921 -0.6181158 -0.5166824 -0.1213876 0.0265070 -0.0013662 0.0049967 0.9996352
1770114804.091578 -0.6253862 -0.4590979 -0.1034711 0.0266601 -0.0019777 0.0047308 0.9996314
1770114804.258256 -0.6469738 -0.4060686 -0.0910787 0.0264973 -0.0021834 0.0037263 0.9996396
1770114805.024911 -0.6510928 -0.1795586 -0.0848347 0.0155229 -0.0057396 0.0018197 0.9998614
1770114805.058243 -0.6845098 -0.1594101 -0.0724917 0.0159443 -0.0038043 0.0016928 0.9998642
1770114805.424915 -0.6869981 -0.0328372 -0.0993179 0.0098495 -0.0041475 0.0005039 0.9999428
1770114805.691576 -0.6645861 0.0460584 -0.0803621 0.0046431 -0.0069931 -0.0424861 0.9990618
1770114805.824916 -0.6715753 0.0898988 -0.0797826 0.0011199 -0.0049162 -0.0846685 0.9963964
1770114805.991582 -0.6808682 0.1491228 -0.0778075 -0.0018064 -0.0034014 -0.1319862 0.9912441
1770114806.158247 -0.6823447 0.2039958 -0.0927242 -0.0050174 -0.0021562 -0.1779887 0.9840174
1770114806.291577 -0.6847610 0.2445085 -0.0885841 -0.0076798 -0.0012494 -0.2140379 0.9767944
1770114806.524912 -0.6811305 0.3095717 -0.1017982 -0.0121818 -0.0003176 -0.2669217 0.9636412
1770114806.658285 -0.6837958 0.3437706 -0.0732236 -0.0141747 0.0018029 -0.2945426 0.9555315
1770114806.824912 -0.6751776 0.3837795 -0.0951252 -0.0161122 0.0020861 -0.3240681 0.9458943
1770114806.958244 -0.6668864 0.4106314 -0.1064286 -0.0185977 0.0034155 -0.3451127 0.9383708
1770114807.258250 -0.6429012 0.4528269 -0.1175134 -0.0215356 0.0039847 -0.3777297 0.9256569
1770114807.591585 -0.5910473 0.4844860 -0.1092617 -0.0234228 0.0068959 -0.3981480 0.9169962
1770114807.858256 -0.5581855 0.4826410 -0.1194280 -0.0248242 0.0074064 -0.4004883 0.9159356
1770114808.124913 -0.5190383 0.4713924 -0.1328980 -0.0249544 0.0102925 -0.3953537 0.9181322
1770114808.324917 -0.4689736 0.4509667 -0.1149971 -0.0239610 0.0117664 -0.3833098 0.9232340
1770114808.524927 -0.4305196 0.4149413 -0.1089913 -0.0242529 0.0149924 -0.3692386 0.9288972
1770114808.724933 -0.3925546 0.3706065 -0.1119574 -0.0226015 0.0180061 -0.3439540 0.9385418
1770114808.858242 -0.3546592 0.3421392 -0.1025827 -0.0198140 0.0195313 -0.3219199 0.9463580
1770114809.024934 -0.3104185 0.2963628 -0.0857401 -0.0151192 0.0209075 -0.2817969 0.9591271
1770114809.158254 -0.2645658 0.2587698 -0.0729122 -0.0115211 0.0217016 -0.2417396 0.9700301
1770114809.291587 -0.2244735 0.2150000 -0.0703250 -0.0077636 0.0232261 -0.2000797 0.9794735
1770114809.424915 -0.1851017 0.1723388 -0.0838707 -0.0021481 0.0244956 -0.1659538 0.9858269
1770114809.558263 -0.1504925 0.1261268 -0.0758323 0.0068795 0.0272135 -0.1480319 0.9885842
1770114809.691586 -0.1160699 0.0892566 -0.0820689 0.0215374 0.0342957 -0.1454556 0.9885356
1770114809.791581 -0.0907869 0.0640982 -0.0706674 0.0345767 0.0419519 -0.1436998 0.9881269
1770114809.958271 -0.0541935 0.0184822 -0.0766251 0.0520738 0.0585778 -0.1429076 0.9866278
1770114810.124909 -0.0107920 -0.0227263 -0.0417403 0.0698333 0.0793650 -0.1384094 0.9847169
1770114810.258292 0.0006179 -0.0596636 -0.0649217 0.0751055 0.1027944 -0.1367824 0.9823864
1770114810.591578 0.1102077 -0.1496189 -0.0123684 0.0716901 0.1444698 -0.1390057 0.9770703
1770114810.858247 0.1682548 -0.2157324 -0.0576125 0.0128483 0.1183121 -0.1125012 0.9864992
1770114811.191573 0.2596937 -0.2760971 -0.0365282 -0.0348237 0.0834034 -0.0614407 0.9940102
1770114811.558285 0.3419663 -0.3546026 -0.0556452 -0.0342311 0.0642179 -0.0220893 0.9971040
1770114811.858258 0.3567688 -0.4499531 -0.0939029 -0.0117647 0.0604669 -0.0110974 0.9980392
1770114812.158260 0.4029444 -0.4965778 -0.0950620 0.0072451 0.0577295 -0.0076373 0.9982768
1770114812.424927 0.4494151 -0.5088821 -0.1080864 0.0214122 0.0562459 -0.0033314 0.9981818
1770114812.691594 0.4955329 -0.5202532 -0.0778197 0.0285129 0.0555165 -0.0006308 0.9980504
1770114813.024945 0.5306100 -0.5036786 -0.1097332 0.0318317 0.0561802 -0.0002644 0.9979131
1770114813.391598 0.5797397 -0.4816682 -0.0953735 0.0351285 0.0567112 0.0032690 0.9977671
1770114813.824924 0.6246320 -0.4118179 -0.1058561 0.0338553 0.0589235 0.0059751 0.9976704
1770114814.258282 0.6330438 -0.3169055 -0.0985505 0.0296509 0.0622369 0.0055116 0.9976057
1770114814.691593 0.6526613 -0.2474719 -0.0803723 0.0200151 0.0636728 0.0068982 0.9977463
1770114815.091594 0.6626226 -0.1222246 -0.0891280 0.0140658 0.0642250 0.0064897 0.9978153
1770114815.391597 0.6725083 -0.0380436 -0.0725135 0.0095300 0.0633855 0.0091383 0.9979018
1770114815.758260 0.6541458 0.0650941 -0.0783785 0.0029192 0.0638315 0.0062773 0.9979367
1770114816.024925 0.6335322 0.1451711 -0.0822371 -0.0011694 0.0645050 0.0053818 0.9979022
1770114816.224941 0.6220192 0.1710093 -0.0713065 -0.0055195 0.0639828 0.0051366 0.9979225
1770114816.524923 0.6031635 0.2342346 -0.0815299 -0.0088253 0.0614905 0.0036875 0.9980618
1770114816.824927 0.5739821 0.2904622 -0.0915537 -0.0111128 0.0586032 0.0039138 0.9982118
1770114817.291598 0.5168694 0.3314142 -0.0991818 -0.0127694 0.0534609 0.0026386 0.9984848
1770114817.924981 0.4257677 0.3362226 -0.1030228 -0.0146923 0.0501411 0.0032363 0.9986289
1770114818.324948 0.3595861 0.3016878 -0.0899668 -0.0116694 0.0462800 0.0039920 0.9988524
1770114818.658256 0.3059747 0.2378897 -0.0941074 -0.0092381 0.0426754 0.0040190 0.9990382
1770114818.858237 0.2685610 0.2106912 -0.0616148 -0.0043263 0.0409066 0.0053242 0.9991394
1770114819.058241 0.2274946 0.1648218 -0.0557565 -0.0013857 0.0400668 0.0042850 0.9991869
1770114819.224903 0.1925102 0.1097833 -0.0645283 0.0013445 0.0388002 0.0054691 0.9992312
1770114819.358234 0.1713113 0.0905206 -0.0584408 0.0065779 0.0375623 0.0033330 0.9992671
1770114819.491596 0.1481663 0.0741356 -0.0394175 0.0146966 0.0358924 -0.0005058 0.9992475
1770114819.624929 0.1166640 0.0427758 -0.0607645 0.0270303 0.0333720 -0.0036131 0.9990709
1770114819.758270 0.0985344 0.0215686 -0.0689645 0.0413703 0.0270199 -0.0040649 0.9987702
1770114819.958257 0.0710169 -0.0130437 -0.0524760 0.0627931 0.0170266 -0.0053247 0.9978671
1770114820.091578 0.0627895 -0.0299616 -0.0398897 0.0770745 0.0055759 -0.0067494 0.9969869
1770114820.258242 0.0299077 -0.0600777 -0.0779709 0.0907346 -0.0164988 -0.0076059 0.9957094
1770114820.358259 0.0166477 -0.0865342 -0.0868546 0.0981127 -0.0321032 -0.0094594 0.9946124
1770114820.424903 -0.0009645 -0.1203972 -0.0701175 0.1006060 -0.0422866 -0.0067059 0.9940047
1770114820.558243 -0.0393277 -0.1776030 -0.0858770 0.1001756 -0.0578168 -0.0041973 0.9932796
1770114820.724917 -0.0710302 -0.2489804 -0.0849339 0.0912437 -0.0620993 0.0145228 0.9937844
1770114820.858234 -0.1048118 -0.2545292 -0.0596136 0.0575102 -0.0502364 0.0131572 0.9969934
1770114820.958256 -0.1315453 -0.2713559 -0.0655489 0.0272152 -0.0423534 0.0132505 0.9986441
1770114821.158235 -0.1855923 -0.3053276 -0.0446291 -0.0041800 -0.0309641 0.0098896 0.9994628
1770114821.424948 -0.2486765 -0.3755767 -0.0383090 -0.0199091 -0.0209631 0.0053187 0.9995679
1770114821.591588 -0.2851147 -0.4331151 -0.0464081 -0.0148408 -0.0155393 0.0050448 0.9997564
1770114821.758258 -0.3157735 -0.4874091 -0.0618958 -0.0039857 -0.0106496 0.0056756 0.9999192
1770114821.991591 -0.3557688 -0.5496601 -0.0755164 0.0073682 -0.0058922 0.0063321 0.9999354
1770114822.358246 -0.4246405 -0.6040196 -0.0877000 0.0196331 -0.0020673 0.0064466 0.9997844
1770114822.624918 -0.4744253 -0.6177552 -0.0923201 0.0221909 0.0001085 0.0062775 0.9997340
1770114822.724909 -0.4898370 -0.6120246 -0.0863120 0.0256178 0.0000349 0.0059396 0.9996542
1770114822.758238 -0.4925231 -0.6123054 -0.0866272 0.0261965 0.0001923 0.0061169 0.9996381
1770114823.058232 -0.5393655 -0.6001122 -0.0934677 0.0287596 0.0000421 0.0059189 0.9995689
1770114823.124901 -0.5519317 -0.5951156 -0.0954614 0.0289268 0.0001061 0.0056757 0.9995654
1770114823.224900 -0.5612631 -0.5812435 -0.0925225 0.0289865 -0.0002168 0.0050455 0.9995670
1770114823.291565 -0.5726982 -0.5757312 -0.0982631 0.0290390 -0.0001849 0.0048201 0.9995667
1770114823.524915 -0.6028058 -0.5346446 -0.0953017 0.0285671 -0.0006271 0.0044823 0.9995816
1770114823.624925 -0.6106340 -0.5143880 -0.0978118 0.0282823 -0.0009230 0.0044666 0.9995896
1770114823.724911 -0.6242024 -0.4896968 -0.0944419 0.0278927 -0.0012734 0.0044967 0.9996000
1770114823.824915 -0.6310042 -0.4645328 -0.0900502 0.0271812 -0.0014161 0.0042035 0.9996207
1770114824.291566 -0.6666055 -0.3310839 -0.0900937 0.0229451 -0.0030052 0.0026593 0.9997287
1770114824.891572 -0.6912211 -0.1320260 -0.0890324 0.0143076 -0.0036238 0.0017226 0.9998896
1770114825.358232 -0.6905717 0.0280709 -0.1019312 0.0065548 -0.0045837 -0.0118123 0.9998983
1770114825.691577 -0.6860587 0.1361987 -0.0968892 -0.0001605 -0.0038049 -0.1130830 0.9935783
1770114825.924904 -0.6992872 0.2048890 -0.1107952 -0.0053329 -0.0014026 -0.1804450 0.9835696
1770114826.191593 -0.6997645 0.2817490 -0.1007165 -0.0107926 0.0008201 -0.2478804 0.9687302
1770114826.458240 -0.6807419 0.3482968 -0.1041733 -0.0146523 0.0015570 -0.3035129 0.9527134
1770114826.758237 -0.6691869 0.4141734 -0.1068493 -0.0191377 0.0034193 -0.3503147 0.9364303
1770114827.024982 -0.6449401 0.4582490 -0.0968529 -0.0212012 0.0044646 -0.3787780 0.9252340
1770114827.324897 -0.6298692 0.4809687 -0.0893784 -0.0236543 0.0091425 -0.3964332 0.9177133
1770114827.624898 -0.6388510 0.4889059 -0.0690412 -0.0256921 0.0136397 -0.4008011 0.9157032
1770114827.891561 -0.6465230 0.4760494 -0.0737005 -0.0267278 0.0182339 -0.3919898 0.9194005
1770114828.058233 -0.6516716 0.4656869 -0.0679145 -0.0266524 0.0221971 -0.3820386 0.9234952
1770114828.191571 -0.6650947 0.4533333 -0.0526301 -0.0260482 0.0264348 -0.3698798 0.9283381
1770114828.324892 -0.6694419 0.4289853 -0.0451730 -0.0266313 0.0313117 -0.3590343 0.9324188
1770114828.458229 -0.6446491 0.3930585 -0.0586590 -0.0264208 0.0325440 -0.3429838 0.9384055
1770114828.558238 -0.6201562 0.3583514 -0.0746668 -0.0267253 0.0337671 -0.3284023 0.9435558
1770114828.624900 -0.5949309 0.3426535 -0.0729655 -0.0249543 0.0342082 -0.3162310 0.9477368
1770114828.758240 -0.5392001 0.3092110 -0.0809487 -0.0210849 0.0341075 -0.2878010 0.9568504
1770114828.858230 -0.4867144 0.2761305 -0.1058257 -0.0175556 0.0329146 -0.2591819 0.9651079
1770114828.891563 -0.4632933 0.2680424 -0.1043936 -0.0155418 0.0321407 -0.2480995 0.9680765
1770114828.924898 -0.4466226 0.2551212 -0.1082900 -0.0145899 0.0321042 -0.2354239 0.9712528
1770114828.958227 -0.4300770 0.2457811 -0.1053263 -0.0133223 0.0327006 -0.2247388 0.9737791
1770114828.991562 -0.4114356 0.2458664 -0.0943536 -0.0111351 0.0321772 -0.2139876 0.9762428
1770114829.024900 -0.3852017 0.2477110 -0.0708392 -0.0086761 0.0323967 -0.2058896 0.9780003
1770114829.091563 -0.3676770 0.2197216 -0.0800642 -0.0071282 0.0333361 -0.1853967 0.9820723
1770114829.191559 -0.3283647 0.2164808 -0.0561468 -0.0002503 0.0340538 -0.1612555 0.9863250
1770114829.224896 -0.3262292 0.2072336 -0.0632886 0.0011440 0.0348965 -0.1552534 0.9872575
1770114829.291563 -0.3080813 0.1941037 -0.0605500 0.0068918 0.0357522 -0.1468016 0.9884956
1770114829.458243 -0.2863650 0.1664815 -0.0709883 0.0266195 0.0451037 -0.1417155 0.9885210
1770114829.491574 -0.2839826 0.1433934 -0.0683382 0.0289200 0.0476686 -0.1407681 0.9884714
1770114829.558255 -0.2811881 0.1127380 -0.0799991 0.0355637 0.0536561 -0.1390127 0.9881962
1770114829.624907 -0.2763232 0.1004648 -0.0812829 0.0433762 0.0602490 -0.1374971 0.9877161
1770114829.724916 -0.2861515 0.0796209 -0.0910134 0.0539453 0.0733544 -0.1376891 0.9862813
1770114829.824902 -0.2880576 0.0585831 -0.0979675 0.0657247 0.0859809 -0.1357146 0.9848194
1770114829.891584 -0.2791337 0.0401782 -0.0943355 0.0700727 0.0966927 -0.1343431 0.9837136
1770114829.924900 -0.2798726 0.0370423 -0.0913537 0.0723694 0.1035040 -0.1343928 0.9828470
1770114829.991573 -0.2645339 0.0151628 -0.0928068 0.0753728 0.1139115 -0.1323625 0.9817451
1770114830.091589 -0.2535599 0.0150810 -0.0883890 0.0802344 0.1315779 -0.1329279 0.9790709
1770114830.158227 -0.2556484 -0.0111622 -0.0956455 0.0780290 0.1440704 -0.1333023 0.9774383
1770114830.258227 -0.2250376 -0.0393086 -0.0948293 0.0767283 0.1561828 -0.1329162 0.9757320
1770114830.391561 -0.1746057 -0.0814084 -0.0905105 0.0692830 0.1622761 -0.1333824 0.9752310
1770114830.458227 -0.1630026 -0.1040338 -0.0954226 0.0642122 0.1599630 -0.1274691 0.9767499
1770114830.491560 -0.1626476 -0.0993311 -0.0949280 0.0568440 0.1573147 -0.1242018 0.9780567
1770114830.558229 -0.1417030 -0.1073613 -0.0995732 0.0334202 0.1443320 -0.1060643 0.9832608
1770114830.624892 -0.1138777 -0.0960217 -0.0944968 0.0190532 0.1329132 -0.0929213 0.9865783
1770114830.724899 -0.0842662 -0.1056039 -0.0962649 0.0029523 0.1199472 -0.0745448 0.9899732
1770114830.758227 -0.0799294 -0.1013720 -0.0866901 -0.0022218 0.1168368 -0.0704210 0.9906489
1770114830.858231 -0.0482330 -0.0990914 -0.0771380 -0.0125888 0.1070430 -0.0548097 0.9926627
1770114830.891583 -0.0387051 -0.1131152 -0.0765677 -0.0165698 0.1038554 -0.0490266 0.9932451
1770114831.024910 -0.0064557 -0.1238920 -0.0624744 -0.0240791 0.0951374 -0.0313954 0.9946775
1770114831.124907 0.0019928 -0.1285990 -0.0570045 -0.0249714 0.0925426 -0.0227910 0.9951347
1770114831.191558 0.0160426 -0.1316782 -0.0514226 -0.0228498 0.0897290 -0.0167798 0.9955627
1770114831.324897 0.0310474 -0.1526228 -0.0564340 -0.0179632 0.0862809 -0.0106991 0.9960514
1770114831.391562 0.0443639 -0.1608021 -0.0577147 -0.0133024 0.0845742 -0.0089517 0.9962882
1770114831.458241 0.0508305 -0.1724421 -0.0592084 -0.0078139 0.0836170 -0.0074576 0.9964395
1770114831.624895 0.0892277 -0.1814605 -0.0692188 0.0081389 0.0792333 -0.0105109 0.9967675
1770114831.791567 0.1151604 -0.2125507 -0.0786482 0.0194676 0.0775499 -0.0071947 0.9967724
1770114831.924899 0.1304763 -0.2326310 -0.0979665 0.0268146 0.0762500 -0.0042906 0.9967189
1770114832.091571 0.1344087 -0.2415966 -0.1089275 0.0346497 0.0772291 -0.0033240 0.9964055
1770114832.224912 0.1504831 -0.2439408 -0.1104066 0.0402957 0.0766767 -0.0031313 0.9962365
1770114832.491588 0.1736410 -0.2558380 -0.1260801 0.0468294 0.0775768 -0.0009551 0.9958855
1770114833.091569 0.2260573 -0.2267478 -0.1300449 0.0518365 0.0802131 0.0037423 0.9954219
1770114833.391563 0.2475505 -0.2059890 -0.1308440 0.0509589 0.0821046 0.0051827 0.9953066
1770114833.758231 0.2652785 -0.1712765 -0.1332380 0.0457236 0.0843501 0.0076048 0.9953575
1770114834.091566 0.2952527 -0.1085769 -0.1267752 0.0409444 0.0849049 0.0074687 0.9955195
1770114834.324891 0.2973708 -0.0627675 -0.1328064 0.0365353 0.0859505 0.0069276 0.9956052
1770114834.558248 0.3076889 -0.0278679 -0.1261044 0.0309452 0.0864906 0.0102141 0.9957196
1770114834.791584 0.3189731 0.0359146 -0.1158170 0.0268143 0.0870727 0.0090770 0.9957997
1770114834.991570 0.3317534 0.0876382 -0.1006977 0.0232566 0.0865119 0.0079773 0.9959474
1770114835.191578 0.3342049 0.1196743 -0.0998172 0.0175252 0.0855877 0.0089966 0.9961359
1770114835.391544 0.3271426 0.1611891 -0.0954884 0.0130293 0.0858398 0.0094103 0.9961793
1770114835.591553 0.3168754 0.2130238 -0.0993595 0.0099094 0.0861852 0.0076894 0.9962002
1770114835.758238 0.3096032 0.2502362 -0.1041737 0.0061460 0.0864560 0.0054526 0.9962218
1770114835.891560 0.2991758 0.2779616 -0.1061423 0.0026882 0.0874669 0.0037705 0.9961567
1770114836.091549 0.2798552 0.3240566 -0.1095995 0.0003366 0.0853796 0.0016829 0.9963471
1770114836.224882 0.2726394 0.3518156 -0.1169174 -0.0011259 0.0840819 0.0024536 0.9964552
1770114836.524879 0.2435096 0.4074973 -0.1211202 -0.0039397 0.0814871 0.0016359 0.9966653
1770114836.624879 0.2344468 0.4210106 -0.1207742 -0.0052697 0.0802167 0.0026290 0.9967601
1770114836.724876 0.2261655 0.4366032 -0.1203909 -0.0054621 0.0791773 0.0033468 0.9968400
1770114836.824890 0.2120966 0.4477789 -0.1218666 -0.0060435 0.0789475 0.0026051 0.9968570
1770114836.958250 0.1934508 0.4588116 -0.1246422 -0.0061489 0.0768505 0.0019183 0.9970219
1770114837.124889 0.1717173 0.4676241 -0.1278092 -0.0074362 0.0751290 0.0010823 0.9971455
1770114837.224891 0.1567969 0.4735176 -0.1260674 -0.0077075 0.0753464 0.0010764 0.9971271
1770114837.358221 0.1374596 0.4748384 -0.1260928 -0.0081714 0.0745006 0.0009327 0.9971871
1770114837.491566 0.1177933 0.4727442 -0.1277472 -0.0086897 0.0740833 0.0011699 0.9972135
1770114837.658210 0.0895385 0.4675822 -0.1194624 -0.0083567 0.0729219 0.0002801 0.9973026
1770114837.991542 0.0348499 0.4354535 -0.1180492 -0.0072501 0.0699381 0.0013498 0.9975241
1770114838.391554 -0.0430991 0.3681244 -0.1026238 -0.0036861 0.0668829 0.0011251 0.9977534
1770114838.424894 -0.0452061 0.3667383 -0.1008461 -0.0017234 0.0658774 0.0018149 0.9978246
1770114838.591548 -0.0748468 0.3318413 -0.1047803 0.0003474 0.0635987 0.0032288 0.9979703
1770114838.724881 -0.1030001 0.3066849 -0.1017917 0.0037964 0.0627650 0.0032263 0.9980159
1770114838.924883 -0.1440434 0.2582562 -0.0961336 0.0081364 0.0611086 0.0049603 0.9980857
1770114839.024881 -0.1589299 0.2364377 -0.0995494 0.0110942 0.0593200 0.0043477 0.9981679
1770114839.091551 -0.1744158 0.2167311 -0.1035185 0.0127865 0.0588409 0.0050112 0.9981729
1770114839.224877 -0.1998727 0.1828730 -0.1144114 0.0180689 0.0575305 0.0040667 0.9981719
1770114839.291552 -0.2127488 0.1678050 -0.1196374 0.0234228 0.0561632 0.0025225 0.9981436
1770114839.324909 -0.2159099 0.1612056 -0.1217871 0.0268878 0.0550857 0.0029082 0.9981153
1770114839.391549 -0.2261825 0.1470771 -0.1295859 0.0337592 0.0530697 0.0031123 0.9980152
1770114839.491547 -0.2379033 0.1312992 -0.1423673 0.0451592 0.0477340 0.0029790 0.9978343
1770114839.591550 -0.2504876 0.1152986 -0.1537096 0.0552628 0.0426569 0.0032469 0.9975550
1770114839.758211 -0.2762636 0.0680014 -0.1543304 0.0704818 0.0350617 0.0005813 0.9968965
1770114839.891564 -0.2908056 0.0267270 -0.1566339 0.0818396 0.0210716 0.0005090 0.9964226
1770114839.958258 -0.2986704 0.0088899 -0.1662965 0.0867853 0.0124267 0.0012814 0.9961487
1770114840.058219 -0.3109849 -0.0340141 -0.1827616 0.0927177 -0.0023319 0.0011288 0.9956891
1770114840.124889 -0.3238291 -0.0651408 -0.1861442 0.0964918 -0.0123438 0.0028717 0.9952531
1770114840.191547 -0.3423204 -0.0929438 -0.1812444 0.0999690 -0.0224506 0.0006347 0.9947370
1770114840.324880 -0.3821768 -0.1503733 -0.1785061 0.1004250 -0.0376979 0.0043317 0.9942208
1770114840.424897 -0.4078051 -0.1874070 -0.1660845 0.0971276 -0.0423430 0.0117617 0.9943013
1770114840.591543 -0.4452927 -0.2224104 -0.1479894 0.0695445 -0.0307610 0.0170142 0.9969593
1770114840.658246 -0.4595795 -0.2324485 -0.1482592 0.0449701 -0.0256086 0.0159088 0.9985334
1770114840.758220 -0.4846868 -0.2473254 -0.1284439 0.0229119 -0.0190355 0.0152401 0.9994401
1770114840.891552 -0.5208729 -0.2743164 -0.1126058 0.0018286 -0.0114273 0.0126820 0.9998527
1770114841.058237 -0.5607306 -0.3108217 -0.0968870 -0.0142652 -0.0048223 0.0093989 0.9998425
1770114841.258245 -0.6040375 -0.3608826 -0.0905843 -0.0180463 0.0019831 0.0069128 0.9998113
1770114841.791541 -0.6876085 -0.4844743 -0.1194846 0.0066961 0.0146325 0.0069205 0.9998466
1770114842.091542 -0.7209865 -0.5213900 -0.1479494 0.0155320 0.0177538 0.0082008 0.9996881
1770114842.424892 -0.7575743 -0.5230392 -0.1431422 0.0209521 0.0203386 0.0081184 0.9995406
1770114843.024889 -0.7984738 -0.4634359 -0.1400649 0.0262091 0.0220694 0.0071305 0.9993874
1770114843.291545 -0.8071211 -0.4226500 -0.1470582 0.0252631 0.0225179 0.0065500 0.9994057
1770114843.458267 -0.8124753 -0.3964473 -0.1492534 0.0240619 0.0226511 0.0054170 0.9994392
1770114843.624866 -0.8160751 -0.3699116 -0.1544968 0.0228058 0.0231204 0.0042276 0.9994636
1770114843.858213 -0.8106943 -0.3060619 -0.1307993 0.0221950 0.0235632 0.0047386 0.9994647
1770114844.024878 -0.8059957 -0.2678037 -0.1320250 0.0206092 0.0234111 0.0047014 0.9995024
1770114844.191545 -0.8001510 -0.2333070 -0.1340778 0.0186909 0.0236395 0.0042975 0.9995366
1770114844.324868 -0.7937251 -0.2048229 -0.1369977 0.0175626 0.0241050 0.0047594 0.9995438
1770114844.458201 -0.7852304 -0.1763481 -0.1374218 0.0161132 0.0239872 0.0041264 0.9995739
1770114844.758214 -0.7658311 -0.1181550 -0.1425389 0.0129003 0.0242979 0.0035641 0.9996152
1770114844.858211 -0.7574601 -0.1010476 -0.1414485 0.0117297 0.0248660 0.0040173 0.9996139
1770114845.024889 -0.7453490 -0.0741063 -0.1437666 0.0097119 0.0250554 0.0036936 0.9996321
1770114845.191568 -0.7299688 -0.0448815 -0.1420047 0.0084719 0.0258583 0.0035497 0.9996234
1770114845.391547 -0.7119585 -0.0204896 -0.1445435 0.0066726 0.0261432 0.0037309 0.9996290
1770114845.591578 -0.6948874 0.0014423 -0.1498307 0.0043074 0.0275241 0.0027982 0.9996079
1770114845.724908 -0.6822226 0.0159650 -0.1488234 0.0038627 0.0275561 0.0026971 0.9996092
1770114845.858199 -0.6704540 0.0266405 -0.1476663 0.0027403 0.0279337 0.0032398 0.9996008
1770114846.058200 -0.6520053 0.0408999 -0.1475275 0.0016077 0.0287698 0.0031051 0.9995800
1770114846.224869 -0.6399016 0.0457150 -0.1542095 0.0004001 0.0297715 0.0024336 0.9995537
1770114846.524872 -0.6108230 0.0555768 -0.1520303 -0.0006423 0.0304672 0.0032606 0.9995303
1770114846.924866 -0.5745026 0.0538576 -0.1584047 -0.0016815 0.0314623 0.0030868 0.9994988
1770114847.291531 -0.5465969 0.0461463 -0.1625446 -0.0019037 0.0324570 0.0036453 0.9994647
1770114847.691546 -0.5236440 0.0414067 -0.1595633 -0.0012210 0.0330179 0.0038311 0.9994467
1770114848.158205 -0.4980243 0.0314733 -0.1479386 -0.0010919 0.0321530 0.0040937 0.9994740
1770114848.691634 -0.4820025 0.0246261 -0.1423695 -0.0002543 0.0314291 0.0047019 0.9994949
1770114849.824870 -0.4593232 0.0097798 -0.1444005 -0.0013634 0.0274663 0.0042333 0.9996128
