1769786753.182148 0.0000000 0.0000000 0.0000000 -0.0000000 -0.0000000 -0.0000000 1.0000000
1769786753.415481 -0.0000726 0.0000602 -0.0001840 0.0002773 0.0001526 0.0001824 0.9999999
1769786754.815480 -0.0000546 0.0000758 0.0000520 -0.0000009 0.0003407 -0.0008307 0.9999996
1769786756.815504 -0.0003672 -0.0003121 0.0003395 -0.0009493 0.0010115 0.0009370 0.9999986
1769786764.048831 0.0003965 -0.0006727 0.0009290 -0.0016140 0.0005966 -0.0003115 0.9999985
1769786767.882162 0.0004383 0.0004079 0.0010284 0.0050489 0.0090731 -0.0104162 0.9998919
1769786767.982162 0.0000616 0.0004051 0.0008891 0.0065799 0.0103636 -0.0080535 0.9998922
1769786768.048830 0.0002562 0.0004387 0.0006712 0.0061417 0.0113494 -0.0096645 0.9998701
1769786768.848829 -0.0007549 0.0005343 0.0006722 0.0062713 0.0271013 -0.0112150 0.9995501
1769786768.948829 -0.0006745 0.0004389 0.0008595 0.0050839 0.0284344 -0.0121378 0.9995090
1769786769.282162 -0.0015119 0.0001659 0.0005852 0.0012755 0.0366599 -0.0118551 0.9992567
1769786769.548829 -0.0021906 -0.0003233 0.0004143 -0.0029902 0.0444875 -0.0134994 0.9989143
1769786769.615495 -0.0027822 -0.0005993 0.0002067 -0.0047167 0.0474460 -0.0116843 0.9987943
1769786769.715495 -0.0020632 -0.0009146 0.0005960 -0.0070129 0.0486720 -0.0154616 0.9986705
1769786769.782163 -0.0027318 -0.0008724 0.0000935 -0.0074633 0.0511171 -0.0128709 0.9985818
1769786769.815496 -0.0030893 -0.0010956 -0.0001296 -0.0085690 0.0532503 -0.0127566 0.9984630
1769786769.915495 -0.0033374 -0.0013292 -0.0000096 -0.0117092 0.0554817 -0.0123470 0.9983147
1769786769.982161 -0.0018119 -0.0009284 0.0030283 -0.0130376 0.0566940 -0.0107670 0.9982484
1769786770.315495 -0.0038658 -0.0014224 0.0013636 -0.0237932 0.0645475 -0.0145621 0.9975247
1769786770.348828 -0.0045460 -0.0029021 -0.0000013 -0.0255584 0.0655288 -0.0107042 0.9974658
1769786770.448828 -0.0044863 -0.0033321 -0.0002120 -0.0292009 0.0668211 -0.0102542 0.9972849
1769786770.782177 -0.0074392 -0.0042654 -0.0009742 -0.0408722 0.0748835 -0.0094931 0.9963091
1769786771.082175 -0.0070820 -0.0063218 -0.0008180 -0.0523772 0.0789747 -0.0066921 0.9954772
1769786771.382175 -0.0070377 -0.0073997 -0.0005925 -0.0605734 0.0793482 -0.0055130 0.9949896
1769786771.715508 -0.0076318 -0.0078226 -0.0021594 -0.0658413 0.0785029 -0.0044544 0.9947273
1769786771.782176 -0.0072601 -0.0077230 -0.0022483 -0.0660315 0.0769112 -0.0055828 0.9948334
1769786771.815509 -0.0068467 -0.0079402 -0.0008182 -0.0669113 0.0761733 -0.0063473 0.9948267
1769786771.982174 -0.0069487 -0.0080362 -0.0008944 -0.0666353 0.0737577 -0.0043007 0.9950382
1769786772.315509 -0.0056983 -0.0079368 -0.0011152 -0.0631341 0.0677555 -0.0041436 0.9956938
1769786772.348841 -0.0056793 -0.0077852 -0.0011889 -0.0624128 0.0664795 -0.0041014 0.9958255
1769786772.382174 -0.0056980 -0.0074966 -0.0011829 -0.0614177 0.0658981 -0.0037186 0.9959275
1769786772.482175 -0.0054767 -0.0071291 -0.0011100 -0.0582981 0.0630010 -0.0043757 0.9962997
1769786772.615509 -0.0047589 -0.0065998 -0.0013516 -0.0532039 0.0591035 -0.0059784 0.9968151
1769786772.648842 -0.0044400 -0.0064243 -0.0010211 -0.0522192 0.0579508 -0.0051260 0.9969396
1769786772.715508 -0.0040078 -0.0062650 -0.0008640 -0.0491885 0.0558309 -0.0069033 0.9972040
1769786772.748842 -0.0038665 -0.0062663 -0.0001653 -0.0474950 0.0548292 -0.0073689 0.9973383
1769786772.882174 -0.0032823 -0.0049276 -0.0008030 -0.0397903 0.0505118 -0.0058130 0.9979136
1769786772.915508 -0.0030555 -0.0047994 -0.0004292 -0.0383742 0.0494182 -0.0062643 0.9980211
1769786772.948842 -0.0030117 -0.0049002 -0.0001899 -0.0368769 0.0486379 -0.0068508 0.9981120
1769786772.982175 -0.0029800 -0.0048202 0.0000946 -0.0356955 0.0475137 -0.0070690 0.9982076
1769786773.015508 -0.0023460 -0.0044914 0.0000498 -0.0333710 0.0458420 -0.0078369 0.9983604
1769786773.048841 -0.0021382 -0.0046130 0.0004242 -0.0319123 0.0439622 -0.0083912 0.9984881
1769786773.082174 -0.0022968 -0.0041802 0.0007077 -0.0289151 0.0433750 -0.0078163 0.9986098
1769786773.115508 -0.0020440 -0.0039484 0.0005461 -0.0273260 0.0420612 -0.0080035 0.9987093
1769786773.215508 -0.0012931 -0.0033445 0.0002475 -0.0205916 0.0374678 -0.0105997 0.9990295
1769786773.315508 -0.0009414 -0.0028404 0.0005559 -0.0116654 0.0336358 -0.0110805 0.9993047
1769786773.348841 -0.0008535 -0.0027125 0.0004427 -0.0084814 0.0318714 -0.0116769 0.9993878
1769786773.448841 -0.0005373 -0.0020712 0.0007836 0.0007347 0.0269717 -0.0118219 0.9995660
1769786773.482174 -0.0003812 -0.0022043 0.0007327 0.0036647 0.0254027 -0.0128669 0.9995878
1769786773.548841 -0.0002499 -0.0013174 0.0009206 0.0110823 0.0224257 -0.0135082 0.9995958
1769786773.615508 -0.0003247 -0.0009727 0.0006407 0.0176124 0.0192078 -0.0125070 0.9995821
1769786773.715507 -0.0004230 -0.0007183 0.0009872 0.0264480 0.0116418 -0.0143663 0.9994792
1769786773.748840 -0.0001616 -0.0003702 0.0010246 0.0297333 0.0078657 -0.0155382 0.9994062
1769786773.782174 -0.0000501 0.0001724 0.0008257 0.0330020 0.0043745 -0.0165498 0.9993087
1769786773.815508 0.0000803 0.0002717 0.0002607 0.0357465 0.0012262 -0.0178557 0.9992006
1769786773.848840 0.0002388 -0.0001360 0.0017409 0.0375810 -0.0025136 -0.0194276 0.9991016
1769786773.915508 0.0002556 0.0004484 0.0019588 0.0428606 -0.0092315 -0.0194313 0.9988495
1769786773.948841 0.0001782 0.0005975 0.0020336 0.0458033 -0.0123004 -0.0183200 0.9987068
1769786774.015507 0.0002427 0.0015036 0.0019603 0.0503793 -0.0188416 -0.0164040 0.9984177
1769786774.082174 0.0003965 0.0022248 0.0017573 0.0533401 -0.0238110 -0.0122856 0.9982169
1769786774.115507 0.0004473 0.0024573 0.0016112 0.0553553 -0.0253633 -0.0106009 0.9980882
1769786774.148840 0.0005060 0.0026643 0.0023548 0.0563572 -0.0261629 -0.0070606 0.9980429
1769786774.215507 0.0008081 0.0029879 0.0020903 0.0573262 -0.0257510 -0.0021716 0.9980210
1769786774.248840 0.0008433 0.0031613 0.0023909 0.0502935 -0.0242684 -0.0022223 0.9984371
1769786774.282174 0.0009980 0.0029202 0.0029902 0.0417496 -0.0236328 -0.0020246 0.9988465
1769786774.348840 0.0011299 0.0029395 0.0039960 0.0284808 -0.0223334 -0.0005500 0.9993447
1769786774.382173 0.0013323 0.0031152 0.0043203 0.0238356 -0.0218869 -0.0017253 0.9994748
1769786774.448840 0.0015208 0.0031603 0.0039852 0.0173296 -0.0219901 -0.0018640 0.9996063
1769786774.482173 0.0015713 0.0034535 0.0043601 0.0152061 -0.0214643 -0.0026373 0.9996505
1769786774.782172 0.0026047 0.0027738 0.0055230 0.0102828 -0.0237851 -0.0036851 0.9996575
1769786774.815508 0.0023098 0.0031969 0.0045413 0.0121357 -0.0237435 -0.0042433 0.9996355
1769786774.848841 0.0020308 0.0033783 0.0046763 0.0140381 -0.0237287 -0.0036877 0.9996131
1769786774.882173 0.0022506 0.0033250 0.0041048 0.0170587 -0.0242412 -0.0031498 0.9995556
1769786774.915507 0.0027603 0.0037972 0.0045790 0.0190761 -0.0253663 -0.0043164 0.9994869
1769786775.082173 0.0035958 0.0044251 0.0061971 0.0350458 -0.0270340 -0.0038989 0.9990124
1769786775.115507 0.0035616 0.0048119 0.0055121 0.0390055 -0.0275117 -0.0036355 0.9988536
1769786775.182173 0.0037134 0.0050649 0.0060013 0.0444556 -0.0280745 -0.0025660 0.9986135
1769786775.382172 0.0039918 0.0053328 0.0068540 0.0569350 -0.0297332 -0.0004785 0.9979349
1769786775.515506 0.0043565 0.0055258 0.0070342 0.0634604 -0.0324875 -0.0004362 0.9974554
1769786776.148840 0.0049788 0.0054461 0.0067204 0.0734783 -0.0402263 0.0033630 0.9964796
1769786776.215506 0.0049522 0.0053544 0.0068239 0.0729960 -0.0414474 0.0036183 0.9964641
1769786776.282173 0.0052756 0.0053056 0.0062968 0.0724058 -0.0427572 0.0032729 0.9964530
1769786776.415506 0.0053655 0.0049159 0.0068215 0.0705926 -0.0446156 0.0051939 0.9964935
1769786776.482172 0.0053629 0.0050320 0.0063336 0.0698532 -0.0455193 0.0048412 0.9965065
1769786776.548839 0.0053156 0.0048720 0.0065881 0.0690633 -0.0462056 0.0068104 0.9965184
1769786776.682172 0.0058485 0.0048207 0.0056120 0.0661081 -0.0488079 0.0046336 0.9966073
1769786776.915506 0.0058685 0.0045036 0.0042998 0.0595122 -0.0515104 0.0062091 0.9968784
1769786776.948839 0.0060078 0.0040431 0.0051817 0.0583057 -0.0511823 0.0041301 0.9969773
1769786777.048840 0.0060909 0.0028794 0.0044659 0.0535733 -0.0530508 0.0063756 0.9971333
1769786777.082172 0.0062675 0.0033965 0.0042191 0.0521604 -0.0538562 0.0040417 0.9971772
1769786777.148839 0.0055272 0.0033518 0.0014647 0.0494261 -0.0542418 0.0038327 0.9972965
1769786777.315507 0.0066427 0.0023012 0.0034374 0.0415025 -0.0559715 0.0034105 0.9975636
1769786777.348839 0.0066329 0.0026368 0.0034364 0.0418409 -0.0555958 0.0037981 0.9975691
1769786777.415505 0.0069964 0.0027584 0.0022858 0.0376631 -0.0576402 0.0007077 0.9976265
1769786777.448838 0.0067333 0.0010213 0.0026651 0.0345617 -0.0570786 0.0061454 0.9977524
1769786777.482172 0.0067520 0.0012681 0.0027031 0.0329772 -0.0575004 0.0034990 0.9977946
1769786777.715505 0.0069227 -0.0010575 0.0006627 0.0153526 -0.0599309 0.0069075 0.9980606
1769786777.848839 0.0072222 -0.0025637 0.0007398 0.0071190 -0.0611502 0.0064802 0.9980822
1769786777.915505 0.0064778 -0.0026288 -0.0005248 0.0034759 -0.0595568 0.0114157 0.9981536
1769786778.015505 0.0070943 -0.0038962 -0.0005269 -0.0029785 -0.0604453 0.0132888 0.9980786
1769786778.048838 0.0061772 -0.0039091 -0.0026668 -0.0063738 -0.0585988 0.0101946 0.9982092
1769786778.115505 0.0064744 -0.0043397 -0.0020117 -0.0100123 -0.0604271 0.0006045 0.9981222
1769786778.182171 0.0066414 -0.0053828 -0.0026087 -0.0135095 -0.0608687 -0.0217971 0.9978163
1769786778.215520 0.0068064 -0.0061292 -0.0022309 -0.0159538 -0.0615093 -0.0343420 0.9973879
1769786778.415520 0.0072477 -0.0083412 -0.0035275 -0.0281570 -0.0657453 -0.1068532 0.9916991
1769786778.448853 0.0070536 -0.0087826 -0.0035928 -0.0302814 -0.0654304 -0.1177564 0.9904218
1769786778.482186 0.0070040 -0.0090409 -0.0042009 -0.0316176 -0.0651348 -0.1283173 0.9890867
1769786778.515519 0.0071359 -0.0096028 -0.0032813 -0.0333045 -0.0659847 -0.1395461 0.9874532
1769786778.582186 0.0073587 -0.0101380 -0.0036010 -0.0362140 -0.0676312 -0.1613251 0.9839150
1769786778.615520 0.0074728 -0.0107559 -0.0034328 -0.0388621 -0.0690529 -0.1716368 0.9819686
1769786778.648853 0.0075487 -0.0112501 -0.0037690 -0.0413092 -0.0693416 -0.1827309 0.9798443
1769786778.715519 0.0074117 -0.0120280 -0.0033854 -0.0443562 -0.0701704 -0.2019126 0.9758791
1769786778.748852 0.0075401 -0.0121431 -0.0038259 -0.0453378 -0.0711509 -0.2113825 0.9737554
1769786778.782185 0.0072620 -0.0126101 -0.0042691 -0.0471429 -0.0710526 -0.2209599 0.9715482
1769786778.815521 0.0073452 -0.0128339 -0.0040167 -0.0489926 -0.0718258 -0.2300932 0.9692770
1769786778.848854 0.0072815 -0.0132792 -0.0041376 -0.0504685 -0.0723372 -0.2386288 0.9670970
1769786778.882185 0.0073746 -0.0137119 -0.0040032 -0.0516119 -0.0727015 -0.2475993 0.9647514
1769786778.915519 0.0073006 -0.0139125 -0.0042289 -0.0530277 -0.0733121 -0.2555377 0.9625559
1769786778.948853 0.0073695 -0.0143396 -0.0043706 -0.0548431 -0.0736873 -0.2644410 0.9600174
1769786778.982185 0.0073973 -0.0147382 -0.0045049 -0.0562921 -0.0748514 -0.2725108 0.9575836
1769786779.048852 0.0072656 -0.0152509 -0.0041087 -0.0586686 -0.0754073 -0.2873196 0.9530578
1769786779.182185 0.0071518 -0.0162635 -0.0043141 -0.0641833 -0.0767730 -0.3147196 0.9438952
1769786779.348852 0.0067682 -0.0178016 -0.0041816 -0.0706572 -0.0777131 -0.3430152 0.9334393
1769786779.415519 0.0064342 -0.0181951 -0.0045221 -0.0730261 -0.0777208 -0.3511499 0.9302260
1769786779.515518 0.0063139 -0.0184696 -0.0044990 -0.0755245 -0.0777578 -0.3648753 0.9247247
1769786779.548851 0.0059600 -0.0186452 -0.0041679 -0.0766324 -0.0769371 -0.3676722 0.9235937
1769786779.715518 0.0056371 -0.0191992 -0.0042718 -0.0804390 -0.0735153 -0.3836711 0.9170178
1769786779.782185 0.0052127 -0.0192913 -0.0048953 -0.0824819 -0.0727503 -0.3865941 0.9156687
1769786780.015519 0.0041654 -0.0195765 -0.0045016 -0.0867393 -0.0671188 -0.3915419 0.9136007
1769786780.082185 0.0038286 -0.0193575 -0.0049168 -0.0871899 -0.0648980 -0.3907233 0.9140686
1769786780.182184 0.0037169 -0.0192687 -0.0048768 -0.0880230 -0.0616315 -0.3878153 0.9154523
1769786780.282186 0.0028854 -0.0190650 -0.0042176 -0.0882446 -0.0566341 -0.3823827 0.9180354
1769786780.348852 0.0025669 -0.0191439 -0.0043164 -0.0884870 -0.0532716 -0.3784406 0.9198450
1769786780.382185 0.0025013 -0.0189265 -0.0045806 -0.0880139 -0.0518699 -0.3768280 0.9206322
1769786780.482185 0.0018547 -0.0182794 -0.0042387 -0.0872943 -0.0455877 -0.3672286 0.9249025
1769786780.582185 0.0011755 -0.0176437 -0.0037654 -0.0859457 -0.0387711 -0.3569886 0.9293382
1769786780.615519 0.0012711 -0.0178276 -0.0036640 -0.0862797 -0.0371625 -0.3547586 0.9302264
1769786780.648851 0.0010049 -0.0173763 -0.0036579 -0.0853212 -0.0345556 -0.3505923 0.9319932
1769786780.715518 0.0006339 -0.0168406 -0.0046393 -0.0831323 -0.0289623 -0.3398465 0.9363518
1769786780.748852 0.0005828 -0.0164663 -0.0047977 -0.0818591 -0.0270953 -0.3350277 0.9382545
1769786780.782184 0.0005016 -0.0162997 -0.0049897 -0.0806398 -0.0246202 -0.3293456 0.9404374
1769786780.815520 0.0002769 -0.0162912 -0.0046039 -0.0803543 -0.0225659 -0.3220251 0.9430450
1769786780.848852 0.0000377 -0.0160349 -0.0042395 -0.0791130 -0.0193142 -0.3142809 0.9458306
1769786780.882184 -0.0001960 -0.0156555 -0.0041000 -0.0776567 -0.0168312 -0.3078057 0.9481254
1769786780.915519 -0.0001804 -0.0152745 -0.0047818 -0.0762445 -0.0143013 -0.3000401 0.9507672
1769786780.948852 -0.0004813 -0.0150349 -0.0049562 -0.0751736 -0.0111303 -0.2895652 0.9541368
1769786780.982185 -0.0003930 -0.0146666 -0.0055891 -0.0732843 -0.0084591 -0.2836470 0.9560869
1769786781.048851 -0.0013056 -0.0140013 -0.0053595 -0.0700645 -0.0013713 -0.2633916 0.9621403
1769786781.082185 -0.0011490 -0.0136090 -0.0057902 -0.0675648 0.0002143 -0.2512180 0.9655695
1769786781.115518 -0.0014547 -0.0134217 -0.0050220 -0.0663951 0.0041007 -0.2375551 0.9690936
1769786781.148851 -0.0020246 -0.0128049 -0.0059363 -0.0636385 0.0070955 -0.2248027 0.9722981
1769786781.182184 -0.0025801 -0.0126909 -0.0055938 -0.0614977 0.0111497 -0.2127216 0.9751119
1769786781.248850 -0.0028228 -0.0119010 -0.0051688 -0.0559981 0.0165493 -0.1900229 0.9800416
1769786781.315520 -0.0028058 -0.0117281 -0.0047602 -0.0531694 0.0196543 -0.1736683 0.9831715
1769786781.348851 -0.0028443 -0.0119269 -0.0041868 -0.0523149 0.0221576 -0.1676063 0.9842156
1769786781.415518 -0.0031609 -0.0113000 -0.0046022 -0.0460539 0.0263704 -0.1586794 0.9859029
1769786781.448851 -0.0035638 -0.0110732 -0.0053057 -0.0426493 0.0280314 -0.1583004 0.9860711
1769786781.482184 -0.0028066 -0.0109088 -0.0040728 -0.0403056 0.0298227 -0.1586037 0.9860684
1769786781.548852 -0.0032563 -0.0108757 -0.0035829 -0.0337492 0.0347936 -0.1600029 0.9859257
1769786781.582184 -0.0032358 -0.0104157 -0.0039709 -0.0295522 0.0373838 -0.1611869 0.9857727
1769786781.648851 -0.0032674 -0.0108330 -0.0037714 -0.0239288 0.0429544 -0.1626554 0.9854571
1769786781.682184 -0.0032452 -0.0107368 -0.0030728 -0.0207551 0.0461757 -0.1602750 0.9857733
1769786781.748851 -0.0031334 -0.0103507 -0.0032949 -0.0141663 0.0520611 -0.1630206 0.9851463
1769786781.782184 -0.0029236 -0.0102762 -0.0022596 -0.0100528 0.0553519 -0.1644488 0.9847800
1769786781.915518 -0.0031337 -0.0094065 -0.0031252 0.0018971 0.0706390 -0.1706764 0.9827900
1769786782.048850 -0.0029682 -0.0093647 -0.0021388 0.0070485 0.0889344 -0.1735846 0.9807698
1769786782.082184 -0.0027382 -0.0094247 -0.0021705 0.0080986 0.0932187 -0.1747360 0.9801592
1769786782.115518 -0.0026629 -0.0094173 -0.0014647 0.0074170 0.0982695 -0.1803227 0.9786581
1769786782.215517 -0.0028614 -0.0090154 -0.0020995 0.0090184 0.1089148 -0.1826574 0.9770837
1769786782.282184 -0.0028541 -0.0085019 -0.0018042 0.0084178 0.1145970 -0.1932327 0.9744013
1769786782.448850 -0.0032830 -0.0075711 -0.0002971 -0.0041452 0.1147500 -0.1781726 0.9772767
1769786782.582183 -0.0030510 -0.0075347 0.0001022 -0.0258120 0.1047696 -0.1500653 0.9827703
1769786782.615517 -0.0040880 -0.0068251 -0.0017106 -0.0261529 0.1031479 -0.1410405 0.9842683
1769786782.648850 -0.0030545 -0.0070929 0.0010098 -0.0296589 0.1032422 -0.1397929 0.9843370
1769786782.682183 -0.0030164 -0.0071163 0.0007957 -0.0321661 0.1023532 -0.1348448 0.9850411
1769786782.748850 -0.0033809 -0.0068276 0.0008238 -0.0340585 0.1015490 -0.1253151 0.9863184
1769786782.915516 -0.0035885 -0.0063569 0.0009726 -0.0349215 0.0986466 -0.1057914 0.9888668
1769786782.982183 -0.0034713 -0.0056481 0.0016846 -0.0317196 0.0987988 -0.1020569 0.9893519
1769786783.015517 -0.0031170 -0.0062423 0.0021684 -0.0322300 0.0984166 -0.1006816 0.9895144
1769786783.082184 -0.0036674 -0.0056271 0.0023015 -0.0278736 0.0998032 -0.0975648 0.9898199
1769786783.115517 -0.0035712 -0.0054557 0.0019847 -0.0245464 0.0991107 -0.0936102 0.9903594
1769786783.148850 -0.0035302 -0.0054873 0.0020319 -0.0231611 0.0988882 -0.0962553 0.9901614
1769786783.182183 -0.0034341 -0.0055272 0.0026044 -0.0203749 0.0995953 -0.0934686 0.9904187
1769786783.382183 -0.0039571 -0.0047132 0.0024002 -0.0015157 0.1020040 -0.0913921 0.9905758
1769786783.415517 -0.0040094 -0.0044662 0.0022613 0.0013410 0.1021878 -0.0918820 0.9905118
1769786783.915516 -0.0041738 -0.0037688 0.0034590 0.0263684 0.1100075 -0.0832936 0.9900835
1769786784.582183 -0.0148188 -0.0019512 -0.0132040 0.0327376 0.1230254 -0.0756749 0.9889724
1769786784.615517 -0.0068624 -0.0033812 0.0003226 0.0313493 0.1228744 -0.0767880 0.9889503
1769786784.748849 -0.0112112 -0.0048475 -0.0082576 0.0270911 0.1271436 -0.0767078 0.9885426
1769786785.182181 -0.0053373 -0.0067663 0.0067609 0.0123871 0.1334484 -0.0732460 0.9882677
1769786785.248849 -0.0085775 -0.0077715 0.0028862 0.0078185 0.1346010 -0.0799864 0.9876354
1769786785.315517 -0.0056610 -0.0060153 0.0056533 0.0058138 0.1343073 -0.0780206 0.9878464
1769786785.382181 -0.0061382 -0.0060690 0.0037763 0.0026657 0.1351978 -0.0777069 0.9877632
1769786785.848849 -0.0012769 -0.0118920 0.0165714 -0.0277879 0.1418416 -0.0833830 0.9859797
1769786786.848854 -0.0043495 -0.0183617 0.0122433 -0.0991925 0.1465374 -0.0696850 0.9817493
1769786787.182187 -0.0031441 -0.0204782 0.0134387 -0.1203120 0.1393429 -0.0673002 0.9806015
1769786787.682186 -0.0040292 -0.0233138 0.0105639 -0.1412252 0.1273136 -0.0624786 0.9797669
1769786787.782187 -0.0035954 -0.0228489 0.0103804 -0.1414893 0.1217659 -0.0671953 0.9801218
1769786788.048853 -0.0030456 -0.0243104 0.0099544 -0.1470611 0.1146788 -0.0598478 0.9806325
1769786788.382186 -0.0017356 -0.0241739 0.0096586 -0.1466703 0.1025162 -0.0602786 0.9820106
1769786788.415520 -0.0012305 -0.0241551 0.0088630 -0.1461900 0.1022541 -0.0601028 0.9821203
1769786788.548854 -0.0015954 -0.0248117 0.0083861 -0.1441380 0.0963694 -0.0577252 0.9831607
1769786788.615521 -0.0004515 -0.0239550 0.0098478 -0.1425621 0.0931727 -0.0602440 0.9835474
1769786788.648853 -0.0008544 -0.0242624 0.0088487 -0.1419608 0.0921379 -0.0593863 0.9837840
1769786788.748853 0.0000038 -0.0242008 0.0092298 -0.1381623 0.0878416 -0.0589673 0.9847426
1769786788.848853 0.0004997 -0.0236980 0.0084356 -0.1342303 0.0824352 -0.0590519 0.9857482
1769786788.882186 0.0008248 -0.0229959 0.0091140 -0.1325684 0.0805482 -0.0601683 0.9860616
1769786788.915519 0.0006149 -0.0233085 0.0074256 -0.1317544 0.0791289 -0.0595847 0.9863210
1769786788.948854 0.0017296 -0.0225223 0.0097181 -0.1298535 0.0772275 -0.0605085 0.9866675
1769786788.982186 0.0025728 -0.0218726 0.0110777 -0.1278402 0.0749675 -0.0593700 0.9871737
1769786789.015520 0.0010779 -0.0226815 0.0079600 -0.1266669 0.0746941 -0.0570542 0.9874822
1769786789.048854 0.0021784 -0.0227599 0.0088632 -0.1253108 0.0717784 -0.0592905 0.9877397
1769786789.082187 0.0023086 -0.0223806 0.0082671 -0.1236922 0.0703810 -0.0591364 0.9880535
1769786789.215520 0.0034766 -0.0212643 0.0080693 -0.1151202 0.0635757 -0.0589134 0.9895629
1769786789.248852 0.0044255 -0.0205417 0.0098220 -0.1134079 0.0619359 -0.0591936 0.9898478
1769786789.282187 0.0041712 -0.0211904 0.0082999 -0.1115362 0.0613709 -0.0561841 0.9902710
1769786789.315521 0.0039749 -0.0203494 0.0073423 -0.1095702 0.0591544 -0.0588412 0.9904711
1769786789.348853 0.0041317 -0.0198514 0.0075775 -0.1069043 0.0574558 -0.0591390 0.9908445
1769786789.382185 0.0044603 -0.0196249 0.0071641 -0.1051753 0.0554372 -0.0592328 0.9911389
1769786789.448853 0.0048162 -0.0193802 0.0065830 -0.1009249 0.0530644 -0.0587780 0.9917376
1769786789.482186 0.0054239 -0.0190178 0.0072395 -0.0984402 0.0510260 -0.0588401 0.9920906
1769786789.515519 0.0052495 -0.0186081 0.0069595 -0.0968975 0.0507125 -0.0595643 0.9922153
1769786789.548852 0.0053098 -0.0186007 0.0073535 -0.0955012 0.0496183 -0.0594992 0.9924099
1769786789.582186 0.0054340 -0.0187016 0.0078827 -0.0936659 0.0486083 -0.0577489 0.9927381
1769786789.648853 0.0061384 -0.0179676 0.0070248 -0.0895913 0.0448619 -0.0607450 0.9931117
1769786789.682185 0.0062333 -0.0181068 0.0079189 -0.0857348 0.0434785 -0.0607019 0.9935163
1769786789.715519 0.0065418 -0.0175834 0.0074674 -0.0832123 0.0421026 -0.0630103 0.9936462
1769786789.782185 0.0070344 -0.0168420 0.0067239 -0.0759581 0.0374661 -0.0660026 0.9942185
1769786789.815521 0.0069614 -0.0169684 0.0080113 -0.0734751 0.0368283 -0.0651362 0.9944860
1769786789.915519 0.0070828 -0.0162649 0.0069825 -0.0627519 0.0314585 -0.0665416 0.9953114
1769786789.948853 0.0072623 -0.0159247 0.0067241 -0.0595575 0.0292188 -0.0672364 0.9955292
1769786790.048852 0.0076411 -0.0155126 0.0074329 -0.0497019 0.0233814 -0.0668673 0.9962489
1769786790.082186 0.0076202 -0.0156642 0.0080948 -0.0464693 0.0220144 -0.0652840 0.9965410
1769786790.115519 0.0077789 -0.0152122 0.0077771 -0.0427558 0.0197350 -0.0657784 0.9967225
1769786790.282187 0.0078567 -0.0153269 0.0092776 -0.0296202 0.0063353 -0.0662184 0.9973453
1769786790.382185 0.0083898 -0.0143983 0.0082613 -0.0209085 -0.0056425 -0.0668024 0.9975312
1769786790.415519 0.0082101 -0.0139811 0.0077845 -0.0171494 -0.0099549 -0.0664592 0.9975921
1769786790.448852 0.0092297 -0.0140887 0.0096309 -0.0149882 -0.0148035 -0.0665349 0.9975617
1769786790.548854 0.0095003 -0.0133717 0.0100555 -0.0068960 -0.0276691 -0.0620314 0.9976668
1769786790.715518 0.0087068 -0.0120755 0.0081771 -0.0040029 -0.0344138 -0.0403020 0.9985867
1769786790.748852 0.0091613 -0.0118282 0.0091361 -0.0029603 -0.0350048 -0.0371552 0.9986919
1769786790.848852 0.0099724 -0.0125761 0.0126922 -0.0218033 -0.0305745 -0.0398356 0.9985003
1769786790.948852 0.0098540 -0.0121481 0.0114692 -0.0388439 -0.0280538 -0.0394109 0.9980736
1769786791.015518 0.0098920 -0.0112919 0.0100963 -0.0442510 -0.0284487 -0.0421341 0.9977261
1769786791.115518 0.0111616 -0.0106299 0.0102421 -0.0487568 -0.0296525 -0.0437641 0.9974108
1769786791.282185 0.0112394 -0.0099176 0.0125640 -0.0472437 -0.0299193 -0.0441434 0.9974589
1769786791.382184 0.0121972 -0.0093581 0.0099854 -0.0441833 -0.0326670 -0.0487054 0.9973006
1769786791.415518 0.0123273 -0.0096650 0.0113734 -0.0427637 -0.0325136 -0.0477751 0.9974125
1769786791.648851 0.0122739 -0.0082600 0.0109711 -0.0240970 -0.0308440 -0.0470900 0.9981235
1769786791.748851 0.0123776 -0.0078314 0.0110461 -0.0179698 -0.0309050 -0.0484947 0.9981835
1769786792.348851 0.0132382 -0.0076425 0.0111659 -0.0013976 -0.0348437 -0.0444314 0.9984036
1769786792.782183 0.0133956 -0.0078975 0.0111650 -0.0009620 -0.0400845 -0.0428597 0.9982762
1769786792.848851 0.0135207 -0.0078260 0.0108197 -0.0013055 -0.0411070 -0.0408915 0.9983168
1769786792.982183 0.0136218 -0.0082603 0.0107426 -0.0043560 -0.0433636 -0.0424870 0.9981460
1769786793.082184 0.0139030 -0.0085692 0.0105833 -0.0057562 -0.0439434 -0.0405248 0.9981952
1769786793.315518 0.0139417 -0.0088458 0.0094091 -0.0113403 -0.0467730 -0.0387698 0.9980885
1769786793.415518 0.0137009 -0.0092259 0.0102440 -0.0141796 -0.0471139 -0.0378292 0.9980723
1769786793.448850 0.0140441 -0.0093847 0.0099747 -0.0160772 -0.0476884 -0.0397478 0.9979416
1769786793.515516 0.0133981 -0.0083792 0.0055192 -0.0162704 -0.0487561 -0.0383171 0.9979429
1769786793.815519 0.0142002 -0.0107402 0.0089680 -0.0302954 -0.0509526 -0.0417415 0.9973684
1769786793.848850 0.0144677 -0.0111853 0.0101960 -0.0333456 -0.0516486 -0.0427349 0.9971932
1769786793.882183 0.0145104 -0.0114605 0.0092949 -0.0355533 -0.0519312 -0.0428051 0.9970992
1769786793.948870 0.0144563 -0.0121741 0.0093904 -0.0403785 -0.0521111 -0.0425680 0.9969162
1769786794.048868 0.0146384 -0.0130430 0.0085200 -0.0456485 -0.0524508 -0.0432104 0.9966434
1769786794.215537 0.0145178 -0.0146814 0.0080301 -0.0577297 -0.0520757 -0.0440173 0.9960009
1769786794.248869 0.0140685 -0.0152109 0.0081193 -0.0597728 -0.0516907 -0.0413288 0.9960157
1769786794.348869 0.0139254 -0.0161533 0.0055602 -0.0651197 -0.0513641 -0.0388405 0.9957975
1769786794.382202 0.0141499 -0.0164322 0.0077322 -0.0684336 -0.0518204 -0.0387216 0.9955562
1769786794.415536 0.0140025 -0.0170043 0.0077301 -0.0707783 -0.0514018 -0.0393384 0.9953898
1769786794.482203 0.0145365 -0.0180541 0.0125749 -0.0761943 -0.0507989 -0.0352023 0.9951757
1769786794.515536 0.0142043 -0.0181013 0.0079997 -0.0789872 -0.0511812 -0.0398517 0.9947630
1769786794.615537 0.0138158 -0.0188850 0.0069897 -0.0848324 -0.0535006 -0.0582352 0.9932522
1769786794.648870 0.0141400 -0.0199134 0.0084877 -0.0873336 -0.0545711 -0.0698012 0.9922311
1769786794.682202 0.0143512 -0.0204337 0.0086567 -0.0894798 -0.0568516 -0.0818190 0.9909929
1769786794.715536 0.0132669 -0.0201321 0.0069845 -0.0911888 -0.0565827 -0.0917982 0.9899778
1769786794.748869 0.0135087 -0.0195134 0.0057478 -0.0929401 -0.0581141 -0.1039121 0.9885278
1769786794.982202 0.0138471 -0.0230614 0.0038777 -0.1074589 -0.0681858 -0.1874419 0.9739963
1769786795.082203 0.0137647 -0.0250092 0.0051971 -0.1133960 -0.0707930 -0.2182459 0.9666946
1769786795.115536 0.0133975 -0.0250240 0.0038700 -0.1151682 -0.0718091 -0.2284434 0.9640505
1769786795.248868 0.0136692 -0.0265403 0.0032937 -0.1219632 -0.0773240 -0.2693569 0.9521517
1769786795.282203 0.0136303 -0.0270891 0.0039879 -0.1243822 -0.0792459 -0.2775629 0.9493198
1769786795.382201 0.0135986 -0.0280293 0.0033994 -0.1281310 -0.0828729 -0.3016171 0.9411385
1769786795.615536 0.0126336 -0.0302774 0.0042538 -0.1377930 -0.0879530 -0.3509256 0.9220243
1769786795.682201 0.0121107 -0.0304149 0.0024580 -0.1395118 -0.0888374 -0.3612171 0.9176964
1769786795.815537 0.0118201 -0.0317609 0.0034982 -0.1443828 -0.0913569 -0.3842218 0.9072933
1769786795.848869 0.0117806 -0.0321815 0.0018223 -0.1453526 -0.0910398 -0.3882273 0.9054634
1769786796.015535 0.0108191 -0.0331755 0.0029370 -0.1507907 -0.0912827 -0.4095860 0.8950804
1769786796.048868 0.0108071 -0.0331703 0.0028547 -0.1513696 -0.0912150 -0.4133036 0.8932789
1769786796.148868 0.0102140 -0.0336181 0.0037820 -0.1533314 -0.0895551 -0.4215820 0.8892345
1769786796.182201 0.0100631 -0.0336739 0.0037956 -0.1540715 -0.0885444 -0.4233319 0.8883761
1769786796.682201 0.0075328 -0.0338374 0.0029420 -0.1607078 -0.0744854 -0.4277777 0.8863584
1769786796.748867 0.0072483 -0.0333569 0.0031137 -0.1602646 -0.0712198 -0.4243943 0.8883314
1769786796.882201 0.0063631 -0.0326420 0.0029802 -0.1594834 -0.0628540 -0.4160528 0.8930367
1769786796.982201 0.0056253 -0.0322480 0.0025529 -0.1583216 -0.0554353 -0.4065298 0.8981062
1769786797.015534 0.0055780 -0.0319983 0.0022131 -0.1579896 -0.0536972 -0.4032331 0.8997550
1769786797.048868 0.0053950 -0.0317562 0.0024335 -0.1576547 -0.0512592 -0.4000632 0.9013695
1769786797.082201 0.0051307 -0.0313367 0.0024231 -0.1568896 -0.0482466 -0.3958141 0.9035425
1769786797.148868 0.0046702 -0.0311707 0.0015300 -0.1559089 -0.0431492 -0.3871755 0.9077035
1769786797.182200 0.0044390 -0.0304758 0.0019738 -0.1547360 -0.0401245 -0.3814458 0.9104646
1769786797.215535 0.0043958 -0.0304310 0.0024656 -0.1539476 -0.0376413 -0.3764544 0.9127790
1769786797.248868 0.0041025 -0.0301321 0.0020001 -0.1533171 -0.0343541 -0.3707391 0.9153503
1769786797.282202 0.0037087 -0.0298323 0.0020087 -0.1527110 -0.0308870 -0.3631596 0.9186079
1769786797.315536 0.0036455 -0.0296092 0.0020994 -0.1514388 -0.0281691 -0.3565274 0.9214993
1769786797.348868 0.0034259 -0.0289919 0.0018331 -0.1500343 -0.0247392 -0.3497870 0.9244062
1769786797.382200 0.0031904 -0.0286332 0.0016474 -0.1482522 -0.0213268 -0.3415122 0.9278663
1769786797.448867 0.0022857 -0.0273553 0.0011456 -0.1444590 -0.0128789 -0.3231851 0.9351562
1769786797.515534 0.0015415 -0.0270101 0.0003438 -0.1414806 -0.0052461 -0.3020447 0.9427220
1769786797.548867 0.0011003 -0.0259378 -0.0004546 -0.1395203 -0.0013092 -0.2911706 0.9464418
1769786797.582201 0.0010831 -0.0256172 0.0000635 -0.1373334 0.0031037 -0.2788253 0.9504664
1769786797.648868 0.0010535 -0.0251699 0.0014590 -0.1326787 0.0111015 -0.2572848 0.9571195
1769786797.748867 -0.0001126 -0.0240538 0.0001975 -0.1268458 0.0208452 -0.2248452 0.9658780
1769786797.848867 -0.0001015 -0.0232157 0.0017280 -0.1200941 0.0287832 -0.2044504 0.9710556
1769786797.882200 -0.0006871 -0.0231943 -0.0000747 -0.1171732 0.0307473 -0.2025385 0.9717526
1769786797.915534 -0.0003256 -0.0229478 0.0015851 -0.1136463 0.0325809 -0.2026877 0.9720806
1769786798.015534 -0.0002418 -0.0223768 0.0017536 -0.1035873 0.0384610 -0.2037492 0.9727675
1769786798.048867 0.0001676 -0.0228048 0.0025893 -0.1015714 0.0402674 -0.2083605 0.9719299
1769786798.115534 0.0000793 -0.0224001 0.0014634 -0.0942684 0.0452984 -0.2068349 0.9727697
1769786798.148867 -0.0004549 -0.0219058 0.0009327 -0.0900194 0.0485999 -0.2075047 0.9728702
1769786798.182201 -0.0004105 -0.0219242 0.0017282 -0.0877736 0.0514609 -0.2098035 0.9724351
1769786798.215534 -0.0003960 -0.0218289 0.0020578 -0.0844178 0.0549463 -0.2089678 0.9727215
1769786798.248867 -0.0002258 -0.0217330 0.0026677 -0.0804169 0.0579276 -0.2097213 0.9727253
1769786798.315534 -0.0001450 -0.0214268 0.0021704 -0.0735971 0.0638365 -0.2132685 0.9721239
1769786798.348868 -0.0005349 -0.0213061 0.0024045 -0.0705266 0.0685937 -0.2120896 0.9722854
1769786798.382200 0.0001217 -0.0211050 0.0023891 -0.0680184 0.0718883 -0.2163250 0.9712925
1769786798.415534 0.0001395 -0.0210385 0.0031117 -0.0659402 0.0763093 -0.2179184 0.9707422
1769786798.448866 -0.0002956 -0.0205760 0.0030394 -0.0629153 0.0821353 -0.2171039 0.9706500
1769786798.615535 0.0002641 -0.0202980 0.0027228 -0.0573914 0.1012392 -0.2294304 0.9663429
1769786798.648867 0.0006893 -0.0206358 0.0036820 -0.0585939 0.1039150 -0.2303706 0.9657629
1769786798.682200 0.0009289 -0.0203872 0.0042159 -0.0583743 0.1073217 -0.2334277 0.9646689
1769786798.948867 0.0005089 -0.0192526 0.0057148 -0.0786893 0.1121679 -0.2155306 0.9668366
1769786799.082200 -0.0013466 -0.0181683 0.0031821 -0.0929713 0.1086395 -0.1887314 0.9715628
1769786799.182199 -0.0000620 -0.0171671 0.0068611 -0.0978833 0.1086939 -0.1730610 0.9739890
1769786799.315533 -0.0002966 -0.0165875 0.0069043 -0.0996992 0.1080976 -0.1556603 0.9768034
1769786799.348866 -0.0009584 -0.0164680 0.0063568 -0.0989765 0.1093628 -0.1525639 0.9772245
1769786799.415534 -0.0006996 -0.0160576 0.0066182 -0.0959429 0.1089817 -0.1479149 0.9782838
1769786799.448866 -0.0010123 -0.0163830 0.0067003 -0.0957948 0.1093683 -0.1454765 0.9786208
1769786799.582199 -0.0007328 -0.0156253 0.0076652 -0.0870937 0.1094862 -0.1388622 0.9803799
1769786799.782199 -0.0007328 -0.0149782 0.0080054 -0.0692942 0.1111221 -0.1366515 0.9819250
1769786799.915532 -0.0011205 -0.0144851 0.0075848 -0.0592505 0.1115524 -0.1375725 0.9824048
1769786800.982198 -0.0019640 -0.0136497 0.0095295 -0.0309336 0.1316963 -0.1294531 0.9823142
1769786801.115532 -0.0023906 -0.0137613 0.0096392 -0.0320143 0.1349936 -0.1270274 0.9821486
1769786801.248864 -0.0024482 -0.0138876 0.0091953 -0.0346785 0.1370835 -0.1282130 0.9816145
1769786801.348865 -0.0029695 -0.0138418 0.0088447 -0.0362305 0.1390098 -0.1263406 0.9815302
1769786801.715531 -0.0033883 -0.0149522 0.0092817 -0.0486074 0.1444922 -0.1203164 0.9809604
1769786803.882215 -0.0069652 -0.0269130 0.0036412 -0.1853634 0.1475421 -0.1002588 0.9663436
1769786804.315548 -0.0096304 -0.0309275 -0.0046336 -0.1994976 0.1364012 -0.0961465 0.9655834
1769786804.348882 -0.0090970 -0.0312665 -0.0029762 -0.2005665 0.1352347 -0.0940271 0.9657348
1769786804.448880 -0.0107234 -0.0315172 -0.0080649 -0.2026919 0.1333026 -0.0960368 0.9653618
1769786804.548881 -0.0078073 -0.0316534 -0.0011928 -0.2036469 0.1295358 -0.0950429 0.9657719
1769786804.615549 -0.0085131 -0.0317178 -0.0032574 -0.2030297 0.1284957 -0.0900793 0.9665162
1769786804.682214 -0.0069591 -0.0318860 -0.0007034 -0.2045963 0.1247623 -0.0952543 0.9661788
1769786804.782214 -0.0069010 -0.0319408 -0.0003754 -0.2046632 0.1229646 -0.0918163 0.9667277
1769786804.815549 -0.0068625 -0.0319524 -0.0012692 -0.2040309 0.1213372 -0.0919202 0.9670571
1769786805.015547 -0.0053053 -0.0318200 0.0003021 -0.2016613 0.1131121 -0.0904791 0.9686857
1769786805.082214 -0.0050635 -0.0315798 -0.0004245 -0.2001420 0.1102926 -0.0913124 0.9692475
1769786805.248880 -0.0035517 -0.0309225 0.0009151 -0.1954652 0.1022620 -0.0932238 0.9708992
1769786805.348881 -0.0029676 -0.0307036 0.0004847 -0.1915778 0.0980047 -0.0911861 0.9723056
1769786805.515547 -0.0013641 -0.0297592 0.0018718 -0.1836398 0.0901714 -0.0882499 0.9748628
1769786805.548880 -0.0011148 -0.0295241 0.0014884 -0.1827279 0.0884174 -0.0894490 0.9750856
1769786805.615548 -0.0007854 -0.0292100 0.0015596 -0.1792331 0.0848320 -0.0904233 0.9759625
1769786805.648880 0.0006160 -0.0279020 0.0031823 -0.1767579 0.0829479 -0.0905305 0.9765657
1769786805.682214 0.0007535 -0.0285574 0.0012323 -0.1749126 0.0803842 -0.0893866 0.9772175
1769786805.715547 0.0008049 -0.0282739 0.0012377 -0.1732807 0.0787214 -0.0904921 0.9775418
1769786805.782213 0.0017980 -0.0277069 0.0019767 -0.1697586 0.0750894 -0.0898553 0.9785038
1769786805.915547 0.0027200 -0.0268239 0.0022858 -0.1624024 0.0689704 -0.0905583 0.9801366
1769786805.948881 0.0028140 -0.0264740 0.0007243 -0.1594228 0.0667801 -0.0898579 0.9808417
1769786805.982213 0.0034166 -0.0264731 0.0021816 -0.1580752 0.0656571 -0.0901955 0.9811046
1769786806.015546 0.0037441 -0.0260844 0.0020521 -0.1555204 0.0632280 -0.0906639 0.9816291
1769786806.082213 0.0043881 -0.0256814 0.0030279 -0.1510195 0.0601819 -0.0909497 0.9824965
1769786806.115547 0.0048316 -0.0253893 0.0032099 -0.1486622 0.0577543 -0.0917389 0.9829283
1769786806.148880 0.0051631 -0.0254355 0.0041524 -0.1459964 0.0566019 -0.0921821 0.9833533
1769786806.182213 0.0051539 -0.0250579 0.0028822 -0.1425351 0.0549494 -0.0927626 0.9839001
1769786806.215546 0.0057834 -0.0254090 0.0049436 -0.1413327 0.0522306 -0.0935756 0.9841446
1769786806.282214 0.0059543 -0.0241300 0.0038558 -0.1320278 0.0492716 -0.0945796 0.9854926
1769786806.415547 0.0065857 -0.0235855 0.0041601 -0.1190811 0.0410183 -0.0953725 0.9874418
1769786806.582213 0.0071249 -0.0227976 0.0034779 -0.1045441 0.0309064 -0.0963495 0.9893594
1769786806.615547 0.0071511 -0.0229981 0.0054407 -0.1010825 0.0298768 -0.0958515 0.9897991
1769786806.648880 0.0069656 -0.0227740 0.0042019 -0.0972626 0.0270833 -0.0940096 0.9904386
1769786806.715546 0.0072497 -0.0226567 0.0048536 -0.0926777 0.0208282 -0.0950371 0.9909314
1769786806.782212 0.0068267 -0.0218715 0.0043462 -0.0864555 0.0140600 -0.0951523 0.9916016
1769786806.848880 0.0073972 -0.0216358 0.0038297 -0.0801320 0.0048240 -0.0937343 0.9923556
1769786806.882213 0.0074573 -0.0214200 0.0043408 -0.0789692 0.0018289 -0.0909737 0.9927157
1769786806.915547 0.0077864 -0.0213741 0.0057582 -0.0765602 -0.0024587 -0.0922915 0.9927813
1769786806.982212 0.0074144 -0.0214500 0.0040847 -0.0712483 -0.0101853 -0.0867339 0.9936283
1769786807.015546 0.0075896 -0.0206746 0.0044563 -0.0694711 -0.0136449 -0.0840986 0.9939392
1769786807.148880 0.0082785 -0.0201054 0.0047049 -0.0669329 -0.0219402 -0.0731629 0.9948295
1769786807.182213 0.0083689 -0.0199971 0.0064807 -0.0666013 -0.0212058 -0.0659989 0.9953687
1769786807.215546 0.0081354 -0.0196762 0.0059302 -0.0658907 -0.0196049 -0.0642460 0.9955634
1769786807.315546 0.0086984 -0.0195186 0.0072069 -0.0846199 -0.0155594 -0.0662897 0.9940841
1769786807.415546 0.0093452 -0.0194238 0.0076321 -0.1008799 -0.0134499 -0.0685202 0.9924451
1769786807.448879 0.0093650 -0.0193495 0.0080290 -0.1045026 -0.0130001 -0.0670876 0.9921741
1769786807.548878 0.0093778 -0.0191442 0.0076086 -0.1102977 -0.0120788 -0.0691483 0.9914167
1769786807.582212 0.0096050 -0.0190146 0.0075672 -0.1108863 -0.0125601 -0.0697742 0.9913012
1769786807.615547 0.0091343 -0.0189801 0.0071533 -0.1119776 -0.0126932 -0.0701311 0.9911516
1769786807.648879 0.0095428 -0.0186406 0.0073225 -0.1123116 -0.0129176 -0.0708846 0.9910573
1769786807.748879 0.0101454 -0.0191776 0.0077631 -0.1108962 -0.0131927 -0.0701835 0.9912630
1769786807.982212 0.0108373 -0.0175232 0.0073307 -0.0970303 -0.0134897 -0.0756936 0.9923072
1769786808.082212 0.0110153 -0.0172563 0.0074060 -0.0896169 -0.0137306 -0.0746617 0.9930790
1769786808.115545 0.0107771 -0.0172751 0.0072716 -0.0877879 -0.0129039 -0.0729086 0.9933837
1769786808.182211 0.0114179 -0.0169667 0.0074299 -0.0843532 -0.0143617 -0.0766510 0.9933796
1769786808.215545 0.0112947 -0.0170268 0.0075437 -0.0824269 -0.0143585 -0.0757096 0.9936135
1769786808.482211 0.0116734 -0.0161624 0.0082729 -0.0697074 -0.0155563 -0.0755991 0.9945772
1769786808.648879 0.0118715 -0.0163919 0.0085215 -0.0669495 -0.0172938 -0.0747116 0.9948049
1769786808.715545 0.0118995 -0.0163163 0.0082301 -0.0661546 -0.0176606 -0.0733576 0.9949524
1769786809.015544 0.0119367 -0.0161179 0.0082522 -0.0626706 -0.0205744 -0.0716533 0.9952462
1769786809.948915 0.0127732 -0.0188872 0.0067880 -0.0833208 -0.0314689 -0.0675537 0.9937323
1769786809.982246 0.0128908 -0.0189382 0.0066068 -0.0832953 -0.0322809 -0.0670071 0.9937454
1769786810.082248 0.0126858 -0.0194767 0.0062295 -0.0882544 -0.0325028 -0.0676785 0.9932645
1769786810.148914 0.0129059 -0.0204491 0.0058618 -0.0924480 -0.0337767 -0.0649959 0.9930196
1769786810.515579 0.0126558 -0.0235229 0.0056696 -0.1137992 -0.0354935 -0.0652266 0.9907247
1769786810.615581 0.0120801 -0.0237480 -0.0019079 -0.1183030 -0.0355235 -0.0690560 0.9899362
1769786810.748912 0.0125254 -0.0245945 0.0049007 -0.1286023 -0.0366492 -0.0692394 0.9885971
1769786810.782246 0.0128504 -0.0256558 0.0044502 -0.1320511 -0.0364249 -0.0687128 0.9881874
1769786810.848914 0.0126982 -0.0261449 0.0028650 -0.1347834 -0.0353158 -0.0645032 0.9881425
1769786810.948913 0.0135666 -0.0271364 0.0064559 -0.1436908 -0.0363067 -0.0684796 0.9865827
1769786810.982246 0.0128894 -0.0277606 0.0063194 -0.1461392 -0.0351428 -0.0642817 0.9865476
1769786811.015579 0.0116285 -0.0280333 0.0028414 -0.1484926 -0.0333592 -0.0631456 0.9863315
1769786811.082246 0.0126140 -0.0293430 0.0063986 -0.1528262 -0.0376878 -0.0836861 0.9839819
1769786811.115580 0.0129687 -0.0292264 0.0066891 -0.1554270 -0.0403593 -0.0961592 0.9823273
1769786811.148913 0.0128770 -0.0290448 0.0075951 -0.1574704 -0.0431243 -0.1102594 0.9804011
1769786811.248913 0.0140753 -0.0301132 0.0098238 -0.1654591 -0.0499303 -0.1454966 0.9741463
1769786811.315579 0.0132737 -0.0291311 0.0130063 -0.1678299 -0.0516794 -0.1671307 0.9701700
1769786811.348914 0.0122296 -0.0287412 0.0077233 -0.1711322 -0.0532160 -0.1794389 0.9673074
1769786811.382246 0.0132488 -0.0294501 0.0110526 -0.1733057 -0.0568467 -0.1900179 0.9646900
1769786811.415580 0.0119718 -0.0311508 0.0062965 -0.1743816 -0.0581460 -0.2042495 0.9615052
1769786811.448912 0.0134506 -0.0301185 0.0130421 -0.1777561 -0.0603254 -0.2152608 0.9583457
1769786811.515579 0.0132759 -0.0304465 0.0103576 -0.1801271 -0.0641640 -0.2357023 0.9528282
1769786811.548912 0.0132043 -0.0313080 0.0121349 -0.1841346 -0.0666383 -0.2461333 0.9492482
1769786811.748913 0.0133720 -0.0325313 0.0113032 -0.1923296 -0.0771636 -0.3019078 0.9305412
1769786811.815579 0.0123422 -0.0334679 0.0074767 -0.1953563 -0.0808403 -0.3184637 0.9240571
1769786812.015579 0.0121807 -0.0344374 0.0138079 -0.2048406 -0.0902035 -0.3660097 0.9032943
1769786812.048911 0.0130749 -0.0350373 0.0117168 -0.2058596 -0.0918252 -0.3730811 0.9000003
1769786812.482245 0.0111506 -0.0379923 0.0131918 -0.2197136 -0.1018293 -0.4364690 0.8665169
1769786813.048911 0.0090191 -0.0381969 0.0120059 -0.2271120 -0.0906886 -0.4600146 0.8535703
1769786813.115579 0.0083836 -0.0380966 0.0118024 -0.2277934 -0.0863808 -0.4544225 0.8568248
1769786813.148912 0.0086276 -0.0379171 0.0126885 -0.2274014 -0.0861997 -0.4553196 0.8564708
1769786813.348912 0.0076771 -0.0365419 0.0131458 -0.2266066 -0.0734939 -0.4439428 0.8638072
1769786813.382245 0.0075031 -0.0363517 0.0127590 -0.2258088 -0.0703383 -0.4419799 0.8652842
1769786813.448912 0.0072362 -0.0361059 0.0126273 -0.2252440 -0.0664872 -0.4368614 0.8683299
1769786813.515578 0.0069662 -0.0353142 0.0137161 -0.2239131 -0.0612469 -0.4301447 0.8724032
1769786813.548911 0.0067242 -0.0351160 0.0127494 -0.2231603 -0.0582721 -0.4262524 0.8747073
1769786813.582244 0.0065183 -0.0349350 0.0132135 -0.2227971 -0.0551316 -0.4224060 0.8768666
1769786813.615579 0.0063537 -0.0348484 0.0123455 -0.2224562 -0.0526538 -0.4182637 0.8790883
1769786813.648912 0.0063696 -0.0341988 0.0123653 -0.2207246 -0.0500352 -0.4140472 0.8816701
1769786813.682244 0.0060574 -0.0344400 0.0124184 -0.2208625 -0.0464041 -0.4084507 0.8844402
1769786813.715578 0.0058708 -0.0341295 0.0124545 -0.2204485 -0.0434893 -0.4024818 0.8874230
1769786813.748911 0.0056840 -0.0336151 0.0125353 -0.2191373 -0.0390897 -0.3969046 0.8904592
1769786813.782244 0.0054807 -0.0333981 0.0120914 -0.2178652 -0.0359709 -0.3906613 0.8936580
1769786813.815580 0.0054389 -0.0330639 0.0121472 -0.2168725 -0.0326039 -0.3833202 0.8972006
1769786813.848912 0.0052615 -0.0329213 0.0122667 -0.2163719 -0.0284776 -0.3752309 0.9008740
1769786813.915578 0.0047399 -0.0319342 0.0120894 -0.2124729 -0.0199915 -0.3583243 0.9088780
1769786813.948912 0.0043032 -0.0316494 0.0115234 -0.2110200 -0.0150847 -0.3488502 0.9129877
1769786813.982244 0.0045043 -0.0311264 0.0117983 -0.2097114 -0.0118620 -0.3389401 0.9170606
1769786814.048910 0.0038227 -0.0305528 0.0118423 -0.2059996 -0.0019729 -0.3154801 0.9263005
1769786814.115578 0.0037728 -0.0298856 0.0120853 -0.2012525 0.0075777 -0.2919000 0.9350051
1769786814.182244 0.0030907 -0.0291286 0.0110296 -0.1973475 0.0152493 -0.2715054 0.9418632
1769786814.215578 0.0034479 -0.0279537 0.0119018 -0.1925953 0.0190880 -0.2637462 0.9449766
1769786814.248911 0.0026118 -0.0281032 0.0111487 -0.1919450 0.0228423 -0.2549796 0.9474285
1769786814.282244 0.0031920 -0.0277252 0.0119017 -0.1889676 0.0255469 -0.2478356 0.9498506
1769786814.315578 0.0036270 -0.0274986 0.0134790 -0.1880338 0.0281387 -0.2445223 0.9508209
1769786814.348912 0.0033704 -0.0276380 0.0115707 -0.1831822 0.0289571 -0.2412412 0.9525799
1769786814.382244 0.0034609 -0.0274790 0.0117008 -0.1817582 0.0301175 -0.2431020 0.9523436
1769786814.482244 0.0030268 -0.0274533 0.0124486 -0.1721503 0.0368836 -0.2444954 0.9535334
1769786814.515577 0.0029076 -0.0270032 0.0119917 -0.1673772 0.0394095 -0.2448225 0.9541979
1769786814.582245 0.0031155 -0.0265967 0.0124022 -0.1599870 0.0445242 -0.2477523 0.9544845
1769786814.615579 0.0033371 -0.0262834 0.0128830 -0.1552252 0.0471818 -0.2462234 0.9555381
1769786814.748910 0.0035316 -0.0261827 0.0134651 -0.1424224 0.0583871 -0.2517249 0.9554797
1769786814.782243 0.0028908 -0.0261204 0.0133782 -0.1389696 0.0624890 -0.2519414 0.9556716
1769786814.815577 0.0035200 -0.0261415 0.0136105 -0.1372206 0.0641908 -0.2548965 0.9550276
1769786814.882244 0.0037017 -0.0258546 0.0132885 -0.1325543 0.0721370 -0.2594542 0.9538916
1769786815.048910 0.0043894 -0.0246916 0.0146888 -0.1229937 0.0928482 -0.2660957 0.9515487
1769786815.115577 0.0045780 -0.0245653 0.0149049 -0.1212132 0.1002691 -0.2763598 0.9480922
1769786815.282244 0.0044971 -0.0236055 0.0151638 -0.1209339 0.1111902 -0.2846770 0.9444420
1769786815.315578 0.0043287 -0.0235044 0.0145077 -0.1215978 0.1117685 -0.2824986 0.9449425
1769786815.382243 0.0047014 -0.0234649 0.0152454 -0.1362810 0.1086823 -0.2730536 0.9460747
1769786815.548909 0.0039843 -0.0225922 0.0154874 -0.1591669 0.1061135 -0.2360332 0.9527299
1769786815.582243 0.0040938 -0.0223617 0.0163548 -0.1608760 0.1063242 -0.2301080 0.9538682
1769786815.615578 0.0038790 -0.0224732 0.0157603 -0.1626218 0.1065105 -0.2239584 0.9550143
1769786815.648910 0.0034589 -0.0222926 0.0147340 -0.1650739 0.1056039 -0.2232459 0.9548611
1769786815.682243 0.0037462 -0.0217325 0.0158175 -0.1647818 0.1068309 -0.2159056 0.9564616
1769786815.715576 0.0039150 -0.0221052 0.0160295 -0.1670906 0.1065186 -0.2133826 0.9566621
1769786815.882243 0.0039030 -0.0214889 0.0158720 -0.1653485 0.1058512 -0.1995013 0.9600285
1769786816.615577 0.0037904 -0.0197103 0.0165303 -0.1094449 0.1130360 -0.1785772 0.9712646
1769786817.348910 0.0027109 -0.0191877 0.0166000 -0.0937151 0.1287388 -0.1719613 0.9721487
1769786817.815588 0.0023996 -0.0193577 0.0158026 -0.0945585 0.1376671 -0.1617963 0.9725885
1769786818.082254 0.0006372 -0.0200700 0.0137985 -0.1038071 0.1425546 -0.1651128 0.9703814
1769786818.148921 0.0012572 -0.0193474 0.0170020 -0.1058689 0.1428639 -0.1631388 0.9704470
1769786818.382254 0.0012172 -0.0201131 0.0184990 -0.1180090 0.1486857 -0.1612982 0.9684778
1769786819.015587 0.0002156 -0.0224414 0.0191748 -0.1593423 0.1563849 -0.1629560 0.9610407
1769786819.248920 0.0123526 -0.0446770 0.0069070 -0.1816555 0.1512832 -0.1679298 0.9570341
1769786819.415587 0.0088034 -0.0282511 0.0026446 -0.1852028 0.1556351 -0.1607405 0.9568909
1769786819.515587 -0.0250326 -0.0280425 0.0161014 -0.1960874 0.1680199 -0.1629993 0.9522344
1769786819.782253 -0.0094159 -0.0393570 0.0042746 -0.2148165 0.1649750 -0.1471414 0.9513078
1769786820.082253 -0.0260680 -0.0314072 -0.0038736 -0.2298550 0.1630974 -0.1517206 0.9473895
1769786820.648920 -0.0302787 -0.0367451 -0.0158293 -0.2525069 0.1529679 -0.1484342 0.9438264
1769786821.282252 -0.0342249 -0.0332473 -0.0085313 -0.2598191 0.1341071 -0.1418492 0.9457210
1769786821.382252 -0.0320294 -0.0329924 -0.0048776 -0.2598059 0.1297165 -0.1411774 0.9464372
1769786821.415586 -0.0316069 -0.0327644 -0.0037974 -0.2594548 0.1287024 -0.1409180 0.9467106
1769786821.448919 -0.0317250 -0.0328215 -0.0053327 -0.2582663 0.1274351 -0.1411210 0.9471767
1769786821.548918 -0.0312983 -0.0328234 -0.0063863 -0.2560522 0.1229944 -0.1390492 0.9486701
1769786821.582252 -0.0352289 -0.0333665 -0.0147269 -0.2547205 0.1205049 -0.1424359 0.9488456
1769786821.648919 -0.0306888 -0.0323282 -0.0056096 -0.2539306 0.1184900 -0.1385962 0.9498792
1769786821.715585 -0.0307908 -0.0321891 -0.0080818 -0.2514518 0.1147335 -0.1397167 0.9508352
1769786821.748918 -0.0293644 -0.0319435 -0.0052684 -0.2507279 0.1128802 -0.1390911 0.9513398
1769786821.782251 -0.0292870 -0.0319222 -0.0055190 -0.2495635 0.1116924 -0.1366514 0.9521393
1769786821.815586 -0.0293579 -0.0317600 -0.0079379 -0.2480493 0.1094459 -0.1386010 0.9525141
1769786821.848921 -0.0297550 -0.0317690 -0.0087009 -0.2467147 0.1082365 -0.1384728 0.9530173
1769786821.882252 -0.0293574 -0.0317228 -0.0070434 -0.2460508 0.1056961 -0.1387243 0.9534374
1769786821.948919 -0.0282394 -0.0312545 -0.0068201 -0.2425223 0.1030023 -0.1369111 0.9548973
1769786822.048918 -0.0274308 -0.0306796 -0.0047991 -0.2385350 0.0987902 -0.1349170 0.9566290
1769786822.082253 -0.0273600 -0.0310589 -0.0071565 -0.2370799 0.0955977 -0.1395502 0.9566504
1769786822.148918 -0.0261656 -0.0298181 -0.0071258 -0.2327768 0.0920506 -0.1385918 0.9581931
1769786822.182251 -0.0259545 -0.0298654 -0.0081417 -0.2312500 0.0912237 -0.1363080 0.9589691
1769786822.215585 -0.0255714 -0.0295959 -0.0105481 -0.2297642 0.0878620 -0.1382595 0.9593608
1769786822.248919 -0.0245988 -0.0286982 -0.0093193 -0.2266692 0.0863508 -0.1376331 0.9603238
1769786822.282252 -0.0244029 -0.0288703 -0.0092965 -0.2263469 0.0836055 -0.1396058 0.9603580
1769786822.315586 -0.0240383 -0.0283970 -0.0086235 -0.2246033 0.0827173 -0.1391886 0.9609047
1769786822.348920 -0.0239416 -0.0278947 -0.0083599 -0.2216539 0.0814041 -0.1387989 0.9617577
1769786822.382251 -0.0231775 -0.0279321 -0.0076206 -0.2211694 0.0795941 -0.1390602 0.9619830
1769786822.515585 -0.0205857 -0.0267891 -0.0037525 -0.2127529 0.0720355 -0.1393833 0.9644270
1769786822.548918 -0.0202545 -0.0267548 -0.0032221 -0.2108509 0.0703182 -0.1395665 0.9649448
1769786822.615586 -0.0192657 -0.0263686 -0.0034467 -0.2065768 0.0653831 -0.1435448 0.9656324
1769786822.848920 -0.0176769 -0.0248563 -0.0013048 -0.1835367 0.0503499 -0.1450701 0.9709448
1769786822.915585 -0.0170849 -0.0244254 -0.0008797 -0.1771641 0.0462640 -0.1454412 0.9722754
1769786822.982251 -0.0172957 -0.0240206 -0.0008686 -0.1712640 0.0413407 -0.1453747 0.9735635
1769786823.015584 -0.0173672 -0.0236684 -0.0012815 -0.1667857 0.0388504 -0.1433569 0.9747420
1769786823.048918 -0.0167109 -0.0238734 -0.0003357 -0.1646388 0.0375968 -0.1457084 0.9748075
1769786823.215585 -0.0154404 -0.0230680 0.0011165 -0.1505727 0.0204361 -0.1388411 0.9785874
1769786823.282252 -0.0077294 -0.0176481 0.0129413 -0.1454065 0.0097775 -0.1418180 0.9791062
1769786823.882251 -0.0046841 -0.0145550 0.0173877 -0.1613872 -0.0104443 -0.1128709 0.9803598
1769786823.915584 -0.0047147 -0.0151530 0.0163379 -0.1640910 -0.0099166 -0.1116256 0.9800590
1769786823.948918 -0.0074528 -0.0191705 0.0143263 -0.1668953 -0.0098082 -0.1110047 0.9796569
1769786824.215584 -0.0191962 -0.0227116 -0.0022563 -0.1724827 -0.0089221 -0.1196476 0.9776781
1769786824.282251 -0.0200044 -0.0260420 -0.0089372 -0.1689199 -0.0093259 -0.1158685 0.9787511
1769786825.482264 -0.0189419 -0.0242901 -0.0091375 -0.1234698 -0.0177054 -0.1151147 0.9854899
1769786825.682263 -0.0187440 -0.0239421 -0.0105471 -0.1239596 -0.0208578 -0.1165721 0.9851954
1769786825.715596 -0.0189069 -0.0243031 -0.0095055 -0.1246401 -0.0206345 -0.1144350 0.9853648
1769786825.915596 -0.0187526 -0.0248195 -0.0095002 -0.1279806 -0.0227983 -0.1137830 0.9849643
1769786825.982263 -0.0187429 -0.0253934 -0.0095720 -0.1295476 -0.0232042 -0.1124577 0.9849022
1769786826.115597 -0.0193553 -0.0256849 -0.0092493 -0.1330159 -0.0227625 -0.1092804 0.9848078
1769786826.382262 -0.0189451 -0.0267729 -0.0090180 -0.1425546 -0.0257072 -0.1098338 0.9833381
1769786826.415596 -0.0191158 -0.0271632 -0.0096246 -0.1440131 -0.0254557 -0.1091800 0.9832050
1769786826.515596 -0.0193433 -0.0265122 -0.0104220 -0.1450846 -0.0252272 -0.1066031 0.9833361
1769786828.648928 -0.0781900 -0.0547309 -0.0632465 -0.2695760 -0.0949090 -0.4191681 0.8617535
1769786828.748927 -0.0790309 -0.0560487 -0.0645130 -0.2736087 -0.0977955 -0.4347151 0.8524066
1769786829.215595 -0.0810322 -0.0576911 -0.0642447 -0.2828474 -0.1001663 -0.4749103 0.8272994
1769786829.615596 -0.0831091 -0.0570661 -0.0657448 -0.2854607 -0.0857383 -0.4765511 0.8270794
1769786829.815594 -0.0838761 -0.0560929 -0.0643406 -0.2856861 -0.0732180 -0.4662159 0.8340655
1769786829.882261 -0.0836721 -0.0555789 -0.0646572 -0.2837395 -0.0692316 -0.4612622 0.8378162
1769786829.982261 -0.0843098 -0.0547685 -0.0645571 -0.2819723 -0.0600934 -0.4543577 0.8428757
1769786830.048927 -0.0844931 -0.0544982 -0.0648326 -0.2812858 -0.0552879 -0.4474108 0.8471394
1769786830.082260 -0.0848970 -0.0541515 -0.0653339 -0.2803957 -0.0511582 -0.4435910 0.8496988
1769786830.115594 -0.0849023 -0.0538179 -0.0644725 -0.2798840 -0.0476385 -0.4372205 0.8533661
1769786830.215594 -0.0852233 -0.0532034 -0.0656674 -0.2773168 -0.0372989 -0.4239034 0.8614001
1769786830.248927 -0.0855321 -0.0526208 -0.0643832 -0.2763138 -0.0329811 -0.4181074 0.8647249
1769786830.315594 -0.0859310 -0.0518230 -0.0658425 -0.2725623 -0.0236621 -0.4016187 0.8739865
1769786830.415594 -0.0862526 -0.0510296 -0.0663460 -0.2683672 -0.0109886 -0.3773275 0.8862744
1769786830.448927 -0.0865593 -0.0504601 -0.0665523 -0.2653646 -0.0054559 -0.3669901 0.8915549
1769786830.515594 -0.0873788 -0.0496236 -0.0673145 -0.2623123 0.0076968 -0.3473735 0.9002581
1769786830.582260 -0.0876069 -0.0482429 -0.0670700 -0.2550502 0.0185088 -0.3224232 0.9114001
1769786830.748926 -0.0875654 -0.0467500 -0.0663578 -0.2433604 0.0375093 -0.2817407 0.9273570
1769786830.782259 -0.0875130 -0.0465523 -0.0663849 -0.2408115 0.0402112 -0.2782902 0.9289497
1769786830.815594 -0.0875215 -0.0463223 -0.0670339 -0.2372490 0.0419071 -0.2765718 0.9303036
1769786830.915594 -0.0877364 -0.0462752 -0.0666758 -0.2294588 0.0464765 -0.2787425 0.9313921
1769786830.982260 -0.0875533 -0.0456544 -0.0670694 -0.2203035 0.0503499 -0.2811974 0.9326625
1769786831.015594 -0.0873909 -0.0457945 -0.0665505 -0.2183272 0.0514683 -0.2851548 0.9318643
1769786831.082261 -0.0872314 -0.0461086 -0.0677169 -0.2121525 0.0545563 -0.2867060 0.9326385
1769786831.115594 -0.0877213 -0.0456704 -0.0666211 -0.2076840 0.0602715 -0.2848066 0.9338736
1769786831.148926 -0.0876664 -0.0454649 -0.0664098 -0.2051007 0.0629673 -0.2883841 0.9331685
1769786831.382260 -0.0872774 -0.0446885 -0.0665838 -0.1836475 0.0857644 -0.3001954 0.9320949
1769786831.448926 -0.0869017 -0.0444182 -0.0651110 -0.1788552 0.0934728 -0.3076481 0.9298528
1769786831.482259 -0.0875458 -0.0442350 -0.0667036 -0.1768659 0.0989739 -0.3064597 0.9300565
1769786831.515593 -0.0870972 -0.0440465 -0.0665678 -0.1749802 0.1018321 -0.3096999 0.9290307
1769786831.582259 -0.0868372 -0.0433936 -0.0659953 -0.1714162 0.1090279 -0.3167299 0.9265051
1769786831.615594 -0.0870766 -0.0434849 -0.0657323 -0.1719147 0.1126104 -0.3174756 0.9257286
1769786831.682259 -0.0872365 -0.0432409 -0.0664426 -0.1713277 0.1168100 -0.3230963 0.9233694
1769786831.715593 -0.0869662 -0.0434025 -0.0664716 -0.1715373 0.1175549 -0.3264897 0.9220414
1769786831.782259 -0.0870169 -0.0425331 -0.0665299 -0.1710557 0.1199486 -0.3207543 0.9238338
1769786831.848927 -0.0871792 -0.0420658 -0.0664715 -0.1843501 0.1206277 -0.3077112 0.9256229
1769786831.882260 -0.0873981 -0.0420271 -0.0659342 -0.1918633 0.1199643 -0.2987770 0.9271081
1769786832.048926 -0.0872763 -0.0414935 -0.0662534 -0.2103321 0.1195721 -0.2660498 0.9331025
1769786832.148925 -0.0875894 -0.0410497 -0.0665510 -0.2153421 0.1196874 -0.2536889 0.9353848
1769786832.248925 -0.0879557 -0.0408260 -0.0664768 -0.2164776 0.1220425 -0.2390984 0.9386560
1769786832.315609 -0.0880619 -0.0400693 -0.0666467 -0.2141626 0.1233752 -0.2337816 0.9403506
1769786832.348941 -0.0875959 -0.0398906 -0.0661115 -0.2131303 0.1231838 -0.2323563 0.9409632
1769786832.382275 -0.0879798 -0.0394604 -0.0664391 -0.2110463 0.1242380 -0.2288956 0.9421418
1769786832.415609 -0.0879170 -0.0394560 -0.0664590 -0.2094410 0.1241616 -0.2277962 0.9427764
1769786832.615610 -0.0877239 -0.0388493 -0.0661656 -0.1954673 0.1242732 -0.2226067 0.9469926
1769786832.648942 -0.0878991 -0.0386529 -0.0668077 -0.1917229 0.1239487 -0.2209963 0.9481770
1769786832.748940 -0.0881240 -0.0382834 -0.0674275 -0.1818822 0.1239219 -0.2222891 0.9498157
1769786832.848941 -0.0879834 -0.0377844 -0.0670666 -0.1743554 0.1247690 -0.2195339 0.9517551
1769786832.882276 -0.0882358 -0.0377134 -0.0668055 -0.1713522 0.1259486 -0.2186132 0.9523569
1769786833.048941 -0.0882483 -0.0370139 -0.0667088 -0.1614031 0.1276571 -0.2189349 0.9537926
1769786833.148941 -0.0884081 -0.0366728 -0.0665343 -0.1559226 0.1293290 -0.2175973 0.9547846
1769786833.448941 -0.0886899 -0.0361406 -0.0661786 -0.1465581 0.1344595 -0.2172009 0.9556491
1769786833.815607 -0.0895589 -0.0359786 -0.0661779 -0.1451714 0.1413755 -0.2180239 0.9546747
1769786834.015607 -0.0902200 -0.0359749 -0.0666806 -0.1455447 0.1457836 -0.2182027 0.9539137
1769786834.048940 -0.0903098 -0.0360966 -0.0664221 -0.1461717 0.1468186 -0.2190686 0.9534606
1769786834.082275 -0.0903003 -0.0360223 -0.0661365 -0.1470351 0.1477764 -0.2195511 0.9530689
1769786834.515607 -0.0915881 -0.0370247 -0.0664488 -0.1568269 0.1570083 -0.2145354 0.9511721
1769786834.582273 -0.0921382 -0.0371521 -0.0674166 -0.1589961 0.1575396 -0.2153409 0.9505419
1769786834.615608 -0.0920529 -0.0374702 -0.0668622 -0.1603318 0.1588985 -0.2129867 0.9506218
1769786834.648940 -0.0923828 -0.0375486 -0.0677177 -0.1623199 0.1588492 -0.2162145 0.9495633
1769786834.715607 -0.0927261 -0.0379126 -0.0673211 -0.1646891 0.1609405 -0.2134422 0.9494304
1769786834.848941 -0.0931529 -0.0386240 -0.0674256 -0.1713336 0.1634723 -0.2128191 0.9479608
1769786834.882275 -0.0935075 -0.0384760 -0.0679652 -0.1726395 0.1641565 -0.2136777 0.9474123
1769786834.982274 -0.0935698 -0.0392636 -0.0672236 -0.1789516 0.1663205 -0.2126601 0.9460917
1769786835.115607 -0.0945823 -0.0406381 -0.0673853 -0.1869467 0.1693534 -0.2092069 0.9447767
1769786835.182274 -0.0949904 -0.0406531 -0.0676278 -0.1909153 0.1717429 -0.2085968 0.9436859
1769786835.282274 -0.0955487 -0.0417581 -0.0668258 -0.1985925 0.1738472 -0.2084004 0.9417577
1769786835.382273 -0.0964788 -0.0422067 -0.0668781 -0.2048992 0.1759672 -0.2086116 0.9399644
1769786835.448939 -0.0962516 -0.0428458 -0.0664513 -0.2096657 0.1772025 -0.2054754 0.9393718
1769786835.515606 -0.0963685 -0.0436931 -0.0663854 -0.2152321 0.1771167 -0.2067939 0.9378385
1769786835.582274 -0.0965247 -0.0441867 -0.0652342 -0.2202060 0.1796826 -0.2028522 0.9370563
1769786835.615608 -0.0909857 -0.0415290 -0.0562187 -0.2229814 0.1799807 -0.2003717 0.9368764
1769786835.682272 -0.0966611 -0.0446758 -0.0651582 -0.2270448 0.1803348 -0.2017559 0.9355344
1769786835.715606 -0.0965077 -0.0444943 -0.0632271 -0.2285490 0.1816973 -0.1991223 0.9354688
1769786835.782273 -0.1003745 -0.0464826 -0.0691774 -0.2335172 0.1817007 -0.2017175 0.9336834
1769786835.815606 -0.0971980 -0.0463289 -0.0639433 -0.2369976 0.1826637 -0.1966304 0.9337037
1769786835.915607 -0.0979627 -0.0469113 -0.0646615 -0.2435920 0.1836192 -0.1954880 0.9320576
1769786835.982273 -0.0976210 -0.0475247 -0.0630863 -0.2488113 0.1849563 -0.1928355 0.9309664
1769786836.015606 -0.0972910 -0.0475720 -0.0626398 -0.2507344 0.1847365 -0.1916064 0.9307479
1769786836.082273 -0.0982301 -0.0485957 -0.0633192 -0.2550234 0.1855266 -0.1897511 0.9298051
1769786836.115606 -0.0977488 -0.0484682 -0.0627014 -0.2575602 0.1854225 -0.1888299 0.9293140
1769786836.148939 -0.0986507 -0.0492038 -0.0646724 -0.2594342 0.1844835 -0.1914545 0.9284422
1769786836.215606 -0.0985362 -0.0499181 -0.0635563 -0.2635823 0.1854080 -0.1885138 0.9276911
1769786836.248939 -0.0982031 -0.0495573 -0.0635181 -0.2660276 0.1853302 -0.1908023 0.9265401
1769786836.282273 -0.0963010 -0.0489494 -0.0599237 -0.2676239 0.1867720 -0.1887529 0.9262106
1769786836.348939 -0.0987383 -0.0508989 -0.0637650 -0.2729793 0.1841554 -0.1882434 0.9252748
1769786836.682271 -0.0992211 -0.0536900 -0.0640585 -0.2910476 0.1798873 -0.1837637 0.9215003
1769786836.782272 -0.0994968 -0.0544741 -0.0634984 -0.2954066 0.1794483 -0.1799042 0.9209602
1769786836.848939 -0.0988754 -0.0545664 -0.0630975 -0.2983836 0.1777812 -0.1795572 0.9203914
1769786836.882273 -0.0987723 -0.0551784 -0.0629880 -0.3001032 0.1770502 -0.1785116 0.9201766
1769786836.915606 -0.0989199 -0.0552289 -0.0634028 -0.3011852 0.1764656 -0.1788650 0.9198667
1769786836.982272 -0.0995772 -0.0556297 -0.0637142 -0.3034353 0.1756563 -0.1778188 0.9194849
1769786837.048938 -0.0991252 -0.0549512 -0.0636594 -0.3051762 0.1738539 -0.1773160 0.9193483
1769786837.115606 -0.1001517 -0.0561237 -0.0650711 -0.3064810 0.1731267 -0.1758847 0.9193265
1769786837.248939 -0.1006927 -0.0569832 -0.0663123 -0.3100049 0.1684892 -0.1751939 0.9191384
1769786837.382272 -0.0992959 -0.0561726 -0.0647478 -0.3127140 0.1652357 -0.1718180 0.9194486
1769786837.615606 -0.1006913 -0.0578198 -0.0678910 -0.3140476 0.1587710 -0.1694168 0.9205780
1769786837.648939 -0.0999657 -0.0572739 -0.0670461 -0.3142383 0.1574919 -0.1697640 0.9206687
1769786837.715605 -0.1007578 -0.0576750 -0.0676088 -0.3146871 0.1555277 -0.1708320 0.9206517
1769786837.782272 -0.0995714 -0.0571494 -0.0670386 -0.3143499 0.1523532 -0.1696054 0.9215241
1769786838.015605 -0.0948528 -0.0568925 -0.0638378 -0.3119263 0.1434402 -0.1639071 0.9248035
1769786838.115605 -0.0952200 -0.0566641 -0.0643306 -0.3088528 0.1385583 -0.1636598 0.9266213
1769786838.182272 -0.0945544 -0.0561861 -0.0646207 -0.3071161 0.1348405 -0.1654176 0.9274345
1769786838.215605 -0.0951633 -0.0569693 -0.0660745 -0.3059583 0.1316835 -0.1692276 0.9275835
1769786838.348937 -0.0941036 -0.0570785 -0.0660620 -0.3016632 0.1267736 -0.1618016 0.9309930
1769786838.382271 -0.0936460 -0.0561350 -0.0649796 -0.3004378 0.1247251 -0.1643073 0.9312271
1769786838.415605 -0.0928028 -0.0559170 -0.0643600 -0.2993107 0.1231833 -0.1640365 0.9318428
1769786838.482271 -0.0941313 -0.0567377 -0.0663817 -0.2966946 0.1213115 -0.1616624 0.9333387
1769786838.548938 -0.0939797 -0.0568475 -0.0666270 -0.2930735 0.1187010 -0.1590395 0.9352670
1769786838.582272 -0.0943236 -0.0566917 -0.0676886 -0.2910513 0.1169273 -0.1590935 0.9361125
1769786838.682271 -0.0927035 -0.0560142 -0.0670827 -0.2866606 0.1112086 -0.1590660 0.9381665
1769786838.715604 -0.0925889 -0.0558796 -0.0669999 -0.2853830 0.1090672 -0.1610593 0.9384673
1769786838.748937 -0.0915123 -0.0556881 -0.0661889 -0.2842518 0.1075452 -0.1610254 0.9389919
1769786838.782270 -0.0912574 -0.0553022 -0.0661278 -0.2821461 0.1055373 -0.1608642 0.9398820
1769786838.815605 -0.0903569 -0.0549512 -0.0662582 -0.2797829 0.1027879 -0.1613316 0.9408126
1769786838.882272 -0.0896921 -0.0548416 -0.0661474 -0.2766372 0.0991106 -0.1618574 0.9420462
1769786838.915605 -0.0894849 -0.0548738 -0.0663172 -0.2745380 0.0969456 -0.1624496 0.9427834
1769786838.948938 -0.0889607 -0.0547846 -0.0665270 -0.2725301 0.0945463 -0.1626586 0.9435733
1769786838.982271 -0.0888049 -0.0545042 -0.0660809 -0.2706316 0.0939030 -0.1611551 0.9444416
1769786839.015604 -0.0885969 -0.0543965 -0.0669479 -0.2681295 0.0913374 -0.1624456 0.9451855
1769786839.048938 -0.0881344 -0.0541991 -0.0666163 -0.2667317 0.0892585 -0.1637833 0.9455486
1769786839.082271 -0.0882769 -0.0541442 -0.0670253 -0.2641315 0.0874428 -0.1646294 0.9463009
1769786839.115604 -0.0881528 -0.0541539 -0.0669883 -0.2618717 0.0853547 -0.1652302 0.9470147
1769786839.182271 -0.0874055 -0.0536879 -0.0663669 -0.2560467 0.0814085 -0.1670039 0.9486424
1769786839.282272 -0.0866006 -0.0531712 -0.0662639 -0.2464106 0.0739493 -0.1686008 0.9515184
1769786839.315604 -0.0866086 -0.0528250 -0.0664454 -0.2428003 0.0724225 -0.1674109 0.9527731
1769786839.382271 -0.0861729 -0.0526595 -0.0663714 -0.2371181 0.0675227 -0.1675107 0.9545448
1769786839.415605 -0.0859883 -0.0525135 -0.0664199 -0.2345231 0.0650098 -0.1679254 0.9552872
1769786839.448936 -0.0860341 -0.0522162 -0.0671655 -0.2306962 0.0628170 -0.1668285 0.9565572
1769786839.482271 -0.0861029 -0.0522053 -0.0670554 -0.2276816 0.0611262 -0.1660589 0.9575224
1769786839.548937 -0.0855781 -0.0519013 -0.0667102 -0.2215315 0.0561885 -0.1659076 0.9592921
1769786839.782270 -0.0851462 -0.0512286 -0.0665570 -0.2055168 0.0311329 -0.1657744 0.9640086
1769786839.815605 -0.0847819 -0.0508865 -0.0660465 -0.2035396 0.0270901 -0.1636906 0.9649058
1769786839.848936 -0.0849031 -0.0510555 -0.0664578 -0.2007075 0.0232652 -0.1610716 0.9660389
1769786839.882271 -0.0852205 -0.0506197 -0.0668040 -0.1994862 0.0192569 -0.1601493 0.9665334
1769786839.915605 -0.0849030 -0.0507395 -0.0666024 -0.1980166 0.0152113 -0.1577086 0.9673086
1769786839.948938 -0.0844329 -0.0513842 -0.0671643 -0.1956196 0.0112406 -0.1538049 0.9684786
1769786840.115604 -0.0843541 -0.0502714 -0.0661611 -0.1919562 0.0078646 -0.1331984 0.9722907
1769786840.148937 -0.0842272 -0.0500622 -0.0661272 -0.1905222 0.0089326 -0.1301142 0.9729809
1769786840.182270 -0.0841605 -0.0514410 -0.0667057 -0.1924715 0.0105227 -0.1294212 0.9726737
1769786840.248936 -0.0831392 -0.0499553 -0.0653688 -0.2061338 0.0135594 -0.1294427 0.9698297
1769786840.382283 -0.0830745 -0.0500636 -0.0654769 -0.2251918 0.0177032 -0.1312146 0.9652761
1769786840.415616 -0.0822714 -0.0491521 -0.0644942 -0.2270450 0.0180498 -0.1302346 0.9649683
1769786840.582282 -0.0825916 -0.0496803 -0.0667227 -0.2329481 0.0167321 -0.1341501 0.9630467
1769786840.682282 -0.0811477 -0.0489119 -0.0653965 -0.2313771 0.0153760 -0.1337736 0.9635003
1769786841.015615 -0.0793350 -0.0487603 -0.0657723 -0.2129411 0.0106983 -0.1327967 0.9679394
1769786841.182282 -0.0788978 -0.0482918 -0.0662736 -0.2036311 0.0093867 -0.1341529 0.9697677
1769786841.348948 -0.0783178 -0.0483451 -0.0658773 -0.1986139 0.0066985 -0.1364619 0.9705080
1769786842.515614 -0.0781815 -0.0495094 -0.0657906 -0.2005685 0.0036853 -0.1308971 0.9708886
1769786842.782280 -0.0782888 -0.0502872 -0.0657401 -0.2078370 0.0043692 -0.1303187 0.9694337
1769786842.848947 -0.0783467 -0.0506137 -0.0657338 -0.2104517 0.0045187 -0.1299949 0.9689123
1769786843.082281 -0.0784728 -0.0520324 -0.0657024 -0.2198302 0.0054542 -0.1309631 0.9666921
1769786843.182280 -0.0784984 -0.0526077 -0.0649659 -0.2249635 0.0055691 -0.1314622 0.9654419
1769786843.215614 -0.0785125 -0.0528394 -0.0652700 -0.2262846 0.0057848 -0.1321206 0.9650420
1769786843.448946 -0.0790104 -0.0538381 -0.0648512 -0.2352905 0.0085360 -0.1322819 0.9628432
1769786843.482280 -0.0790356 -0.0539979 -0.0649037 -0.2364161 0.0089300 -0.1316736 0.9626473
1769786843.582280 -0.0793211 -0.0546055 -0.0646267 -0.2407571 0.0102540 -0.1321004 0.9614990
1769786843.648946 -0.0795724 -0.0550170 -0.0649524 -0.2433194 0.0113227 -0.1328812 0.9607341
1769786844.015613 -0.0808326 -0.0570599 -0.0644405 -0.2574472 0.0188489 -0.1349336 0.9566392
1769786844.048946 -0.0809702 -0.0569798 -0.0641587 -0.2582621 0.0199429 -0.1343736 0.9564762
1769786844.082280 -0.0808916 -0.0571394 -0.0642873 -0.2593614 0.0199357 -0.1350982 0.9560767
1769786844.282280 -0.0814697 -0.0577851 -0.0640986 -0.2648286 0.0234029 -0.1358977 0.9543846
1769786844.315614 -0.0815910 -0.0578680 -0.0640172 -0.2658369 0.0240438 -0.1363165 0.9540285
1769786844.748945 -0.0830119 -0.0585860 -0.0632290 -0.2738166 0.0337296 -0.1379393 0.9512411
1769786844.948946 -0.0836630 -0.0587727 -0.0631011 -0.2760491 0.0376178 -0.1389428 0.9503036
1769786845.082280 -0.0839287 -0.0587682 -0.0632629 -0.2766577 0.0399533 -0.1394003 0.9499641
1769786845.482279 -0.0846621 -0.0586159 -0.0631441 -0.2774092 0.0460473 -0.1425980 0.9489940
1769786845.682278 -0.0849786 -0.0583478 -0.0629161 -0.2766484 0.0484473 -0.1439968 0.9488854
1769786845.815613 -0.0850468 -0.0583300 -0.0630244 -0.2764499 0.0493910 -0.1451570 0.9487178
1769786846.182278 -0.0853408 -0.0579507 -0.0631104 -0.2742664 0.0522868 -0.1463347 0.9490154
1769786846.215612 -0.0853763 -0.0580256 -0.0632193 -0.2743083 0.0522525 -0.1470927 0.9488880
1769786846.882279 -0.0856504 -0.0573845 -0.0633439 -0.2707452 0.0541711 -0.1481473 0.9496394
1769786847.648944 -0.0858463 -0.0571801 -0.0631810 -0.2699702 0.0543882 -0.1492740 0.9496711
1769786847.848944 -0.0858009 -0.0571412 -0.0631277 -0.2697614 0.0541479 -0.1492746 0.9497442
1769786847.915612 -0.0857300 -0.0571016 -0.0630666 -0.2696853 0.0538147 -0.1493840 0.9497675
1769786847.982277 -0.0857647 -0.0571294 -0.0631901 -0.2697536 0.0537164 -0.1495982 0.9497199
1769786848.282279 -0.0856965 -0.0571293 -0.0631484 -0.2697702 0.0534755 -0.1495792 0.9497318
1769786848.415624 -0.0857148 -0.0571089 -0.0632223 -0.2696232 0.0536447 -0.1496251 0.9497567
1769786848.682289 -0.0857169 -0.0570693 -0.0631519 -0.2695532 0.0536511 -0.1493786 0.9498151
1769786849.048955 -0.0857688 -0.0570476 -0.0631524 -0.2695790 0.0537171 -0.1494273 0.9497964
1769786849.515622 -0.0858128 -0.0571509 -0.0632875 -0.2696944 0.0536627 -0.1494763 0.9497590
