1769786753182147840.000000 0.000000000 0.000000000 0.000000000 -0.000000000 -0.000000000 -0.000000000 1.000000000
1769786753415480832.000000 -0.000072647 0.000060172 -0.000183961 0.000277302 0.000152575 0.000182357 0.999999940
1769786754815480576.000000 -0.000054608 0.000075785 0.000051967 -0.000000932 0.000340691 -0.000830698 0.999999583
1769786756815504384.000000 -0.000367232 -0.000312098 0.000339512 -0.000949342 0.001011474 0.000937019 0.999998629
1769786764048831488.000000 0.000396456 -0.000672728 0.000929048 -0.001613978 0.000596582 -0.000311459 0.999998510
1769786767882162176.000000 0.000438268 0.000407857 0.001028431 0.005048878 0.009073117 -0.010416231 0.999891877
1769786767982162432.000000 0.000061557 0.000405067 0.000889110 0.006579919 0.010363614 -0.008053545 0.999892235
1769786768048829696.000000 0.000256203 0.000438748 0.000671222 0.006141699 0.011349381 -0.009664512 0.999870062
1769786768848828928.000000 -0.000754949 0.000534337 0.000672154 0.006271259 0.027101289 -0.011214956 0.999550104
1769786768948829184.000000 -0.000674523 0.000438923 0.000859486 0.005083876 0.028434439 -0.012137783 0.999509037
1769786769282162432.000000 -0.001511921 0.000165866 0.000585178 0.001275466 0.036659896 -0.011855084 0.999256670
1769786769548829440.000000 -0.002190568 -0.000323349 0.000414296 -0.002990177 0.044487465 -0.013499443 0.998914301
1769786769615495424.000000 -0.002782218 -0.000599318 0.000206740 -0.004716714 0.047445960 -0.011684326 0.998794317
1769786769715494656.000000 -0.002063156 -0.000914588 0.000595996 -0.007012874 0.048672047 -0.015461589 0.998670518
1769786769782162688.000000 -0.002731832 -0.000872419 0.000093549 -0.007463304 0.051117145 -0.012870920 0.998581827
1769786769815496192.000000 -0.003089287 -0.001095642 -0.000129610 -0.008569013 0.053250328 -0.012756611 0.998462975
1769786769915494656.000000 -0.003337420 -0.001329171 -0.000009647 -0.011709153 0.055481657 -0.012347016 0.998314679
1769786769982160640.000000 -0.001811929 -0.000928431 0.003028258 -0.013037607 0.056694020 -0.010766956 0.998248398
1769786770315495424.000000 -0.003865801 -0.001422425 0.001363584 -0.023793155 0.064547531 -0.014562088 0.997524679
1769786770348827904.000000 -0.004545990 -0.002902081 -0.000001282 -0.025558440 0.065528750 -0.010704235 0.997465849
1769786770448827904.000000 -0.004486250 -0.003332113 -0.000211994 -0.029200938 0.066821098 -0.010254225 0.997284889
1769786770782176768.000000 -0.007439184 -0.004265389 -0.000974220 -0.040872183 0.074883528 -0.009493086 0.996309102
1769786771082175488.000000 -0.007081971 -0.006321839 -0.000817960 -0.052377246 0.078974694 -0.006692078 0.995477200
1769786771382175232.000000 -0.007037679 -0.007399685 -0.000592497 -0.060573403 0.079348154 -0.005512967 0.994989634
1769786771715508480.000000 -0.007631833 -0.007822645 -0.002159449 -0.065841317 0.078502864 -0.004454399 0.994727314
1769786771782176256.000000 -0.007260059 -0.007722985 -0.002248256 -0.066031530 0.076911166 -0.005582800 0.994833350
1769786771815508992.000000 -0.006846667 -0.007940238 -0.000818199 -0.066911273 0.076173261 -0.006347260 0.994826734
1769786771982174464.000000 -0.006948694 -0.008036170 -0.000894376 -0.066635333 0.073757716 -0.004300706 0.995038211
1769786772315508992.000000 -0.005698313 -0.007936768 -0.001115161 -0.063134059 0.067755453 -0.004143556 0.995693803
1769786772348841472.000000 -0.005679346 -0.007785215 -0.001188885 -0.062412828 0.066479489 -0.004101398 0.995825469
1769786772382173952.000000 -0.005698041 -0.007496583 -0.001182857 -0.061417669 0.065898061 -0.003718559 0.995927453
1769786772482174720.000000 -0.005476729 -0.007129061 -0.001109978 -0.058298130 0.063000962 -0.004375666 0.996299684
1769786772615508736.000000 -0.004758871 -0.006599780 -0.001351589 -0.053203866 0.059103493 -0.005978393 0.996815145
1769786772648841728.000000 -0.004440024 -0.006424280 -0.001021138 -0.052219208 0.057950824 -0.005126009 0.996939600
1769786772715507712.000000 -0.004007750 -0.006265010 -0.000863958 -0.049188506 0.055830900 -0.006903336 0.997204006
1769786772748841728.000000 -0.003866459 -0.006266284 -0.000165309 -0.047494993 0.054829195 -0.007368872 0.997338295
1769786772882173440.000000 -0.003282287 -0.004927642 -0.000803017 -0.039790321 0.050511841 -0.005813032 0.997913599
1769786772915507968.000000 -0.003055477 -0.004799426 -0.000429161 -0.038374174 0.049418207 -0.006264290 0.998021066
1769786772948841728.000000 -0.003011655 -0.004900220 -0.000189878 -0.036876932 0.048637860 -0.006850826 0.998111963
1769786772982174720.000000 -0.002980024 -0.004820195 0.000094580 -0.035695538 0.047513667 -0.007069007 0.998207569
1769786773015507712.000000 -0.002345984 -0.004491422 0.000049766 -0.033370968 0.045841958 -0.007836910 0.998360395
1769786773048840704.000000 -0.002138239 -0.004613020 0.000424172 -0.031912290 0.043962225 -0.008391215 0.998488128
1769786773082173952.000000 -0.002296772 -0.004180185 0.000707670 -0.028915133 0.043374956 -0.007816331 0.998609781
1769786773115507968.000000 -0.002044007 -0.003948386 0.000546133 -0.027325956 0.042061191 -0.008003456 0.998709261
1769786773215507712.000000 -0.001293103 -0.003344506 0.000247515 -0.020591559 0.037467800 -0.010599663 0.999029458
1769786773315508480.000000 -0.000941374 -0.002840423 0.000555920 -0.011665414 0.033635765 -0.011080453 0.999304652
1769786773348840704.000000 -0.000853493 -0.002712548 0.000442692 -0.008481428 0.031871367 -0.011676908 0.999387801
1769786773448841216.000000 -0.000537327 -0.002071211 0.000783599 0.000734671 0.026971690 -0.011821863 0.999566019
1769786773482174464.000000 -0.000381226 -0.002204346 0.000732729 0.003664724 0.025402712 -0.012866928 0.999587774
1769786773548840448.000000 -0.000249881 -0.001317364 0.000920561 0.011082319 0.022425693 -0.013508164 0.999595821
1769786773615507968.000000 -0.000324703 -0.000972679 0.000640662 0.017612401 0.019207804 -0.012507033 0.999582112
1769786773715506944.000000 -0.000423022 -0.000718255 0.000987248 0.026447956 0.011641834 -0.014366296 0.999479175
1769786773748840448.000000 -0.000161592 -0.000370172 0.001024586 0.029733317 0.007865655 -0.015538240 0.999406159
1769786773782174464.000000 -0.000050145 0.000172356 0.000825684 0.033001993 0.004374513 -0.016549841 0.999308705
1769786773815508480.000000 0.000080308 0.000271710 0.000260724 0.035746463 0.001226243 -0.017855743 0.999200642
1769786773848840448.000000 0.000238829 -0.000135962 0.001740938 0.037581030 -0.002513578 -0.019427586 0.999101579
1769786773915507712.000000 0.000255579 0.000448405 0.001958796 0.042860579 -0.009231525 -0.019431302 0.998849452
1769786773948840960.000000 0.000178194 0.000597516 0.002033631 0.045803312 -0.012300449 -0.018319994 0.998706758
1769786774015506944.000000 0.000242659 0.001503645 0.001960332 0.050379295 -0.018841570 -0.016403979 0.998417675
1769786774082174208.000000 0.000396524 0.002224838 0.001757283 0.053340070 -0.023811018 -0.012285570 0.998216927
1769786774115506688.000000 0.000447257 0.002457270 0.001611216 0.055355318 -0.025363287 -0.010600884 0.998088241
1769786774148840448.000000 0.000506030 0.002664273 0.002354761 0.056357201 -0.026162945 -0.007060562 0.998042881
1769786774215506688.000000 0.000808070 0.002987912 0.002090332 0.057326235 -0.025750985 -0.002171621 0.998021007
1769786774248839680.000000 0.000843298 0.003161273 0.002390948 0.050293475 -0.024268378 -0.002222274 0.998437107
1769786774282173696.000000 0.000998030 0.002920236 0.002990157 0.041749619 -0.023632849 -0.002024569 0.998846531
1769786774348840192.000000 0.001129865 0.002939469 0.003995965 0.028480764 -0.022333365 -0.000549989 0.999344707
1769786774382172928.000000 0.001332336 0.003115192 0.004320255 0.023835625 -0.021886939 -0.001725337 0.999474764
1769786774448840448.000000 0.001520783 0.003160296 0.003985194 0.017329605 -0.021990126 -0.001863978 0.999606252
1769786774482173440.000000 0.001571306 0.003453495 0.004360068 0.015206072 -0.021464271 -0.002637325 0.999650478
1769786774782172160.000000 0.002604665 0.002773836 0.005523013 0.010282844 -0.023785068 -0.003685148 0.999657452
1769786774815507968.000000 0.002309813 0.003196928 0.004541341 0.012135727 -0.023743479 -0.004243346 0.999635458
1769786774848840704.000000 0.002030804 0.003378292 0.004676265 0.014038137 -0.023728667 -0.003687667 0.999613106
1769786774882172672.000000 0.002250604 0.003324952 0.004104837 0.017058704 -0.024241189 -0.003149817 0.999555647
1769786774915506944.000000 0.002760300 0.003797190 0.004579014 0.019076098 -0.025366273 -0.004316433 0.999486923
1769786775082173440.000000 0.003595789 0.004425079 0.006197089 0.035045840 -0.027034007 -0.003898939 0.999012411
1769786775115506944.000000 0.003561615 0.004811922 0.005512102 0.039005514 -0.027511694 -0.003635477 0.998853564
1769786775182172416.000000 0.003713380 0.005064900 0.006001298 0.044455551 -0.028074494 -0.002566037 0.998613536
1769786775382172160.000000 0.003991833 0.005332770 0.006854019 0.056935050 -0.029733233 -0.000478505 0.997934937
1769786775515505664.000000 0.004356542 0.005525816 0.007034156 0.063460365 -0.032487500 -0.000436212 0.997455359
1769786776148839680.000000 0.004978768 0.005446052 0.006720391 0.073478341 -0.040226288 0.003362965 0.996479571
1769786776215505920.000000 0.004952232 0.005354445 0.006823912 0.072996035 -0.041447438 0.003618250 0.996464074
1769786776282172928.000000 0.005275574 0.005305554 0.006296794 0.072405763 -0.042757165 0.003272922 0.996452987
1769786776415505920.000000 0.005365511 0.004915925 0.006821502 0.070592552 -0.044615608 0.005193943 0.996493459
1769786776482172160.000000 0.005362901 0.005031997 0.006333617 0.069853194 -0.045519300 0.004841170 0.996506453
1769786776548838656.000000 0.005315648 0.004871989 0.006588070 0.069063269 -0.046205550 0.006810413 0.996518433
1769786776682172160.000000 0.005848504 0.004820700 0.005612025 0.066108130 -0.048807915 0.004633623 0.996607304
1769786776915505664.000000 0.005868504 0.004503600 0.004299819 0.059512176 -0.051510416 0.006209136 0.996878386
1769786776948839168.000000 0.006007810 0.004043149 0.005181700 0.058305748 -0.051182345 0.004130068 0.996977329
1769786777048839680.000000 0.006090926 0.002879447 0.004465944 0.053573318 -0.053050783 0.006375561 0.997133315
1769786777082172416.000000 0.006267523 0.003396501 0.004219117 0.052160408 -0.053856235 0.004041671 0.997177243
1769786777148838656.000000 0.005527205 0.003351750 0.001464705 0.049426071 -0.054241791 0.003832742 0.997296453
1769786777315506688.000000 0.006642729 0.002301217 0.003437395 0.041502491 -0.055971496 0.003410457 0.997563601
1769786777348838656.000000 0.006632882 0.002636791 0.003436388 0.041840941 -0.055595815 0.003798083 0.997569084
1769786777415505408.000000 0.006996354 0.002758391 0.002285797 0.037663057 -0.057640236 0.000707711 0.997626483
1769786777448837632.000000 0.006733313 0.001021348 0.002665126 0.034561705 -0.057078604 0.006145443 0.997752368
1769786777482171904.000000 0.006751979 0.001268085 0.002703137 0.032977231 -0.057500441 0.003498955 0.997794569
1769786777715504640.000000 0.006922651 -0.001057548 0.000662675 0.015352605 -0.059930857 0.006907517 0.998060584
1769786777848838912.000000 0.007222157 -0.002563684 0.000739760 0.007119018 -0.061150152 0.006480214 0.998082161
1769786777915504896.000000 0.006477809 -0.002628832 -0.000524784 0.003475885 -0.059556752 0.011415740 0.998153627
1769786778015504896.000000 0.007094324 -0.003896194 -0.000526948 -0.002978512 -0.060445260 0.013288751 0.998078585
1769786778048837632.000000 0.006177171 -0.003909141 -0.002666837 -0.006373785 -0.058598790 0.010194571 0.998209238
1769786778115504640.000000 0.006474426 -0.004339663 -0.002011688 -0.010012315 -0.060427081 0.000604532 0.998122215
1769786778182170624.000000 0.006641380 -0.005382790 -0.002608746 -0.013509450 -0.060868680 -0.021797137 0.997816324
1769786778215520000.000000 0.006806428 -0.006129198 -0.002230947 -0.015953805 -0.061509326 -0.034341980 0.997387946
1769786778415520000.000000 0.007247651 -0.008341155 -0.003527452 -0.028157031 -0.065745294 -0.106853239 0.991699100
1769786778448852736.000000 0.007053623 -0.008782613 -0.003592785 -0.030281428 -0.065430433 -0.117756389 0.990421832
1769786778482185984.000000 0.007004043 -0.009040867 -0.004200865 -0.031617593 -0.065134823 -0.128317341 0.989086688
1769786778515518976.000000 0.007135932 -0.009602821 -0.003281344 -0.033304505 -0.065984741 -0.139546052 0.987453163
1769786778582185984.000000 0.007358725 -0.010137979 -0.003601010 -0.036214028 -0.067631170 -0.161325112 0.983915031
1769786778615520000.000000 0.007472831 -0.010755942 -0.003432811 -0.038862124 -0.069052868 -0.171636760 0.981968582
1769786778648852480.000000 0.007548672 -0.011250114 -0.003769042 -0.041309189 -0.069341600 -0.182730913 0.979844272
1769786778715519232.000000 0.007411651 -0.012028004 -0.003385448 -0.044356212 -0.070170388 -0.201912567 0.975879073
1769786778748852224.000000 0.007540111 -0.012143089 -0.003825911 -0.045337848 -0.071150914 -0.211382493 0.973755360
1769786778782185216.000000 0.007262031 -0.012610096 -0.004269138 -0.047142927 -0.071052603 -0.220959857 0.971548200
1769786778815521280.000000 0.007345230 -0.012833898 -0.004016683 -0.048992585 -0.071825817 -0.230093211 0.969277024
1769786778848853504.000000 0.007281528 -0.013279221 -0.004137621 -0.050468538 -0.072337180 -0.238628775 0.967096984
1769786778882185216.000000 0.007374627 -0.013711911 -0.004003203 -0.051611893 -0.072701491 -0.247599289 0.964751422
1769786778915519488.000000 0.007300635 -0.013912493 -0.004228889 -0.053027704 -0.073312081 -0.255537659 0.962555945
1769786778948852992.000000 0.007369530 -0.014339611 -0.004370643 -0.054843120 -0.073687337 -0.264440954 0.960017443
1769786778982185472.000000 0.007397300 -0.014738214 -0.004504945 -0.056292068 -0.074851379 -0.272510827 0.957583606
1769786779048851968.000000 0.007265597 -0.015250861 -0.004108734 -0.058668561 -0.075407267 -0.287319601 0.953057826
1769786779182185216.000000 0.007151815 -0.016263537 -0.004314150 -0.064183295 -0.076772995 -0.314719588 0.943895161
1769786779348852224.000000 0.006768228 -0.017801601 -0.004181637 -0.070657164 -0.077713139 -0.343015164 0.933439255
1769786779415519232.000000 0.006434223 -0.018195078 -0.004522133 -0.073026128 -0.077720806 -0.351149887 0.930226028
1769786779515518464.000000 0.006313866 -0.018469604 -0.004498960 -0.075524524 -0.077757791 -0.364875287 0.924724698
1769786779548851200.000000 0.005959955 -0.018645179 -0.004167859 -0.076632433 -0.076937146 -0.367672235 0.923593700
1769786779715518464.000000 0.005637110 -0.019199202 -0.004271825 -0.080439009 -0.073515274 -0.383671075 0.917017817
1769786779782184704.000000 0.005212676 -0.019291271 -0.004895331 -0.082481943 -0.072750323 -0.386594087 0.915668666
1769786780015518976.000000 0.004165411 -0.019576496 -0.004501594 -0.086739272 -0.067118846 -0.391541868 0.913600743
1769786780082185216.000000 0.003828646 -0.019357514 -0.004916829 -0.087189861 -0.064897969 -0.390723348 0.914068639
1769786780182184448.000000 0.003716907 -0.019268738 -0.004876772 -0.088022977 -0.061631545 -0.387815267 0.915452302
1769786780282185728.000000 0.002885440 -0.019064955 -0.004217620 -0.088244557 -0.056634068 -0.382382721 0.918035388
1769786780348851968.000000 0.002566855 -0.019143915 -0.004316391 -0.088486962 -0.053271636 -0.378440619 0.919845045
1769786780382184448.000000 0.002501334 -0.018926468 -0.004580617 -0.088013865 -0.051869936 -0.376827985 0.920632243
1769786780482185216.000000 0.001854687 -0.018279446 -0.004238716 -0.087294333 -0.045587733 -0.367228597 0.924902499
1769786780582184704.000000 0.001175536 -0.017643705 -0.003765387 -0.085945718 -0.038771089 -0.356988609 0.929338157
1769786780615518720.000000 0.001271101 -0.017827602 -0.003663981 -0.086279735 -0.037162475 -0.354758590 0.930226386
1769786780648851200.000000 0.001004924 -0.017376337 -0.003657907 -0.085321173 -0.034555592 -0.350592256 0.931993246
1769786780715517696.000000 0.000633899 -0.016840648 -0.004639338 -0.083132282 -0.028962307 -0.339846522 0.936351776
1769786780748851712.000000 0.000582775 -0.016466346 -0.004797661 -0.081859060 -0.027095255 -0.335027725 0.938254476
1769786780782183936.000000 0.000501597 -0.016299725 -0.004989717 -0.080639772 -0.024620183 -0.329345614 0.940437436
1769786780815520256.000000 0.000276898 -0.016291242 -0.004603853 -0.080354273 -0.022565909 -0.322025120 0.943044960
1769786780848852224.000000 0.000037674 -0.016034935 -0.004239521 -0.079113007 -0.019314153 -0.314280868 0.945830643
1769786780882183936.000000 -0.000195964 -0.015655547 -0.004100032 -0.077656738 -0.016831178 -0.307805747 0.948125422
1769786780915518464.000000 -0.000180365 -0.015274536 -0.004781824 -0.076244496 -0.014301279 -0.300040096 0.950767159
1769786780948852224.000000 -0.000481324 -0.015034902 -0.004956167 -0.075173624 -0.011130301 -0.289565235 0.954136848
1769786780982184704.000000 -0.000392996 -0.014666650 -0.005589121 -0.073284268 -0.008459083 -0.283647001 0.956086934
1769786781048851456.000000 -0.001305595 -0.014001270 -0.005359541 -0.070064545 -0.001371344 -0.263391584 0.962140322
1769786781082184448.000000 -0.001149041 -0.013609025 -0.005790210 -0.067564845 0.000214250 -0.251217961 0.965569496
1769786781115518208.000000 -0.001454656 -0.013421650 -0.005022014 -0.066395052 0.004100744 -0.237555072 0.969093621
1769786781148851200.000000 -0.002024603 -0.012804926 -0.005936348 -0.063638493 0.007095489 -0.224802732 0.972298086
1769786781182183680.000000 -0.002580098 -0.012690949 -0.005593834 -0.061497699 0.011149733 -0.212721616 0.975111902
1769786781248850432.000000 -0.002822777 -0.011901043 -0.005168776 -0.055998132 0.016549269 -0.190022945 0.980041623
1769786781315519744.000000 -0.002805801 -0.011728054 -0.004760174 -0.053169392 0.019654335 -0.173668325 0.983171463
1769786781348850944.000000 -0.002844342 -0.011926904 -0.004186750 -0.052314874 0.022157632 -0.167606279 0.984215617
1769786781415517696.000000 -0.003160920 -0.011300024 -0.004602243 -0.046053868 0.026370376 -0.158679411 0.985902905
1769786781448850688.000000 -0.003563751 -0.011073195 -0.005305747 -0.042649340 0.028031386 -0.158300400 0.986071110
1769786781482184192.000000 -0.002806584 -0.010908841 -0.004072776 -0.040305607 0.029822746 -0.158603698 0.986068428
1769786781548851968.000000 -0.003256264 -0.010875746 -0.003582927 -0.033749182 0.034793619 -0.160002887 0.985925734
1769786781582184192.000000 -0.003235843 -0.010415674 -0.003970874 -0.029552246 0.037383813 -0.161186948 0.985772729
1769786781648851200.000000 -0.003267405 -0.010832956 -0.003771409 -0.023928788 0.042954423 -0.162655443 0.985457063
1769786781682183680.000000 -0.003245234 -0.010736802 -0.003072849 -0.020755108 0.046175655 -0.160274953 0.985773325
1769786781748850944.000000 -0.003133396 -0.010350666 -0.003294894 -0.014166282 0.052061062 -0.163020551 0.985146344
1769786781782183936.000000 -0.002923610 -0.010276184 -0.002259602 -0.010052760 0.055351943 -0.164448842 0.984780014
1769786781915517696.000000 -0.003133716 -0.009406482 -0.003125185 0.001897060 0.070638977 -0.170676351 0.982789993
1769786782048849920.000000 -0.002968160 -0.009364717 -0.002138801 0.007048510 0.088934392 -0.173584580 0.980769813
1769786782082183680.000000 -0.002738186 -0.009424685 -0.002170502 0.008098591 0.093218662 -0.174736023 0.980159223
1769786782115517696.000000 -0.002662940 -0.009417306 -0.001464723 0.007416978 0.098269500 -0.180322722 0.978658140
1769786782215517184.000000 -0.002861365 -0.009015409 -0.002099501 0.009018419 0.108914793 -0.182657421 0.977083683
1769786782282184448.000000 -0.002854117 -0.008501898 -0.001804244 0.008417765 0.114596970 -0.193232745 0.974401295
1769786782448849920.000000 -0.003282981 -0.007571141 -0.000297108 -0.004145222 0.114749976 -0.178172559 0.977276742
1769786782582183424.000000 -0.003051037 -0.007534740 0.000102204 -0.025811963 0.104769573 -0.150065318 0.982770324
1769786782615517184.000000 -0.004088003 -0.006825142 -0.001710649 -0.026152883 0.103147864 -0.141040474 0.984268308
1769786782648849920.000000 -0.003054462 -0.007092948 0.001009829 -0.029658912 0.103242166 -0.139792904 0.984337032
1769786782682182912.000000 -0.003016361 -0.007116335 0.000795692 -0.032166064 0.102353200 -0.134844780 0.985041142
1769786782748850432.000000 -0.003380873 -0.006827622 0.000823829 -0.034058463 0.101548955 -0.125315100 0.986318409
1769786782915516416.000000 -0.003588487 -0.006356929 0.000972600 -0.034921549 0.098646581 -0.105791375 0.988866806
1769786782982183168.000000 -0.003471314 -0.005648096 0.001684594 -0.031719621 0.098798819 -0.102056868 0.989351869
1769786783015516672.000000 -0.003117042 -0.006242300 0.002168381 -0.032229964 0.098416649 -0.100681633 0.989514351
1769786783082183680.000000 -0.003667439 -0.005627066 0.002301452 -0.027873646 0.099803187 -0.097564772 0.989819944
1769786783115516928.000000 -0.003571173 -0.005455729 0.001984740 -0.024546409 0.099110678 -0.093610220 0.990359426
1769786783148850176.000000 -0.003530223 -0.005487322 0.002031854 -0.023161143 0.098888204 -0.096255317 0.990161419
1769786783182182656.000000 -0.003434109 -0.005527167 0.002604439 -0.020374918 0.099595286 -0.093468562 0.990418732
1769786783382183168.000000 -0.003957131 -0.004713175 0.002400222 -0.001515744 0.102003992 -0.091392100 0.990575790
1769786783415516928.000000 -0.004009404 -0.004466246 0.002261314 0.001341030 0.102187783 -0.091882028 0.990511775
1769786783915515904.000000 -0.004173848 -0.003768764 0.003458988 0.026368432 0.110007524 -0.083293572 0.990083456
1769786784582182912.000000 -0.014818756 -0.001951220 -0.013203958 0.032737561 0.123025388 -0.075674884 0.988972366
1769786784615516672.000000 -0.006862433 -0.003381202 0.000322624 0.031349264 0.122874431 -0.076787971 0.988950312
1769786784748849152.000000 -0.011211195 -0.004847490 -0.008257598 0.027091086 0.127143562 -0.076707758 0.988542616
1769786785182181376.000000 -0.005337331 -0.006766303 0.006760926 0.012387105 0.133448377 -0.073246032 0.988267720
1769786785248849152.000000 -0.008577536 -0.007771461 0.002886170 0.007818505 0.134600997 -0.079986416 0.987635374
1769786785315516928.000000 -0.005661044 -0.006015338 0.005653321 0.005813843 0.134307325 -0.078020565 0.987846434
1769786785382181376.000000 -0.006138181 -0.006069045 0.003776259 0.002665657 0.135197803 -0.077706948 0.987763226
1769786785848849152.000000 -0.001276932 -0.011891971 0.016571412 -0.027787941 0.141841605 -0.083383046 0.985979736
1769786786848854272.000000 -0.004349529 -0.018361663 0.012243334 -0.099192470 0.146537378 -0.069684997 0.981749296
1769786787182187008.000000 -0.003144057 -0.020478206 0.013438660 -0.120312050 0.139342859 -0.067300208 0.980601490
1769786787682186240.000000 -0.004029226 -0.023313845 0.010563883 -0.141225234 0.127313614 -0.062478568 0.979766905
1769786787782186496.000000 -0.003595415 -0.022848938 0.010380418 -0.141489252 0.121765859 -0.067195348 0.980121791
1769786788048853248.000000 -0.003045603 -0.024310365 0.009954369 -0.147061124 0.114678800 -0.059847768 0.980632484
1769786788382185728.000000 -0.001735649 -0.024173908 0.009658571 -0.146670267 0.102516152 -0.060278554 0.982010603
1769786788415520000.000000 -0.001230537 -0.024155123 0.008863018 -0.146190047 0.102254115 -0.060102805 0.982120275
1769786788548853760.000000 -0.001595352 -0.024811732 0.008386080 -0.144137964 0.096369356 -0.057725199 0.983160734
1769786788615520768.000000 -0.000451497 -0.023954980 0.009847838 -0.142562062 0.093172729 -0.060243972 0.983547449
1769786788648852736.000000 -0.000854439 -0.024262350 0.008848691 -0.141960755 0.092137910 -0.059386306 0.983784020
1769786788748853504.000000 0.000003841 -0.024200788 0.009229778 -0.138162255 0.087841623 -0.058967300 0.984742582
1769786788848853248.000000 0.000499698 -0.023697983 0.008435606 -0.134230271 0.082435235 -0.059051935 0.985748231
1769786788882185984.000000 0.000824774 -0.022995856 0.009114026 -0.132568359 0.080548242 -0.060168277 0.986061573
1769786788915519488.000000 0.000614919 -0.023308523 0.007425565 -0.131754383 0.079128943 -0.059584700 0.986320972
1769786788948853760.000000 0.001729594 -0.022522328 0.009718137 -0.129853472 0.077227503 -0.060508545 0.986667514
1769786788982185728.000000 0.002572844 -0.021872617 0.011077701 -0.127840161 0.074967504 -0.059370045 0.987173736
1769786789015519744.000000 0.001077920 -0.022681488 0.007959957 -0.126666933 0.074694082 -0.057054244 0.987482190
1769786789048854272.000000 0.002178432 -0.022759851 0.008863186 -0.125310808 0.071778387 -0.059290547 0.987739682
1769786789082186752.000000 0.002308592 -0.022380561 0.008267108 -0.123692237 0.070381016 -0.059136439 0.988053501
1769786789215519744.000000 0.003476564 -0.021264266 0.008069275 -0.115120240 0.063575692 -0.058913361 0.989562869
1769786789248852480.000000 0.004425547 -0.020541659 0.009822032 -0.113407880 0.061935857 -0.059193615 0.989847839
1769786789282186496.000000 0.004171166 -0.021190401 0.008299933 -0.111536250 0.061370946 -0.056184065 0.990270972
1769786789315521024.000000 0.003974918 -0.020349424 0.007342350 -0.109570153 0.059154350 -0.058841191 0.990471065
1769786789348852736.000000 0.004131667 -0.019851403 0.007577457 -0.106904313 0.057455778 -0.059139002 0.990844548
1769786789382185216.000000 0.004460334 -0.019624921 0.007164094 -0.105175294 0.055437203 -0.059232842 0.991138935
1769786789448852480.000000 0.004816197 -0.019380232 0.006582954 -0.100924917 0.053064369 -0.058778021 0.991737604
1769786789482185728.000000 0.005423918 -0.019017845 0.007239505 -0.098440208 0.051026039 -0.058840126 0.992090583
1769786789515518976.000000 0.005249518 -0.018608117 0.006959481 -0.096897490 0.050712477 -0.059564304 0.992215335
1769786789548851712.000000 0.005309815 -0.018600719 0.007353450 -0.095501244 0.049618341 -0.059499197 0.992409885
1769786789582185472.000000 0.005434031 -0.018701602 0.007882657 -0.093665861 0.048608292 -0.057748910 0.992738128
1769786789648852480.000000 0.006138437 -0.017967582 0.007024803 -0.089591265 0.044861898 -0.060744978 0.993111730
1769786789682185216.000000 0.006233254 -0.018106783 0.007918922 -0.085734777 0.043478511 -0.060701914 0.993516266
1769786789715518976.000000 0.006541753 -0.017583376 0.007467385 -0.083212323 0.042102560 -0.063010350 0.993646204
1769786789782184960.000000 0.007034351 -0.016842024 0.006723879 -0.075958088 0.037466150 -0.066002600 0.994218469
1769786789815521280.000000 0.006961445 -0.016968371 0.008011333 -0.073475100 0.036828265 -0.065136246 0.994485974
1769786789915518976.000000 0.007082829 -0.016264867 0.006982538 -0.062751904 0.031458531 -0.066541575 0.995311439
1769786789948852736.000000 0.007262338 -0.015924660 0.006724112 -0.059557512 0.029218754 -0.067236394 0.995529234
1769786790048851968.000000 0.007641118 -0.015512582 0.007432897 -0.049701869 0.023381379 -0.066867255 0.996248901
1769786790082185728.000000 0.007620245 -0.015664164 0.008094766 -0.046469301 0.022014404 -0.065283969 0.996541023
1769786790115518976.000000 0.007778947 -0.015212229 0.007777061 -0.042755820 0.019734986 -0.065778442 0.996722519
1769786790282186496.000000 0.007856717 -0.015326883 0.009277608 -0.029620189 0.006335342 -0.066218376 0.997345328
1769786790382184704.000000 0.008389807 -0.014398346 0.008261257 -0.020908510 -0.005642472 -0.066802427 0.997531176
1769786790415518720.000000 0.008210109 -0.013981073 0.007784548 -0.017149366 -0.009954901 -0.066459171 0.997592092
1769786790448851712.000000 0.009229658 -0.014088657 0.009630880 -0.014988166 -0.014803542 -0.066534869 0.997561693
1769786790548853760.000000 0.009500332 -0.013371705 0.010055523 -0.006896004 -0.027669139 -0.062031381 0.997666776
1769786790715518464.000000 0.008706752 -0.012075481 0.008177135 -0.004002851 -0.034413803 -0.040302008 0.998586714
1769786790748851712.000000 0.009161337 -0.011828221 0.009136146 -0.002960278 -0.035004839 -0.037155166 0.998691857
1769786790848851968.000000 0.009972447 -0.012576150 0.012692225 -0.021803265 -0.030574525 -0.039835632 0.998500347
1769786790948851968.000000 0.009854045 -0.012148107 0.011469190 -0.038843866 -0.028053788 -0.039410863 0.998073637
1769786791015518464.000000 0.009891960 -0.011291867 0.010096277 -0.044250958 -0.028448671 -0.042134058 0.997726083
1769786791115518208.000000 0.011161596 -0.010629946 0.010242130 -0.048756793 -0.029652463 -0.043764092 0.997410774
1769786791282184960.000000 0.011239431 -0.009917558 0.012564016 -0.047243714 -0.029919339 -0.044143438 0.997458935
1769786791382183680.000000 0.012197193 -0.009358061 0.009985431 -0.044183299 -0.032667015 -0.048705369 0.997300625
1769786791415517952.000000 0.012327283 -0.009664990 0.011373352 -0.042763740 -0.032513577 -0.047775093 0.997412503
1769786791648850944.000000 0.012273880 -0.008260014 0.010971129 -0.024097020 -0.030844012 -0.047090020 0.998123527
1769786791748850944.000000 0.012377617 -0.007831363 0.011046069 -0.017969787 -0.030905006 -0.048494738 0.998183489
1769786792348851456.000000 0.013238206 -0.007642458 0.011165851 -0.001397575 -0.034843713 -0.044431441 0.998403609
1769786792782182912.000000 0.013395597 -0.007897533 0.011164982 -0.000961952 -0.040084496 -0.042859688 0.998276234
1769786792848851456.000000 0.013520742 -0.007826013 0.010819701 -0.001305470 -0.041107025 -0.040891524 0.998316765
1769786792982182912.000000 0.013621784 -0.008260293 0.010742584 -0.004356042 -0.043363590 -0.042486977 0.998145998
1769786793082183936.000000 0.013902972 -0.008569158 0.010583309 -0.005756200 -0.043943368 -0.040524837 0.998195171
1769786793315518464.000000 0.013941691 -0.008845779 0.009409145 -0.011340261 -0.046772964 -0.038769767 0.998088479
1769786793415517696.000000 0.013700851 -0.009225860 0.010244014 -0.014179625 -0.047113888 -0.037829157 0.998072267
1769786793448849664.000000 0.014044132 -0.009384745 0.009974666 -0.016077215 -0.047688380 -0.039747752 0.997941613
1769786793515516160.000000 0.013398122 -0.008379165 0.005519152 -0.016270442 -0.048756134 -0.038317110 0.997942865
1769786793815518720.000000 0.014200249 -0.010740166 0.008967987 -0.030295407 -0.050952572 -0.041741550 0.997368395
1769786793848850176.000000 0.014467717 -0.011185257 0.010195990 -0.033345554 -0.051648647 -0.042734891 0.997193158
1769786793882182656.000000 0.014510422 -0.011460508 0.009294862 -0.035553258 -0.051931221 -0.042805076 0.997099221
1769786793948870400.000000 0.014456291 -0.012174089 0.009390385 -0.040378474 -0.052111119 -0.042567953 0.996916234
1769786794048868352.000000 0.014638412 -0.013042995 0.008519989 -0.045648511 -0.052450780 -0.043210436 0.996643364
1769786794215536640.000000 0.014517838 -0.014681375 0.008030093 -0.057729680 -0.052075662 -0.044017334 0.996000946
1769786794248869120.000000 0.014068506 -0.015210875 0.008119336 -0.059772823 -0.051690653 -0.041328844 0.996015728
1769786794348869376.000000 0.013925365 -0.016153311 0.005560200 -0.065119728 -0.051364105 -0.038840506 0.995797455
1769786794382201856.000000 0.014149881 -0.016432166 0.007732212 -0.068433613 -0.051820360 -0.038721602 0.995556176
1769786794415536384.000000 0.014002510 -0.017004335 0.007730129 -0.070778333 -0.051401846 -0.039338402 0.995389760
1769786794482202624.000000 0.014536505 -0.018054137 0.012574865 -0.076194339 -0.050798852 -0.035202280 0.995175719
1769786794515535616.000000 0.014204300 -0.018101292 0.007999670 -0.078987196 -0.051181205 -0.039851684 0.994762957
1769786794615536640.000000 0.013815777 -0.018885002 0.006989738 -0.084832385 -0.053500582 -0.058235161 0.993252158
1769786794648869632.000000 0.014140001 -0.019913403 0.008487750 -0.087333567 -0.054571118 -0.069801241 0.992231131
1769786794682202112.000000 0.014351163 -0.020433698 0.008656736 -0.089479804 -0.056851614 -0.081818976 0.990992904
1769786794715535616.000000 0.013266914 -0.020132093 0.006984498 -0.091188766 -0.056582715 -0.091798164 0.989977837
1769786794748868608.000000 0.013508656 -0.019513397 0.005747757 -0.092940107 -0.058114149 -0.103912145 0.988527775
1769786794982201600.000000 0.013847112 -0.023061408 0.003877681 -0.107458882 -0.068185836 -0.187441885 0.973996341
1769786795082202624.000000 0.013764744 -0.025009237 0.005197109 -0.113396034 -0.070792988 -0.218245938 0.966694593
1769786795115535616.000000 0.013397501 -0.025023950 0.003870006 -0.115168214 -0.071809098 -0.228443414 0.964050531
1769786795248868352.000000 0.013669157 -0.026540339 0.003293710 -0.121963173 -0.077324033 -0.269356877 0.952151716
1769786795282203136.000000 0.013630296 -0.027089134 0.003987857 -0.124382161 -0.079245873 -0.277562886 0.949319780
1769786795382201344.000000 0.013598578 -0.028029298 0.003399370 -0.128130987 -0.082872920 -0.301617086 0.941138506
1769786795615536128.000000 0.012633643 -0.030277437 0.004253779 -0.137793005 -0.087952994 -0.350925565 0.922024250
1769786795682201344.000000 0.012110664 -0.030414889 0.002457951 -0.139511824 -0.088837422 -0.361217111 0.917696357
1769786795815537408.000000 0.011820083 -0.031760950 0.003498234 -0.144382805 -0.091356926 -0.384221762 0.907293320
1769786795848868864.000000 0.011780579 -0.032181453 0.001822282 -0.145352647 -0.091039754 -0.388227314 0.905463398
1769786796015534592.000000 0.010819109 -0.033175487 0.002936975 -0.150790691 -0.091282710 -0.409585953 0.895080447
1769786796048867840.000000 0.010807104 -0.033170305 0.002854716 -0.151369557 -0.091215022 -0.413303643 0.893278897
1769786796148868096.000000 0.010214045 -0.033618137 0.003781980 -0.153331384 -0.089555092 -0.421582043 0.889234483
1769786796182200832.000000 0.010063143 -0.033673886 0.003795622 -0.154071510 -0.088544436 -0.423331857 0.888376057
1769786796682201088.000000 0.007532787 -0.033837449 0.002941988 -0.160707816 -0.074485399 -0.427777737 0.886358380
1769786796748867072.000000 0.007248306 -0.033356853 0.003113659 -0.160264567 -0.071219757 -0.424394310 0.888331354
1769786796882200832.000000 0.006363072 -0.032642007 0.002980152 -0.159483418 -0.062853977 -0.416052848 0.893036664
1769786796982200576.000000 0.005625292 -0.032247968 0.002552867 -0.158321649 -0.055435348 -0.406529754 0.898106217
1769786797015534080.000000 0.005578032 -0.031998254 0.002213130 -0.157989562 -0.053697247 -0.403233051 0.899755001
1769786797048867840.000000 0.005394985 -0.031756151 0.002433535 -0.157654747 -0.051259175 -0.400063246 0.901369452
1769786797082201344.000000 0.005130734 -0.031336661 0.002423053 -0.156889573 -0.048246611 -0.395814121 0.903542519
1769786797148868352.000000 0.004670174 -0.031170703 0.001530036 -0.155908853 -0.043149222 -0.387175530 0.907703519
1769786797182200320.000000 0.004438981 -0.030475790 0.001973773 -0.154736042 -0.040124543 -0.381445765 0.910464644
1769786797215534848.000000 0.004395792 -0.030431025 0.002465624 -0.153947562 -0.037641305 -0.376454413 0.912778974
1769786797248868096.000000 0.004102525 -0.030132137 0.002000083 -0.153317139 -0.034354057 -0.370739102 0.915350318
1769786797282201856.000000 0.003708711 -0.029832305 0.002008666 -0.152710974 -0.030887019 -0.363159597 0.918607891
1769786797315535872.000000 0.003645488 -0.029609237 0.002099402 -0.151438847 -0.028169131 -0.356527388 0.921499312
1769786797348868096.000000 0.003425885 -0.028991934 0.001833135 -0.150034323 -0.024739174 -0.349786997 0.924406171
1769786797382200576.000000 0.003190382 -0.028633237 0.001647422 -0.148252234 -0.021326769 -0.341512233 0.927866340
1769786797448867072.000000 0.002285723 -0.027355261 0.001145554 -0.144458964 -0.012878861 -0.323185116 0.935156226
1769786797515533824.000000 0.001541469 -0.027010074 0.000343814 -0.141480580 -0.005246126 -0.302044719 0.942721963
1769786797548866560.000000 0.001100285 -0.025937827 -0.000454553 -0.139520258 -0.001309213 -0.291170627 0.946441770
1769786797582200576.000000 0.001083125 -0.025617173 0.000063541 -0.137333378 0.003103749 -0.278825253 0.950466394
1769786797648868096.000000 0.001053469 -0.025169916 0.001458997 -0.132678747 0.011101539 -0.257284760 0.957119465
1769786797748867072.000000 -0.000112643 -0.024053849 0.000197533 -0.126845807 0.020845216 -0.224845201 0.965878010
1769786797848867328.000000 -0.000101507 -0.023215696 0.001727984 -0.120094143 0.028783154 -0.204450428 0.971055627
1769786797882200320.000000 -0.000687050 -0.023194289 -0.000074743 -0.117173217 0.030747253 -0.202538535 0.971752644
1769786797915534592.000000 -0.000325608 -0.022947829 0.001585099 -0.113646299 0.032580886 -0.202687666 0.972080648
1769786798015533568.000000 -0.000241783 -0.022376832 0.001753603 -0.103587314 0.038461041 -0.203749180 0.972767532
1769786798048867072.000000 0.000167598 -0.022804791 0.002589322 -0.101571351 0.040267363 -0.208360508 0.971929908
1769786798115533824.000000 0.000079331 -0.022400122 0.001463385 -0.094268352 0.045298394 -0.206834927 0.972769678
1769786798148867328.000000 -0.000454888 -0.021905804 0.000932724 -0.090019353 0.048599903 -0.207504675 0.972870231
1769786798182200576.000000 -0.000410456 -0.021924175 0.001728189 -0.087773643 0.051460858 -0.209803477 0.972435117
1769786798215534080.000000 -0.000396012 -0.021828877 0.002057823 -0.084417768 0.054946277 -0.208967850 0.972721457
1769786798248866816.000000 -0.000225807 -0.021733046 0.002667728 -0.080416940 0.057927616 -0.209721297 0.972725272
1769786798315534080.000000 -0.000145028 -0.021426817 0.002170351 -0.073597051 0.063836478 -0.213268489 0.972123921
1769786798348867584.000000 -0.000534946 -0.021306051 0.002404502 -0.070526570 0.068593726 -0.212089598 0.972285450
1769786798382200064.000000 0.000121686 -0.021104982 0.002389092 -0.068018414 0.071888350 -0.216324955 0.971292496
1769786798415533568.000000 0.000139525 -0.021038493 0.003111744 -0.065940179 0.076309256 -0.217918396 0.970742166
1769786798448865792.000000 -0.000295590 -0.020575965 0.003039405 -0.062915325 0.082135335 -0.217103943 0.970649958
1769786798615534592.000000 0.000264128 -0.020298049 0.002722762 -0.057391405 0.101239160 -0.229430407 0.966342866
1769786798648866816.000000 0.000689299 -0.020635765 0.003682005 -0.058593851 0.103914991 -0.230370611 0.965762854
1769786798682199808.000000 0.000928931 -0.020387219 0.004215941 -0.058374263 0.107321717 -0.233427718 0.964668870
1769786798948867072.000000 0.000508947 -0.019252565 0.005714754 -0.078689277 0.112167917 -0.215530559 0.966836572
1769786799082199808.000000 -0.001346644 -0.018168254 0.003182082 -0.092971288 0.108639486 -0.188731432 0.971562803
1769786799182199552.000000 -0.000061980 -0.017167132 0.006861090 -0.097883292 0.108693928 -0.173060998 0.973988950
1769786799315533312.000000 -0.000296558 -0.016587550 0.006904316 -0.099699154 0.108097561 -0.155660346 0.976803362
1769786799348866560.000000 -0.000958378 -0.016467987 0.006356809 -0.098976508 0.109362781 -0.152563944 0.977224469
1769786799415533568.000000 -0.000699608 -0.016057607 0.006618199 -0.095942929 0.108981684 -0.147914872 0.978283823
1769786799448866304.000000 -0.001012295 -0.016382983 0.006700316 -0.095794842 0.109368294 -0.145476550 0.978620768
1769786799582199296.000000 -0.000732768 -0.015625337 0.007665174 -0.087093696 0.109486237 -0.138862222 0.980379939
1769786799782199040.000000 -0.000732846 -0.014978245 0.008005407 -0.069294244 0.111122146 -0.136651471 0.981924951
1769786799915532288.000000 -0.001120534 -0.014485084 0.007584831 -0.059250508 0.111552425 -0.137572467 0.982404828
1769786800982198016.000000 -0.001964011 -0.013649667 0.009529472 -0.030933579 0.131696254 -0.129453078 0.982314169
1769786801115532032.000000 -0.002390632 -0.013761315 0.009639212 -0.032014277 0.134993628 -0.127027422 0.982148588
1769786801248864512.000000 -0.002448187 -0.013887624 0.009195292 -0.034678541 0.137083486 -0.128212988 0.981614470
1769786801348865024.000000 -0.002969531 -0.013841754 0.008844654 -0.036230456 0.139009848 -0.126340598 0.981530249
1769786801715531008.000000 -0.003388280 -0.014952172 0.009281712 -0.048607368 0.144492194 -0.120316446 0.980960369
1769786803882214656.000000 -0.006965206 -0.026912995 0.003641200 -0.185363397 0.147542059 -0.100258783 0.966343641
1769786804315547648.000000 -0.009630395 -0.030927507 -0.004633647 -0.199497640 0.136401191 -0.096146487 0.965583384
1769786804348881664.000000 -0.009097046 -0.031266481 -0.002976249 -0.200566456 0.135234669 -0.094027095 0.965734780
1769786804448880128.000000 -0.010723404 -0.031517234 -0.008064874 -0.202691898 0.133302599 -0.096036799 0.965361774
1769786804548880640.000000 -0.007807301 -0.031653441 -0.001192786 -0.203646898 0.129535779 -0.095042922 0.965771854
1769786804615548672.000000 -0.008513100 -0.031717762 -0.003257436 -0.203029677 0.128495663 -0.090079322 0.966516197
1769786804682214400.000000 -0.006959067 -0.031885967 -0.000703424 -0.204596281 0.124762319 -0.095254280 0.966178775
1769786804782213632.000000 -0.006901048 -0.031940825 -0.000375432 -0.204663247 0.122964606 -0.091816336 0.966727734
1769786804815549184.000000 -0.006862462 -0.031952374 -0.001269203 -0.204030931 0.121337228 -0.091920175 0.967057109
1769786805015546624.000000 -0.005305275 -0.031820022 0.000302146 -0.201661259 0.113112077 -0.090479136 0.968685687
1769786805082213888.000000 -0.005063451 -0.031579752 -0.000424534 -0.200142011 0.110292606 -0.091312371 0.969247520
1769786805248880384.000000 -0.003551743 -0.030922484 0.000915129 -0.195465192 0.102261990 -0.093223780 0.970899165
1769786805348880896.000000 -0.002967579 -0.030703602 0.000484723 -0.191577792 0.098004721 -0.091186099 0.972305596
1769786805515546880.000000 -0.001364105 -0.029759178 0.001871771 -0.183639839 0.090171367 -0.088249877 0.974862814
1769786805548880128.000000 -0.001114849 -0.029524118 0.001488401 -0.182727888 0.088417374 -0.089448988 0.975085557
1769786805615547904.000000 -0.000785371 -0.029210018 0.001559607 -0.179233104 0.084832050 -0.090423293 0.975962460
1769786805648880128.000000 0.000616048 -0.027902016 0.003182272 -0.176757857 0.082947910 -0.090530545 0.976565659
1769786805682213632.000000 0.000753516 -0.028557412 0.001232309 -0.174912646 0.080384195 -0.089386575 0.977217495
1769786805715547392.000000 0.000804925 -0.028273884 0.001237727 -0.173280686 0.078721404 -0.090492100 0.977541804
1769786805782212608.000000 0.001797972 -0.027706893 0.001976652 -0.169758558 0.075089432 -0.089855306 0.978503764
1769786805915547136.000000 0.002720021 -0.026823949 0.002285783 -0.162402377 0.068970382 -0.090558283 0.980136573
1769786805948880640.000000 0.002813962 -0.026473999 0.000724254 -0.159422815 0.066780142 -0.089857921 0.980841696
1769786805982213120.000000 0.003416603 -0.026473081 0.002181555 -0.158075228 0.065657124 -0.090195544 0.981104553
1769786806015546368.000000 0.003744074 -0.026084382 0.002052119 -0.155520394 0.063227981 -0.090663917 0.981629074
1769786806082213120.000000 0.004388068 -0.025681442 0.003027924 -0.151019499 0.060181852 -0.090949714 0.982496500
1769786806115546880.000000 0.004831648 -0.025389280 0.003209855 -0.148662210 0.057754304 -0.091738932 0.982928276
1769786806148880128.000000 0.005163051 -0.025435466 0.004152418 -0.145996422 0.056601852 -0.092182063 0.983353317
1769786806182212608.000000 0.005153934 -0.025057867 0.002882217 -0.142535135 0.054949444 -0.092762567 0.983900070
1769786806215546368.000000 0.005783389 -0.025408966 0.004943631 -0.141332716 0.052230626 -0.093575634 0.984144628
1769786806282213888.000000 0.005954296 -0.024129957 0.003855760 -0.132027805 0.049271595 -0.094579630 0.985492587
1769786806415546880.000000 0.006585664 -0.023585454 0.004160097 -0.119081080 0.041018330 -0.095372505 0.987441778
1769786806582212608.000000 0.007124872 -0.022797620 0.003477938 -0.104544096 0.030906366 -0.096349493 0.989359438
1769786806615547136.000000 0.007151118 -0.022998096 0.005440723 -0.101082459 0.029876832 -0.095851451 0.989799082
1769786806648879872.000000 0.006965642 -0.022773951 0.004201906 -0.097262591 0.027083319 -0.094009556 0.990438640
1769786806715546112.000000 0.007249665 -0.022656718 0.004853608 -0.092677668 0.020828214 -0.095037140 0.990931392
1769786806782212352.000000 0.006826706 -0.021871500 0.004346215 -0.086455517 0.014059967 -0.095152326 0.991601646
1769786806848880384.000000 0.007397224 -0.021635765 0.003829670 -0.080132045 0.004824005 -0.093734294 0.992355585
1769786806882212608.000000 0.007457302 -0.021420030 0.004340754 -0.078969151 0.001828924 -0.090973750 0.992715657
1769786806915546624.000000 0.007786386 -0.021374131 0.005758221 -0.076560169 -0.002458660 -0.092291467 0.992781341
1769786806982212352.000000 0.007414357 -0.021450043 0.004084658 -0.071248293 -0.010185339 -0.086733893 0.993628323
1769786807015546368.000000 0.007589586 -0.020674627 0.004456323 -0.069471121 -0.013644882 -0.084098607 0.993939161
1769786807148879616.000000 0.008278540 -0.020105377 0.004704911 -0.066932879 -0.021940170 -0.073162884 0.994829535
1769786807182212608.000000 0.008368886 -0.019997086 0.006480674 -0.066601306 -0.021205796 -0.065998890 0.995368659
1769786807215546112.000000 0.008135381 -0.019676207 0.005930190 -0.065890670 -0.019604856 -0.064245954 0.995563447
1769786807315545856.000000 0.008698394 -0.019518565 0.007206868 -0.084619924 -0.015559442 -0.066289723 0.994084060
1769786807415546368.000000 0.009345151 -0.019423751 0.007632069 -0.100879937 -0.013449905 -0.068520181 0.992445111
1769786807448879104.000000 0.009365046 -0.019349508 0.008029023 -0.104502641 -0.013000132 -0.067087635 0.992174089
1769786807548878336.000000 0.009377754 -0.019144185 0.007608639 -0.110297687 -0.012078802 -0.069148272 0.991416693
1769786807582212352.000000 0.009605042 -0.019014640 0.007567166 -0.110886298 -0.012560050 -0.069774196 0.991301179
1769786807615546624.000000 0.009134287 -0.018980112 0.007153256 -0.111977577 -0.012693182 -0.070131086 0.991151631
1769786807648879104.000000 0.009542826 -0.018640578 0.007322470 -0.112311594 -0.012917570 -0.070884615 0.991057336
1769786807748878592.000000 0.010145399 -0.019177610 0.007763117 -0.110896200 -0.013192719 -0.070183516 0.991262972
1769786807982211584.000000 0.010837258 -0.017523188 0.007330702 -0.097030304 -0.013489709 -0.075693630 0.992307246
1769786808082212096.000000 0.011015259 -0.017256280 0.007406032 -0.089616865 -0.013730568 -0.074661709 0.993079007
1769786808115545344.000000 0.010777119 -0.017275097 0.007271568 -0.087787904 -0.012903875 -0.072908632 0.993383706
1769786808182211328.000000 0.011417884 -0.016966710 0.007429887 -0.084353179 -0.014361744 -0.076650992 0.993379593
1769786808215545088.000000 0.011294657 -0.017026849 0.007543747 -0.082426921 -0.014358454 -0.075709648 0.993613482
1769786808482211328.000000 0.011673401 -0.016162392 0.008272917 -0.069707379 -0.015556284 -0.075599067 0.994577169
1769786808648878592.000000 0.011871484 -0.016391896 0.008521466 -0.066949509 -0.017293794 -0.074711554 0.994804919
1769786808715544576.000000 0.011899495 -0.016316336 0.008230087 -0.066154644 -0.017660625 -0.073357627 0.994952440
1769786809015544064.000000 0.011936740 -0.016117912 0.008252232 -0.062670648 -0.020574396 -0.071653269 0.995246172
1769786809948914432.000000 0.012773179 -0.018887224 0.006788022 -0.083320841 -0.031468894 -0.067553706 0.993732333
1769786809982246400.000000 0.012890843 -0.018938204 0.006606824 -0.083295301 -0.032280922 -0.067007117 0.993745387
1769786810082247680.000000 0.012685777 -0.019476673 0.006229523 -0.088254377 -0.032502826 -0.067678459 0.993264496
1769786810148913920.000000 0.012905869 -0.020449091 0.005861801 -0.092447989 -0.033776689 -0.064995930 0.993019640
1769786810515579392.000000 0.012655836 -0.023522923 0.005669637 -0.113799192 -0.035493530 -0.065226570 0.990724742
1769786810615580672.000000 0.012080053 -0.023747951 -0.001907874 -0.118303016 -0.035523530 -0.069056004 0.989936233
1769786810748912384.000000 0.012525431 -0.024594521 0.004900696 -0.128602326 -0.036649175 -0.069239445 0.988597095
1769786810782246144.000000 0.012850381 -0.025655767 0.004450237 -0.132051066 -0.036424872 -0.068712838 0.988187373
1769786810848914432.000000 0.012698165 -0.026144860 0.002865019 -0.134783372 -0.035315845 -0.064503208 0.988142490
1769786810948913152.000000 0.013566614 -0.027136363 0.006455862 -0.143690810 -0.036306739 -0.068479583 0.986582696
1769786810982245888.000000 0.012889398 -0.027760576 0.006319434 -0.146139205 -0.035142839 -0.064281687 0.986547649
1769786811015579136.000000 0.011628547 -0.028033316 0.002841441 -0.148492649 -0.033359222 -0.063145615 0.986331463
1769786811082246144.000000 0.012614030 -0.029343031 0.006398621 -0.152826250 -0.037687823 -0.083686061 0.983981907
1769786811115579904.000000 0.012968658 -0.029226366 0.006689138 -0.155426979 -0.040359255 -0.096159175 0.982327342
1769786811148912640.000000 0.012876979 -0.029044796 0.007595146 -0.157470405 -0.043124281 -0.110259391 0.980401099
1769786811248913152.000000 0.014075301 -0.030113231 0.009823808 -0.165459111 -0.049930286 -0.145496622 0.974146307
1769786811315579392.000000 0.013273747 -0.029131053 0.013006301 -0.167829916 -0.051679444 -0.167130738 0.970169961
1769786811348913664.000000 0.012229624 -0.028741196 0.007723331 -0.171132207 -0.053215999 -0.179438889 0.967307389
1769786811382246144.000000 0.013248775 -0.029450074 0.011052586 -0.173305750 -0.056846719 -0.190017909 0.964690030
1769786811415579904.000000 0.011971779 -0.031150835 0.006296538 -0.174381554 -0.058146048 -0.204249546 0.961505234
1769786811448912128.000000 0.013450561 -0.030118477 0.013042073 -0.177756146 -0.060325358 -0.215260848 0.958345652
1769786811515578624.000000 0.013275858 -0.030446477 0.010357562 -0.180127129 -0.064164020 -0.235702261 0.952828228
1769786811548912128.000000 0.013204282 -0.031308036 0.012134943 -0.184134558 -0.066638254 -0.246133342 0.949248195
1769786811748912896.000000 0.013371979 -0.032531258 0.011303172 -0.192329630 -0.077163629 -0.301907808 0.930541158
1769786811815579392.000000 0.012342204 -0.033467889 0.007476677 -0.195356339 -0.080840290 -0.318463713 0.924057126
1769786812015578624.000000 0.012180693 -0.034437429 0.013807897 -0.204840630 -0.090203509 -0.366009742 0.903294265
1769786812048911360.000000 0.013074883 -0.035037283 0.011716790 -0.205859557 -0.091825224 -0.373081088 0.900000274
1769786812482245376.000000 0.011150561 -0.037992269 0.013191758 -0.219713613 -0.101829350 -0.436468989 0.866516888
1769786813048911104.000000 0.009019120 -0.038196895 0.012005885 -0.227111995 -0.090688601 -0.460014552 0.853570342
1769786813115578624.000000 0.008383572 -0.038096592 0.011802416 -0.227793425 -0.086380847 -0.454422504 0.856824756
1769786813148911872.000000 0.008627616 -0.037917078 0.012688536 -0.227401420 -0.086199656 -0.455319613 0.856470823
1769786813348912384.000000 0.007677114 -0.036541913 0.013145842 -0.226606622 -0.073493883 -0.443942845 0.863807201
1769786813382244608.000000 0.007503141 -0.036351722 0.012759002 -0.225808784 -0.070338279 -0.441979885 0.865284204
1769786813448912128.000000 0.007236155 -0.036105856 0.012627283 -0.225243986 -0.066487201 -0.436861426 0.868329883
1769786813515577600.000000 0.006966210 -0.035314213 0.013716124 -0.223913059 -0.061246943 -0.430144727 0.872403204
1769786813548910592.000000 0.006724183 -0.035115980 0.012749428 -0.223160341 -0.058272142 -0.426252395 0.874707282
1769786813582244352.000000 0.006518329 -0.034935001 0.013213469 -0.222797081 -0.055131592 -0.422406048 0.876866639
1769786813615579392.000000 0.006353660 -0.034848407 0.012345470 -0.222456187 -0.052653778 -0.418263733 0.879088342
1769786813648912128.000000 0.006369558 -0.034198776 0.012365314 -0.220724553 -0.050035164 -0.414047182 0.881670117
1769786813682244352.000000 0.006057388 -0.034440000 0.012418401 -0.220862463 -0.046404079 -0.408450723 0.884440243
1769786813715577856.000000 0.005870818 -0.034129485 0.012454478 -0.220448539 -0.043489330 -0.402481794 0.887423038
1769786813748911104.000000 0.005683990 -0.033615097 0.012535340 -0.219137326 -0.039089695 -0.396904588 0.890459180
1769786813782244096.000000 0.005480695 -0.033398140 0.012091366 -0.217865199 -0.035970893 -0.390661299 0.893657982
1769786813815579648.000000 0.005438917 -0.033063859 0.012147218 -0.216872454 -0.032603852 -0.383320153 0.897200644
1769786813848911872.000000 0.005261526 -0.032921281 0.012266651 -0.216371909 -0.028477559 -0.375230879 0.900874019
1769786813915577856.000000 0.004739934 -0.031934235 0.012089425 -0.212472945 -0.019991487 -0.358324349 0.908878028
1769786813948911872.000000 0.004303237 -0.031649385 0.011523375 -0.211020023 -0.015084690 -0.348850220 0.912987709
1769786813982243584.000000 0.004504323 -0.031126350 0.011798300 -0.209711403 -0.011861965 -0.338940054 0.917060554
1769786814048910080.000000 0.003822717 -0.030552778 0.011842269 -0.205999598 -0.001972897 -0.315480113 0.926300526
1769786814115578368.000000 0.003772823 -0.029885564 0.012085341 -0.201252520 0.007577742 -0.291900009 0.935005069
1769786814182243840.000000 0.003090654 -0.029128553 0.011029593 -0.197347507 0.015249295 -0.271505386 0.941863239
1769786814215577856.000000 0.003447852 -0.027953710 0.011901846 -0.192595258 0.019088024 -0.263746172 0.944976568
1769786814248910848.000000 0.002611805 -0.028103219 0.011148727 -0.191944972 0.022842273 -0.254979551 0.947428524
1769786814282244352.000000 0.003191956 -0.027725240 0.011901682 -0.188967571 0.025546918 -0.247835606 0.949850559
1769786814315577856.000000 0.003626984 -0.027498586 0.013478993 -0.188033819 0.028138656 -0.244522318 0.950820863
1769786814348911872.000000 0.003370382 -0.027637972 0.011570740 -0.183182225 0.028957069 -0.241241217 0.952579916
1769786814382244096.000000 0.003460942 -0.027479045 0.011700824 -0.181758225 0.030117488 -0.243102029 0.952343583
1769786814482244352.000000 0.003026773 -0.027453307 0.012448591 -0.172150344 0.036883611 -0.244495392 0.953533351
1769786814515577088.000000 0.002907599 -0.027003214 0.011991749 -0.167377159 0.039409503 -0.244822517 0.954197943
1769786814582244864.000000 0.003115480 -0.026596747 0.012402182 -0.159986988 0.044524185 -0.247752264 0.954484463
1769786814615578880.000000 0.003337111 -0.026283352 0.012883021 -0.155225247 0.047181804 -0.246223375 0.955538094
1769786814748910080.000000 0.003531552 -0.026182717 0.013465134 -0.142422423 0.058387130 -0.251724869 0.955479741
1769786814782243584.000000 0.002890831 -0.026120376 0.013378236 -0.138969585 0.062488992 -0.251941353 0.955671608
1769786814815577344.000000 0.003519951 -0.026141539 0.013610549 -0.137220576 0.064190783 -0.254896522 0.955027640
1769786814882243840.000000 0.003701684 -0.025854580 0.013288471 -0.132554263 0.072136953 -0.259454191 0.953891575
1769786815048910080.000000 0.004389450 -0.024691639 0.014688758 -0.122993670 0.092848219 -0.266095728 0.951548696
1769786815115577088.000000 0.004578028 -0.024565272 0.014904901 -0.121213220 0.100269079 -0.276359767 0.948092163
1769786815282243840.000000 0.004497076 -0.023605485 0.015163799 -0.120933905 0.111190192 -0.284676969 0.944442034
1769786815315578368.000000 0.004328717 -0.023504375 0.014507730 -0.121597849 0.111768462 -0.282498628 0.944942534
1769786815382243328.000000 0.004701388 -0.023464862 0.015245378 -0.136280984 0.108682290 -0.273053586 0.946074724
1769786815548909312.000000 0.003984287 -0.022592232 0.015487413 -0.159166902 0.106113501 -0.236033157 0.952729881
1769786815582243328.000000 0.004093792 -0.022361739 0.016354818 -0.160875976 0.106324188 -0.230107993 0.953868151
1769786815615577600.000000 0.003878991 -0.022473190 0.015760291 -0.162621751 0.106510520 -0.223958448 0.955014288
1769786815648910336.000000 0.003458929 -0.022292579 0.014733979 -0.165073931 0.105603904 -0.223245889 0.954861104
1769786815682242816.000000 0.003746202 -0.021732472 0.015817514 -0.164781839 0.106830925 -0.215905637 0.956461608
1769786815715576320.000000 0.003914988 -0.022105202 0.016029483 -0.167090639 0.106518559 -0.213382572 0.956662118
1769786815882242560.000000 0.003902959 -0.021488896 0.015872007 -0.165348485 0.105851233 -0.199501261 0.960028470
1769786816615577344.000000 0.003790396 -0.019710314 0.016530324 -0.109444924 0.113035969 -0.178577185 0.971264601
1769786817348910080.000000 0.002710950 -0.019187709 0.016599994 -0.093715087 0.128738791 -0.171961263 0.972148716
1769786817815588352.000000 0.002399646 -0.019357665 0.015802631 -0.094558530 0.137667149 -0.161796257 0.972588539
1769786818082254080.000000 0.000637208 -0.020070029 0.013798490 -0.103807136 0.142554566 -0.165112823 0.970381439
1769786818148920832.000000 0.001257152 -0.019347392 0.017002031 -0.105868936 0.142863914 -0.163138762 0.970447004
1769786818382254080.000000 0.001217212 -0.020113129 0.018498991 -0.118008994 0.148685694 -0.161298245 0.968477845
1769786819015587072.000000 0.000215596 -0.022441361 0.019174805 -0.159342334 0.156384945 -0.162956014 0.961040676
1769786819248920320.000000 0.012352595 -0.044676960 0.006906972 -0.181655541 0.151283190 -0.167929783 0.957034111
1769786819415587072.000000 0.008803418 -0.028251132 0.002644616 -0.185202762 0.155635059 -0.160740495 0.956890881
1769786819515586816.000000 -0.025032567 -0.028042529 0.016101418 -0.196087405 0.168019876 -0.162999272 0.952234387
1769786819782252544.000000 -0.009415851 -0.039357021 0.004274591 -0.214816540 0.164975047 -0.147141412 0.951307833
1769786820082253568.000000 -0.026067961 -0.031407159 -0.003873584 -0.229854971 0.163097426 -0.151720554 0.947389483
1769786820648919552.000000 -0.030278681 -0.036745071 -0.015829250 -0.252506912 0.152967930 -0.148434237 0.943826437
1769786821282252288.000000 -0.034224909 -0.033247296 -0.008531321 -0.259819090 0.134107098 -0.141849205 0.945720971
1769786821382252032.000000 -0.032029398 -0.032992441 -0.004877572 -0.259805918 0.129716471 -0.141177446 0.946437240
1769786821415586304.000000 -0.031606898 -0.032764435 -0.003797380 -0.259454817 0.128702432 -0.140917987 0.946710646
1769786821448919296.000000 -0.031725042 -0.032821491 -0.005332706 -0.258266270 0.127435073 -0.141121000 0.947176695
1769786821548918016.000000 -0.031298310 -0.032823376 -0.006386273 -0.256052226 0.122994408 -0.139049232 0.948670089
1769786821582251776.000000 -0.035228916 -0.033366524 -0.014726851 -0.254720539 0.120504893 -0.142435938 0.948845625
1769786821648919040.000000 -0.030688794 -0.032328196 -0.005609641 -0.253930598 0.118489966 -0.138596207 0.949879169
1769786821715585024.000000 -0.030790765 -0.032189071 -0.008081801 -0.251451850 0.114733495 -0.139716744 0.950835168
1769786821748918272.000000 -0.029364375 -0.031943481 -0.005268356 -0.250727862 0.112880193 -0.139091134 0.951339781
1769786821782251264.000000 -0.029286981 -0.031922240 -0.005518991 -0.249563470 0.111692369 -0.136651367 0.952139318
1769786821815586048.000000 -0.029357888 -0.031759985 -0.007937910 -0.248049289 0.109445922 -0.138600975 0.952514052
1769786821848921344.000000 -0.029755041 -0.031769034 -0.008700921 -0.246714711 0.108236529 -0.138472825 0.953017294
1769786821882252032.000000 -0.029357387 -0.031722821 -0.007043360 -0.246050820 0.105696134 -0.138724342 0.953437388
1769786821948919040.000000 -0.028239394 -0.031254459 -0.006820141 -0.242522284 0.103002280 -0.136911079 0.954897344
1769786822048918016.000000 -0.027430780 -0.030679580 -0.004799133 -0.238534957 0.098790191 -0.134916976 0.956628978
1769786822082253312.000000 -0.027359998 -0.031058852 -0.007156531 -0.237079933 0.095597729 -0.139550224 0.956650376
1769786822148918272.000000 -0.026165586 -0.029818088 -0.007125835 -0.232776776 0.092050642 -0.138591796 0.958193064
1769786822182251264.000000 -0.025954511 -0.029865438 -0.008141725 -0.231250048 0.091223687 -0.136307985 0.958969116
1769786822215585280.000000 -0.025571408 -0.029595859 -0.010548068 -0.229764193 0.087861970 -0.138259470 0.959360778
1769786822248919040.000000 -0.024598839 -0.028698221 -0.009319264 -0.226669163 0.086350843 -0.137633145 0.960323751
1769786822282252288.000000 -0.024402900 -0.028870311 -0.009296474 -0.226346880 0.083605513 -0.139605805 0.960357964
1769786822315585536.000000 -0.024038292 -0.028396964 -0.008623534 -0.224603280 0.082717307 -0.139188573 0.960904658
1769786822348920064.000000 -0.023941599 -0.027894728 -0.008359925 -0.221653879 0.081404090 -0.138798907 0.961757720
1769786822382251264.000000 -0.023177467 -0.027932137 -0.007620632 -0.221169442 0.079594105 -0.139060155 0.961982965
1769786822515584768.000000 -0.020585652 -0.026789095 -0.003752471 -0.212752938 0.072035462 -0.139383256 0.964426994
1769786822548918528.000000 -0.020254478 -0.026754849 -0.003222054 -0.210850924 0.070318244 -0.139566481 0.964944780
1769786822615585792.000000 -0.019265732 -0.026368633 -0.003446695 -0.206576809 0.065383121 -0.143544808 0.965632439
1769786822848919808.000000 -0.017676916 -0.024856307 -0.001304802 -0.183536723 0.050349854 -0.145070091 0.970944822
1769786822915585024.000000 -0.017084861 -0.024425371 -0.000879724 -0.177164078 0.046263970 -0.145441175 0.972275376
1769786822982251264.000000 -0.017295683 -0.024020610 -0.000868576 -0.171263963 0.041340709 -0.145374715 0.973563492
1769786823015584512.000000 -0.017367205 -0.023668356 -0.001281516 -0.166785732 0.038850375 -0.143356919 0.974741995
1769786823048917504.000000 -0.016710900 -0.023873411 -0.000335700 -0.164638832 0.037596837 -0.145708352 0.974807501
1769786823215584512.000000 -0.015440426 -0.023067962 0.001116505 -0.150572717 0.020436119 -0.138841078 0.978587449
1769786823282251520.000000 -0.007729435 -0.017648088 0.012941280 -0.145406485 0.009777453 -0.141818017 0.979106247
1769786823882251264.000000 -0.004684138 -0.014554966 0.017387733 -0.161387235 -0.010444346 -0.112870857 0.980359793
1769786823915584000.000000 -0.004714715 -0.015152967 0.016337946 -0.164091021 -0.009916589 -0.111625552 0.980058968
1769786823948917760.000000 -0.007452813 -0.019170513 0.014326300 -0.166895285 -0.009808241 -0.111004725 0.979656935
1769786824215584000.000000 -0.019196199 -0.022711603 -0.002256315 -0.172482744 -0.008922069 -0.119647577 0.977678120
1769786824282251008.000000 -0.020004384 -0.026041957 -0.008937155 -0.168919891 -0.009325890 -0.115868501 0.978751063
1769786825482263552.000000 -0.018941885 -0.024290115 -0.009137549 -0.123469844 -0.017705413 -0.115114704 0.985489905
1769786825682263040.000000 -0.018743992 -0.023942091 -0.010547059 -0.123959571 -0.020857828 -0.116572067 0.985195398
1769786825715596544.000000 -0.018906869 -0.024303118 -0.009505453 -0.124640122 -0.020634532 -0.114434958 0.985364795
1769786825915596544.000000 -0.018752607 -0.024819475 -0.009500219 -0.127980605 -0.022798337 -0.113782965 0.984964311
1769786825982263040.000000 -0.018742939 -0.025393389 -0.009572014 -0.129547551 -0.023204207 -0.112457708 0.984902203
1769786826115596800.000000 -0.019355275 -0.025684902 -0.009249284 -0.133015871 -0.022762466 -0.109280363 0.984807849
1769786826382262528.000000 -0.018945133 -0.026772864 -0.009018012 -0.142554626 -0.025707193 -0.109833770 0.983338118
1769786826415596288.000000 -0.019115757 -0.027163213 -0.009624616 -0.144013122 -0.025455708 -0.109180026 0.983204961
1769786826515596032.000000 -0.019343311 -0.026512185 -0.010422044 -0.145084634 -0.025227249 -0.106603123 0.983336091
1769786828648928256.000000 -0.078189969 -0.054730929 -0.063246518 -0.269576043 -0.094909042 -0.419168115 0.861753523
1769786828748927232.000000 -0.079030946 -0.056048691 -0.064513028 -0.273608714 -0.097795494 -0.434715122 0.852406621
1769786829215594496.000000 -0.081032231 -0.057691064 -0.064244688 -0.282847375 -0.100166336 -0.474910259 0.827299416
1769786829615595776.000000 -0.083109140 -0.057066102 -0.065744847 -0.285460681 -0.085738331 -0.476551116 0.827079356
1769786829815594496.000000 -0.083876058 -0.056092940 -0.064340629 -0.285686135 -0.073218040 -0.466215909 0.834065497
1769786829882261248.000000 -0.083672076 -0.055578925 -0.064657241 -0.283739507 -0.069231644 -0.461262196 0.837816238
1769786829982260736.000000 -0.084309779 -0.054768473 -0.064557061 -0.281972259 -0.060093440 -0.454357684 0.842875719
1769786830048926720.000000 -0.084493123 -0.054498173 -0.064832613 -0.281285763 -0.055287853 -0.447410822 0.847139359
1769786830082260480.000000 -0.084896989 -0.054151453 -0.065333888 -0.280395657 -0.051158167 -0.443590999 0.849698842
1769786830115594240.000000 -0.084902257 -0.053817868 -0.064472489 -0.279884011 -0.047638513 -0.437220514 0.853366137
1769786830215593984.000000 -0.085223302 -0.053203367 -0.065667413 -0.277316809 -0.037298921 -0.423903376 0.861400068
1769786830248926976.000000 -0.085532144 -0.052620806 -0.064383231 -0.276313841 -0.032981072 -0.418107420 0.864724874
1769786830315594240.000000 -0.085931048 -0.051823020 -0.065842517 -0.272562325 -0.023662116 -0.401618749 0.873986483
1769786830415594240.000000 -0.086252600 -0.051029637 -0.066345967 -0.268367231 -0.010988560 -0.377327472 0.886274397
1769786830448927232.000000 -0.086559296 -0.050460100 -0.066552311 -0.265364647 -0.005455877 -0.366990089 0.891554892
1769786830515593984.000000 -0.087378800 -0.049623635 -0.067314513 -0.262312263 0.007696815 -0.347373456 0.900258124
1769786830582260224.000000 -0.087606907 -0.048242882 -0.067069985 -0.255050182 0.018508850 -0.322423249 0.911400080
1769786830748926208.000000 -0.087565392 -0.046750002 -0.066357814 -0.243360445 0.037509255 -0.281740695 0.927356958
1769786830782259456.000000 -0.087512985 -0.046552349 -0.066384897 -0.240811452 0.040211227 -0.278290212 0.928949654
1769786830815593984.000000 -0.087521508 -0.046322275 -0.067033857 -0.237249017 0.041907109 -0.276571840 0.930303574
1769786830915593984.000000 -0.087736405 -0.046275202 -0.066675760 -0.229458764 0.046476502 -0.278742522 0.931392074
1769786830982259712.000000 -0.087553263 -0.045654401 -0.067069441 -0.220303506 0.050349910 -0.281197399 0.932662487
1769786831015593472.000000 -0.087390862 -0.045794476 -0.066550463 -0.218327180 0.051468279 -0.285154790 0.931864262
1769786831082260992.000000 -0.087231442 -0.046108626 -0.067716852 -0.212152526 0.054556295 -0.286706030 0.932638466
1769786831115593984.000000 -0.087721348 -0.045670412 -0.066621065 -0.207684025 0.060271509 -0.284806639 0.933873594
1769786831148926464.000000 -0.087666407 -0.045464933 -0.066409811 -0.205100700 0.062967256 -0.288384080 0.933168471
1769786831382259968.000000 -0.087277390 -0.044688493 -0.066583849 -0.183647484 0.085764445 -0.300195366 0.932094872
1769786831448925696.000000 -0.086901680 -0.044418227 -0.065111049 -0.178855196 0.093472809 -0.307648093 0.929852843
1769786831482258944.000000 -0.087545753 -0.044235032 -0.066703610 -0.176865876 0.098973863 -0.306459695 0.930056512
1769786831515592704.000000 -0.087097183 -0.044046547 -0.066567764 -0.174980193 0.101832099 -0.309699923 0.929030716
1769786831582259200.000000 -0.086837195 -0.043393586 -0.065995343 -0.171416208 0.109027877 -0.316729873 0.926505089
1769786831615594240.000000 -0.087076575 -0.043484904 -0.065732278 -0.171914652 0.112610444 -0.317475587 0.925728619
1769786831682259200.000000 -0.087236471 -0.043240909 -0.066442579 -0.171327680 0.116809979 -0.323096305 0.923369408
1769786831715592960.000000 -0.086966224 -0.043402530 -0.066471629 -0.171537310 0.117554940 -0.326489687 0.922041357
1769786831782258944.000000 -0.087016903 -0.042533085 -0.066529937 -0.171055689 0.119948611 -0.320754260 0.923833847
1769786831848926976.000000 -0.087179221 -0.042065807 -0.066471472 -0.184350133 0.120627671 -0.307711154 0.925622940
1769786831882260224.000000 -0.087398052 -0.042027123 -0.065934211 -0.191863313 0.119964309 -0.298776984 0.927108109
1769786832048926464.000000 -0.087276265 -0.041493472 -0.066253409 -0.210332140 0.119572148 -0.266049832 0.933102548
1769786832148925184.000000 -0.087589428 -0.041049719 -0.066550978 -0.215342060 0.119687371 -0.253688902 0.935384750
1769786832248925184.000000 -0.087955661 -0.040825997 -0.066476777 -0.216477633 0.122042492 -0.239098370 0.938655972
1769786832315608576.000000 -0.088061884 -0.040069263 -0.066646650 -0.214162573 0.123375192 -0.233781561 0.940350592
1769786832348941056.000000 -0.087595865 -0.039890565 -0.066111527 -0.213130325 0.123183779 -0.232356310 0.940963209
1769786832382274560.000000 -0.087979846 -0.039460380 -0.066439055 -0.211046323 0.124238044 -0.228895649 0.942141771
1769786832415608576.000000 -0.087916978 -0.039455969 -0.066458955 -0.209440961 0.124161571 -0.227796227 0.942776382
1769786832615609600.000000 -0.087723918 -0.038849272 -0.066165552 -0.195467323 0.124273196 -0.222606748 0.946992636
1769786832648941824.000000 -0.087899074 -0.038652938 -0.066807657 -0.191722870 0.123948731 -0.220996320 0.948177040
1769786832748940544.000000 -0.088123962 -0.038283393 -0.067427516 -0.181882173 0.123921916 -0.222289056 0.949815691
1769786832848941312.000000 -0.087983385 -0.037784375 -0.067066640 -0.174355358 0.124769047 -0.219533920 0.951755106
1769786832882275584.000000 -0.088235840 -0.037713397 -0.066805512 -0.171352237 0.125948593 -0.218613207 0.952356875
1769786833048941056.000000 -0.088248305 -0.037013922 -0.066708811 -0.161403090 0.127657086 -0.218934894 0.953792572
1769786833148940544.000000 -0.088408053 -0.036672816 -0.066534325 -0.155922621 0.129328951 -0.217597261 0.954784632
1769786833448940800.000000 -0.088689864 -0.036140598 -0.066178583 -0.146558121 0.134459525 -0.217200920 0.955649078
1769786833815607296.000000 -0.089558907 -0.035978634 -0.066177860 -0.145171359 0.141375482 -0.218023941 0.954674721
1769786834015606528.000000 -0.090219997 -0.035974879 -0.066680633 -0.145544678 0.145783603 -0.218202665 0.953913748
1769786834048939776.000000 -0.090309784 -0.036096632 -0.066422135 -0.146171659 0.146818593 -0.219068632 0.953460574
1769786834082274816.000000 -0.090300269 -0.036022268 -0.066136479 -0.147035122 0.147776395 -0.219551116 0.953068852
1769786834515606528.000000 -0.091588117 -0.037024718 -0.066448845 -0.156826884 0.157008335 -0.214535370 0.951172113
1769786834582273280.000000 -0.092138194 -0.037152067 -0.067416593 -0.158996075 0.157539561 -0.215340853 0.950541854
1769786834615608320.000000 -0.092052899 -0.037470244 -0.066862166 -0.160331815 0.158898517 -0.212986723 0.950621784
1769786834648939520.000000 -0.092382848 -0.037548620 -0.067717731 -0.162319869 0.158849224 -0.216214463 0.949563324
1769786834715607040.000000 -0.092726119 -0.037912581 -0.067321099 -0.164689094 0.160940468 -0.213442236 0.949430406
1769786834848941312.000000 -0.093152896 -0.038624011 -0.067425616 -0.171333551 0.163472265 -0.212819099 0.947960794
1769786834882274816.000000 -0.093507521 -0.038476035 -0.067965180 -0.172639534 0.164156497 -0.213677689 0.947412312
1769786834982274048.000000 -0.093569823 -0.039263632 -0.067223594 -0.178951561 0.166320458 -0.212660134 0.946091712
1769786835115606784.000000 -0.094582319 -0.040638052 -0.067385294 -0.186946690 0.169353381 -0.209206894 0.944776654
1769786835182273536.000000 -0.094990373 -0.040653128 -0.067627750 -0.190915301 0.171742946 -0.208596781 0.943685949
1769786835282273792.000000 -0.095548689 -0.041758075 -0.066825792 -0.198592514 0.173847169 -0.208400428 0.941757679
1769786835382273280.000000 -0.096478783 -0.042206667 -0.066878125 -0.204899222 0.175967157 -0.208611608 0.939964414
1769786835448939008.000000 -0.096251562 -0.042845771 -0.066451333 -0.209665656 0.177202493 -0.205475420 0.939371824
1769786835515606016.000000 -0.096368521 -0.043693095 -0.066385396 -0.215232149 0.177116677 -0.206793934 0.937838495
1769786835582274560.000000 -0.096524738 -0.044186741 -0.065234244 -0.220205992 0.179682553 -0.202852204 0.937056303
1769786835615607552.000000 -0.090985693 -0.041529000 -0.056218691 -0.222981423 0.179980665 -0.200371727 0.936876416
1769786835682272512.000000 -0.096661061 -0.044675831 -0.065158173 -0.227044776 0.180334821 -0.201755926 0.935534358
1769786835715605760.000000 -0.096507683 -0.044494256 -0.063227102 -0.228548989 0.181697309 -0.199122250 0.935468793
1769786835782272512.000000 -0.100374527 -0.046482600 -0.069177397 -0.233517170 0.181700692 -0.201717496 0.933683395
1769786835815606272.000000 -0.097197987 -0.046328939 -0.063943282 -0.236997575 0.182663739 -0.196630403 0.933703721
1769786835915606784.000000 -0.097962663 -0.046911255 -0.064661540 -0.243592039 0.183619216 -0.195488006 0.932057559
1769786835982272512.000000 -0.097621024 -0.047524668 -0.063086286 -0.248811349 0.184956253 -0.192835540 0.930966437
1769786836015605760.000000 -0.097291008 -0.047571979 -0.062639840 -0.250734389 0.184736490 -0.191606373 0.930747926
1769786836082273280.000000 -0.098230056 -0.048595682 -0.063319154 -0.255023360 0.185526609 -0.189751074 0.929805100
1769786836115605760.000000 -0.097748779 -0.048468165 -0.062701359 -0.257560164 0.185422450 -0.188829944 0.929314017
1769786836148939008.000000 -0.098650731 -0.049203753 -0.064672388 -0.259434223 0.184483483 -0.191454545 0.928442240
1769786836215606528.000000 -0.098536208 -0.049918093 -0.063556343 -0.263582319 0.185408041 -0.188513815 0.927691102
1769786836248938752.000000 -0.098203138 -0.049557306 -0.063518114 -0.266027600 0.185330197 -0.190802336 0.926540077
1769786836282272768.000000 -0.096301049 -0.048949428 -0.059923675 -0.267623872 0.186772019 -0.188752934 0.926210582
1769786836348939264.000000 -0.098738328 -0.050898887 -0.063764997 -0.272979289 0.184155405 -0.188243389 0.925274849
1769786836682271488.000000 -0.099221051 -0.053689983 -0.064058527 -0.291047633 0.179887339 -0.183763668 0.921500266
1769786836782271744.000000 -0.099496767 -0.054474115 -0.063498408 -0.295406640 0.179448336 -0.179904222 0.920960188
1769786836848939008.000000 -0.098875374 -0.054566421 -0.063097499 -0.298383594 0.177781165 -0.179557204 0.920391440
1769786836882273024.000000 -0.098772280 -0.055178419 -0.062988013 -0.300103217 0.177050158 -0.178511634 0.920176566
1769786836915605760.000000 -0.098919891 -0.055228926 -0.063402817 -0.301185191 0.176465556 -0.178865045 0.919866681
1769786836982272512.000000 -0.099577248 -0.055629715 -0.063714162 -0.303435266 0.175656274 -0.177818820 0.919484913
1769786837048938240.000000 -0.099125214 -0.054951198 -0.063659355 -0.305176228 0.173853874 -0.177316040 0.919348300
1769786837115606272.000000 -0.100151673 -0.056123681 -0.065071143 -0.306480974 0.173126742 -0.175884664 0.919326484
1769786837248938496.000000 -0.100692719 -0.056983203 -0.066312343 -0.310004920 0.168489158 -0.175193936 0.919138432
1769786837382272256.000000 -0.099295884 -0.056172591 -0.064747758 -0.312714040 0.165235743 -0.171818033 0.919448555
1769786837615606016.000000 -0.100691296 -0.057819784 -0.067891002 -0.314047605 0.158770978 -0.169416755 0.920578003
1769786837648938752.000000 -0.099965677 -0.057273932 -0.067046098 -0.314238310 0.157491937 -0.169764027 0.920668662
1769786837715604992.000000 -0.100757815 -0.057674956 -0.067608848 -0.314687103 0.155527711 -0.170831978 0.920651734
1769786837782271744.000000 -0.099571437 -0.057149448 -0.067038581 -0.314349949 0.152353153 -0.169605404 0.921524107
1769786838015604736.000000 -0.094852805 -0.056892507 -0.063837767 -0.311926275 0.143440157 -0.163907066 0.924803495
1769786838115604992.000000 -0.095219992 -0.056664113 -0.064330585 -0.308852762 0.138558328 -0.163659796 0.926621318
1769786838182271744.000000 -0.094554447 -0.056186117 -0.064620666 -0.307116091 0.134840459 -0.165417567 0.927434504
1769786838215604736.000000 -0.095163345 -0.056969296 -0.066074491 -0.305958271 0.131683454 -0.169227555 0.927583456
1769786838348936960.000000 -0.094103612 -0.057078511 -0.066062018 -0.301663250 0.126773566 -0.161801562 0.930993021
1769786838382271232.000000 -0.093645968 -0.056134976 -0.064979590 -0.300437838 0.124725103 -0.164307311 0.931227088
1769786838415605248.000000 -0.092802800 -0.055917025 -0.064360037 -0.299310744 0.123183317 -0.164036542 0.931842804
1769786838482271232.000000 -0.094131283 -0.056737691 -0.066381693 -0.296694636 0.121311516 -0.161662385 0.933338702
1769786838548937728.000000 -0.093979701 -0.056847509 -0.066626996 -0.293073535 0.118700951 -0.159039542 0.935267031
1769786838582272256.000000 -0.094323575 -0.056691729 -0.067688584 -0.291051269 0.116927296 -0.159093484 0.936112463
1769786838682270720.000000 -0.092703477 -0.056014150 -0.067082733 -0.286660582 0.111208618 -0.159066036 0.938166499
1769786838715604224.000000 -0.092588916 -0.055879608 -0.066999912 -0.285382986 0.109067217 -0.161059275 0.938467264
1769786838748937472.000000 -0.091512278 -0.055688132 -0.066188872 -0.284251839 0.107545234 -0.161025360 0.938991904
1769786838782270208.000000 -0.091257408 -0.055302184 -0.066127844 -0.282146126 0.105537251 -0.160864234 0.939881980
1769786838815604992.000000 -0.090356871 -0.054951180 -0.066258192 -0.279782861 0.102787912 -0.161331564 0.940812588
1769786838882271744.000000 -0.089692056 -0.054841563 -0.066147424 -0.276637167 0.099110603 -0.161857441 0.942046225
1769786838915604480.000000 -0.089484900 -0.054873772 -0.066317216 -0.274538010 0.096945576 -0.162449554 0.942783415
1769786838948938240.000000 -0.088960707 -0.054784596 -0.066526979 -0.272530079 0.094546281 -0.162658572 0.943573296
1769786838982271232.000000 -0.088804908 -0.054504234 -0.066080913 -0.270631582 0.093903042 -0.161155060 0.944441557
1769786839015604224.000000 -0.088596866 -0.054396514 -0.066947930 -0.268129498 0.091337435 -0.162445605 0.945185483
1769786839048937472.000000 -0.088134393 -0.054199129 -0.066616319 -0.266731739 0.089258537 -0.163783312 0.945548594
1769786839082270976.000000 -0.088276900 -0.054144159 -0.067025311 -0.264131546 0.087442763 -0.164629355 0.946300924
1769786839115604480.000000 -0.088152751 -0.054153901 -0.066988319 -0.261871666 0.085354671 -0.165230155 0.947014689
1769786839182270464.000000 -0.087405488 -0.053687882 -0.066366926 -0.256046683 0.081408478 -0.167003855 0.948642433
1769786839282271744.000000 -0.086600646 -0.053171240 -0.066263855 -0.246410578 0.073949285 -0.168600768 0.951518357
1769786839315604224.000000 -0.086608581 -0.052825045 -0.066445388 -0.242800340 0.072422482 -0.167410895 0.952773094
1769786839382270976.000000 -0.086172879 -0.052659530 -0.066371411 -0.237118080 0.067522727 -0.167510688 0.954544842
1769786839415604480.000000 -0.085988328 -0.052513480 -0.066419892 -0.234523058 0.065009773 -0.167925417 0.955287218
1769786839448936448.000000 -0.086034082 -0.052216176 -0.067165501 -0.230696231 0.062816955 -0.166828543 0.956557155
1769786839482270720.000000 -0.086102851 -0.052205291 -0.067055374 -0.227681592 0.061126240 -0.166058883 0.957522392
1769786839548937216.000000 -0.085578136 -0.051901326 -0.066710241 -0.221531466 0.056188542 -0.165907606 0.959292114
1769786839782269696.000000 -0.085146196 -0.051228609 -0.066557005 -0.205516800 0.031132907 -0.165774450 0.964008570
1769786839815604736.000000 -0.084781863 -0.050886542 -0.066046506 -0.203539550 0.027090093 -0.163690612 0.964905798
1769786839848936192.000000 -0.084903114 -0.051055465 -0.066457793 -0.200707525 0.023265239 -0.161071613 0.966038942
1769786839882271232.000000 -0.085220464 -0.050619662 -0.066804014 -0.199486151 0.019256881 -0.160149291 0.966533363
1769786839915604480.000000 -0.084903009 -0.050739523 -0.066602364 -0.198016644 0.015211346 -0.157708615 0.967308640
1769786839948937984.000000 -0.084432855 -0.051384211 -0.067164265 -0.195619598 0.011240562 -0.153804883 0.968478560
1769786840115603712.000000 -0.084354058 -0.050271384 -0.066161074 -0.191956237 0.007864608 -0.133198380 0.972290695
1769786840148936448.000000 -0.084227197 -0.050062153 -0.066127166 -0.190522194 0.008932606 -0.130114213 0.972980917
1769786840182269696.000000 -0.084160537 -0.051441018 -0.066705704 -0.192471504 0.010522673 -0.129421160 0.972673714
1769786840248936192.000000 -0.083139203 -0.049955275 -0.065368816 -0.206133842 0.013559380 -0.129442737 0.969829679
1769786840382283520.000000 -0.083074465 -0.050063577 -0.065476902 -0.225191787 0.017703222 -0.131214589 0.965276122
1769786840415616256.000000 -0.082271427 -0.049152110 -0.064494230 -0.227045000 0.018049784 -0.130234614 0.964968264
1769786840582281984.000000 -0.082591616 -0.049680345 -0.066722676 -0.232948139 0.016732065 -0.134150103 0.963046730
1769786840682281728.000000 -0.081147693 -0.048911925 -0.065396503 -0.231377095 0.015375952 -0.133773610 0.963500321
1769786841015614976.000000 -0.079334989 -0.048760302 -0.065772280 -0.212941095 0.010698289 -0.132796705 0.967939436
1769786841182282240.000000 -0.078897819 -0.048291817 -0.066273585 -0.203631103 0.009386683 -0.134152949 0.969767690
1769786841348947456.000000 -0.078317754 -0.048345115 -0.065877266 -0.198613852 0.006698452 -0.136461854 0.970508039
1769786842515614208.000000 -0.078181498 -0.049509425 -0.065790631 -0.200568497 0.003685324 -0.130897105 0.970888615
1769786842782279936.000000 -0.078288846 -0.050287228 -0.065740071 -0.207836956 0.004369208 -0.130318731 0.969433725
1769786842848946944.000000 -0.078346729 -0.050613716 -0.065733828 -0.210451677 0.004518688 -0.129994869 0.968912303
1769786843082281472.000000 -0.078472756 -0.052032430 -0.065702409 -0.219830185 0.005454167 -0.130963087 0.966692090
1769786843182279936.000000 -0.078498363 -0.052607663 -0.064965881 -0.224963471 0.005569134 -0.131462246 0.965441942
1769786843215613952.000000 -0.078512467 -0.052839443 -0.065269962 -0.226284593 0.005784793 -0.132120579 0.965041995
1769786843448946176.000000 -0.079010360 -0.053838134 -0.064851195 -0.235290498 0.008536036 -0.132281870 0.962843239
1769786843482279936.000000 -0.079035595 -0.053997926 -0.064903729 -0.236416057 0.008929997 -0.131673619 0.962647259
1769786843582280192.000000 -0.079321109 -0.054605495 -0.064626724 -0.240757123 0.010254048 -0.132100403 0.961499035
1769786843648946176.000000 -0.079572380 -0.055016987 -0.064952366 -0.243319437 0.011322703 -0.132881239 0.960734129
1769786844015612928.000000 -0.080832601 -0.057059940 -0.064440459 -0.257447153 0.018848922 -0.134933621 0.956639230
1769786844048945920.000000 -0.080970220 -0.056979828 -0.064158723 -0.258262098 0.019942900 -0.134373575 0.956476212
1769786844082280192.000000 -0.080891646 -0.057139374 -0.064287268 -0.259361386 0.019935662 -0.135098204 0.956076741
1769786844282279936.000000 -0.081469685 -0.057785116 -0.064098552 -0.264828593 0.023402875 -0.135897726 0.954384625
1769786844315613696.000000 -0.081590988 -0.057867959 -0.064017192 -0.265836924 0.024043757 -0.136316493 0.954028547
1769786844748945408.000000 -0.083011881 -0.058585975 -0.063228957 -0.273816556 0.033729576 -0.137939274 0.951241076
1769786844948946176.000000 -0.083663039 -0.058772717 -0.063101128 -0.276049078 0.037617780 -0.138942778 0.950303555
1769786845082279936.000000 -0.083928749 -0.058768246 -0.063262895 -0.276657701 0.039953291 -0.139400333 0.949964106
1769786845482278912.000000 -0.084662072 -0.058615938 -0.063144132 -0.277409166 0.046047322 -0.142598048 0.948993981
1769786845682278144.000000 -0.084978625 -0.058347750 -0.062916085 -0.276648372 0.048447262 -0.143996775 0.948885381
1769786845815612672.000000 -0.085046776 -0.058330007 -0.063024394 -0.276449949 0.049391013 -0.145157039 0.948717773
1769786846182278400.000000 -0.085340783 -0.057950679 -0.063110352 -0.274266422 0.052286766 -0.146334708 0.949015379
1769786846215612416.000000 -0.085376330 -0.058025580 -0.063219279 -0.274308264 0.052252509 -0.147092700 0.948888004
1769786846882279168.000000 -0.085650370 -0.057384491 -0.063343905 -0.270745218 0.054171074 -0.148147300 0.949639380
1769786847648943616.000000 -0.085846312 -0.057180051 -0.063180953 -0.269970208 0.054388210 -0.149273992 0.949671149
1769786847848943872.000000 -0.085800864 -0.057141159 -0.063127734 -0.269761384 0.054147851 -0.149274603 0.949744165
1769786847915611392.000000 -0.085730046 -0.057101648 -0.063066639 -0.269685328 0.053814653 -0.149383992 0.949767470
1769786847982277376.000000 -0.085764714 -0.057129443 -0.063190110 -0.269753605 0.053716440 -0.149598211 0.949719906
1769786848282278656.000000 -0.085696504 -0.057129260 -0.063148409 -0.269770205 0.053475503 -0.149579227 0.949731767
1769786848415623680.000000 -0.085714795 -0.057108909 -0.063222259 -0.269623220 0.053644706 -0.149625108 0.949756742
1769786848682289152.000000 -0.085716903 -0.057069294 -0.063151881 -0.269553214 0.053651124 -0.149378553 0.949815094
1769786849048955136.000000 -0.085768841 -0.057047620 -0.063152425 -0.269578964 0.053717099 -0.149427250 0.949796438
1769786849515621888.000000 -0.085812837 -0.057150934 -0.063287549 -0.269694418 0.053662740 -0.149476275 0.949759007
