1769786417691211776.000000 0.000000000 0.000000000 0.000000000 -0.000000000 -0.000000000 -0.000000000 1.000000000
1769786418157878016.000000 -0.000221261 0.000280590 0.000441674 0.000180952 0.000433887 -0.000614881 0.999999702
1769786419191209984.000000 0.000367668 0.000290255 -0.000112752 0.000002950 -0.000751185 -0.002394973 0.999996901
1769786419957884416.000000 0.000598277 0.000649273 -0.000852940 -0.000018741 -0.000897966 -0.001206013 0.999998868
1769786422991216640.000000 0.000469921 0.000084091 0.000284179 -0.001184582 -0.000803751 -0.001677048 0.999997556
1769786425824548096.000000 -0.000102888 0.000922479 -0.000080552 0.005273639 0.007867322 -0.004383090 0.999945581
1769786426457881344.000000 0.001147333 0.001221435 0.002708482 0.004941526 0.016869090 -0.006474815 0.999824524
1769786426524546560.000000 -0.000264093 0.001116462 -0.000896431 0.005513287 0.017980143 -0.004445133 0.999813259
1769786427024547584.000000 -0.001304944 0.000162075 -0.000357481 -0.000317650 0.029851768 -0.002949749 0.999549925
1769786427557903104.000000 -0.002326131 -0.002168146 -0.000894354 -0.014967067 0.042693518 -0.002444074 0.998973131
1769786427624569344.000000 -0.002334918 -0.001876291 -0.001088029 -0.016900191 0.043923840 -0.001421252 0.998890936
1769786427724569600.000000 -0.002662307 -0.002046404 -0.001565999 -0.019619910 0.046302892 -0.000252272 0.998734713
1769786427757902848.000000 -0.002588831 -0.001967845 -0.001698852 -0.020178916 0.047097404 -0.002437391 0.998683512
1769786428157902848.000000 -0.003239406 -0.003280955 -0.001926865 -0.032887962 0.052205361 -0.000718375 0.998094440
1769786428391235328.000000 -0.003715109 -0.004057654 -0.002091195 -0.038331788 0.053703681 0.001422235 0.997819901
1769786428691236096.000000 -0.003575494 -0.004391707 -0.002909504 -0.042053688 0.053061895 -0.000402806 0.997705281
1769786428824569856.000000 -0.003886683 -0.004810272 -0.002443209 -0.043420773 0.053317465 0.001749486 0.997631609
1769786429024569856.000000 -0.003902399 -0.005152204 -0.002234809 -0.042882584 0.049511362 0.002555551 0.997849286
1769786429091235328.000000 -0.003602224 -0.005080124 -0.002700262 -0.042767543 0.048731580 0.001568421 0.997894645
1769786429291236096.000000 -0.003317653 -0.004413375 -0.002077976 -0.037727796 0.046472896 0.001283191 0.998206019
1769786429324569856.000000 -0.003270110 -0.004426778 -0.001549530 -0.037354615 0.045958750 0.001699551 0.998243213
1769786429357901824.000000 -0.003301044 -0.004267231 -0.002060951 -0.036013007 0.045496225 0.002154894 0.998312831
1769786429391234816.000000 -0.002932429 -0.004472008 -0.001488752 -0.035794094 0.044751510 -0.000740023 0.998356462
1769786429691235072.000000 -0.002318913 -0.003060400 -0.002099913 -0.021412538 0.037840787 0.000590344 0.999054193
1769786429724568320.000000 -0.001970742 -0.002886002 -0.002066686 -0.020094395 0.037009194 0.000872402 0.999112546
1769786429924568320.000000 -0.001815402 -0.002375933 -0.001700962 -0.007492415 0.030621801 -0.000425005 0.999502897
1769786430024569088.000000 -0.001361552 -0.001649486 -0.002977048 0.001487470 0.026315574 -0.002689272 0.999648988
1769786430157901568.000000 -0.001156730 -0.000885912 -0.002489062 0.015008940 0.020394968 -0.003520368 0.999673128
1769786430191234560.000000 -0.001175078 -0.000791351 -0.001506542 0.018220821 0.018335721 -0.004312268 0.999656558
1769786430224568576.000000 -0.001104102 -0.000399317 -0.001615755 0.021500664 0.015778938 -0.006304098 0.999624431
1769786430257901824.000000 -0.001250787 -0.000470237 -0.001898469 0.024213972 0.013153235 -0.005604540 0.999604583
1769786430291235328.000000 -0.000976956 -0.000212219 -0.001841314 0.027220381 0.010192543 -0.007548364 0.999549031
1769786430491234048.000000 -0.000426454 0.001309041 -0.001223009 0.044314455 -0.008705637 -0.014477033 0.998874784
1769786430624567808.000000 0.000017564 0.002489907 -0.000901563 0.052541029 -0.018633276 -0.012077007 0.998371899
1769786430657901312.000000 -0.000082290 0.002516046 -0.000194669 0.054206941 -0.019310648 -0.010063018 0.998292267
1769786430691234560.000000 0.000124769 0.002551042 -0.000850777 0.055321157 -0.019527938 -0.007579383 0.998248875
1769786430724567808.000000 -0.000114868 0.002804172 -0.000532654 0.056743231 -0.018789385 -0.004857516 0.998200178
1769786430924567552.000000 0.001259024 0.004103994 -0.000442335 0.023395916 -0.017940750 -0.003714941 0.999558389
1769786430957900800.000000 0.001096268 0.004529825 0.000324523 0.020010520 -0.017079087 -0.002809605 0.999649942
1769786430991235072.000000 0.000842455 0.004658983 0.000175179 0.016822418 -0.016940899 -0.003618448 0.999708414
1769786431057901824.000000 0.001623167 0.004099036 0.003349090 0.011974513 -0.017814832 -0.003692911 0.999762774
1769786431191234304.000000 0.001601435 0.004792597 0.001534311 0.007531498 -0.019069420 -0.004299215 0.999780536
1769786431224568320.000000 0.001785841 0.004986905 0.002013135 0.006735803 -0.019154426 -0.005759729 0.999777257
1769786431524567552.000000 0.002560568 0.007610662 0.000737163 0.020153532 -0.023943299 -0.007332244 0.999483287
1769786431557900800.000000 0.002655175 0.008432085 0.000070086 0.024356158 -0.024956182 -0.005908904 0.999374330
1769786431624567552.000000 0.002634917 0.008083171 0.000226297 0.028253935 -0.025493223 -0.004342453 0.999266207
1769786431724567296.000000 0.002968617 0.008877875 -0.000518890 0.037111450 -0.026509877 -0.005105513 0.998946369
1769786432057900288.000000 0.003231519 0.008880068 0.000730798 0.057487957 -0.029369099 0.001093328 0.997913539
1769786432557900800.000000 0.003945263 0.007800451 0.001129135 0.060191009 -0.037129164 0.005944719 0.997478366
1769786432591233280.000000 0.004198450 0.007777628 0.000279002 0.059730873 -0.037980840 0.004394968 0.997482061
1769786432624567040.000000 0.004238435 0.007883726 0.000047970 0.059207950 -0.038285743 0.004834575 0.997499526
1769786432757900288.000000 0.004375208 0.007298815 -0.000285739 0.055526253 -0.039539173 0.005756067 0.997657418
1769786432791233792.000000 0.004362920 0.007389280 -0.000473533 0.054988563 -0.040074997 0.005104949 0.997669399
1769786432957899776.000000 0.004434139 0.006572280 -0.000416630 0.049650658 -0.041226521 0.004351150 0.997905910
1769786433091232000.000000 0.004285203 0.006108223 -0.000286213 0.044457026 -0.042315483 0.003547559 0.998108447
1769786433124567296.000000 0.004854464 0.005768387 -0.001312300 0.041719053 -0.042979725 0.002819539 0.998200536
1769786433157899776.000000 0.004774896 0.005886808 -0.001254478 0.041455619 -0.042689580 0.002229946 0.998225451
1769786433191232768.000000 0.004940909 0.005610194 -0.001908859 0.039402593 -0.042822540 0.002193056 0.998302996
1769786433291234048.000000 0.004660041 0.005016425 -0.001814853 0.033199314 -0.044129778 0.001330889 0.998473167
1769786433424565760.000000 0.005012082 0.003929045 -0.001187818 0.025988305 -0.044891965 0.002380652 0.998650908
1769786433457900544.000000 0.005384681 0.003502156 -0.001868982 0.022719147 -0.045483295 0.001619354 0.998705387
1769786433591232768.000000 0.004931796 0.002413434 -0.000849251 0.014516895 -0.046415403 0.006254015 0.998797178
1769786433724566016.000000 0.005240689 0.000865269 -0.002723193 0.002473207 -0.047671515 0.004602661 0.998849452
1769786433757899776.000000 0.005599195 0.000963652 -0.003916516 0.000812198 -0.047860015 0.001986829 0.998851776
1769786433791233024.000000 0.005502398 0.000713553 -0.004141052 -0.001565241 -0.047251564 0.001247636 0.998881042
1769786433857899008.000000 0.005474245 -0.000195124 -0.004104457 -0.007529931 -0.047339711 0.001734675 0.998848975
1769786433891232000.000000 0.005221262 0.000078845 -0.004348925 -0.008577713 -0.047275495 0.002310378 0.998842418
1769786433924566272.000000 0.005449953 -0.000735313 -0.004351552 -0.011998123 -0.046729419 0.001872788 0.998833776
1769786434024566528.000000 0.005588815 -0.001734186 -0.004101917 -0.019128013 -0.048136853 -0.029409830 0.998224437
1769786434057899776.000000 0.005341046 -0.002099667 -0.004390853 -0.021623915 -0.047972325 -0.043096442 0.997684240
1769786434124566528.000000 0.005816797 -0.002420799 -0.005440576 -0.025393298 -0.049893569 -0.072312996 0.995809555
1769786434191231744.000000 0.006128362 -0.003399517 -0.005225055 -0.029514536 -0.051512413 -0.100751869 0.993138671
1769786434257899008.000000 0.006301869 -0.004424796 -0.005511951 -0.034161523 -0.052634940 -0.128828228 0.989679694
1769786434291233280.000000 0.006326352 -0.004641828 -0.005862702 -0.036203094 -0.053272150 -0.141190365 0.987884998
1769786434324566784.000000 0.006182638 -0.004752666 -0.006298141 -0.037216358 -0.053853042 -0.153263196 0.986014843
1769786434424565504.000000 0.006139047 -0.005813251 -0.005860973 -0.042666938 -0.056181312 -0.188478634 0.979540169
1769786434491231232.000000 0.006487257 -0.006373959 -0.006385757 -0.045461886 -0.058436342 -0.211075962 0.974661648
1769786434524565760.000000 0.006255200 -0.006622861 -0.006448220 -0.047068655 -0.058233816 -0.220134199 0.972591579
1769786434557898752.000000 0.006377507 -0.006955718 -0.006458155 -0.048490867 -0.058748696 -0.229884759 0.970232069
1769786434657899264.000000 0.006461815 -0.007731983 -0.006874937 -0.052936558 -0.059057552 -0.257899523 0.962911129
1769786434724565760.000000 0.006211092 -0.008281212 -0.006835799 -0.055360954 -0.059091028 -0.274089247 0.958289385
1769786434757899008.000000 0.006164246 -0.008375891 -0.006697095 -0.056605861 -0.059169669 -0.280913264 0.956233501
1769786434857898752.000000 0.005988167 -0.008713426 -0.007400905 -0.059483804 -0.058235548 -0.301050276 0.949967921
1769786434891231232.000000 0.005815982 -0.009009776 -0.006885602 -0.060692865 -0.057618484 -0.307835191 0.947752059
1769786435124565760.000000 0.005329810 -0.009676469 -0.006846580 -0.066146575 -0.055309132 -0.336557060 0.937707305
1769786435157898752.000000 0.005061233 -0.009719281 -0.007510670 -0.066539884 -0.054757129 -0.338101774 0.937155962
1769786435391231232.000000 0.004483247 -0.009685528 -0.006804082 -0.068178877 -0.048341338 -0.344540209 0.935043752
1769786435424564480.000000 0.004245792 -0.009540539 -0.006510735 -0.067643695 -0.046398573 -0.342964619 0.935760021
1769786435591260672.000000 0.003341575 -0.009128470 -0.007043792 -0.067109302 -0.038384221 -0.330856770 0.940508783
1769786435657926912.000000 0.003166284 -0.008785771 -0.006698110 -0.066017523 -0.034481622 -0.322304755 0.943701446
1769786435691259648.000000 0.002821242 -0.008542733 -0.006712706 -0.065838054 -0.031869799 -0.316757888 0.945681870
1769786435924592896.000000 0.001963692 -0.007390470 -0.003914000 -0.057376429 -0.013887305 -0.259963244 0.963812351
1769786435957925888.000000 0.001232834 -0.006155158 -0.005896415 -0.055805411 -0.010781229 -0.248258159 0.967025042
1769786436024593408.000000 0.000839428 -0.005858650 -0.005164486 -0.052673038 -0.004706875 -0.222217008 0.973562002
1769786436057925632.000000 0.000397776 -0.005491318 -0.005660153 -0.050564244 -0.001841582 -0.210767359 0.976225913
1769786436091259136.000000 0.000288350 -0.005311486 -0.005539641 -0.048941649 -0.000015490 -0.199795410 0.978614569
1769786436124593664.000000 0.000030124 -0.004955038 -0.005654621 -0.046635985 0.002803811 -0.190959051 0.980485559
1769786436157926912.000000 -0.000283306 -0.004628111 -0.006848841 -0.044577412 0.004727609 -0.180335894 0.982583106
1769786436191259136.000000 -0.000185825 -0.004452944 -0.005456110 -0.042196970 0.007182982 -0.172016725 0.984163642
1769786436224592896.000000 -0.000552979 -0.004135637 -0.005987959 -0.039221421 0.009396290 -0.165611878 0.985365987
1769786436257926400.000000 -0.000332826 -0.004210193 -0.004222661 -0.037112903 0.011830895 -0.163737938 0.985734582
1769786436291260928.000000 -0.000607316 -0.003892258 -0.005157904 -0.033959825 0.013752726 -0.160795525 0.986307502
1769786436324594688.000000 -0.000680312 -0.003442645 -0.005294241 -0.029519394 0.015658706 -0.160772011 0.986425757
1769786436491259392.000000 -0.001019292 -0.002847672 -0.004305711 -0.010842219 0.029084917 -0.159836113 0.986655414
1769786436624592128.000000 -0.000850852 -0.002566332 -0.004363422 0.001362733 0.039347034 -0.158430696 0.986584902
1769786436657926912.000000 -0.001039393 -0.002605192 -0.004615092 0.004224215 0.042611644 -0.161313981 0.985973775
1769786436724592640.000000 -0.000825604 -0.002408600 -0.003703645 0.010738178 0.049892981 -0.162714377 0.985352457
1769786436791259392.000000 -0.000370284 -0.002237014 -0.003574655 0.015782990 0.057847299 -0.161760539 0.985006630
1769786436891258880.000000 -0.001090077 -0.001932175 -0.004350052 0.020232771 0.073306315 -0.166123137 0.983168304
1769786436924592384.000000 -0.000728369 -0.001892622 -0.003596339 0.021787181 0.077807002 -0.166378051 0.982746005
1769786436957925376.000000 -0.000733951 -0.001906430 -0.003678794 0.023295479 0.082713574 -0.165727183 0.982420623
1769786436991259648.000000 -0.000699225 -0.001804060 -0.002997380 0.024339836 0.087173276 -0.167417020 0.981722951
1769786437091258880.000000 -0.000421434 -0.001698984 -0.002426516 0.025156962 0.099007681 -0.171801165 0.979820907
1769786437191258368.000000 -0.000561060 -0.001058474 -0.003189866 0.025078682 0.105577409 -0.174615651 0.978638768
1769786437224592640.000000 -0.000965354 -0.000791069 -0.004787187 0.020214263 0.105806977 -0.175475568 0.978572726
1769786437291260160.000000 -0.000716765 -0.000780168 -0.002861077 0.002420909 0.102736451 -0.169540972 0.980150640
1769786437391258880.000000 -0.000952213 -0.000776989 -0.002888846 -0.016541578 0.093391016 -0.149348557 0.984225333
1769786437424592384.000000 -0.001061770 -0.000025559 -0.002056456 -0.017277757 0.091957726 -0.143859833 0.985164762
1769786437557925888.000000 -0.001043176 0.000173687 -0.001511448 -0.027706845 0.086098939 -0.122751378 0.988307357
1769786437591258880.000000 -0.001707293 0.000601036 -0.002665863 -0.028342392 0.084862225 -0.118174478 0.988953948
1769786437657925888.000000 -0.001712481 0.001017050 -0.002271445 -0.030317474 0.082831286 -0.113115855 0.989658833
1769786437791259648.000000 -0.002151258 0.002044507 -0.002720485 -0.028369771 0.082195476 -0.101364978 0.991042018
1769786437824593152.000000 -0.002195599 0.002251558 -0.001651294 -0.026068917 0.083513871 -0.095664814 0.991561413
1769786437891258112.000000 -0.001911653 0.002049983 -0.000390544 -0.023576396 0.082129136 -0.091271140 0.992153466
1769786437991258880.000000 -0.002401375 0.002909226 -0.000914091 -0.016778680 0.083696321 -0.088109359 0.992446542
1769786438024591616.000000 -0.002737525 0.003408407 -0.001451425 -0.014208614 0.083787166 -0.085567176 0.992701411
1769786438224591616.000000 -0.002890934 0.003593874 -0.000573030 0.003886577 0.083705917 -0.075315997 0.993632615
1769786438257925632.000000 -0.002898087 0.003742831 -0.000467577 0.005536901 0.085256666 -0.078345977 0.993258595
1769786438291259648.000000 -0.002888852 0.004025549 -0.000182382 0.008334004 0.085383050 -0.078773856 0.993194342
1769786438357925120.000000 -0.003137694 0.004305216 -0.000366118 0.012826904 0.086685240 -0.077417590 0.993140340
1769786438524590848.000000 -0.003553193 0.004836232 -0.000651641 0.022787655 0.088874310 -0.073275007 0.993082523
1769786438791258880.000000 -0.004555734 0.004478438 -0.000134352 0.026820922 0.093611196 -0.071998373 0.992639840
1769786439157924352.000000 -0.004964836 0.003391515 -0.000078185 0.025299734 0.098584414 -0.065593563 0.992642224
1769786439257925120.000000 -0.005284805 0.003445264 -0.001233352 0.023699895 0.100349866 -0.065556929 0.992507219
1769786439557924608.000000 -0.005716028 0.001195494 -0.001127344 0.009251253 0.103817910 -0.063848004 0.992501795
1769786439591257344.000000 -0.006249087 0.000074781 -0.001014041 0.007425837 0.106425442 -0.055475105 0.992744207
1769786439657924352.000000 -0.006476112 0.001328104 -0.002145043 0.005267899 0.107192121 -0.062790260 0.992239654
1769786439691257344.000000 -0.001564389 -0.002161943 0.004249268 0.003649698 0.106411763 -0.057579119 0.992646933
1769786439724590848.000000 -0.006642525 0.000344519 -0.000356636 0.001202296 0.108196557 -0.060080498 0.992311656
1769786440891256576.000000 -0.007566887 -0.008530747 -0.000382987 -0.084275834 0.108489208 -0.055874728 0.988941729
1769786440991257088.000000 -0.007904879 -0.009034424 -0.001246718 -0.090179309 0.106763795 -0.053264245 0.988752842
1769786441224590080.000000 -0.007442193 -0.011355789 -0.001715788 -0.101375423 0.101109795 -0.046880573 0.988585889
1769786441291255808.000000 -0.007266404 -0.010733331 -0.000737360 -0.102754787 0.099308468 -0.047947709 0.988574862
1769786441324591360.000000 -0.007127792 -0.011176388 -0.001317664 -0.103061393 0.098851807 -0.046783496 0.988644540
1769786441691256320.000000 -0.006027659 -0.012204112 -0.001528481 -0.110218413 0.087444566 -0.042139161 0.989156008
1769786441724589824.000000 -0.005851632 -0.012087371 -0.001056887 -0.110087425 0.086122960 -0.043321449 0.989235520
1769786441757923072.000000 -0.005817183 -0.012117024 -0.001277879 -0.109760299 0.084846050 -0.041902602 0.989443302
1769786441857923072.000000 -0.005361799 -0.012370824 -0.001386873 -0.108691700 0.081080683 -0.041446958 0.989896059
1769786441924589056.000000 -0.005091243 -0.012392652 -0.001157541 -0.108349249 0.078513503 -0.042465661 0.990097344
1769786441957922304.000000 -0.004848788 -0.011987092 -0.001988359 -0.107310139 0.076589026 -0.042885147 0.990343153
1769786442024589824.000000 -0.004543244 -0.012113305 -0.001313293 -0.106451951 0.074255608 -0.041922834 0.990654647
1769786442091255552.000000 -0.004300896 -0.011739514 -0.001282842 -0.104146972 0.071771458 -0.041378785 0.991105497
1769786442191255552.000000 -0.003668679 -0.011337604 -0.001259186 -0.100381516 0.067146279 -0.041340526 0.991819501
1769786442224589568.000000 -0.003724661 -0.011140452 -0.002499814 -0.098697461 0.065394461 -0.040879894 0.992124617
1769786442257922816.000000 -0.003089844 -0.010976811 -0.001411374 -0.097820722 0.063739233 -0.043221164 0.992219925
1769786442324590080.000000 -0.002523063 -0.010504212 -0.001787216 -0.094236195 0.060246948 -0.043977529 0.992751658
1769786442357923072.000000 -0.002210305 -0.010261227 -0.001553640 -0.092616603 0.058983464 -0.045662452 0.992903829
1769786442457923328.000000 -0.001250229 -0.009744159 -0.001606149 -0.087347597 0.053340394 -0.046001863 0.993684590
1769786442491256064.000000 -0.001336784 -0.008861379 -0.003170412 -0.084840819 0.052145347 -0.046879470 0.993924141
1769786442624588544.000000 0.000043528 -0.007916710 -0.003571596 -0.075827889 0.045418836 -0.045588940 0.995042205
1769786442724588032.000000 0.000471794 -0.007323612 -0.003345218 -0.070375599 0.042215653 -0.047217384 0.995507717
1769786442757922304.000000 0.000569241 -0.007189843 -0.003352306 -0.067788444 0.040971231 -0.048048481 0.995699465
1769786442791256064.000000 0.001129446 -0.007284066 -0.002767700 -0.066534609 0.039179321 -0.049584709 0.995780885
1769786442824590080.000000 0.001091433 -0.006776205 -0.003183306 -0.062637255 0.036991779 -0.047565058 0.996215761
1769786442891255040.000000 0.001441962 -0.006546018 -0.002838620 -0.056426100 0.034870025 -0.049007170 0.996593416
1769786442991255808.000000 0.001742456 -0.005908689 -0.002809929 -0.045920361 0.030215845 -0.049603481 0.997255147
1769786443157922048.000000 0.002112690 -0.004922642 -0.003185293 -0.030019753 0.021622442 -0.050196216 0.998053908
1769786443224588032.000000 0.001932470 -0.004602028 -0.003021762 -0.022116071 0.018940359 -0.050206620 0.998314321
1769786443357922048.000000 0.002010104 -0.004073337 -0.001733341 -0.009443194 0.011175947 -0.052148629 0.998532176
1769786443391255040.000000 0.002150185 -0.003836594 -0.002323446 -0.006312506 0.007215482 -0.051779300 0.998612583
1769786443424587520.000000 0.001995627 -0.003512905 -0.002166856 -0.002540678 0.004427351 -0.051205330 0.998675108
1769786443457925120.000000 0.002189641 -0.003597150 -0.001631219 0.000754805 -0.000001539 -0.051541910 0.998670578
1769786443491256832.000000 0.002434312 -0.003786688 -0.001338375 0.002368344 -0.003812634 -0.054033183 0.998529077
1769786443557924352.000000 0.002424557 -0.003334599 -0.000920040 0.009289412 -0.011665150 -0.052723397 0.998497844
1769786443591256832.000000 0.002608493 -0.002976141 -0.000980230 0.012693450 -0.016960679 -0.053164188 0.998361051
1769786443624590848.000000 0.002655474 -0.002982961 -0.000455338 0.015281555 -0.020706277 -0.051103961 0.998361707
1769786443724590848.000000 0.002652728 -0.002420634 -0.001153482 0.020886542 -0.032871123 -0.047953025 0.998090088
1769786444124591360.000000 0.003362979 -0.000824670 0.000752623 -0.024000561 -0.029795760 -0.032993779 0.998722970
1769786444157923584.000000 0.003306406 -0.000607451 0.000721806 -0.025875224 -0.029183598 -0.032241084 0.998718858
1769786444457924352.000000 0.004464480 0.000756317 0.001865178 -0.029960901 -0.027164670 -0.037925959 0.998461843
1769786444791257344.000000 0.005380238 0.001927743 0.001255745 -0.008581223 -0.027372610 -0.038939163 0.998829782
1769786444924590080.000000 0.005707759 0.001977630 0.001336205 -0.002273276 -0.028702887 -0.037169527 0.998894095
1769786444991256576.000000 0.005880210 0.002577061 0.001412688 0.001803296 -0.028865680 -0.036815759 0.998903513
1769786445657923328.000000 0.006755651 0.000787050 0.000969650 0.002519868 -0.034112241 -0.034134284 0.998831749
1769786445691255808.000000 0.006819538 0.000743216 0.001102225 0.002144045 -0.034891989 -0.032530274 0.998859227
1769786445824590848.000000 0.007034448 0.000471048 0.000517797 -0.001829226 -0.036029398 -0.031337004 0.998857617
1769786445891255552.000000 0.007064195 0.000567186 0.000363372 -0.003690498 -0.036482055 -0.033520717 0.998765171
1769786445991256320.000000 0.007291654 -0.000036022 0.000736521 -0.006823046 -0.037095319 -0.033675820 0.998720884
1769786446024589312.000000 0.007001757 -0.000492200 0.000580537 -0.009064906 -0.036515858 -0.030625625 0.998822570
1769786446091256064.000000 0.007084652 -0.000756846 0.000347373 -0.012241337 -0.037472103 -0.030343480 0.998761892
1769786446157922560.000000 0.006964140 -0.001440244 -0.000609888 -0.016055034 -0.037824973 -0.030410660 0.998692513
1769786446391254784.000000 0.006605974 -0.003413228 0.000053233 -0.032582436 -0.039136041 -0.028449371 0.998297274
1769786446457922816.000000 0.006828478 -0.003452128 0.000695542 -0.034362417 -0.038312685 -0.033285942 0.998119950
1769786446524588800.000000 0.006500952 -0.004580576 0.000873020 -0.040500976 -0.039601225 -0.029650263 0.997954071
1769786446591255040.000000 0.006352252 -0.004638552 0.000419550 -0.043882024 -0.038658250 -0.027305860 0.997914970
1769786446657923072.000000 0.010220231 -0.006287598 0.003346641 -0.049300201 -0.040851004 -0.028908057 0.997529447
1769786446757921536.000000 0.006478124 -0.005954625 -0.000089508 -0.056518715 -0.038946260 -0.027924733 0.997250736
1769786446857922048.000000 0.007808602 -0.005313143 -0.006324531 -0.061308101 -0.038938012 -0.027408760 0.996982396
1769786447024588288.000000 0.006289946 -0.008661600 -0.001602489 -0.076197721 -0.039876096 -0.058253106 0.994590580
1769786447057921792.000000 0.006899801 -0.008460820 -0.001909127 -0.077880010 -0.042307433 -0.072011434 0.993458211
1769786447091255040.000000 0.006611124 -0.008595011 -0.001748780 -0.079137132 -0.042034864 -0.087112531 0.992160201
1769786447224588288.000000 0.006413934 -0.010479927 -0.001878073 -0.088508606 -0.047588635 -0.143063754 0.984598577
1769786447257922048.000000 0.006464099 -0.010885605 -0.001220223 -0.091700919 -0.049382810 -0.157156393 0.982066274
1769786447291253760.000000 0.006281966 -0.011192233 -0.001123239 -0.093569376 -0.051041730 -0.168421775 0.979935527
1769786447457922560.000000 0.006216788 -0.012900762 -0.001341899 -0.102038778 -0.057862811 -0.226907358 0.966826320
1769786447491254784.000000 0.006642339 -0.013291580 -0.001458285 -0.103900447 -0.059810430 -0.241131663 0.963059127
1769786447524588032.000000 0.006199207 -0.013872225 -0.001751570 -0.106023863 -0.059172973 -0.248518288 0.960987091
1769786447757921280.000000 0.006067738 -0.015310656 -0.000899760 -0.114602298 -0.063944094 -0.308662444 0.942074835
1769786448091254272.000000 0.005008315 -0.016233822 -0.001341779 -0.122238718 -0.062604338 -0.358590424 0.923337042
1769786448124589056.000000 0.005030104 -0.016537117 -0.001563006 -0.123100027 -0.062589936 -0.361934960 0.921917558
1769786448157921024.000000 0.004867170 -0.016282076 -0.001513131 -0.122967198 -0.061743218 -0.363593489 0.921339631
1769786448257921280.000000 0.005074203 -0.016310139 -0.002345466 -0.124121971 -0.060347792 -0.367696226 0.919647396
1769786448524587520.000000 0.003545417 -0.015896058 -0.001785463 -0.123655267 -0.049376339 -0.362906218 0.922263801
1769786448557921024.000000 0.003588823 -0.015657194 -0.001894564 -0.123372994 -0.047267076 -0.359751254 0.923647106
1769786448591254016.000000 0.003189794 -0.015639763 -0.001805239 -0.123239435 -0.045104533 -0.356303543 0.925108373
1769786448624587008.000000 0.003246685 -0.015569676 -0.001657584 -0.123015881 -0.043496408 -0.353340209 0.926350832
1769786448657921280.000000 0.002909248 -0.015568007 -0.001450048 -0.122664370 -0.040767089 -0.347539365 0.928713024
1769786448791255040.000000 0.002268760 -0.014532423 -0.001653109 -0.118918031 -0.029901396 -0.324121982 0.938034892
1769786448857920768.000000 0.001606874 -0.013960156 -0.001816045 -0.116590932 -0.022831116 -0.306010991 0.944585979
1769786448891254016.000000 0.001445658 -0.013379005 -0.001332185 -0.114652872 -0.020181436 -0.296120286 0.948029637
1769786448924587008.000000 0.001337114 -0.013200099 -0.000947685 -0.113495842 -0.016634747 -0.286987185 0.951041698
1769786448957920256.000000 0.000935685 -0.012872820 -0.001295362 -0.111881122 -0.012657350 -0.272868365 0.955439806
1769786448991254272.000000 0.000853335 -0.012810322 -0.000797355 -0.110623300 -0.010118619 -0.260209173 0.959140897
1769786449024587264.000000 0.000664646 -0.012513423 -0.001068973 -0.109272011 -0.006433241 -0.250066072 0.962021410
1769786449091253504.000000 -0.000154306 -0.011138266 -0.002670024 -0.103639513 0.000190469 -0.227359295 0.968280196
1769786449157920768.000000 -0.000229333 -0.010605678 -0.001824590 -0.099718966 0.006165478 -0.207982957 0.973016560
1769786449224587264.000000 -0.000792544 -0.010042690 -0.002710765 -0.093916729 0.011147517 -0.194357827 0.976360798
1769786449257920000.000000 -0.001334401 -0.010189107 -0.003468580 -0.092482701 0.012438614 -0.194040269 0.976545215
1769786449291252736.000000 -0.001025802 -0.009725442 -0.002316674 -0.089205950 0.014501330 -0.193143740 0.976999223
1769786449324589056.000000 -0.001052005 -0.009546281 -0.002397272 -0.085984111 0.016693396 -0.194747031 0.976934850
1769786449357921024.000000 -0.000941469 -0.009727435 -0.001821154 -0.082848355 0.018748296 -0.195246711 0.977068782
1769786449424586752.000000 -0.001535607 -0.009250185 -0.003082721 -0.075993441 0.022959169 -0.193231493 0.977936327
1769786449457921280.000000 -0.001412505 -0.009183969 -0.002123143 -0.073180765 0.025894197 -0.192418396 0.978237808
1769786449624586240.000000 -0.000815185 -0.008968540 -0.000530708 -0.056950647 0.038912706 -0.198418751 0.977687299
1769786449657920768.000000 -0.001292447 -0.008984109 -0.001930931 -0.054263435 0.042360999 -0.198780492 0.977623284
1769786449691252736.000000 -0.000749512 -0.009232701 -0.001233918 -0.051251821 0.044469114 -0.201564327 0.977122128
1769786449824589056.000000 -0.000945321 -0.008258059 -0.000695555 -0.039612412 0.063077196 -0.205679506 0.975780785
1769786449857920256.000000 -0.000899965 -0.007862246 -0.000933339 -0.035656165 0.068388417 -0.203075871 0.976120830
1769786449891252992.000000 -0.000654676 -0.008334921 -0.000571830 -0.037049051 0.071012273 -0.206597298 0.975142121
1769786449924587008.000000 -0.000875547 -0.008028083 -0.000713898 -0.033792198 0.077371620 -0.206279486 0.974843860
1769786450257920000.000000 -0.001470403 -0.006547824 0.000414934 -0.043534998 0.106562145 -0.218444839 0.969036162
1769786450391252736.000000 -0.001161765 -0.006574037 0.000470942 -0.071282685 0.095617190 -0.191531464 0.974213481
1769786450457920512.000000 -0.002209932 -0.006224143 0.000322073 -0.079209745 0.095155455 -0.180625319 0.975728333
1769786450591252992.000000 -0.002040301 -0.005589295 0.000120264 -0.085069589 0.088914752 -0.157047763 0.979894578
1769786450624585984.000000 -0.002281307 -0.005385031 0.000699416 -0.085949905 0.089256845 -0.150810704 0.980765998
1769786450691252224.000000 -0.002178910 -0.004901929 0.000522905 -0.086256750 0.088079363 -0.145903707 0.981587470
1769786450857919232.000000 -0.002415856 -0.004303114 0.001187184 -0.082730733 0.086925045 -0.128499344 0.984422505
1769786450924586496.000000 -0.002621674 -0.003689567 0.000802457 -0.078708529 0.086599343 -0.126995742 0.984975934
1769786451557952000.000000 -0.003561652 -0.001097294 0.001202589 -0.030865159 0.092636026 -0.113522872 0.988725662
1769786452624617984.000000 -0.006042435 -0.002830594 -0.000031538 -0.047705889 0.109665245 -0.105517916 0.987199903
1769786452724618752.000000 -0.007099088 -0.003913520 -0.000379612 -0.054819569 0.114321217 -0.101862289 0.986686170
1769786453024618496.000000 -0.006830917 -0.005839444 0.001612791 -0.075091824 0.117430054 -0.098678388 0.985309064
1769786453191284736.000000 -0.005860822 -0.007642197 0.004463589 -0.090679131 0.118271060 -0.095738694 0.984186709
1769786453291284224.000000 -0.006856121 -0.008108543 0.002402999 -0.096749388 0.118526876 -0.094437458 0.983703434
1769786453491284736.000000 -0.006712520 -0.009724757 0.003183932 -0.112227686 0.119505428 -0.088926286 0.982453823
1769786453657951232.000000 -0.006416360 -0.010565555 0.003928011 -0.123079345 0.117806330 -0.087960377 0.981445909
1769786453891284224.000000 -0.006881920 -0.011785588 0.003663057 -0.136264116 0.116425283 -0.080866113 0.980478406
1769786453924617984.000000 -0.007413846 -0.012235033 0.002485782 -0.139567405 0.115460113 -0.084401779 0.979829729
1769786454291283712.000000 -0.006396182 -0.014308420 0.003963197 -0.155636445 0.108876422 -0.074752145 0.978946030
1769786454357951232.000000 -0.006812995 -0.014419530 0.003222740 -0.157281607 0.107310280 -0.073236406 0.978970647
1769786454391283968.000000 -0.006865920 -0.014180312 0.002524407 -0.158236310 0.105883881 -0.075964123 0.978764176
1769786454591283456.000000 -0.006416465 -0.014776299 0.002045692 -0.161959484 0.100086637 -0.073686592 0.978939235
1769786454757950464.000000 -0.005433434 -0.015527598 0.002996094 -0.163591921 0.094962209 -0.073698938 0.979177415
1769786455057952768.000000 -0.004220747 -0.015159614 0.002674609 -0.158321127 0.082828656 -0.070976950 0.981344044
1769786455191282944.000000 -0.003324434 -0.014922261 0.002403672 -0.153686032 0.076947823 -0.070074655 0.982623637
1769786455257950208.000000 -0.003226286 -0.014445318 0.002018806 -0.150723070 0.074160077 -0.069875941 0.983310819
1769786455291283200.000000 -0.002864149 -0.014478323 0.001791155 -0.149408773 0.071694791 -0.070458233 0.983652651
1769786455324618752.000000 -0.002796421 -0.014448078 0.001512900 -0.148007736 0.070433252 -0.071281493 0.983896255
1769786455357951232.000000 -0.002411103 -0.014079860 0.001522059 -0.146015242 0.068773314 -0.069787718 0.984418392
1769786455391283456.000000 -0.002428686 -0.014206383 0.000720317 -0.144543320 0.066383027 -0.071004882 0.984712601
1769786455457950976.000000 -0.001740499 -0.013589283 0.000890909 -0.141476572 0.063236706 -0.073467344 0.985184252
1769786455491283200.000000 -0.001668325 -0.013144820 0.000332989 -0.139235213 0.061441272 -0.074101627 0.985569656
1769786455524615680.000000 -0.001653301 -0.013182092 0.000738657 -0.137655199 0.060274158 -0.073048763 0.985942185
1769786455557949952.000000 -0.000842461 -0.012696972 0.001122140 -0.134980276 0.058024276 -0.074122816 0.986366749
1769786455691283200.000000 0.000605962 -0.012354459 0.000079775 -0.127179310 0.050912384 -0.074810788 0.987743258
1769786455924616704.000000 0.001851631 -0.010863597 0.000182857 -0.107031971 0.040370777 -0.078846693 0.990301728
1769786455957949696.000000 0.001964221 -0.010801585 0.000784576 -0.103630655 0.038993202 -0.079761028 0.990645468
1769786456024616960.000000 0.002270478 -0.010691150 0.001026187 -0.098398149 0.035190675 -0.080076337 0.991295755
1769786456124617472.000000 0.002679624 -0.010195875 0.000932546 -0.089326955 0.030241957 -0.080595233 0.992275476
1769786456157949440.000000 0.002576244 -0.010415177 0.001306205 -0.087701343 0.028837238 -0.081451483 0.992392361
1769786456191282432.000000 0.002657171 -0.010200384 0.001357035 -0.084416315 0.026980458 -0.082674667 0.992628276
1769786456257949952.000000 0.002764411 -0.010146420 0.001605465 -0.078006476 0.023872996 -0.082062542 0.993282855
1769786456291282432.000000 0.002902429 -0.009644408 0.001470392 -0.073802382 0.021360138 -0.083538488 0.993538260
1769786456357950464.000000 0.003115804 -0.009477129 0.001776364 -0.068402171 0.015491795 -0.084004849 0.993994176
1769786456391282688.000000 0.003489299 -0.009546709 0.002393194 -0.065958835 0.011946133 -0.084569015 0.994160354
1769786456524614912.000000 0.002903037 -0.008350930 0.001041766 -0.053682920 -0.003255929 -0.084625289 0.994960368
1769786456557950720.000000 0.003289753 -0.008329712 0.001548931 -0.050576288 -0.008314636 -0.082960859 0.995233834
1769786456624616192.000000 0.003665880 -0.008075664 0.002473633 -0.044293437 -0.016703192 -0.082279354 0.995484412
1769786456691282944.000000 0.003916054 -0.007839605 0.002676606 -0.039467391 -0.025576627 -0.079331800 0.995738268
1769786456724616192.000000 0.003938517 -0.007573422 0.002619013 -0.037413105 -0.028705791 -0.077055827 0.995910943
1769786456824617984.000000 0.004179673 -0.007724782 0.003384222 -0.036923401 -0.034325141 -0.068685256 0.996363819
1769786456857949440.000000 0.004663578 -0.007467642 0.003589874 -0.035555419 -0.036262199 -0.065624297 0.996551216
1769786456957948672.000000 0.004746367 -0.007256164 0.004625754 -0.061157297 -0.030201720 -0.061010297 0.995803952
1769786457024615936.000000 0.004659452 -0.007247415 0.005124107 -0.074272476 -0.025982624 -0.060376540 0.995069444
1769786457391281920.000000 0.006102479 -0.006439514 0.006985263 -0.092343137 -0.020486824 -0.063268341 0.993503988
1769786457424615424.000000 0.006447193 -0.006414765 0.007548174 -0.092068374 -0.020821683 -0.062898405 0.993546009
1769786457524615168.000000 0.006143529 -0.006461342 0.006022905 -0.088002816 -0.021294398 -0.064205669 0.993820727
1769786457624615424.000000 0.007040058 -0.005720228 0.006870628 -0.081514008 -0.022170363 -0.064752281 0.994319439
1769786458091281664.000000 0.008090639 -0.005129141 0.005217356 -0.056801695 -0.024847219 -0.062677547 0.996106327
1769786458124616192.000000 0.008126229 -0.004920902 0.006739035 -0.056835897 -0.024478471 -0.062112018 0.996148884
1769786458191281152.000000 0.008387882 -0.004921408 0.007343308 -0.056151960 -0.024799906 -0.062040672 0.996184170
1769786458657948672.000000 0.008796322 -0.006318751 0.005027014 -0.057181571 -0.029692393 -0.058454581 0.996208668
1769786458691280896.000000 0.009425158 -0.006438109 0.005204539 -0.057532579 -0.030272987 -0.057082910 0.996250510
1769786458791300608.000000 0.009726986 -0.006727170 0.005575767 -0.060699388 -0.031434316 -0.058262669 0.995958328
1769786458891299072.000000 0.009959770 -0.006970933 0.005430304 -0.063437074 -0.032873128 -0.058854349 0.995706439
1769786458957965824.000000 0.009417292 -0.007625396 0.005948050 -0.067247517 -0.032276791 -0.057599340 0.995549262
1769786459024632832.000000 0.009372913 -0.007879822 0.005643669 -0.069131747 -0.033416238 -0.057385501 0.995394945
1769786459091299072.000000 0.009872016 -0.008843499 0.005790342 -0.074428014 -0.034948707 -0.059617233 0.994829059
1769786459324635136.000000 0.009795200 -0.010334854 0.006005149 -0.085628375 -0.034930728 -0.057615645 0.994046330
1769786459457967104.000000 0.010322746 -0.011672345 0.007106515 -0.094498247 -0.035910737 -0.056081649 0.993295193
1769786459657965824.000000 0.010032318 -0.013655207 0.006272214 -0.109726399 -0.034184050 -0.056549933 0.991762936
1769786459691299584.000000 0.009697543 -0.014736866 0.006057526 -0.113816611 -0.034205258 -0.055823889 0.991342247
1769786459724632832.000000 0.010177451 -0.015937237 0.007728718 -0.116150647 -0.033768542 -0.054363132 0.991167665
1769786459824634112.000000 0.009812619 -0.016324792 0.007038111 -0.123805895 -0.034337830 -0.054801397 0.990196884
1769786459857965824.000000 0.009766726 -0.016192384 0.006938072 -0.124518469 -0.032688685 -0.056953955 0.990041852
1769786459991298816.000000 0.010046301 -0.017956352 0.009934948 -0.135266796 -0.035664495 -0.073589571 0.987428784
1769786460057965056.000000 0.009958417 -0.018538950 0.007390553 -0.139215112 -0.039230108 -0.102361500 0.984175980
1769786460124633088.000000 0.009776019 -0.018740997 0.007775383 -0.142431900 -0.043966185 -0.131420851 0.980055451
1769786460191298304.000000 0.010019977 -0.019705694 0.007027927 -0.147443876 -0.048228037 -0.157844394 0.975202262
1769786460224631552.000000 0.009181111 -0.020174220 0.006673540 -0.149453133 -0.048158333 -0.168300405 0.973149300
1769786460357966080.000000 0.009371642 -0.021402795 0.007537579 -0.155891493 -0.057191782 -0.216921523 0.961962581
1769786460491298048.000000 0.008901933 -0.023011053 0.007010730 -0.163133785 -0.064465359 -0.259329826 0.949726105
1769786460957964544.000000 0.007882645 -0.026347676 0.007497065 -0.177661568 -0.074179664 -0.362029493 0.912068248
1769786461091298048.000000 0.007391580 -0.026581042 0.006699060 -0.179703593 -0.074278407 -0.376435339 0.905806720
1769786461191297792.000000 0.007047569 -0.026606785 0.006254267 -0.180875853 -0.073233433 -0.382514089 0.903107882
1769786461357965568.000000 0.006150632 -0.026433544 0.006981655 -0.181839988 -0.068789117 -0.387199998 0.901264906
1769786461391297792.000000 0.006076678 -0.026536725 0.006382489 -0.181664526 -0.067508355 -0.386579931 0.901663244
1769786461457965824.000000 0.005723919 -0.026216561 0.006251140 -0.181259051 -0.064293586 -0.384459764 0.902885497
1769786461524631040.000000 0.005671037 -0.025960248 0.006348629 -0.180608526 -0.061177298 -0.381063700 0.904670358
1769786461557964544.000000 0.005359696 -0.025894452 0.006705240 -0.180652753 -0.058894653 -0.378047198 0.906077445
1769786461657965568.000000 0.004617453 -0.025190059 0.006356677 -0.179034099 -0.051127609 -0.366488785 0.911602318
1769786461724631552.000000 0.004264144 -0.024864450 0.005776303 -0.178344443 -0.046094000 -0.355539739 0.916329682
1769786461791298048.000000 0.003525445 -0.023617411 0.003514586 -0.174700394 -0.038505621 -0.341056943 0.922863662
1769786461857964800.000000 0.003248302 -0.023034420 0.004341624 -0.172896087 -0.031332582 -0.325309217 0.929138899
1769786461891297280.000000 0.002506353 -0.022447512 0.001926883 -0.170777723 -0.026801797 -0.315826684 0.932936311
1769786461924630528.000000 0.002928214 -0.021882299 0.004566996 -0.169409335 -0.023371371 -0.305680811 0.936650157
1769786461957964288.000000 0.002564447 -0.021428455 0.002565252 -0.168350711 -0.019304741 -0.297717303 0.939494491
1769786461991298048.000000 0.002660059 -0.021164257 0.003256411 -0.166208699 -0.016667934 -0.283894032 0.944193304
1769786462057963776.000000 0.001360932 -0.020111544 0.003834293 -0.162398130 -0.006134239 -0.261307180 0.951476693
1769786462091297024.000000 0.001580957 -0.019838752 0.003747707 -0.160029620 -0.003671111 -0.251228631 0.954600036
1769786462157964544.000000 0.001398542 -0.019079709 0.003921481 -0.156253114 0.002536383 -0.232310563 0.960005403
1769786462224630016.000000 0.001409618 -0.018146638 0.003908828 -0.151054889 0.007247101 -0.222985521 0.963019967
1769786462257963776.000000 0.001447098 -0.018301498 0.003895501 -0.149152115 0.008701094 -0.220522329 0.963871300
1769786462291296768.000000 0.001061678 -0.018203422 0.003758603 -0.146031320 0.010330280 -0.219413012 0.964585960
1769786462324632320.000000 0.001274457 -0.018090401 0.004042935 -0.142906114 0.012305708 -0.219134107 0.965094090
1769786462391297024.000000 0.001294451 -0.017730653 0.004610870 -0.135820523 0.016425703 -0.220668629 0.965706110
1769786462424630784.000000 0.001400483 -0.017552426 0.004795520 -0.132741675 0.018286753 -0.222561195 0.965666533
1769786462457965056.000000 0.001608643 -0.017985057 0.004534043 -0.130404592 0.019652145 -0.223874822 0.965654433
1769786462491297536.000000 0.001437507 -0.017679982 0.004398024 -0.127157986 0.022517025 -0.225616723 0.965619504
1769786462524630528.000000 0.001373807 -0.017469464 0.004741778 -0.123818971 0.025406329 -0.226551935 0.965762734
1769786462557965312.000000 0.001234475 -0.017599020 0.005236433 -0.121095680 0.028453024 -0.225461960 0.966278017
1769786462591297024.000000 0.001712592 -0.017356478 0.005264652 -0.117732719 0.030076692 -0.226480752 0.966406167
1769786462657964288.000000 0.001642365 -0.017406352 0.005745465 -0.111205071 0.036001548 -0.231059298 0.965892851
1769786462691297024.000000 0.001329412 -0.017060015 0.004505740 -0.107364103 0.038923595 -0.231936827 0.966003776
1769786462724630272.000000 0.001589020 -0.016897608 0.005326201 -0.104197025 0.043058541 -0.232369095 0.966071188
1769786462757963776.000000 0.001499642 -0.016725691 0.004714940 -0.101317421 0.046538036 -0.232666016 0.966144681
1769786462824632320.000000 0.001651716 -0.016165661 0.005753873 -0.095868893 0.055636216 -0.235406533 0.965555549
1769786462891296768.000000 0.002021820 -0.016118161 0.006182078 -0.091951236 0.064923823 -0.237514481 0.964840293
1769786462957963520.000000 0.001893389 -0.015825063 0.005398783 -0.088070214 0.073549308 -0.240838930 0.963758647
1769786462991297024.000000 0.000701719 -0.015339750 0.005870838 -0.086773686 0.079606108 -0.241517633 0.963225007
1769786463091296768.000000 0.002714390 -0.015741104 0.007106368 -0.087082259 0.087785020 -0.248054028 0.960822403
1769786463224629760.000000 0.002176717 -0.014083633 0.007799146 -0.090543650 0.098507807 -0.251817882 0.958481014
1769786463257963776.000000 0.002466632 -0.015117614 0.006597689 -0.103531897 0.093871728 -0.255301684 0.956708074
1769786463291296000.000000 0.001685917 -0.014034032 0.006658467 -0.109695643 0.096503489 -0.242479503 0.959092081
1769786463324632064.000000 0.002092141 -0.014508414 0.008007205 -0.117487334 0.093389064 -0.235085085 0.960317791
1769786463424630016.000000 0.002201867 -0.013913531 0.009195770 -0.130981892 0.088413619 -0.216581210 0.963389516
1769786463457964544.000000 0.001969418 -0.013506119 0.007664490 -0.132095069 0.087796867 -0.210518390 0.964637041
1769786463557963520.000000 0.001652092 -0.012324847 0.009569116 -0.138440788 0.086138211 -0.193271548 0.967502177
1769786463624629504.000000 0.002459773 -0.012843225 0.009118297 -0.143715605 0.082951210 -0.189279631 0.967800677
1769786463657963776.000000 0.002151527 -0.012356307 0.009232556 -0.144306332 0.084098861 -0.184099749 0.968612611
1769786463857962496.000000 0.001833438 -0.011194949 0.009379581 -0.139357075 0.082682677 -0.167475760 0.972468555
1769786463924630272.000000 0.001816789 -0.011264877 0.008691568 -0.135774642 0.082173295 -0.162247300 0.973903835
1769786464124630784.000000 0.002107344 -0.010602633 0.008765433 -0.119265102 0.081325717 -0.148779050 0.978277445
1769786464391296000.000000 0.001447346 -0.009924875 0.008430394 -0.097521387 0.084778205 -0.146724790 0.980700791
1769786464424629504.000000 0.001350773 -0.009593033 0.009275245 -0.096279874 0.085588157 -0.147923976 0.980572999
1769786464991296000.000000 0.000099983 -0.009303263 0.008792773 -0.085402884 0.094233409 -0.143763363 0.981406391
1769786465091295488.000000 -0.000116299 -0.009825736 0.009099586 -0.085302301 0.097112648 -0.137775987 0.981993079
1769786465224628480.000000 -0.000017926 -0.009990548 0.009944477 -0.089262754 0.098160587 -0.140478179 0.981153667
1769786465757961728.000000 -0.001073474 -0.012211816 0.011342040 -0.115905672 0.106985375 -0.142350510 0.977167547
1769786466424627712.000000 -0.002056359 -0.017639615 0.010116470 -0.166075990 0.113943495 -0.137163267 0.969856620
1769786466457963008.000000 -0.000894388 -0.017904805 0.012694622 -0.168353394 0.111540943 -0.139939249 0.969346583
1769786466491294976.000000 -0.001318909 -0.018122416 0.012344794 -0.171169266 0.113632128 -0.135662138 0.969218552
1769786466624627456.000000 -0.002115412 -0.018992368 0.010796309 -0.180018187 0.113640480 -0.133137450 0.967963696
1769786466957981952.000000 -0.002009032 -0.021134421 0.012185942 -0.201426953 0.111382537 -0.129581258 0.964484274
1769786466991315968.000000 -0.002191209 -0.021360585 0.011513363 -0.202548429 0.111303367 -0.128969654 0.964340448
1769786467057982208.000000 -0.002412174 -0.021812972 0.010840575 -0.205654532 0.109280482 -0.130894452 0.963654876
1769786467557981952.000000 -0.003183540 -0.024580082 0.007889364 -0.222125679 0.098307185 -0.121972948 0.962350547
1769786467591314688.000000 -0.001776575 -0.024286872 0.010245442 -0.222727224 0.096627116 -0.121902198 0.962390602
1769786467724648192.000000 -0.002412177 -0.024753816 0.007873147 -0.223010242 0.092090212 -0.121256411 0.962851346
1769786467791315712.000000 -0.001337942 -0.024294805 0.009078391 -0.222722501 0.088721156 -0.122158483 0.963120222
1769786467924647936.000000 -0.000573055 -0.024367960 0.010157237 -0.221602008 0.084496520 -0.118738756 0.964185655
1769786467991315456.000000 -0.000354759 -0.024345236 0.010776542 -0.220334217 0.082383595 -0.117365301 0.964827001
1769786468091314432.000000 -0.001449134 -0.024555605 0.007340833 -0.217778936 0.077433549 -0.117208369 0.965835750
1769786468124648448.000000 0.000036390 -0.024161059 0.009406419 -0.216750905 0.075146161 -0.120143667 0.965886950
1769786468424647936.000000 0.001555716 -0.023901770 0.007565716 -0.204455867 0.060769707 -0.116752476 0.969986439
1769786468457982720.000000 0.001801413 -0.023683695 0.007925293 -0.203236163 0.059400138 -0.116725534 0.970330834
1769786468491314176.000000 0.002291530 -0.023349373 0.008079187 -0.201072872 0.057220798 -0.117194414 0.970855832
1769786468524646912.000000 0.002007334 -0.023530761 0.006872526 -0.199164703 0.055374071 -0.118276499 0.971224904
1769786468591314432.000000 0.002835307 -0.023160005 0.008052148 -0.195738852 0.052723311 -0.117050990 0.972216904
1769786468624646912.000000 0.003026999 -0.022870265 0.008189979 -0.193321809 0.050791446 -0.118492298 0.972628713
1769786468924646912.000000 0.003521088 -0.020614687 0.001380427 -0.166576281 0.035775911 -0.120166264 0.978024840
1769786468991314688.000000 0.002921163 -0.020236935 0.000098529 -0.161493629 0.033468187 -0.119665615 0.979019880
1769786469024646656.000000 0.003299502 -0.019967627 0.000856791 -0.158228099 0.032040142 -0.120315693 0.979521036
1769786469057980672.000000 0.003170963 -0.020228669 0.001756276 -0.155948922 0.030499853 -0.118335068 0.980176747
1769786469124647424.000000 0.003855539 -0.020426780 0.001065569 -0.151494369 0.025410896 -0.121373326 0.980648935
1769786469191313408.000000 0.003671210 -0.019785924 0.000796808 -0.144227341 0.022307074 -0.120600119 0.981914759
1769786469224647168.000000 0.003864542 -0.020111075 0.001145834 -0.141896203 0.020905983 -0.119352899 0.982437432
1769786469291313152.000000 0.004140076 -0.019754143 0.001797052 -0.136977777 0.015951777 -0.124133073 0.982636094
1769786469424646400.000000 0.005218653 -0.019031586 0.002946565 -0.124218598 0.001761023 -0.122260302 0.984692395
1769786469457981952.000000 0.003594617 -0.019032333 -0.001564159 -0.120767199 -0.002029677 -0.120122485 0.985384107
1769786469524646400.000000 0.004463923 -0.018394720 0.000761479 -0.114871390 -0.010860556 -0.118572541 0.986218631
1769786469557980160.000000 0.004329668 -0.018604228 -0.000064160 -0.112951517 -0.015491456 -0.118440770 0.986394346
1769786469724647680.000000 0.005265658 -0.017630992 0.003525758 -0.103004269 -0.034795780 -0.113907695 0.987524390
1769786470091313664.000000 0.006631901 -0.016712116 0.006535534 -0.146308497 -0.026935410 -0.094630308 0.984333992
1769786470157980160.000000 0.006786626 -0.016386015 0.005491883 -0.151066944 -0.025315754 -0.095636092 0.983560741
1769786470191313152.000000 0.007127832 -0.016035171 0.006013681 -0.152170599 -0.024990274 -0.095679648 0.983394623
1769786470257980416.000000 0.007344167 -0.015898395 0.005944186 -0.155239299 -0.024443429 -0.097454242 0.982754290
1769786470424646912.000000 0.008091306 -0.014630613 0.004786532 -0.153043807 -0.025095068 -0.099226683 0.982904851
1769786470791313920.000000 0.009554636 -0.014153242 0.002999545 -0.130766928 -0.028560888 -0.098025374 0.986141622
1769786470857979648.000000 0.009449298 -0.014204127 0.002647387 -0.126871601 -0.028873090 -0.094699770 0.986966014
1769786471124646656.000000 0.010364836 -0.014058841 0.002732794 -0.118611082 -0.030681029 -0.095780447 0.987834096
1769786471624646144.000000 0.010608914 -0.015558207 0.001931455 -0.119532198 -0.034402687 -0.092866994 0.987878680
1769786471691312128.000000 0.010960875 -0.015934242 0.002106041 -0.121683910 -0.035573009 -0.095442563 0.987328887
1769786471757979648.000000 0.010841359 -0.016022848 0.001613133 -0.122697160 -0.035504848 -0.092140317 0.987519622
1769786472057978624.000000 0.010816712 -0.017868513 0.002578021 -0.134872139 -0.037867196 -0.089287564 0.986105144
1769786472091312128.000000 0.011121469 -0.017816428 0.002132632 -0.135029420 -0.038840111 -0.093605697 0.985645235
1769786472324646656.000000 0.010055209 -0.020546084 0.002379040 -0.151254937 -0.036826234 -0.089136198 0.983778715
1769786472357979136.000000 0.010609192 -0.020663168 0.002098479 -0.153280869 -0.038253888 -0.090450361 0.983290613
1769786472424644864.000000 0.010203649 -0.021309877 0.002133155 -0.157853767 -0.037790623 -0.086510383 0.982939482
1769786472524645120.000000 0.010726298 -0.022491457 0.001152850 -0.164645061 -0.039112624 -0.089688435 0.981487751
1769786472591312128.000000 0.010686758 -0.022296032 0.002431054 -0.169362769 -0.039254997 -0.090379171 0.980615616
1769786472691311360.000000 0.010259486 -0.024305457 0.001785533 -0.176991254 -0.038255546 -0.090197101 0.979323804
1769786472724644608.000000 0.010108760 -0.024411516 0.001165795 -0.178945348 -0.037688505 -0.089170225 0.979084671
1769786472791312640.000000 0.010038432 -0.024786100 0.001997241 -0.184166446 -0.036119375 -0.089796603 0.978117943
1769786472824645632.000000 0.009975667 -0.025645725 0.001414172 -0.186954200 -0.037770107 -0.088498823 0.977644920
1769786472857978624.000000 0.010166554 -0.026061852 0.002863343 -0.189723790 -0.036275189 -0.088033348 0.977209866
1769786472891311872.000000 0.009434307 -0.026146289 0.002681504 -0.191938296 -0.035447083 -0.086677261 0.976929009
1769786473024644608.000000 0.009777959 -0.027701739 0.004481227 -0.201858655 -0.041645233 -0.123137593 0.970750153
1769786473057977600.000000 0.011338626 -0.027830094 0.006266064 -0.204081759 -0.043859176 -0.132986635 0.968886793
1769786473224644864.000000 0.009577214 -0.030189199 0.003182586 -0.213082254 -0.058913767 -0.201931283 0.954122066
1769786473257978880.000000 0.009569201 -0.030543404 0.004628764 -0.214860007 -0.061798658 -0.215559661 0.950552583
1769786473291310592.000000 0.009874170 -0.031419091 0.005614175 -0.216683909 -0.065599687 -0.228338555 0.946892977
1769786473324644352.000000 0.008877233 -0.031745620 0.002106101 -0.218350321 -0.067347758 -0.240740418 0.943308771
1769786473391311104.000000 0.009289654 -0.032256957 0.004535697 -0.222500026 -0.073989257 -0.264398634 0.935474634
1769786473557977600.000000 0.008792861 -0.033442955 0.004703680 -0.226986960 -0.083508901 -0.311522096 0.918943524
1769786473657978112.000000 0.008865830 -0.034336530 0.003486590 -0.230808645 -0.088987701 -0.339984655 0.907314181
1769786473724644608.000000 0.008908154 -0.034545880 0.005375035 -0.232084423 -0.092165932 -0.352187186 0.902001381
1769786473757977856.000000 0.008801937 -0.034862924 0.005181414 -0.233291402 -0.093089633 -0.360243231 0.898406506
1769786473857978112.000000 0.008420695 -0.035486035 0.004455585 -0.235323384 -0.095612839 -0.377685368 0.890412748
1769786474157977856.000000 0.007252078 -0.036018413 0.005412806 -0.240118265 -0.096828587 -0.411517292 0.873854101
1769786474357978624.000000 0.006534936 -0.035765398 0.005516423 -0.240456522 -0.091917500 -0.416118324 0.872110903
1769786474491310848.000000 0.005847385 -0.035476457 0.005287356 -0.240013406 -0.085275546 -0.411452264 0.875116408
1769786474557977344.000000 0.005849943 -0.035045266 0.005305251 -0.239485323 -0.081627093 -0.406850308 0.877756596
1769786474591311360.000000 0.005548959 -0.035102040 0.004924192 -0.239204630 -0.079026043 -0.404530883 0.879142106
1769786474691306240.000000 0.004963511 -0.034372848 0.003613225 -0.237378553 -0.069334008 -0.390085340 0.886948586
1769786474724638976.000000 0.005020359 -0.034238145 0.003892941 -0.236798048 -0.066950418 -0.385062754 0.889477909
1769786474791306752.000000 0.004788285 -0.033645865 0.004252402 -0.235254347 -0.059632722 -0.371848643 0.896006644
1769786474891305728.000000 0.003845217 -0.032282744 0.002643726 -0.231081441 -0.045572419 -0.348137677 0.907372415
1769786474991306496.000000 0.003562781 -0.031236771 0.003483364 -0.227212280 -0.031512354 -0.314474583 0.921133697
1769786475024638976.000000 0.002705778 -0.030458361 0.002639049 -0.224642500 -0.025329368 -0.302865058 0.925833106
1769786475057971968.000000 0.002187782 -0.029479384 0.001724069 -0.221114442 -0.019509433 -0.293193340 0.929927647
1769786475124638976.000000 0.002456260 -0.028916623 0.001875268 -0.216793671 -0.012875333 -0.272586912 0.937299907
1769786475157973248.000000 0.002385311 -0.028993992 0.002287190 -0.215573683 -0.009055473 -0.265059710 0.939781547
1769786475224638720.000000 0.002425105 -0.029106155 0.001387338 -0.212764055 -0.005446759 -0.258360654 0.942311823
1769786475291304704.000000 0.002381935 -0.028540924 0.002471792 -0.207045570 -0.001715543 -0.255041748 0.944501460
1769786475591304704.000000 0.002582944 -0.027387891 0.002071961 -0.175971374 0.017219998 -0.265630871 0.947722435
1769786475691305472.000000 0.000925205 -0.026413599 -0.000924986 -0.163107067 0.029800011 -0.266994327 0.949327171
1769786476757971456.000000 0.000675955 -0.021001866 -0.002136918 -0.198305294 0.076935358 -0.208329007 0.954649150
1769786477024636928.000000 0.001169616 -0.019537516 -0.001350804 -0.186963066 0.075510219 -0.199218512 0.958986461
1769786477224637440.000000 0.001152944 -0.018991003 0.000402924 -0.172331542 0.077901416 -0.198599666 0.961660743
1769786478191303168.000000 -0.001605010 -0.017736465 -0.000415497 -0.145119891 0.093335681 -0.180534393 0.968316078
1769786478324638464.000000 -0.001726126 -0.018346036 -0.000590608 -0.148945510 0.095213838 -0.178392425 0.967949271
1769786478391303680.000000 -0.002257738 -0.018813463 -0.000603442 -0.151579320 0.097048678 -0.175025314 0.967972875
1769786478557969920.000000 -0.002931041 -0.019637089 -0.000188476 -0.159508303 0.100927942 -0.174128056 0.966462672
1769786478757970432.000000 -0.003999879 -0.020974182 -0.000189426 -0.171037138 0.105523676 -0.173766866 0.964062333
1769786479024636160.000000 -0.005092550 -0.022875957 -0.000238848 -0.188886538 0.110092044 -0.175137848 0.959962666
1769786479257970432.000000 -0.005384448 -0.025183104 0.001708027 -0.207505077 0.114760585 -0.169329301 0.956608236
1769786479524635904.000000 -0.007138360 -0.027520057 0.000905535 -0.225034997 0.118138857 -0.160094455 0.953819811
1769786479591302656.000000 -0.007713995 -0.028890537 0.001342597 -0.232166603 0.118789189 -0.161485285 0.951793194
1769786480091302400.000000 -0.009099382 -0.034118086 -0.000519119 -0.261214733 0.114003882 -0.148644343 0.946929157
1769786480191302144.000000 -0.009589030 -0.034585785 -0.001021500 -0.264270306 0.112945303 -0.147129968 0.946444631
1769786480257969408.000000 -0.010051900 -0.035577010 -0.001480313 -0.268156499 0.112657130 -0.147447944 0.945335746
1769786480557968896.000000 -0.009069706 -0.036835436 -0.001835627 -0.274319530 0.103950307 -0.143011793 0.945246398
1769786480624634880.000000 -0.008265138 -0.036884692 -0.001053793 -0.275600135 0.101257257 -0.142578840 0.945231616
1769786480691302400.000000 -0.008585741 -0.037160013 -0.001840536 -0.275261730 0.099550448 -0.140242293 0.945860863
1769786480824635136.000000 -0.008132939 -0.037435755 -0.002636432 -0.275714725 0.095237695 -0.140191749 0.946180463
1769786480924634880.000000 -0.007136900 -0.037232861 -0.001947524 -0.274796754 0.090713918 -0.140606850 0.946830213
1769786480991302144.000000 -0.006722517 -0.037112489 -0.001849073 -0.273125738 0.088495173 -0.138912052 0.947773397
1769786481057969152.000000 -0.006605154 -0.037355263 -0.002551029 -0.271954149 0.085623249 -0.137594074 0.948566020
1769786481191301120.000000 -0.005875075 -0.037140585 -0.003110855 -0.268543124 0.080356672 -0.136681259 0.950129271
1769786481257969152.000000 -0.004925415 -0.036619309 -0.002836414 -0.265742391 0.076289065 -0.137134314 0.951186180
1769786481291301376.000000 -0.004316909 -0.036261842 -0.002256897 -0.264200568 0.074114434 -0.137946561 0.951670051
1769786481357970176.000000 -0.003655331 -0.036001068 -0.002394978 -0.261284351 0.070428096 -0.136250496 0.952998519
1769786481557968384.000000 -0.001216086 -0.034695201 -0.003170624 -0.250062466 0.057646945 -0.136437505 0.956833541
1769786481624634624.000000 -0.001435007 -0.034739364 -0.005723433 -0.246079519 0.054249741 -0.139191538 0.957667768
1769786481757967872.000000 -0.000401862 -0.034081273 -0.005720281 -0.239104271 0.047828566 -0.142633930 0.959269047
1769786481857969408.000000 0.000276090 -0.033595707 -0.004438272 -0.231990114 0.043763027 -0.143730819 0.961044669
1769786481957967872.000000 0.000605584 -0.032658223 -0.005751765 -0.221165642 0.037984531 -0.144893572 0.963664234
1769786481991301888.000000 0.000689320 -0.032545395 -0.006135354 -0.218166307 0.036021620 -0.144557923 0.964473426
1769786482057968128.000000 0.001449985 -0.032440860 -0.004729178 -0.213248834 0.030834969 -0.145910218 0.965548754
1769786482124635136.000000 0.001740294 -0.032163326 -0.005447592 -0.208166063 0.026178682 -0.147284776 0.966586113
1769786482157968384.000000 0.001614758 -0.031561516 -0.005246964 -0.202921033 0.025212238 -0.145625010 0.967977643
1769786482258006528.000000 0.001773894 -0.031575881 -0.005564312 -0.194508091 0.019619577 -0.145526439 0.969847262
1769786482291338752.000000 0.002225975 -0.031475015 -0.005376101 -0.191935644 0.015681401 -0.147484332 0.970135629
1769786482324672256.000000 0.002352417 -0.031443834 -0.005553316 -0.188158259 0.012948202 -0.146625891 0.971045673
1769786482458007296.000000 0.002261023 -0.029740902 -0.006496035 -0.177053049 -0.002139408 -0.146040201 0.973303616
1769786482524672000.000000 0.002834602 -0.029727319 -0.005643778 -0.172090024 -0.011619836 -0.145339310 0.974231243
1769786482558005760.000000 0.003090899 -0.029460726 -0.006393758 -0.168441653 -0.015935199 -0.146139398 0.974688053
1769786482591338752.000000 0.003503349 -0.028751224 -0.004438891 -0.166800290 -0.020511243 -0.142844737 0.975372970
1769786482624672768.000000 0.003190675 -0.028400037 -0.006535354 -0.162420467 -0.024887305 -0.143609256 0.975897849
1769786482791340032.000000 0.003604784 -0.028106106 -0.005801282 -0.157499447 -0.038771179 -0.130183339 0.978132427
1769786482924672000.000000 0.004020867 -0.026972694 -0.005809953 -0.171143755 -0.033747386 -0.120430313 0.977275550
1769786482958005504.000000 0.003777594 -0.027041946 -0.004218845 -0.180782706 -0.029355738 -0.118222848 0.975950420
1769786484024671232.000000 0.008256687 -0.023649331 -0.006166653 -0.180174783 -0.026978320 -0.128863022 0.974783838
1769786484091338752.000000 0.008126166 -0.023291968 -0.007252341 -0.178189576 -0.025707053 -0.127319992 0.975385725
1769786484824671232.000000 0.008226568 -0.026454646 -0.006032169 -0.187394813 -0.025894187 -0.125050440 0.973948181
1769786484891337984.000000 0.008168271 -0.026610682 -0.006043887 -0.188963786 -0.025590524 -0.125489980 0.973596513
1769786484991338240.000000 0.007888922 -0.027310597 -0.006052752 -0.193011194 -0.024479857 -0.125697508 0.972803950
1769786485291336704.000000 0.007115126 -0.029074300 -0.005323548 -0.205148607 -0.020487452 -0.124896340 0.970512867
1769786485358005248.000000 0.006932802 -0.029501691 -0.005968469 -0.207417011 -0.019401770 -0.124930821 0.970048487
1769786485558004224.000000 0.006403271 -0.030670162 -0.005216890 -0.215351060 -0.016885074 -0.126130462 0.968209684
1769786485591337216.000000 0.006431620 -0.030875288 -0.005247157 -0.216502935 -0.016783146 -0.126396403 0.967919827
1769786485658004736.000000 0.006270970 -0.031107914 -0.005273242 -0.219014481 -0.015474225 -0.126424789 0.967372715
1769786486291335936.000000 0.003973090 -0.033398729 -0.005098882 -0.236065894 -0.002348126 -0.127458870 0.963338792
1769786486724669440.000000 0.002966976 -0.033491716 -0.004720555 -0.239822641 0.005121960 -0.130466148 0.961996615
1769786486858004224.000000 0.002716427 -0.033451825 -0.004666268 -0.240344450 0.007008180 -0.131379172 0.961730182
1769786486924669184.000000 0.002626547 -0.033387560 -0.004679166 -0.240138412 0.007856525 -0.131773233 0.961721182
1769786487224670464.000000 0.002373015 -0.033151474 -0.004668335 -0.239095554 0.010937284 -0.133211970 0.961752713
1769786487991336448.000000 0.001929736 -0.032611497 -0.004791602 -0.235115543 0.014328325 -0.136775643 0.962189078
1769786488058002176.000000 0.001887711 -0.032500014 -0.004710622 -0.234925732 0.014428465 -0.136865303 0.962221205
1769786488824669952.000000 0.001814793 -0.032261360 -0.004591563 -0.234138206 0.014741995 -0.138527185 0.962170601
1769786489891346944.000000 0.001794341 -0.032341924 -0.004757999 -0.233846337 0.014390333 -0.138537496 0.962245405
1769786490124680704.000000 0.001771131 -0.032323640 -0.004651764 -0.233922690 0.014561621 -0.138319895 0.962255597
1769786490458015232.000000 0.001741390 -0.032376762 -0.004778676 -0.233824953 0.014434138 -0.138594970 0.962241709
