1769786417.691212 0.0000000 0.0000000 0.0000000 -0.0000000 -0.0000000 -0.0000000 1.0000000
1769786418.157878 -0.0002213 0.0002806 0.0004417 0.0001810 0.0004339 -0.0006149 0.9999997
1769786419.191210 0.0003677 0.0002903 -0.0001128 0.0000030 -0.0007512 -0.0023950 0.9999969
1769786419.957884 0.0005983 0.0006493 -0.0008529 -0.0000187 -0.0008980 -0.0012060 0.9999989
1769786422.991217 0.0004699 0.0000841 0.0002842 -0.0011846 -0.0008038 -0.0016770 0.9999976
1769786425.824548 -0.0001029 0.0009225 -0.0000806 0.0052736 0.0078673 -0.0043831 0.9999456
1769786426.457881 0.0011473 0.0012214 0.0027085 0.0049415 0.0168691 -0.0064748 0.9998245
1769786426.524547 -0.0002641 0.0011165 -0.0008964 0.0055133 0.0179801 -0.0044451 0.9998133
1769786427.024548 -0.0013049 0.0001621 -0.0003575 -0.0003176 0.0298518 -0.0029497 0.9995499
1769786427.557903 -0.0023261 -0.0021681 -0.0008944 -0.0149671 0.0426935 -0.0024441 0.9989731
1769786427.624569 -0.0023349 -0.0018763 -0.0010880 -0.0169002 0.0439238 -0.0014213 0.9988909
1769786427.724570 -0.0026623 -0.0020464 -0.0015660 -0.0196199 0.0463029 -0.0002523 0.9987347
1769786427.757903 -0.0025888 -0.0019678 -0.0016989 -0.0201789 0.0470974 -0.0024374 0.9986835
1769786428.157903 -0.0032394 -0.0032810 -0.0019269 -0.0328880 0.0522054 -0.0007184 0.9980944
1769786428.391235 -0.0037151 -0.0040577 -0.0020912 -0.0383318 0.0537037 0.0014222 0.9978199
1769786428.691236 -0.0035755 -0.0043917 -0.0029095 -0.0420537 0.0530619 -0.0004028 0.9977053
1769786428.824570 -0.0038867 -0.0048103 -0.0024432 -0.0434208 0.0533175 0.0017495 0.9976316
1769786429.024570 -0.0039024 -0.0051522 -0.0022348 -0.0428826 0.0495114 0.0025556 0.9978493
1769786429.091235 -0.0036022 -0.0050801 -0.0027003 -0.0427675 0.0487316 0.0015684 0.9978946
1769786429.291236 -0.0033177 -0.0044134 -0.0020780 -0.0377278 0.0464729 0.0012832 0.9982060
1769786429.324570 -0.0032701 -0.0044268 -0.0015495 -0.0373546 0.0459587 0.0016996 0.9982432
1769786429.357902 -0.0033010 -0.0042672 -0.0020610 -0.0360130 0.0454962 0.0021549 0.9983128
1769786429.391235 -0.0029324 -0.0044720 -0.0014888 -0.0357941 0.0447515 -0.0007400 0.9983565
1769786429.691235 -0.0023189 -0.0030604 -0.0020999 -0.0214125 0.0378408 0.0005903 0.9990542
1769786429.724568 -0.0019707 -0.0028860 -0.0020667 -0.0200944 0.0370092 0.0008724 0.9991125
1769786429.924568 -0.0018154 -0.0023759 -0.0017010 -0.0074924 0.0306218 -0.0004250 0.9995029
1769786430.024569 -0.0013616 -0.0016495 -0.0029770 0.0014875 0.0263156 -0.0026893 0.9996490
1769786430.157902 -0.0011567 -0.0008859 -0.0024891 0.0150089 0.0203950 -0.0035204 0.9996731
1769786430.191235 -0.0011751 -0.0007914 -0.0015065 0.0182208 0.0183357 -0.0043123 0.9996566
1769786430.224569 -0.0011041 -0.0003993 -0.0016158 0.0215007 0.0157789 -0.0063041 0.9996244
1769786430.257902 -0.0012508 -0.0004702 -0.0018985 0.0242140 0.0131532 -0.0056045 0.9996046
1769786430.291235 -0.0009770 -0.0002122 -0.0018413 0.0272204 0.0101925 -0.0075484 0.9995490
1769786430.491234 -0.0004265 0.0013090 -0.0012230 0.0443145 -0.0087056 -0.0144770 0.9988748
1769786430.624568 0.0000176 0.0024899 -0.0009016 0.0525410 -0.0186333 -0.0120770 0.9983719
1769786430.657901 -0.0000823 0.0025160 -0.0001947 0.0542069 -0.0193106 -0.0100630 0.9982923
1769786430.691235 0.0001248 0.0025510 -0.0008508 0.0553212 -0.0195279 -0.0075794 0.9982489
1769786430.724568 -0.0001149 0.0028042 -0.0005327 0.0567432 -0.0187894 -0.0048575 0.9982002
1769786430.924567 0.0012590 0.0041040 -0.0004423 0.0233959 -0.0179408 -0.0037149 0.9995584
1769786430.957901 0.0010963 0.0045298 0.0003245 0.0200105 -0.0170791 -0.0028096 0.9996499
1769786430.991235 0.0008425 0.0046590 0.0001752 0.0168224 -0.0169409 -0.0036184 0.9997084
1769786431.057902 0.0016232 0.0040990 0.0033491 0.0119745 -0.0178148 -0.0036929 0.9997628
1769786431.191234 0.0016014 0.0047926 0.0015343 0.0075315 -0.0190694 -0.0042992 0.9997805
1769786431.224568 0.0017858 0.0049869 0.0020131 0.0067358 -0.0191544 -0.0057597 0.9997773
1769786431.524568 0.0025606 0.0076107 0.0007372 0.0201535 -0.0239433 -0.0073322 0.9994833
1769786431.557901 0.0026552 0.0084321 0.0000701 0.0243562 -0.0249562 -0.0059089 0.9993743
1769786431.624568 0.0026349 0.0080832 0.0002263 0.0282539 -0.0254932 -0.0043425 0.9992662
1769786431.724567 0.0029686 0.0088779 -0.0005189 0.0371114 -0.0265099 -0.0051055 0.9989464
1769786432.057900 0.0032315 0.0088801 0.0007308 0.0574880 -0.0293691 0.0010933 0.9979135
1769786432.557901 0.0039453 0.0078005 0.0011291 0.0601910 -0.0371292 0.0059447 0.9974784
1769786432.591233 0.0041985 0.0077776 0.0002790 0.0597309 -0.0379808 0.0043950 0.9974821
1769786432.624567 0.0042384 0.0078837 0.0000480 0.0592079 -0.0382857 0.0048346 0.9974995
1769786432.757900 0.0043752 0.0072988 -0.0002857 0.0555263 -0.0395392 0.0057561 0.9976574
1769786432.791234 0.0043629 0.0073893 -0.0004735 0.0549886 -0.0400750 0.0051049 0.9976694
1769786432.957900 0.0044341 0.0065723 -0.0004166 0.0496507 -0.0412265 0.0043511 0.9979059
1769786433.091232 0.0042852 0.0061082 -0.0002862 0.0444570 -0.0423155 0.0035476 0.9981084
1769786433.124567 0.0048545 0.0057684 -0.0013123 0.0417191 -0.0429797 0.0028195 0.9982005
1769786433.157900 0.0047749 0.0058868 -0.0012545 0.0414556 -0.0426896 0.0022299 0.9982255
1769786433.191233 0.0049409 0.0056102 -0.0019089 0.0394026 -0.0428225 0.0021931 0.9983030
1769786433.291234 0.0046600 0.0050164 -0.0018149 0.0331993 -0.0441298 0.0013309 0.9984732
1769786433.424566 0.0050121 0.0039290 -0.0011878 0.0259883 -0.0448920 0.0023807 0.9986509
1769786433.457901 0.0053847 0.0035022 -0.0018690 0.0227191 -0.0454833 0.0016194 0.9987054
1769786433.591233 0.0049318 0.0024134 -0.0008493 0.0145169 -0.0464154 0.0062540 0.9987972
1769786433.724566 0.0052407 0.0008653 -0.0027232 0.0024732 -0.0476715 0.0046027 0.9988495
1769786433.757900 0.0055992 0.0009637 -0.0039165 0.0008122 -0.0478600 0.0019868 0.9988518
1769786433.791233 0.0055024 0.0007136 -0.0041411 -0.0015652 -0.0472516 0.0012476 0.9988810
1769786433.857899 0.0054742 -0.0001951 -0.0041045 -0.0075299 -0.0473397 0.0017347 0.9988490
1769786433.891232 0.0052213 0.0000788 -0.0043489 -0.0085777 -0.0472755 0.0023104 0.9988424
1769786433.924566 0.0054500 -0.0007353 -0.0043516 -0.0119981 -0.0467294 0.0018728 0.9988338
1769786434.024567 0.0055888 -0.0017342 -0.0041019 -0.0191280 -0.0481369 -0.0294098 0.9982244
1769786434.057900 0.0053410 -0.0020997 -0.0043909 -0.0216239 -0.0479723 -0.0430964 0.9976842
1769786434.124567 0.0058168 -0.0024208 -0.0054406 -0.0253933 -0.0498936 -0.0723130 0.9958096
1769786434.191232 0.0061284 -0.0033995 -0.0052251 -0.0295145 -0.0515124 -0.1007519 0.9931387
1769786434.257899 0.0063019 -0.0044248 -0.0055120 -0.0341615 -0.0526349 -0.1288282 0.9896797
1769786434.291233 0.0063264 -0.0046418 -0.0058627 -0.0362031 -0.0532722 -0.1411904 0.9878850
1769786434.324567 0.0061826 -0.0047527 -0.0062981 -0.0372164 -0.0538530 -0.1532632 0.9860148
1769786434.424566 0.0061390 -0.0058133 -0.0058610 -0.0426669 -0.0561813 -0.1884786 0.9795402
1769786434.491231 0.0064873 -0.0063740 -0.0063858 -0.0454619 -0.0584363 -0.2110760 0.9746616
1769786434.524566 0.0062552 -0.0066229 -0.0064482 -0.0470687 -0.0582338 -0.2201342 0.9725916
1769786434.557899 0.0063775 -0.0069557 -0.0064582 -0.0484909 -0.0587487 -0.2298848 0.9702321
1769786434.657899 0.0064618 -0.0077320 -0.0068749 -0.0529366 -0.0590576 -0.2578995 0.9629111
1769786434.724566 0.0062111 -0.0082812 -0.0068358 -0.0553610 -0.0590910 -0.2740892 0.9582894
1769786434.757899 0.0061642 -0.0083759 -0.0066971 -0.0566059 -0.0591697 -0.2809133 0.9562335
1769786434.857899 0.0059882 -0.0087134 -0.0074009 -0.0594838 -0.0582355 -0.3010503 0.9499679
1769786434.891231 0.0058160 -0.0090098 -0.0068856 -0.0606929 -0.0576185 -0.3078352 0.9477521
1769786435.124566 0.0053298 -0.0096765 -0.0068466 -0.0661466 -0.0553091 -0.3365571 0.9377073
1769786435.157899 0.0050612 -0.0097193 -0.0075107 -0.0665399 -0.0547571 -0.3381018 0.9371560
1769786435.391231 0.0044832 -0.0096855 -0.0068041 -0.0681789 -0.0483413 -0.3445402 0.9350438
1769786435.424565 0.0042458 -0.0095405 -0.0065107 -0.0676437 -0.0463986 -0.3429646 0.9357600
1769786435.591261 0.0033416 -0.0091285 -0.0070438 -0.0671093 -0.0383842 -0.3308568 0.9405088
1769786435.657927 0.0031663 -0.0087858 -0.0066981 -0.0660175 -0.0344816 -0.3223048 0.9437014
1769786435.691260 0.0028212 -0.0085427 -0.0067127 -0.0658381 -0.0318698 -0.3167579 0.9456819
1769786435.924593 0.0019637 -0.0073905 -0.0039140 -0.0573764 -0.0138873 -0.2599632 0.9638124
1769786435.957926 0.0012328 -0.0061552 -0.0058964 -0.0558054 -0.0107812 -0.2482582 0.9670250
1769786436.024593 0.0008394 -0.0058587 -0.0051645 -0.0526730 -0.0047069 -0.2222170 0.9735620
1769786436.057926 0.0003978 -0.0054913 -0.0056602 -0.0505642 -0.0018416 -0.2107674 0.9762259
1769786436.091259 0.0002883 -0.0053115 -0.0055396 -0.0489416 -0.0000155 -0.1997954 0.9786146
1769786436.124594 0.0000301 -0.0049550 -0.0056546 -0.0466360 0.0028038 -0.1909591 0.9804856
1769786436.157927 -0.0002833 -0.0046281 -0.0068488 -0.0445774 0.0047276 -0.1803359 0.9825831
1769786436.191259 -0.0001858 -0.0044529 -0.0054561 -0.0421970 0.0071830 -0.1720167 0.9841636
1769786436.224593 -0.0005530 -0.0041356 -0.0059880 -0.0392214 0.0093963 -0.1656119 0.9853660
1769786436.257926 -0.0003328 -0.0042102 -0.0042227 -0.0371129 0.0118309 -0.1637379 0.9857346
1769786436.291261 -0.0006073 -0.0038923 -0.0051579 -0.0339598 0.0137527 -0.1607955 0.9863075
1769786436.324595 -0.0006803 -0.0034426 -0.0052942 -0.0295194 0.0156587 -0.1607720 0.9864258
1769786436.491259 -0.0010193 -0.0028477 -0.0043057 -0.0108422 0.0290849 -0.1598361 0.9866554
1769786436.624592 -0.0008509 -0.0025663 -0.0043634 0.0013627 0.0393470 -0.1584307 0.9865849
1769786436.657927 -0.0010394 -0.0026052 -0.0046151 0.0042242 0.0426116 -0.1613140 0.9859738
1769786436.724593 -0.0008256 -0.0024086 -0.0037036 0.0107382 0.0498930 -0.1627144 0.9853525
1769786436.791259 -0.0003703 -0.0022370 -0.0035747 0.0157830 0.0578473 -0.1617605 0.9850066
1769786436.891259 -0.0010901 -0.0019322 -0.0043501 0.0202328 0.0733063 -0.1661231 0.9831683
1769786436.924592 -0.0007284 -0.0018926 -0.0035963 0.0217872 0.0778070 -0.1663781 0.9827460
1769786436.957925 -0.0007340 -0.0019064 -0.0036788 0.0232955 0.0827136 -0.1657272 0.9824206
1769786436.991260 -0.0006992 -0.0018041 -0.0029974 0.0243398 0.0871733 -0.1674170 0.9817230
1769786437.091259 -0.0004214 -0.0016990 -0.0024265 0.0251570 0.0990077 -0.1718012 0.9798209
1769786437.191258 -0.0005611 -0.0010585 -0.0031899 0.0250787 0.1055774 -0.1746157 0.9786388
1769786437.224593 -0.0009654 -0.0007911 -0.0047872 0.0202143 0.1058070 -0.1754756 0.9785727
1769786437.291260 -0.0007168 -0.0007802 -0.0028611 0.0024209 0.1027365 -0.1695410 0.9801506
1769786437.391259 -0.0009522 -0.0007770 -0.0028888 -0.0165416 0.0933910 -0.1493486 0.9842253
1769786437.424592 -0.0010618 -0.0000256 -0.0020565 -0.0172778 0.0919577 -0.1438598 0.9851648
1769786437.557926 -0.0010432 0.0001737 -0.0015114 -0.0277068 0.0860989 -0.1227514 0.9883074
1769786437.591259 -0.0017073 0.0006010 -0.0026659 -0.0283424 0.0848622 -0.1181745 0.9889539
1769786437.657926 -0.0017125 0.0010171 -0.0022714 -0.0303175 0.0828313 -0.1131159 0.9896588
1769786437.791260 -0.0021513 0.0020445 -0.0027205 -0.0283698 0.0821955 -0.1013650 0.9910420
1769786437.824593 -0.0021956 0.0022516 -0.0016513 -0.0260689 0.0835139 -0.0956648 0.9915614
1769786437.891258 -0.0019117 0.0020500 -0.0003905 -0.0235764 0.0821291 -0.0912711 0.9921535
1769786437.991259 -0.0024014 0.0029092 -0.0009141 -0.0167787 0.0836963 -0.0881094 0.9924465
1769786438.024592 -0.0027375 0.0034084 -0.0014514 -0.0142086 0.0837872 -0.0855672 0.9927014
1769786438.224591 -0.0028909 0.0035939 -0.0005730 0.0038866 0.0837059 -0.0753160 0.9936326
1769786438.257926 -0.0028981 0.0037428 -0.0004676 0.0055369 0.0852567 -0.0783460 0.9932586
1769786438.291260 -0.0028889 0.0040255 -0.0001824 0.0083340 0.0853831 -0.0787739 0.9931943
1769786438.357925 -0.0031377 0.0043052 -0.0003661 0.0128269 0.0866852 -0.0774176 0.9931403
1769786438.524591 -0.0035532 0.0048362 -0.0006516 0.0227877 0.0888743 -0.0732750 0.9930825
1769786438.791259 -0.0045557 0.0044784 -0.0001344 0.0268209 0.0936112 -0.0719984 0.9926398
1769786439.157924 -0.0049648 0.0033915 -0.0000782 0.0252997 0.0985844 -0.0655936 0.9926422
1769786439.257925 -0.0052848 0.0034453 -0.0012334 0.0236999 0.1003499 -0.0655569 0.9925072
1769786439.557925 -0.0057160 0.0011955 -0.0011273 0.0092513 0.1038179 -0.0638480 0.9925018
1769786439.591257 -0.0062491 0.0000748 -0.0010140 0.0074258 0.1064254 -0.0554751 0.9927442
1769786439.657924 -0.0064761 0.0013281 -0.0021450 0.0052679 0.1071921 -0.0627903 0.9922397
1769786439.691257 -0.0015644 -0.0021619 0.0042493 0.0036497 0.1064118 -0.0575791 0.9926469
1769786439.724591 -0.0066425 0.0003445 -0.0003566 0.0012023 0.1081966 -0.0600805 0.9923117
1769786440.891257 -0.0075669 -0.0085307 -0.0003830 -0.0842758 0.1084892 -0.0558747 0.9889417
1769786440.991257 -0.0079049 -0.0090344 -0.0012467 -0.0901793 0.1067638 -0.0532642 0.9887528
1769786441.224590 -0.0074422 -0.0113558 -0.0017158 -0.1013754 0.1011098 -0.0468806 0.9885859
1769786441.291256 -0.0072664 -0.0107333 -0.0007374 -0.1027548 0.0993085 -0.0479477 0.9885749
1769786441.324591 -0.0071278 -0.0111764 -0.0013177 -0.1030614 0.0988518 -0.0467835 0.9886445
1769786441.691256 -0.0060277 -0.0122041 -0.0015285 -0.1102184 0.0874446 -0.0421392 0.9891560
1769786441.724590 -0.0058516 -0.0120874 -0.0010569 -0.1100874 0.0861230 -0.0433214 0.9892355
1769786441.757923 -0.0058172 -0.0121170 -0.0012779 -0.1097603 0.0848460 -0.0419026 0.9894433
1769786441.857923 -0.0053618 -0.0123708 -0.0013869 -0.1086917 0.0810807 -0.0414470 0.9898961
1769786441.924589 -0.0050912 -0.0123927 -0.0011575 -0.1083492 0.0785135 -0.0424657 0.9900973
1769786441.957922 -0.0048488 -0.0119871 -0.0019884 -0.1073101 0.0765890 -0.0428851 0.9903432
1769786442.024590 -0.0045432 -0.0121133 -0.0013133 -0.1064520 0.0742556 -0.0419228 0.9906546
1769786442.091256 -0.0043009 -0.0117395 -0.0012828 -0.1041470 0.0717715 -0.0413788 0.9911055
1769786442.191256 -0.0036687 -0.0113376 -0.0012592 -0.1003815 0.0671463 -0.0413405 0.9918195
1769786442.224590 -0.0037247 -0.0111405 -0.0024998 -0.0986975 0.0653945 -0.0408799 0.9921246
1769786442.257923 -0.0030898 -0.0109768 -0.0014114 -0.0978207 0.0637392 -0.0432212 0.9922199
1769786442.324590 -0.0025231 -0.0105042 -0.0017872 -0.0942362 0.0602469 -0.0439775 0.9927517
1769786442.357923 -0.0022103 -0.0102612 -0.0015536 -0.0926166 0.0589835 -0.0456625 0.9929038
1769786442.457923 -0.0012502 -0.0097442 -0.0016061 -0.0873476 0.0533404 -0.0460019 0.9936846
1769786442.491256 -0.0013368 -0.0088614 -0.0031704 -0.0848408 0.0521453 -0.0468795 0.9939241
1769786442.624588 0.0000435 -0.0079167 -0.0035716 -0.0758279 0.0454188 -0.0455889 0.9950422
1769786442.724588 0.0004718 -0.0073236 -0.0033452 -0.0703756 0.0422157 -0.0472174 0.9955077
1769786442.757922 0.0005692 -0.0071898 -0.0033523 -0.0677884 0.0409712 -0.0480485 0.9956995
1769786442.791256 0.0011294 -0.0072841 -0.0027677 -0.0665346 0.0391793 -0.0495847 0.9957809
1769786442.824590 0.0010914 -0.0067762 -0.0031833 -0.0626373 0.0369918 -0.0475651 0.9962158
1769786442.891255 0.0014420 -0.0065460 -0.0028386 -0.0564261 0.0348700 -0.0490072 0.9965934
1769786442.991256 0.0017425 -0.0059087 -0.0028099 -0.0459204 0.0302158 -0.0496035 0.9972551
1769786443.157922 0.0021127 -0.0049226 -0.0031853 -0.0300198 0.0216224 -0.0501962 0.9980539
1769786443.224588 0.0019325 -0.0046020 -0.0030218 -0.0221161 0.0189404 -0.0502066 0.9983143
1769786443.357922 0.0020101 -0.0040733 -0.0017333 -0.0094432 0.0111759 -0.0521486 0.9985322
1769786443.391255 0.0021502 -0.0038366 -0.0023234 -0.0063125 0.0072155 -0.0517793 0.9986126
1769786443.424587 0.0019956 -0.0035129 -0.0021669 -0.0025407 0.0044274 -0.0512053 0.9986751
1769786443.457925 0.0021896 -0.0035972 -0.0016312 0.0007548 -0.0000015 -0.0515419 0.9986706
1769786443.491257 0.0024343 -0.0037867 -0.0013384 0.0023683 -0.0038126 -0.0540332 0.9985291
1769786443.557924 0.0024246 -0.0033346 -0.0009200 0.0092894 -0.0116651 -0.0527234 0.9984978
1769786443.591257 0.0026085 -0.0029761 -0.0009802 0.0126934 -0.0169607 -0.0531642 0.9983611
1769786443.624591 0.0026555 -0.0029830 -0.0004553 0.0152816 -0.0207063 -0.0511040 0.9983617
1769786443.724591 0.0026527 -0.0024206 -0.0011535 0.0208865 -0.0328711 -0.0479530 0.9980901
1769786444.124591 0.0033630 -0.0008247 0.0007526 -0.0240006 -0.0297958 -0.0329938 0.9987230
1769786444.157924 0.0033064 -0.0006075 0.0007218 -0.0258752 -0.0291836 -0.0322411 0.9987189
1769786444.457924 0.0044645 0.0007563 0.0018652 -0.0299609 -0.0271647 -0.0379260 0.9984618
1769786444.791257 0.0053802 0.0019277 0.0012557 -0.0085812 -0.0273726 -0.0389392 0.9988298
1769786444.924590 0.0057078 0.0019776 0.0013362 -0.0022733 -0.0287029 -0.0371695 0.9988941
1769786444.991256 0.0058802 0.0025771 0.0014127 0.0018033 -0.0288657 -0.0368158 0.9989035
1769786445.657923 0.0067557 0.0007870 0.0009696 0.0025199 -0.0341122 -0.0341343 0.9988317
1769786445.691256 0.0068195 0.0007432 0.0011022 0.0021440 -0.0348920 -0.0325303 0.9988592
1769786445.824591 0.0070344 0.0004710 0.0005178 -0.0018292 -0.0360294 -0.0313370 0.9988576
1769786445.891256 0.0070642 0.0005672 0.0003634 -0.0036905 -0.0364821 -0.0335207 0.9987652
1769786445.991256 0.0072917 -0.0000360 0.0007365 -0.0068230 -0.0370953 -0.0336758 0.9987209
1769786446.024589 0.0070018 -0.0004922 0.0005805 -0.0090649 -0.0365159 -0.0306256 0.9988226
1769786446.091256 0.0070847 -0.0007568 0.0003474 -0.0122413 -0.0374721 -0.0303435 0.9987619
1769786446.157923 0.0069641 -0.0014402 -0.0006099 -0.0160550 -0.0378250 -0.0304107 0.9986925
1769786446.391255 0.0066060 -0.0034132 0.0000532 -0.0325824 -0.0391360 -0.0284494 0.9982973
1769786446.457923 0.0068285 -0.0034521 0.0006955 -0.0343624 -0.0383127 -0.0332859 0.9981200
1769786446.524589 0.0065010 -0.0045806 0.0008730 -0.0405010 -0.0396012 -0.0296503 0.9979541
1769786446.591255 0.0063523 -0.0046386 0.0004195 -0.0438820 -0.0386583 -0.0273059 0.9979150
1769786446.657923 0.0102202 -0.0062876 0.0033466 -0.0493002 -0.0408510 -0.0289081 0.9975294
1769786446.757921 0.0064781 -0.0059546 -0.0000895 -0.0565187 -0.0389463 -0.0279247 0.9972507
1769786446.857922 0.0078086 -0.0053131 -0.0063245 -0.0613081 -0.0389380 -0.0274088 0.9969824
1769786447.024588 0.0062899 -0.0086616 -0.0016025 -0.0761977 -0.0398761 -0.0582531 0.9945906
1769786447.057922 0.0068998 -0.0084608 -0.0019091 -0.0778800 -0.0423074 -0.0720114 0.9934582
1769786447.091255 0.0066111 -0.0085950 -0.0017488 -0.0791371 -0.0420349 -0.0871125 0.9921602
1769786447.224588 0.0064139 -0.0104799 -0.0018781 -0.0885086 -0.0475886 -0.1430638 0.9845986
1769786447.257922 0.0064641 -0.0108856 -0.0012202 -0.0917009 -0.0493828 -0.1571564 0.9820663
1769786447.291254 0.0062820 -0.0111922 -0.0011232 -0.0935694 -0.0510417 -0.1684218 0.9799355
1769786447.457922 0.0062168 -0.0129008 -0.0013419 -0.1020388 -0.0578628 -0.2269074 0.9668263
1769786447.491255 0.0066423 -0.0132916 -0.0014583 -0.1039004 -0.0598104 -0.2411317 0.9630591
1769786447.524588 0.0061992 -0.0138722 -0.0017516 -0.1060239 -0.0591730 -0.2485183 0.9609871
1769786447.757921 0.0060677 -0.0153107 -0.0008998 -0.1146023 -0.0639441 -0.3086624 0.9420748
1769786448.091254 0.0050083 -0.0162338 -0.0013418 -0.1222387 -0.0626043 -0.3585904 0.9233370
1769786448.124589 0.0050301 -0.0165371 -0.0015630 -0.1231000 -0.0625899 -0.3619350 0.9219176
1769786448.157921 0.0048672 -0.0162821 -0.0015131 -0.1229672 -0.0617432 -0.3635935 0.9213396
1769786448.257921 0.0050742 -0.0163101 -0.0023455 -0.1241220 -0.0603478 -0.3676962 0.9196474
1769786448.524587 0.0035454 -0.0158961 -0.0017855 -0.1236553 -0.0493763 -0.3629062 0.9222638
1769786448.557921 0.0035888 -0.0156572 -0.0018946 -0.1233730 -0.0472671 -0.3597513 0.9236471
1769786448.591254 0.0031898 -0.0156398 -0.0018052 -0.1232394 -0.0451045 -0.3563035 0.9251084
1769786448.624587 0.0032467 -0.0155697 -0.0016576 -0.1230159 -0.0434964 -0.3533402 0.9263508
1769786448.657921 0.0029092 -0.0155680 -0.0014500 -0.1226644 -0.0407671 -0.3475394 0.9287130
1769786448.791255 0.0022688 -0.0145324 -0.0016531 -0.1189180 -0.0299014 -0.3241220 0.9380349
1769786448.857921 0.0016069 -0.0139602 -0.0018160 -0.1165909 -0.0228311 -0.3060110 0.9445860
1769786448.891254 0.0014457 -0.0133790 -0.0013322 -0.1146529 -0.0201814 -0.2961203 0.9480296
1769786448.924587 0.0013371 -0.0132001 -0.0009477 -0.1134958 -0.0166347 -0.2869872 0.9510417
1769786448.957920 0.0009357 -0.0128728 -0.0012954 -0.1118811 -0.0126573 -0.2728684 0.9554398
1769786448.991254 0.0008533 -0.0128103 -0.0007974 -0.1106233 -0.0101186 -0.2602092 0.9591409
1769786449.024587 0.0006646 -0.0125134 -0.0010690 -0.1092720 -0.0064332 -0.2500661 0.9620214
1769786449.091254 -0.0001543 -0.0111383 -0.0026700 -0.1036395 0.0001905 -0.2273593 0.9682802
1769786449.157921 -0.0002293 -0.0106057 -0.0018246 -0.0997190 0.0061655 -0.2079830 0.9730166
1769786449.224587 -0.0007925 -0.0100427 -0.0027108 -0.0939167 0.0111475 -0.1943578 0.9763608
1769786449.257920 -0.0013344 -0.0101891 -0.0034686 -0.0924827 0.0124386 -0.1940403 0.9765452
1769786449.291253 -0.0010258 -0.0097254 -0.0023167 -0.0892060 0.0145013 -0.1931437 0.9769992
1769786449.324589 -0.0010520 -0.0095463 -0.0023973 -0.0859841 0.0166934 -0.1947470 0.9769349
1769786449.357921 -0.0009415 -0.0097274 -0.0018212 -0.0828484 0.0187483 -0.1952467 0.9770688
1769786449.424587 -0.0015356 -0.0092502 -0.0030827 -0.0759934 0.0229592 -0.1932315 0.9779363
1769786449.457921 -0.0014125 -0.0091840 -0.0021231 -0.0731808 0.0258942 -0.1924184 0.9782378
1769786449.624586 -0.0008152 -0.0089685 -0.0005307 -0.0569506 0.0389127 -0.1984188 0.9776873
1769786449.657921 -0.0012924 -0.0089841 -0.0019309 -0.0542634 0.0423610 -0.1987805 0.9776233
1769786449.691253 -0.0007495 -0.0092327 -0.0012339 -0.0512518 0.0444691 -0.2015643 0.9771221
1769786449.824589 -0.0009453 -0.0082581 -0.0006956 -0.0396124 0.0630772 -0.2056795 0.9757808
1769786449.857920 -0.0009000 -0.0078622 -0.0009333 -0.0356562 0.0683884 -0.2030759 0.9761208
1769786449.891253 -0.0006547 -0.0083349 -0.0005718 -0.0370491 0.0710123 -0.2065973 0.9751421
1769786449.924587 -0.0008755 -0.0080281 -0.0007139 -0.0337922 0.0773716 -0.2062795 0.9748439
1769786450.257920 -0.0014704 -0.0065478 0.0004149 -0.0435350 0.1065621 -0.2184448 0.9690362
1769786450.391253 -0.0011618 -0.0065740 0.0004709 -0.0712827 0.0956172 -0.1915315 0.9742135
1769786450.457921 -0.0022099 -0.0062241 0.0003221 -0.0792097 0.0951555 -0.1806253 0.9757283
1769786450.591253 -0.0020403 -0.0055893 0.0001203 -0.0850696 0.0889148 -0.1570478 0.9798946
1769786450.624586 -0.0022813 -0.0053850 0.0006994 -0.0859499 0.0892568 -0.1508107 0.9807660
1769786450.691252 -0.0021789 -0.0049019 0.0005229 -0.0862567 0.0880794 -0.1459037 0.9815875
1769786450.857919 -0.0024159 -0.0043031 0.0011872 -0.0827307 0.0869250 -0.1284993 0.9844225
1769786450.924587 -0.0026217 -0.0036896 0.0008025 -0.0787085 0.0865993 -0.1269957 0.9849759
1769786451.557952 -0.0035617 -0.0010973 0.0012026 -0.0308652 0.0926360 -0.1135229 0.9887257
1769786452.624618 -0.0060424 -0.0028306 -0.0000315 -0.0477059 0.1096652 -0.1055179 0.9871999
1769786452.724619 -0.0070991 -0.0039135 -0.0003796 -0.0548196 0.1143212 -0.1018623 0.9866862
1769786453.024618 -0.0068309 -0.0058394 0.0016128 -0.0750918 0.1174301 -0.0986784 0.9853091
1769786453.191285 -0.0058608 -0.0076422 0.0044636 -0.0906791 0.1182711 -0.0957387 0.9841867
1769786453.291284 -0.0068561 -0.0081085 0.0024030 -0.0967494 0.1185269 -0.0944375 0.9837034
1769786453.491285 -0.0067125 -0.0097248 0.0031839 -0.1122277 0.1195054 -0.0889263 0.9824538
1769786453.657951 -0.0064164 -0.0105656 0.0039280 -0.1230793 0.1178063 -0.0879604 0.9814459
1769786453.891284 -0.0068819 -0.0117856 0.0036631 -0.1362641 0.1164253 -0.0808661 0.9804784
1769786453.924618 -0.0074138 -0.0122350 0.0024858 -0.1395674 0.1154601 -0.0844018 0.9798297
1769786454.291284 -0.0063962 -0.0143084 0.0039632 -0.1556364 0.1088764 -0.0747521 0.9789460
1769786454.357951 -0.0068130 -0.0144195 0.0032227 -0.1572816 0.1073103 -0.0732364 0.9789706
1769786454.391284 -0.0068659 -0.0141803 0.0025244 -0.1582363 0.1058839 -0.0759641 0.9787642
1769786454.591284 -0.0064165 -0.0147763 0.0020457 -0.1619595 0.1000866 -0.0736866 0.9789392
1769786454.757951 -0.0054334 -0.0155276 0.0029961 -0.1635919 0.0949622 -0.0736989 0.9791774
1769786455.057953 -0.0042207 -0.0151596 0.0026746 -0.1583211 0.0828287 -0.0709770 0.9813440
1769786455.191283 -0.0033244 -0.0149223 0.0024037 -0.1536860 0.0769478 -0.0700747 0.9826236
1769786455.257950 -0.0032263 -0.0144453 0.0020188 -0.1507231 0.0741601 -0.0698759 0.9833108
1769786455.291283 -0.0028641 -0.0144783 0.0017912 -0.1494088 0.0716948 -0.0704582 0.9836527
1769786455.324619 -0.0027964 -0.0144481 0.0015129 -0.1480077 0.0704333 -0.0712815 0.9838963
1769786455.357951 -0.0024111 -0.0140799 0.0015221 -0.1460152 0.0687733 -0.0697877 0.9844184
1769786455.391284 -0.0024287 -0.0142064 0.0007203 -0.1445433 0.0663830 -0.0710049 0.9847126
1769786455.457951 -0.0017405 -0.0135893 0.0008909 -0.1414766 0.0632367 -0.0734673 0.9851843
1769786455.491283 -0.0016683 -0.0131448 0.0003330 -0.1392352 0.0614413 -0.0741016 0.9855697
1769786455.524616 -0.0016533 -0.0131821 0.0007387 -0.1376552 0.0602742 -0.0730488 0.9859422
1769786455.557950 -0.0008425 -0.0126970 0.0011221 -0.1349803 0.0580243 -0.0741228 0.9863667
1769786455.691283 0.0006060 -0.0123545 0.0000798 -0.1271793 0.0509124 -0.0748108 0.9877433
1769786455.924617 0.0018516 -0.0108636 0.0001829 -0.1070320 0.0403708 -0.0788467 0.9903017
1769786455.957950 0.0019642 -0.0108016 0.0007846 -0.1036307 0.0389932 -0.0797610 0.9906455
1769786456.024617 0.0022705 -0.0106912 0.0010262 -0.0983981 0.0351907 -0.0800763 0.9912958
1769786456.124618 0.0026796 -0.0101959 0.0009325 -0.0893270 0.0302420 -0.0805952 0.9922755
1769786456.157949 0.0025762 -0.0104152 0.0013062 -0.0877013 0.0288372 -0.0814515 0.9923924
1769786456.191283 0.0026572 -0.0102004 0.0013570 -0.0844163 0.0269805 -0.0826747 0.9926283
1769786456.257950 0.0027644 -0.0101464 0.0016055 -0.0780065 0.0238730 -0.0820625 0.9932829
1769786456.291282 0.0029024 -0.0096444 0.0014704 -0.0738024 0.0213601 -0.0835385 0.9935383
1769786456.357950 0.0031158 -0.0094771 0.0017764 -0.0684022 0.0154918 -0.0840048 0.9939942
1769786456.391283 0.0034893 -0.0095467 0.0023932 -0.0659588 0.0119461 -0.0845690 0.9941604
1769786456.524615 0.0029030 -0.0083509 0.0010418 -0.0536829 -0.0032559 -0.0846253 0.9949604
1769786456.557951 0.0032898 -0.0083297 0.0015489 -0.0505763 -0.0083146 -0.0829609 0.9952338
1769786456.624616 0.0036659 -0.0080757 0.0024736 -0.0442934 -0.0167032 -0.0822794 0.9954844
1769786456.691283 0.0039161 -0.0078396 0.0026766 -0.0394674 -0.0255766 -0.0793318 0.9957383
1769786456.724616 0.0039385 -0.0075734 0.0026190 -0.0374131 -0.0287058 -0.0770558 0.9959109
1769786456.824618 0.0041797 -0.0077248 0.0033842 -0.0369234 -0.0343251 -0.0686853 0.9963638
1769786456.857949 0.0046636 -0.0074676 0.0035899 -0.0355554 -0.0362622 -0.0656243 0.9965512
1769786456.957949 0.0047464 -0.0072562 0.0046258 -0.0611573 -0.0302017 -0.0610103 0.9958040
1769786457.024616 0.0046595 -0.0072474 0.0051241 -0.0742725 -0.0259826 -0.0603765 0.9950694
1769786457.391282 0.0061025 -0.0064395 0.0069853 -0.0923431 -0.0204868 -0.0632683 0.9935040
1769786457.424615 0.0064472 -0.0064148 0.0075482 -0.0920684 -0.0208217 -0.0628984 0.9935460
1769786457.524615 0.0061435 -0.0064613 0.0060229 -0.0880028 -0.0212944 -0.0642057 0.9938207
1769786457.624615 0.0070401 -0.0057202 0.0068706 -0.0815140 -0.0221704 -0.0647523 0.9943194
1769786458.091282 0.0080906 -0.0051291 0.0052174 -0.0568017 -0.0248472 -0.0626775 0.9961063
1769786458.124616 0.0081262 -0.0049209 0.0067390 -0.0568359 -0.0244785 -0.0621120 0.9961489
1769786458.191281 0.0083879 -0.0049214 0.0073433 -0.0561520 -0.0247999 -0.0620407 0.9961842
1769786458.657949 0.0087963 -0.0063188 0.0050270 -0.0571816 -0.0296924 -0.0584546 0.9962087
1769786458.691281 0.0094252 -0.0064381 0.0052045 -0.0575326 -0.0302730 -0.0570829 0.9962505
1769786458.791301 0.0097270 -0.0067272 0.0055758 -0.0606994 -0.0314343 -0.0582627 0.9959583
1769786458.891299 0.0099598 -0.0069709 0.0054303 -0.0634371 -0.0328731 -0.0588543 0.9957064
1769786458.957966 0.0094173 -0.0076254 0.0059480 -0.0672475 -0.0322768 -0.0575993 0.9955493
1769786459.024633 0.0093729 -0.0078798 0.0056437 -0.0691317 -0.0334162 -0.0573855 0.9953949
1769786459.091299 0.0098720 -0.0088435 0.0057903 -0.0744280 -0.0349487 -0.0596172 0.9948291
1769786459.324635 0.0097952 -0.0103349 0.0060051 -0.0856284 -0.0349307 -0.0576156 0.9940463
1769786459.457967 0.0103227 -0.0116723 0.0071065 -0.0944982 -0.0359107 -0.0560816 0.9932952
1769786459.657966 0.0100323 -0.0136552 0.0062722 -0.1097264 -0.0341840 -0.0565499 0.9917629
1769786459.691300 0.0096975 -0.0147369 0.0060575 -0.1138166 -0.0342053 -0.0558239 0.9913422
1769786459.724633 0.0101775 -0.0159372 0.0077287 -0.1161506 -0.0337685 -0.0543631 0.9911677
1769786459.824634 0.0098126 -0.0163248 0.0070381 -0.1238059 -0.0343378 -0.0548014 0.9901969
1769786459.857966 0.0097667 -0.0161924 0.0069381 -0.1245185 -0.0326887 -0.0569540 0.9900419
1769786459.991299 0.0100463 -0.0179564 0.0099349 -0.1352668 -0.0356645 -0.0735896 0.9874288
1769786460.057965 0.0099584 -0.0185390 0.0073906 -0.1392151 -0.0392301 -0.1023615 0.9841760
1769786460.124633 0.0097760 -0.0187410 0.0077754 -0.1424319 -0.0439662 -0.1314209 0.9800555
1769786460.191298 0.0100200 -0.0197057 0.0070279 -0.1474439 -0.0482280 -0.1578444 0.9752023
1769786460.224632 0.0091811 -0.0201742 0.0066735 -0.1494531 -0.0481583 -0.1683004 0.9731493
1769786460.357966 0.0093716 -0.0214028 0.0075376 -0.1558915 -0.0571918 -0.2169215 0.9619626
1769786460.491298 0.0089019 -0.0230111 0.0070107 -0.1631338 -0.0644654 -0.2593298 0.9497261
1769786460.957964 0.0078826 -0.0263477 0.0074971 -0.1776616 -0.0741797 -0.3620295 0.9120682
1769786461.091298 0.0073916 -0.0265810 0.0066991 -0.1797036 -0.0742784 -0.3764353 0.9058067
1769786461.191298 0.0070476 -0.0266068 0.0062543 -0.1808759 -0.0732334 -0.3825141 0.9031079
1769786461.357965 0.0061506 -0.0264335 0.0069817 -0.1818400 -0.0687891 -0.3872000 0.9012649
1769786461.391298 0.0060767 -0.0265367 0.0063825 -0.1816645 -0.0675084 -0.3865799 0.9016632
1769786461.457966 0.0057239 -0.0262166 0.0062511 -0.1812591 -0.0642936 -0.3844598 0.9028855
1769786461.524631 0.0056710 -0.0259602 0.0063486 -0.1806085 -0.0611773 -0.3810637 0.9046704
1769786461.557965 0.0053597 -0.0258945 0.0067052 -0.1806528 -0.0588947 -0.3780472 0.9060774
1769786461.657966 0.0046175 -0.0251901 0.0063567 -0.1790341 -0.0511276 -0.3664888 0.9116023
1769786461.724632 0.0042641 -0.0248645 0.0057763 -0.1783444 -0.0460940 -0.3555397 0.9163297
1769786461.791298 0.0035254 -0.0236174 0.0035146 -0.1747004 -0.0385056 -0.3410569 0.9228637
1769786461.857965 0.0032483 -0.0230344 0.0043416 -0.1728961 -0.0313326 -0.3253092 0.9291389
1769786461.891297 0.0025064 -0.0224475 0.0019269 -0.1707777 -0.0268018 -0.3158267 0.9329363
1769786461.924631 0.0029282 -0.0218823 0.0045670 -0.1694093 -0.0233714 -0.3056808 0.9366502
1769786461.957964 0.0025644 -0.0214285 0.0025653 -0.1683507 -0.0193047 -0.2977173 0.9394945
1769786461.991298 0.0026601 -0.0211643 0.0032564 -0.1662087 -0.0166679 -0.2838940 0.9441933
1769786462.057964 0.0013609 -0.0201115 0.0038343 -0.1623981 -0.0061342 -0.2613072 0.9514767
1769786462.091297 0.0015810 -0.0198388 0.0037477 -0.1600296 -0.0036711 -0.2512286 0.9546000
1769786462.157964 0.0013985 -0.0190797 0.0039215 -0.1562531 0.0025364 -0.2323106 0.9600054
1769786462.224630 0.0014096 -0.0181466 0.0039088 -0.1510549 0.0072471 -0.2229855 0.9630200
1769786462.257964 0.0014471 -0.0183015 0.0038955 -0.1491521 0.0087011 -0.2205223 0.9638713
1769786462.291297 0.0010617 -0.0182034 0.0037586 -0.1460313 0.0103303 -0.2194130 0.9645860
1769786462.324632 0.0012745 -0.0180904 0.0040429 -0.1429061 0.0123057 -0.2191341 0.9650941
1769786462.391297 0.0012945 -0.0177307 0.0046109 -0.1358205 0.0164257 -0.2206686 0.9657061
1769786462.424631 0.0014005 -0.0175524 0.0047955 -0.1327417 0.0182868 -0.2225612 0.9656665
1769786462.457965 0.0016086 -0.0179851 0.0045340 -0.1304046 0.0196521 -0.2238748 0.9656544
1769786462.491297 0.0014375 -0.0176800 0.0043980 -0.1271580 0.0225170 -0.2256167 0.9656195
1769786462.524631 0.0013738 -0.0174695 0.0047418 -0.1238190 0.0254063 -0.2265519 0.9657627
1769786462.557965 0.0012345 -0.0175990 0.0052364 -0.1210957 0.0284530 -0.2254620 0.9662780
1769786462.591297 0.0017126 -0.0173565 0.0052647 -0.1177327 0.0300767 -0.2264808 0.9664062
1769786462.657964 0.0016424 -0.0174064 0.0057455 -0.1112051 0.0360015 -0.2310593 0.9658929
1769786462.691297 0.0013294 -0.0170600 0.0045057 -0.1073641 0.0389236 -0.2319368 0.9660038
1769786462.724630 0.0015890 -0.0168976 0.0053262 -0.1041970 0.0430585 -0.2323691 0.9660712
1769786462.757964 0.0014996 -0.0167257 0.0047149 -0.1013174 0.0465380 -0.2326660 0.9661447
1769786462.824632 0.0016517 -0.0161657 0.0057539 -0.0958689 0.0556362 -0.2354065 0.9655555
1769786462.891297 0.0020218 -0.0161182 0.0061821 -0.0919512 0.0649238 -0.2375145 0.9648403
1769786462.957963 0.0018934 -0.0158251 0.0053988 -0.0880702 0.0735493 -0.2408389 0.9637586
1769786462.991297 0.0007017 -0.0153397 0.0058708 -0.0867737 0.0796061 -0.2415176 0.9632250
1769786463.091297 0.0027144 -0.0157411 0.0071064 -0.0870823 0.0877850 -0.2480540 0.9608224
1769786463.224630 0.0021767 -0.0140836 0.0077991 -0.0905437 0.0985078 -0.2518179 0.9584810
1769786463.257964 0.0024666 -0.0151176 0.0065977 -0.1035319 0.0938717 -0.2553017 0.9567081
1769786463.291296 0.0016859 -0.0140340 0.0066585 -0.1096956 0.0965035 -0.2424795 0.9590921
1769786463.324632 0.0020921 -0.0145084 0.0080072 -0.1174873 0.0933891 -0.2350851 0.9603178
1769786463.424630 0.0022019 -0.0139135 0.0091958 -0.1309819 0.0884136 -0.2165812 0.9633895
1769786463.457965 0.0019694 -0.0135061 0.0076645 -0.1320951 0.0877969 -0.2105184 0.9646370
1769786463.557964 0.0016521 -0.0123248 0.0095691 -0.1384408 0.0861382 -0.1932715 0.9675022
1769786463.624629 0.0024598 -0.0128432 0.0091183 -0.1437156 0.0829512 -0.1892796 0.9678007
1769786463.657964 0.0021515 -0.0123563 0.0092326 -0.1443063 0.0840989 -0.1840997 0.9686126
1769786463.857963 0.0018334 -0.0111949 0.0093796 -0.1393571 0.0826827 -0.1674758 0.9724686
1769786463.924630 0.0018168 -0.0112649 0.0086916 -0.1357746 0.0821733 -0.1622473 0.9739038
1769786464.124631 0.0021073 -0.0106026 0.0087654 -0.1192651 0.0813257 -0.1487790 0.9782774
1769786464.391296 0.0014473 -0.0099249 0.0084304 -0.0975214 0.0847782 -0.1467248 0.9807008
1769786464.424629 0.0013508 -0.0095930 0.0092752 -0.0962799 0.0855882 -0.1479240 0.9805730
1769786464.991296 0.0001000 -0.0093033 0.0087928 -0.0854029 0.0942334 -0.1437634 0.9814064
1769786465.091295 -0.0001163 -0.0098257 0.0090996 -0.0853023 0.0971126 -0.1377760 0.9819931
1769786465.224628 -0.0000179 -0.0099905 0.0099445 -0.0892628 0.0981606 -0.1404782 0.9811537
1769786465.757962 -0.0010735 -0.0122118 0.0113420 -0.1159057 0.1069854 -0.1423505 0.9771675
1769786466.424628 -0.0020564 -0.0176396 0.0101165 -0.1660760 0.1139435 -0.1371633 0.9698566
1769786466.457963 -0.0008944 -0.0179048 0.0126946 -0.1683534 0.1115409 -0.1399392 0.9693466
1769786466.491295 -0.0013189 -0.0181224 0.0123448 -0.1711693 0.1136321 -0.1356621 0.9692186
1769786466.624627 -0.0021154 -0.0189924 0.0107963 -0.1800182 0.1136405 -0.1331374 0.9679637
1769786466.957982 -0.0020090 -0.0211344 0.0121859 -0.2014270 0.1113825 -0.1295813 0.9644843
1769786466.991316 -0.0021912 -0.0213606 0.0115134 -0.2025484 0.1113034 -0.1289697 0.9643404
1769786467.057982 -0.0024122 -0.0218130 0.0108406 -0.2056545 0.1092805 -0.1308945 0.9636549
1769786467.557982 -0.0031835 -0.0245801 0.0078894 -0.2221257 0.0983072 -0.1219729 0.9623505
1769786467.591315 -0.0017766 -0.0242869 0.0102454 -0.2227272 0.0966271 -0.1219022 0.9623906
1769786467.724648 -0.0024122 -0.0247538 0.0078731 -0.2230102 0.0920902 -0.1212564 0.9628513
1769786467.791316 -0.0013379 -0.0242948 0.0090784 -0.2227225 0.0887212 -0.1221585 0.9631202
1769786467.924648 -0.0005731 -0.0243680 0.0101572 -0.2216020 0.0844965 -0.1187388 0.9641857
1769786467.991315 -0.0003548 -0.0243452 0.0107765 -0.2203342 0.0823836 -0.1173653 0.9648270
1769786468.091314 -0.0014491 -0.0245556 0.0073408 -0.2177789 0.0774335 -0.1172084 0.9658358
1769786468.124648 0.0000364 -0.0241611 0.0094064 -0.2167509 0.0751462 -0.1201437 0.9658870
1769786468.424648 0.0015557 -0.0239018 0.0075657 -0.2044559 0.0607697 -0.1167525 0.9699864
1769786468.457983 0.0018014 -0.0236837 0.0079253 -0.2032362 0.0594001 -0.1167255 0.9703308
1769786468.491314 0.0022915 -0.0233494 0.0080792 -0.2010729 0.0572208 -0.1171944 0.9708558
1769786468.524647 0.0020073 -0.0235308 0.0068725 -0.1991647 0.0553741 -0.1182765 0.9712249
1769786468.591314 0.0028353 -0.0231600 0.0080521 -0.1957389 0.0527233 -0.1170510 0.9722169
1769786468.624647 0.0030270 -0.0228703 0.0081900 -0.1933218 0.0507914 -0.1184923 0.9726287
1769786468.924647 0.0035211 -0.0206147 0.0013804 -0.1665763 0.0357759 -0.1201663 0.9780248
1769786468.991315 0.0029212 -0.0202369 0.0000985 -0.1614936 0.0334682 -0.1196656 0.9790199
1769786469.024647 0.0032995 -0.0199676 0.0008568 -0.1582281 0.0320401 -0.1203157 0.9795210
1769786469.057981 0.0031710 -0.0202287 0.0017563 -0.1559489 0.0304999 -0.1183351 0.9801767
1769786469.124647 0.0038555 -0.0204268 0.0010656 -0.1514944 0.0254109 -0.1213733 0.9806489
1769786469.191314 0.0036712 -0.0197859 0.0007968 -0.1442273 0.0223071 -0.1206001 0.9819148
1769786469.224647 0.0038645 -0.0201111 0.0011458 -0.1418962 0.0209060 -0.1193529 0.9824374
1769786469.291313 0.0041401 -0.0197541 0.0017971 -0.1369778 0.0159518 -0.1241331 0.9826361
1769786469.424646 0.0052187 -0.0190316 0.0029466 -0.1242186 0.0017610 -0.1222603 0.9846924
1769786469.457982 0.0035946 -0.0190323 -0.0015642 -0.1207672 -0.0020297 -0.1201225 0.9853841
1769786469.524646 0.0044639 -0.0183947 0.0007615 -0.1148714 -0.0108606 -0.1185725 0.9862186
1769786469.557980 0.0043297 -0.0186042 -0.0000642 -0.1129515 -0.0154915 -0.1184408 0.9863943
1769786469.724648 0.0052657 -0.0176310 0.0035258 -0.1030043 -0.0347958 -0.1139077 0.9875244
1769786470.091314 0.0066319 -0.0167121 0.0065355 -0.1463085 -0.0269354 -0.0946303 0.9843340
1769786470.157980 0.0067866 -0.0163860 0.0054919 -0.1510669 -0.0253158 -0.0956361 0.9835607
1769786470.191313 0.0071278 -0.0160352 0.0060137 -0.1521706 -0.0249903 -0.0956796 0.9833946
1769786470.257980 0.0073442 -0.0158984 0.0059442 -0.1552393 -0.0244434 -0.0974542 0.9827543
1769786470.424647 0.0080913 -0.0146306 0.0047865 -0.1530438 -0.0250951 -0.0992267 0.9829049
1769786470.791314 0.0095546 -0.0141532 0.0029995 -0.1307669 -0.0285609 -0.0980254 0.9861416
1769786470.857980 0.0094493 -0.0142041 0.0026474 -0.1268716 -0.0288731 -0.0946998 0.9869660
1769786471.124647 0.0103648 -0.0140588 0.0027328 -0.1186111 -0.0306810 -0.0957804 0.9878341
1769786471.624646 0.0106089 -0.0155582 0.0019315 -0.1195322 -0.0344027 -0.0928670 0.9878787
1769786471.691312 0.0109609 -0.0159342 0.0021060 -0.1216839 -0.0355730 -0.0954426 0.9873289
1769786471.757980 0.0108414 -0.0160228 0.0016131 -0.1226972 -0.0355048 -0.0921403 0.9875196
1769786472.057979 0.0108167 -0.0178685 0.0025780 -0.1348721 -0.0378672 -0.0892876 0.9861051
1769786472.091312 0.0111215 -0.0178164 0.0021326 -0.1350294 -0.0388401 -0.0936057 0.9856452
1769786472.324647 0.0100552 -0.0205461 0.0023790 -0.1512549 -0.0368262 -0.0891362 0.9837787
1769786472.357979 0.0106092 -0.0206632 0.0020985 -0.1532809 -0.0382539 -0.0904504 0.9832906
1769786472.424645 0.0102036 -0.0213099 0.0021332 -0.1578538 -0.0377906 -0.0865104 0.9829395
1769786472.524645 0.0107263 -0.0224915 0.0011528 -0.1646451 -0.0391126 -0.0896884 0.9814878
1769786472.591312 0.0106868 -0.0222960 0.0024311 -0.1693628 -0.0392550 -0.0903792 0.9806156
1769786472.691311 0.0102595 -0.0243055 0.0017855 -0.1769913 -0.0382555 -0.0901971 0.9793238
1769786472.724645 0.0101088 -0.0244115 0.0011658 -0.1789453 -0.0376885 -0.0891702 0.9790847
1769786472.791313 0.0100384 -0.0247861 0.0019972 -0.1841664 -0.0361194 -0.0897966 0.9781179
1769786472.824646 0.0099757 -0.0256457 0.0014142 -0.1869542 -0.0377701 -0.0884988 0.9776449
1769786472.857979 0.0101666 -0.0260619 0.0028633 -0.1897238 -0.0362752 -0.0880333 0.9772099
1769786472.891312 0.0094343 -0.0261463 0.0026815 -0.1919383 -0.0354471 -0.0866773 0.9769290
1769786473.024645 0.0097780 -0.0277017 0.0044812 -0.2018587 -0.0416452 -0.1231376 0.9707502
1769786473.057978 0.0113386 -0.0278301 0.0062661 -0.2040818 -0.0438592 -0.1329866 0.9688868
1769786473.224645 0.0095772 -0.0301892 0.0031826 -0.2130823 -0.0589138 -0.2019313 0.9541221
1769786473.257979 0.0095692 -0.0305434 0.0046288 -0.2148600 -0.0617987 -0.2155597 0.9505526
1769786473.291311 0.0098742 -0.0314191 0.0056142 -0.2166839 -0.0655997 -0.2283386 0.9468930
1769786473.324644 0.0088772 -0.0317456 0.0021061 -0.2183503 -0.0673478 -0.2407404 0.9433088
1769786473.391311 0.0092897 -0.0322570 0.0045357 -0.2225000 -0.0739893 -0.2643986 0.9354746
1769786473.557978 0.0087929 -0.0334430 0.0047037 -0.2269870 -0.0835089 -0.3115221 0.9189435
1769786473.657978 0.0088658 -0.0343365 0.0034866 -0.2308086 -0.0889877 -0.3399847 0.9073142
1769786473.724645 0.0089082 -0.0345459 0.0053750 -0.2320844 -0.0921659 -0.3521872 0.9020014
1769786473.757978 0.0088019 -0.0348629 0.0051814 -0.2332914 -0.0930896 -0.3602432 0.8984065
1769786473.857978 0.0084207 -0.0354860 0.0044556 -0.2353234 -0.0956128 -0.3776854 0.8904127
1769786474.157978 0.0072521 -0.0360184 0.0054128 -0.2401183 -0.0968286 -0.4115173 0.8738541
1769786474.357979 0.0065349 -0.0357654 0.0055164 -0.2404565 -0.0919175 -0.4161183 0.8721109
1769786474.491311 0.0058474 -0.0354765 0.0052874 -0.2400134 -0.0852755 -0.4114523 0.8751164
1769786474.557977 0.0058499 -0.0350453 0.0053053 -0.2394853 -0.0816271 -0.4068503 0.8777566
1769786474.591311 0.0055490 -0.0351020 0.0049242 -0.2392046 -0.0790260 -0.4045309 0.8791421
1769786474.691306 0.0049635 -0.0343728 0.0036132 -0.2373786 -0.0693340 -0.3900853 0.8869486
1769786474.724639 0.0050204 -0.0342381 0.0038929 -0.2367980 -0.0669504 -0.3850628 0.8894779
1769786474.791307 0.0047883 -0.0336459 0.0042524 -0.2352543 -0.0596327 -0.3718486 0.8960066
1769786474.891306 0.0038452 -0.0322827 0.0026437 -0.2310814 -0.0455724 -0.3481377 0.9073724
1769786474.991307 0.0035628 -0.0312368 0.0034834 -0.2272123 -0.0315124 -0.3144746 0.9211337
1769786475.024639 0.0027058 -0.0304584 0.0026390 -0.2246425 -0.0253294 -0.3028651 0.9258331
1769786475.057972 0.0021878 -0.0294794 0.0017241 -0.2211144 -0.0195094 -0.2931933 0.9299276
1769786475.124639 0.0024563 -0.0289166 0.0018753 -0.2167937 -0.0128753 -0.2725869 0.9372999
1769786475.157973 0.0023853 -0.0289940 0.0022872 -0.2155737 -0.0090555 -0.2650597 0.9397815
1769786475.224639 0.0024251 -0.0291062 0.0013873 -0.2127641 -0.0054468 -0.2583607 0.9423118
1769786475.291305 0.0023819 -0.0285409 0.0024718 -0.2070456 -0.0017155 -0.2550417 0.9445015
1769786475.591305 0.0025829 -0.0273879 0.0020720 -0.1759714 0.0172200 -0.2656309 0.9477224
1769786475.691305 0.0009252 -0.0264136 -0.0009250 -0.1631071 0.0298000 -0.2669943 0.9493272
1769786476.757972 0.0006760 -0.0210019 -0.0021369 -0.1983053 0.0769354 -0.2083290 0.9546492
1769786477.024637 0.0011696 -0.0195375 -0.0013508 -0.1869631 0.0755102 -0.1992185 0.9589865
1769786477.224638 0.0011529 -0.0189910 0.0004029 -0.1723315 0.0779014 -0.1985997 0.9616607
1769786478.191303 -0.0016050 -0.0177365 -0.0004155 -0.1451199 0.0933357 -0.1805344 0.9683161
1769786478.324638 -0.0017261 -0.0183460 -0.0005906 -0.1489455 0.0952138 -0.1783924 0.9679493
1769786478.391304 -0.0022577 -0.0188135 -0.0006034 -0.1515793 0.0970487 -0.1750253 0.9679729
1769786478.557970 -0.0029310 -0.0196371 -0.0001885 -0.1595083 0.1009279 -0.1741281 0.9664627
1769786478.757970 -0.0039999 -0.0209742 -0.0001894 -0.1710371 0.1055237 -0.1737669 0.9640623
1769786479.024636 -0.0050926 -0.0228760 -0.0002388 -0.1888865 0.1100920 -0.1751378 0.9599627
1769786479.257970 -0.0053844 -0.0251831 0.0017080 -0.2075051 0.1147606 -0.1693293 0.9566082
1769786479.524636 -0.0071384 -0.0275201 0.0009055 -0.2250350 0.1181389 -0.1600945 0.9538198
1769786479.591303 -0.0077140 -0.0288905 0.0013426 -0.2321666 0.1187892 -0.1614853 0.9517932
1769786480.091302 -0.0090994 -0.0341181 -0.0005191 -0.2612147 0.1140039 -0.1486443 0.9469292
1769786480.191302 -0.0095890 -0.0345858 -0.0010215 -0.2642703 0.1129453 -0.1471300 0.9464446
1769786480.257969 -0.0100519 -0.0355770 -0.0014803 -0.2681565 0.1126571 -0.1474479 0.9453357
1769786480.557969 -0.0090697 -0.0368354 -0.0018356 -0.2743195 0.1039503 -0.1430118 0.9452464
1769786480.624635 -0.0082651 -0.0368847 -0.0010538 -0.2756001 0.1012573 -0.1425788 0.9452316
1769786480.691302 -0.0085857 -0.0371600 -0.0018405 -0.2752617 0.0995504 -0.1402423 0.9458609
1769786480.824635 -0.0081329 -0.0374358 -0.0026364 -0.2757147 0.0952377 -0.1401917 0.9461805
1769786480.924635 -0.0071369 -0.0372329 -0.0019475 -0.2747968 0.0907139 -0.1406069 0.9468302
1769786480.991302 -0.0067225 -0.0371125 -0.0018491 -0.2731257 0.0884952 -0.1389121 0.9477734
1769786481.057969 -0.0066052 -0.0373553 -0.0025510 -0.2719541 0.0856232 -0.1375941 0.9485660
1769786481.191301 -0.0058751 -0.0371406 -0.0031109 -0.2685431 0.0803567 -0.1366813 0.9501293
1769786481.257969 -0.0049254 -0.0366193 -0.0028364 -0.2657424 0.0762891 -0.1371343 0.9511862
1769786481.291301 -0.0043169 -0.0362618 -0.0022569 -0.2642006 0.0741144 -0.1379466 0.9516701
1769786481.357970 -0.0036553 -0.0360011 -0.0023950 -0.2612844 0.0704281 -0.1362505 0.9529985
1769786481.557968 -0.0012161 -0.0346952 -0.0031706 -0.2500625 0.0576469 -0.1364375 0.9568335
1769786481.624635 -0.0014350 -0.0347394 -0.0057234 -0.2460795 0.0542497 -0.1391915 0.9576678
1769786481.757968 -0.0004019 -0.0340813 -0.0057203 -0.2391043 0.0478286 -0.1426339 0.9592690
1769786481.857970 0.0002761 -0.0335957 -0.0044383 -0.2319901 0.0437630 -0.1437308 0.9610447
1769786481.957968 0.0006056 -0.0326582 -0.0057518 -0.2211656 0.0379845 -0.1448936 0.9636642
1769786481.991302 0.0006893 -0.0325454 -0.0061354 -0.2181663 0.0360216 -0.1445579 0.9644734
1769786482.057968 0.0014500 -0.0324409 -0.0047292 -0.2132488 0.0308350 -0.1459102 0.9655488
1769786482.124635 0.0017403 -0.0321633 -0.0054476 -0.2081661 0.0261787 -0.1472848 0.9665861
1769786482.157968 0.0016148 -0.0315615 -0.0052470 -0.2029210 0.0252122 -0.1456250 0.9679776
1769786482.258007 0.0017739 -0.0315759 -0.0055643 -0.1945081 0.0196196 -0.1455264 0.9698473
1769786482.291339 0.0022260 -0.0314750 -0.0053761 -0.1919356 0.0156814 -0.1474843 0.9701356
1769786482.324672 0.0023524 -0.0314438 -0.0055533 -0.1881583 0.0129482 -0.1466259 0.9710457
1769786482.458007 0.0022610 -0.0297409 -0.0064960 -0.1770530 -0.0021394 -0.1460402 0.9733036
1769786482.524672 0.0028346 -0.0297273 -0.0056438 -0.1720900 -0.0116198 -0.1453393 0.9742312
1769786482.558006 0.0030909 -0.0294607 -0.0063938 -0.1684417 -0.0159352 -0.1461394 0.9746881
1769786482.591339 0.0035033 -0.0287512 -0.0044389 -0.1668003 -0.0205112 -0.1428447 0.9753730
1769786482.624673 0.0031907 -0.0284000 -0.0065354 -0.1624205 -0.0248873 -0.1436093 0.9758978
1769786482.791340 0.0036048 -0.0281061 -0.0058013 -0.1574994 -0.0387712 -0.1301833 0.9781324
1769786482.924672 0.0040209 -0.0269727 -0.0058100 -0.1711438 -0.0337474 -0.1204303 0.9772756
1769786482.958005 0.0037776 -0.0270419 -0.0042188 -0.1807827 -0.0293557 -0.1182228 0.9759504
1769786484.024671 0.0082567 -0.0236493 -0.0061667 -0.1801748 -0.0269783 -0.1288630 0.9747838
1769786484.091339 0.0081262 -0.0232920 -0.0072523 -0.1781896 -0.0257071 -0.1273200 0.9753857
1769786484.824671 0.0082266 -0.0264546 -0.0060322 -0.1873948 -0.0258942 -0.1250504 0.9739482
1769786484.891338 0.0081683 -0.0266107 -0.0060439 -0.1889638 -0.0255905 -0.1254900 0.9735965
1769786484.991338 0.0078889 -0.0273106 -0.0060528 -0.1930112 -0.0244799 -0.1256975 0.9728040
1769786485.291337 0.0071151 -0.0290743 -0.0053235 -0.2051486 -0.0204875 -0.1248963 0.9705129
1769786485.358005 0.0069328 -0.0295017 -0.0059685 -0.2074170 -0.0194018 -0.1249308 0.9700485
1769786485.558004 0.0064033 -0.0306702 -0.0052169 -0.2153511 -0.0168851 -0.1261305 0.9682097
1769786485.591337 0.0064316 -0.0308753 -0.0052472 -0.2165029 -0.0167831 -0.1263964 0.9679198
1769786485.658005 0.0062710 -0.0311079 -0.0052732 -0.2190145 -0.0154742 -0.1264248 0.9673727
1769786486.291336 0.0039731 -0.0333987 -0.0050989 -0.2360659 -0.0023481 -0.1274589 0.9633388
1769786486.724669 0.0029670 -0.0334917 -0.0047206 -0.2398226 0.0051220 -0.1304661 0.9619966
1769786486.858004 0.0027164 -0.0334518 -0.0046663 -0.2403444 0.0070082 -0.1313792 0.9617302
1769786486.924669 0.0026265 -0.0333876 -0.0046792 -0.2401384 0.0078565 -0.1317732 0.9617212
1769786487.224670 0.0023730 -0.0331515 -0.0046683 -0.2390956 0.0109373 -0.1332120 0.9617527
1769786487.991336 0.0019297 -0.0326115 -0.0047916 -0.2351155 0.0143283 -0.1367756 0.9621891
1769786488.058002 0.0018877 -0.0325000 -0.0047106 -0.2349257 0.0144285 -0.1368653 0.9622212
1769786488.824670 0.0018148 -0.0322614 -0.0045916 -0.2341382 0.0147420 -0.1385272 0.9621706
1769786489.891347 0.0017943 -0.0323419 -0.0047580 -0.2338463 0.0143903 -0.1385375 0.9622454
1769786490.124681 0.0017711 -0.0323236 -0.0046518 -0.2339227 0.0145616 -0.1383199 0.9622556
1769786490.458015 0.0017414 -0.0323768 -0.0047787 -0.2338250 0.0144341 -0.1385950 0.9622417
