1769787154775262464.000000 0.000000000 0.000000000 0.000000000 -0.000000000 -0.000000000 -0.000000000 1.000000000
1769787155008595456.000000 -0.000020346 0.000010657 0.000092085 -0.000244315 0.000207721 0.000133742 0.999999940
1769787155108596480.000000 -0.000171061 0.000024843 -0.000108572 -0.000007495 0.000311398 0.000396208 0.999999881
1769787155308595712.000000 0.000054088 -0.000225911 0.000211387 -0.000412566 0.000114152 -0.000032193 0.999999940
1769787155508595712.000000 -0.000075092 -0.000149311 -0.000129461 -0.000221054 -0.000014229 0.000830108 0.999999642
1769787160641933056.000000 0.000228061 0.000664863 0.000046375 0.004191385 0.000968106 -0.004028380 0.999982655
1769787162175264256.000000 -0.001197585 0.000905613 -0.000182410 0.007682778 0.024918165 -0.011327421 0.999595821
1769787162275263488.000000 -0.001189640 0.000843665 -0.000678206 0.006863255 0.026733166 -0.011179892 0.999556541
1769787162641930496.000000 -0.001806341 0.000568908 -0.001635863 0.004383939 0.033504535 -0.009456002 0.999384224
1769787162708598016.000000 -0.001376680 0.000261417 -0.000493357 0.001828568 0.034453765 -0.011429203 0.999339283
1769787162975263232.000000 -0.000528339 -0.000421073 0.000355139 -0.001047167 0.040069621 -0.007011890 0.999171734
1769787163775263232.000000 -0.005021252 -0.001610895 -0.004957412 -0.018625362 0.063060686 -0.010981427 0.997775495
1769787163808596736.000000 -0.005127633 -0.000327998 -0.003940413 -0.017680453 0.063968934 -0.013059632 0.997709811
1769787163841930752.000000 -0.004991892 -0.001101307 -0.004430156 -0.020066781 0.064481489 -0.012225180 0.997642279
1769787165441941760.000000 -0.008886401 -0.007872578 -0.007191909 -0.062050648 0.074913077 0.001832695 0.995255947
1769787165508607488.000000 -0.008509841 -0.007874833 -0.006559454 -0.061399736 0.074368387 0.003673038 0.995332062
1769787165608606976.000000 -0.008592929 -0.007544390 -0.007851567 -0.060865451 0.072914608 0.001439721 0.995478153
1769787165708606976.000000 -0.008059492 -0.007512613 -0.006731864 -0.059759293 0.071485199 0.002235879 0.995647371
1769787165841940736.000000 -0.007635409 -0.007100496 -0.006700680 -0.056456268 0.068777636 0.001418488 0.996032298
1769787165908607744.000000 -0.007262786 -0.006953272 -0.006607235 -0.055002708 0.066992819 0.001734351 0.996234715
1769787166275272960.000000 -0.005210864 -0.004967405 -0.006657786 -0.040699612 0.054666717 -0.002610026 0.997671425
1769787166308606464.000000 -0.004950160 -0.004937579 -0.006452546 -0.039493427 0.053221561 -0.002439381 0.997798502
1769787166408606720.000000 -0.004737053 -0.004188776 -0.006819034 -0.033651054 0.050027862 -0.003078781 0.998176038
1769787166441940992.000000 -0.004478953 -0.004092926 -0.006613462 -0.031997852 0.048917215 -0.002487365 0.998287082
1769787166475272192.000000 -0.004124643 -0.003794603 -0.006058245 -0.029934032 0.047427114 -0.003415743 0.998420238
1769787166508606720.000000 -0.003751918 -0.003770181 -0.005823840 -0.028042205 0.045516741 -0.002851431 0.998565853
1769787166608606464.000000 -0.003173622 -0.003037914 -0.005795870 -0.021696845 0.041615129 -0.004170045 0.998889387
1769787166675272704.000000 -0.002787832 -0.002610784 -0.005584669 -0.017631447 0.038901441 -0.005528875 0.999072254
1769787166808606208.000000 -0.002085884 -0.001766654 -0.005401561 -0.006231285 0.033147302 -0.007741465 0.999401093
1769787166908606720.000000 -0.001450370 -0.001437500 -0.004774278 0.002569301 0.027849711 -0.009589641 0.999562800
1769787166975272448.000000 -0.001288323 -0.000837301 -0.004905030 0.008904484 0.024025545 -0.010246115 0.999619186
1769787167041939712.000000 -0.000884253 -0.000485636 -0.004695951 0.016131252 0.020348759 -0.012859862 0.999580085
1769787167075272192.000000 -0.000699768 -0.000291071 -0.004044145 0.020173095 0.018685978 -0.013110846 0.999535918
1769787167175272192.000000 -0.000313521 0.000251291 -0.003581408 0.030750252 0.010699672 -0.014069506 0.999370813
1769787167208605696.000000 -0.000084600 0.000788283 -0.004052312 0.034127627 0.007352643 -0.015226625 0.999274433
1769787167275272704.000000 0.000198377 0.001416189 -0.003381559 0.041530300 0.000633187 -0.014982092 0.999024689
1769787167375272448.000000 0.000192895 0.002140428 -0.002968280 0.051000282 -0.010491237 -0.015611333 0.998521507
1769787167408606976.000000 0.000371891 0.001910080 -0.002558011 0.053337991 -0.014123485 -0.014134918 0.998376608
1769787167508606208.000000 0.000305674 0.002786445 -0.003127354 0.059198171 -0.023809047 -0.013843865 0.997866273
1769787167575272448.000000 0.000655972 0.003102293 -0.002684179 0.061360829 -0.028903844 -0.010993534 0.997636497
1769787167608605696.000000 0.000660705 0.002987758 -0.002372006 0.062550142 -0.030506091 -0.008173125 0.997542024
1769787167708606464.000000 0.001424893 0.003439108 -0.000919356 0.063844115 -0.031091992 -0.002488579 0.997472346
1769787167908606208.000000 0.001786688 0.003202509 0.000919196 0.026002312 -0.026213875 -0.001224603 0.999317348
1769787167941939712.000000 0.002085831 0.003178568 0.001020603 0.023619696 -0.026176374 -0.000404316 0.999378204
1769787168008605440.000000 0.001954579 0.003675326 0.000760247 0.019380050 -0.026296785 -0.000954286 0.999465823
1769787168075271936.000000 0.002242639 0.003737220 0.001570951 0.016085280 -0.026271829 -0.001332658 0.999524534
1769787168241938944.000000 0.002311867 0.004146357 0.000369013 0.017391978 -0.027930692 -0.002885694 0.999454439
1769787168308604928.000000 0.003064375 0.004542030 0.001820324 0.020171111 -0.029080169 -0.003013894 0.999368966
1769787168375271680.000000 0.003226786 0.004913273 0.000564273 0.025049280 -0.030022409 -0.002042148 0.999233246
1769787168441939968.000000 0.003673956 0.005127261 0.001172349 0.029839717 -0.031057786 -0.000633765 0.999071896
1769787168608605184.000000 0.004809465 0.005972703 0.000141634 0.046025712 -0.035189018 -0.002393808 0.998317420
1769787168675270912.000000 0.004799946 0.006487186 0.000030475 0.052149337 -0.035518732 -0.001912442 0.998005629
1769787168708605952.000000 0.004908036 0.006296652 0.000329986 0.054655924 -0.036136393 0.000390292 0.997851074
1769787168741938688.000000 0.004956645 0.006163119 0.000159318 0.056153499 -0.035582598 -0.000609070 0.997787714
1769787168841938688.000000 0.004715688 0.006595558 0.000561676 0.063657664 -0.035579279 0.002498918 0.997334242
1769787169075270656.000000 0.005426104 0.006978733 0.000813149 0.072704069 -0.038680274 -0.001013069 0.996602714
1769787169275270912.000000 0.005518557 0.007048120 0.000880676 0.078062624 -0.040627997 0.001860747 0.996118546
1769787169375271168.000000 0.005370378 0.006904506 0.000858773 0.078462362 -0.041123956 0.002565092 0.996065199
1769787169541938432.000000 0.005600867 0.006899060 0.000984533 0.080976941 -0.043797839 0.003185313 0.995748162
1769787169708604928.000000 0.005830234 0.006736982 0.000752922 0.081373639 -0.046699174 0.004567334 0.995578587
1769787169741938176.000000 0.005898336 0.006953020 0.000817259 0.081275098 -0.047405835 0.004468468 0.995553672
1769787169941938176.000000 0.005994841 0.006627264 0.000098148 0.078803003 -0.049584702 0.005386044 0.995641708
1769787170008603904.000000 0.006002455 0.006521150 0.000541684 0.077569649 -0.050858960 0.005295973 0.995674789
1769787170108604672.000000 0.006048527 0.006519955 -0.000057848 0.075895973 -0.052216314 0.006377609 0.995727181
1769787170275270400.000000 0.006208531 0.006337143 -0.000315731 0.072398029 -0.053864859 0.006571115 0.995898545
1769787170341937664.000000 0.005999444 0.006411579 -0.000547208 0.071413673 -0.054616597 0.008026113 0.995918036
1769787170375270912.000000 0.006187480 0.005948877 -0.000806225 0.069327168 -0.055435136 0.006910921 0.996028602
1769787170541937664.000000 0.006755685 0.005637287 -0.001135206 0.063493274 -0.057962134 0.004822749 0.996285975
1769787170641937408.000000 0.006258012 0.005069969 -0.001599837 0.059209380 -0.057696104 0.007202549 0.996550798
1769787170708604160.000000 0.006603654 0.004468985 -0.001675581 0.055613305 -0.059454959 0.007006041 0.996656001
1769787170775270400.000000 0.007030684 0.004002647 -0.002147418 0.051277597 -0.060959164 0.006035619 0.996803999
1769787170875269632.000000 0.006994364 0.002958911 -0.002869020 0.044758879 -0.062382162 0.005463958 0.997033238
1769787170975269632.000000 0.007236399 0.002265953 -0.002500989 0.039463617 -0.063001528 0.005416787 0.997218192
1769787171075269376.000000 0.007551534 0.001257161 -0.002555660 0.032408111 -0.063912325 0.005988320 0.997411191
1769787171108604672.000000 0.007567316 0.000838517 -0.003085801 0.030070364 -0.064536497 0.005982120 0.997444272
1769787171208603648.000000 0.007459701 -0.000063489 -0.003662287 0.022676185 -0.065315478 0.005974088 0.997589111
1769787171275269888.000000 0.007703682 -0.000633596 -0.004020119 0.017986519 -0.065953672 0.005219814 0.997646928
1769787171308603648.000000 0.007760993 -0.001017168 -0.003854564 0.015121322 -0.065985322 0.005563914 0.997690499
1769787171441937920.000000 0.007688062 -0.001909793 -0.004720328 0.006195975 -0.065918185 0.007369155 0.997778594
1769787171475269376.000000 0.008107613 -0.002885766 -0.004600822 0.003193665 -0.066090904 0.008135760 0.997775316
1769787171541937408.000000 0.007849850 -0.003086968 -0.004970364 -0.001396534 -0.066154696 0.007314645 0.997781575
1769787171575269888.000000 0.007714258 -0.003740392 -0.005713792 -0.003730939 -0.066657931 0.009126584 0.997727156
1769787171675269376.000000 0.008189660 -0.004804199 -0.005905964 -0.009920436 -0.067352973 -0.024127891 0.997388124
1769787171841937408.000000 0.008272784 -0.006536482 -0.008702710 -0.019353380 -0.070742257 -0.084355116 0.993732989
1769787171875269376.000000 0.008727890 -0.007319349 -0.006423508 -0.022539578 -0.071600586 -0.096782260 0.992470920
1769787171908604416.000000 0.008161161 -0.007842328 -0.006198900 -0.024423270 -0.070893586 -0.106166959 0.991517127
1769787171975269120.000000 0.008176045 -0.008551847 -0.006597596 -0.028147958 -0.071985394 -0.128772482 0.988657415
1769787172008602880.000000 0.008306153 -0.008146335 -0.009360566 -0.029819526 -0.072122760 -0.142057911 0.986776888
1769787172108634112.000000 0.008147435 -0.009823533 -0.007789310 -0.035489570 -0.073372677 -0.171091363 0.981878161
1769787172175299840.000000 0.008485229 -0.010718416 -0.008597383 -0.039386604 -0.075946927 -0.193020508 0.977457881
1769787172241967104.000000 0.008052372 -0.011127604 -0.007018760 -0.041137148 -0.077140354 -0.213428378 0.973039269
1769787172275299840.000000 0.009040387 -0.010913457 -0.008629171 -0.042740725 -0.078176051 -0.224083468 0.970488727
1769787172308633600.000000 0.008336925 -0.011589125 -0.009027394 -0.044648003 -0.077208824 -0.231685221 0.968693674
1769787172341967360.000000 0.008707291 -0.011479640 -0.010662221 -0.046236530 -0.078635633 -0.244268924 0.965407312
1769787172441968128.000000 0.008886393 -0.012798353 -0.009503956 -0.049768995 -0.080245495 -0.269351959 0.958401442
1769787172475299584.000000 0.008875801 -0.012986304 -0.009027847 -0.051499028 -0.081056401 -0.278929859 0.955497682
1769787172541967616.000000 0.009121322 -0.013658467 -0.009493911 -0.053832300 -0.082146734 -0.295756400 0.950201154
1769787172708633600.000000 0.008518366 -0.014900045 -0.009172780 -0.060737837 -0.082696229 -0.328191131 0.939022303
1769787172741966848.000000 0.008581472 -0.014942346 -0.009181253 -0.061224442 -0.083522536 -0.335453898 0.936347306
1769787172775300096.000000 0.008434175 -0.015273645 -0.009050274 -0.062354974 -0.083268277 -0.340555906 0.934451699
1769787172975299072.000000 0.007976513 -0.016432747 -0.008009529 -0.068940960 -0.083201438 -0.369002968 0.923125923
1769787173008632832.000000 0.008136793 -0.016245728 -0.010253417 -0.069101393 -0.083510816 -0.374158561 0.921008289
1769787173141966592.000000 0.007572734 -0.016598141 -0.009941106 -0.072027750 -0.080741808 -0.387102008 0.915666282
1769787173241966592.000000 0.007356649 -0.016706234 -0.009041886 -0.073992655 -0.078546323 -0.394883156 0.912372172
1769787173541966592.000000 0.006316056 -0.016987590 -0.010240811 -0.079240352 -0.071568578 -0.400475413 0.910065055
1769787173641965824.000000 0.005738341 -0.016997557 -0.009823527 -0.080333874 -0.067670956 -0.399269819 0.910796762
1769787173675299072.000000 0.005783122 -0.016962923 -0.009943544 -0.080909379 -0.066594981 -0.398297936 0.911250591
1769787173775299584.000000 0.005033043 -0.016749576 -0.009475599 -0.080871515 -0.061768636 -0.393494934 0.913677275
1769787173808633088.000000 0.004990885 -0.016732838 -0.009858252 -0.081081852 -0.060437210 -0.392352641 0.914238811
1769787173841966336.000000 0.005171264 -0.016549161 -0.008870338 -0.080575705 -0.059298534 -0.390118599 0.915313482
1769787173908633344.000000 0.004527598 -0.016367782 -0.009220420 -0.080474235 -0.055152807 -0.384087503 0.918127954
1769787173975298816.000000 0.004263940 -0.016031642 -0.009144673 -0.079463519 -0.051163882 -0.379505306 0.920349658
1769787174008632064.000000 0.003907667 -0.016003484 -0.009073131 -0.079985105 -0.049001850 -0.375859827 0.921916842
1769787174075298816.000000 0.003599774 -0.015819410 -0.009056338 -0.079715416 -0.045321804 -0.368234873 0.925199687
1769787174108632832.000000 0.003573440 -0.015629673 -0.009315355 -0.079180829 -0.043690018 -0.364780873 0.926691175
1769787174208632576.000000 0.002987039 -0.015087370 -0.009043613 -0.077152707 -0.036729727 -0.350705206 0.932579339
1769787174275298560.000000 0.002473397 -0.014442455 -0.009343877 -0.075692840 -0.031412434 -0.339628309 0.936982691
1769787174308632320.000000 0.002371810 -0.014187558 -0.009413608 -0.074288160 -0.029355714 -0.333094954 0.939503729
1769787174375298560.000000 0.002125653 -0.013637013 -0.008797652 -0.071475215 -0.023757886 -0.318880081 0.944797516
1769787174408633344.000000 0.001880796 -0.013441078 -0.008705400 -0.070554040 -0.021113781 -0.309882432 0.947918415
1769787174441967104.000000 0.001581160 -0.013101725 -0.008924705 -0.068825237 -0.017962715 -0.301303595 0.950871527
1769787174475297792.000000 0.001609786 -0.012724574 -0.008283551 -0.067568175 -0.015127845 -0.293997586 0.953294933
1769787174508632064.000000 0.001292762 -0.012149117 -0.008979877 -0.065086260 -0.012436659 -0.283129632 0.956789792
1769787174541966080.000000 0.001099059 -0.012008280 -0.009725288 -0.064063519 -0.009167272 -0.271948308 0.960133314
1769787174575298048.000000 0.000268924 -0.010912544 -0.009710997 -0.061449483 -0.005787559 -0.261325598 0.963275373
1769787174608632064.000000 0.000817725 -0.011169524 -0.008431367 -0.060274601 -0.003390134 -0.248485476 0.966752529
1769787174641964800.000000 0.000635209 -0.010851149 -0.008008726 -0.058520932 -0.000693444 -0.236541227 0.969857275
1769787174675298048.000000 0.000282838 -0.010825041 -0.007594874 -0.056310073 0.002871942 -0.224315494 0.972884119
1769787174708632832.000000 -0.000065281 -0.010104773 -0.008878198 -0.054194953 0.005231705 -0.213612437 0.975400090
1769787174741966336.000000 -0.000154239 -0.010017271 -0.007614372 -0.052438553 0.008352617 -0.201962143 0.977952838
1769787174775298304.000000 -0.000533849 -0.009927588 -0.007589489 -0.050909843 0.011313499 -0.193828329 0.979648292
1769787174841966080.000000 -0.000491325 -0.009374242 -0.007756496 -0.046627931 0.014093709 -0.176530331 0.983089149
1769787174875298048.000000 -0.000481834 -0.009456166 -0.007269508 -0.045359727 0.016246444 -0.173171684 0.983712435
1769787174975297792.000000 -0.000446978 -0.009388838 -0.007579627 -0.038880143 0.020845592 -0.170454249 0.984377563
1769787175075297536.000000 -0.000512368 -0.008790363 -0.005799115 -0.026083354 0.029484063 -0.169122711 0.984808564
1769787175108632320.000000 -0.000686694 -0.008586247 -0.006833787 -0.022522945 0.032193217 -0.169059977 0.984822333
1769787175141965568.000000 -0.000732282 -0.008504846 -0.006597766 -0.018895347 0.035180856 -0.169606134 0.984702528
1769787175175298048.000000 -0.001231799 -0.008059964 -0.006829392 -0.014518876 0.038609747 -0.166874856 0.985114872
1769787175208631808.000000 -0.001621364 -0.007904138 -0.006803224 -0.011111019 0.043929912 -0.168585464 0.984644949
1769787175241965312.000000 -0.001461697 -0.007466641 -0.006004967 -0.006588840 0.047459818 -0.168560892 0.984525979
1769787175308631552.000000 -0.001674514 -0.007093513 -0.006294829 0.001407579 0.054165747 -0.169582754 0.984025300
1769787175441966592.000000 -0.001473266 -0.007224968 -0.005197141 0.009693420 0.069733068 -0.172735333 0.982448876
1769787175475297536.000000 -0.001470213 -0.006871619 -0.005509962 0.010699445 0.073232688 -0.175117806 0.981761813
1769787175541966080.000000 -0.001708411 -0.006877767 -0.005690897 0.014450175 0.083412617 -0.176846489 0.980591118
1769787175575298048.000000 -0.001528430 -0.006933845 -0.005731557 0.015794512 0.087586544 -0.177312523 0.980122149
1769787175675297536.000000 -0.001135570 -0.006817699 -0.004696026 0.016894493 0.100229047 -0.184840426 0.977498174
1769787175708632320.000000 -0.001094584 -0.006531734 -0.005189048 0.017468661 0.102939144 -0.184370264 0.977295280
1769787175775297792.000000 -0.001432547 -0.005977087 -0.005755974 0.018267957 0.108957797 -0.192523450 0.975053430
1769787175875297792.000000 -0.001522080 -0.005412372 -0.006778207 0.019033141 0.110077515 -0.190642282 0.975282609
1769787176075297792.000000 -0.002259618 -0.003668806 -0.006140830 -0.012324238 0.099820845 -0.152715802 0.983138740
1769787176108631808.000000 -0.002260223 -0.004194566 -0.005358168 -0.015894249 0.098958232 -0.147537589 0.983965099
1769787176141964800.000000 -0.002792751 -0.003709080 -0.005934262 -0.018045079 0.098422252 -0.140750378 0.984975517
1769787176175297280.000000 -0.002881977 -0.003402523 -0.005782612 -0.019009385 0.098264188 -0.136658758 0.985549212
1769787176341964800.000000 -0.003229310 -0.002469525 -0.004451021 -0.021785328 0.096942522 -0.114244349 0.988471448
1769787176375297024.000000 -0.003388413 -0.002218846 -0.004769027 -0.020484604 0.096393317 -0.111129798 0.988907933
1769787176441965568.000000 -0.003339079 -0.002072521 -0.003686136 -0.019862568 0.096897006 -0.107935652 0.989225149
1769787176508631552.000000 -0.004098781 -0.001174795 -0.004622431 -0.015838005 0.097582258 -0.103840478 0.989668667
1769787176541965056.000000 -0.004296493 -0.001049545 -0.005180388 -0.014661741 0.097636923 -0.103414863 0.989725947
1769787176608630784.000000 -0.004385423 -0.000630154 -0.005046016 -0.009679700 0.098101988 -0.097968161 0.990295172
1769787176675296768.000000 -0.004031098 -0.000891127 -0.003383000 -0.004701903 0.098397821 -0.095015891 0.990589619
1769787176741964800.000000 -0.004159132 -0.000813518 -0.003336797 0.001869238 0.099235021 -0.092007078 0.990799487
1769787176775297280.000000 -0.004984976 0.000147411 -0.005329010 0.006696531 0.099458136 -0.091444276 0.990808368
1769787176841964544.000000 -0.004153434 -0.000452563 -0.003248323 0.011681189 0.099186189 -0.092057995 0.990732551
1769787177141964544.000000 -0.004862977 0.000799402 -0.004113530 0.030531554 0.103251450 -0.091667809 0.989951491
1769787177575296768.000000 -0.005263757 0.000732672 -0.002751844 0.045416288 0.112196229 -0.082251444 0.989234090
1769787177808629760.000000 -0.005438032 0.000439003 -0.002048714 0.045686074 0.116236635 -0.080945127 0.988862872
1769787178108630784.000000 -0.006270187 0.000732822 -0.002873273 0.045527346 0.123077966 -0.077598892 0.988310456
1769787178208629760.000000 -0.005823272 0.000270371 -0.002612886 0.041935083 0.122559585 -0.082806647 0.988111198
1769787178341963520.000000 -0.006231416 0.000702706 -0.003694129 0.040328417 0.124260440 -0.082016125 0.988031566
1769787178675295744.000000 -0.006528621 -0.000245344 -0.003486217 0.029656986 0.128967389 -0.078817382 0.988066673
1769787179141963008.000000 -0.005930743 -0.001575821 -0.001340657 0.008527153 0.133036464 -0.080022171 0.987838566
1769787179208629248.000000 -0.007711795 -0.001437403 -0.006121852 0.004058603 0.136491090 -0.077261329 0.987615526
1769787179275312384.000000 -0.007719974 -0.001698333 -0.005656863 0.001230571 0.137324929 -0.076522864 0.987564981
1769787179441981696.000000 -0.008799762 -0.001566030 -0.008204149 -0.009796082 0.139896229 -0.076209046 0.987180471
1769787179841980160.000000 -0.010337429 -0.005395211 -0.008699971 -0.040414747 0.141231403 -0.080779396 0.985847414
1769787180041980160.000000 -0.009350172 -0.005121023 -0.008644124 -0.054183867 0.143119350 -0.071354203 0.985641718
1769787180508646144.000000 -0.009909038 -0.008031980 -0.010231489 -0.085862257 0.139793277 -0.068548359 0.984066427
1769787181241979136.000000 -0.009975345 -0.011457876 -0.013245022 -0.117664993 0.122581862 -0.062464297 0.983476937
1769787181275311104.000000 -0.010073141 -0.011357994 -0.013260918 -0.117791489 0.122230880 -0.064369455 0.983382642
1769787181408645120.000000 -0.010007570 -0.011828387 -0.014156510 -0.120634653 0.117406473 -0.063574880 0.983677387
1769787181475311616.000000 -0.010027248 -0.011738693 -0.014909930 -0.121541053 0.116073802 -0.062758714 0.983776391
1769787181908644608.000000 -0.008270950 -0.011851823 -0.014742483 -0.121853828 0.100382365 -0.062832311 0.985457838
1769787182041979136.000000 -0.008251889 -0.011745488 -0.015276165 -0.119071111 0.094634883 -0.062677912 0.986376107
1769787182075310592.000000 -0.008014132 -0.011680387 -0.015049313 -0.118485063 0.093665875 -0.060968727 0.986646235
1769787182175311104.000000 -0.007331321 -0.011425566 -0.014263860 -0.114925362 0.089158468 -0.059689768 0.987562716
1769787182275310592.000000 -0.007866229 -0.011702753 -0.016978957 -0.111622229 0.084315717 -0.059469398 0.988379836
1769787182308644864.000000 -0.007418900 -0.011401604 -0.015929334 -0.111114420 0.084154360 -0.058303561 0.988520324
1769787182341978624.000000 -0.007178446 -0.011302093 -0.015506191 -0.110007897 0.082282014 -0.059470553 0.988732159
1769787182375311872.000000 -0.006430051 -0.010912869 -0.015210059 -0.108191006 0.079779156 -0.060197387 0.989093661
1769787182408645888.000000 -0.006560412 -0.010945623 -0.015911983 -0.106990293 0.078304648 -0.061139259 0.989284337
1769787182475311104.000000 -0.006525392 -0.010610172 -0.016198073 -0.104096130 0.075577401 -0.060937028 0.989817500
1769787182508645120.000000 -0.006278225 -0.010420713 -0.016636580 -0.102607973 0.074389324 -0.060501508 0.990089595
1769787182608644608.000000 -0.005522179 -0.010048910 -0.014787753 -0.097307526 0.070432514 -0.060286231 0.990926921
1769787182641977856.000000 -0.005313900 -0.009723041 -0.015537150 -0.095095381 0.068225771 -0.060908370 0.991257966
1769787182675310080.000000 -0.004689009 -0.009757976 -0.015081444 -0.093541682 0.065516390 -0.062330179 0.991500139
1769787182708644864.000000 -0.004613173 -0.008989301 -0.014470128 -0.091261379 0.064277105 -0.064230561 0.991672456
1769787182741977856.000000 -0.004143751 -0.009647173 -0.013980441 -0.089223020 0.062244952 -0.062290795 0.992111266
1769787182808644096.000000 -0.004216355 -0.008758700 -0.015072891 -0.085205197 0.058895607 -0.062194768 0.992674768
1769787182908644352.000000 -0.003740676 -0.007778169 -0.016822159 -0.078156844 0.052798253 -0.064949274 0.993421078
1769787182941978624.000000 -0.003625568 -0.007897698 -0.016739951 -0.076212429 0.051017411 -0.066065110 0.993591607
1769787182975310592.000000 -0.003539586 -0.007572394 -0.017041935 -0.074061900 0.049795199 -0.066791311 0.993767679
1769787183008643328.000000 -0.003077002 -0.007591465 -0.016833987 -0.072003148 0.047724154 -0.066178627 0.994061530
1769787183075310080.000000 -0.002645790 -0.007320254 -0.015682114 -0.068069920 0.044715777 -0.066151395 0.994480252
1769787183108644608.000000 -0.002617007 -0.007030399 -0.016688952 -0.065901250 0.042942706 -0.066833399 0.994658887
1769787183141977856.000000 -0.002967149 -0.006495720 -0.018339636 -0.062400326 0.041454814 -0.068356253 0.994844258
1769787183241977600.000000 -0.002214998 -0.006747745 -0.017020592 -0.055089794 0.037847869 -0.070028476 0.995303333
1769787183308643584.000000 -0.001903952 -0.006016673 -0.016702075 -0.046873402 0.033395715 -0.071787052 0.995758116
1769787183341977344.000000 -0.001789180 -0.006305267 -0.016738607 -0.044689134 0.032662913 -0.072241724 0.995849967
1769787183441979136.000000 -0.001640009 -0.006181036 -0.016210927 -0.035656184 0.027655592 -0.071061581 0.996450722
1769787183475310336.000000 -0.001648702 -0.005902023 -0.017048340 -0.032312281 0.025173133 -0.072536133 0.996524334
1769787183541977344.000000 -0.001446954 -0.005355459 -0.017164445 -0.025766224 0.020812035 -0.073254272 0.996763170
1769787183575310080.000000 -0.001434848 -0.005691603 -0.016893381 -0.023143703 0.018969476 -0.073833205 0.996821582
1769787183608643840.000000 -0.001509932 -0.005648269 -0.016911723 -0.019910902 0.017381730 -0.073603824 0.996937275
1769787183641976320.000000 -0.001537659 -0.005196947 -0.017574130 -0.015945479 0.015736915 -0.074459150 0.996972382
1769787183741977088.000000 -0.001258172 -0.005027066 -0.016689405 -0.006128006 0.006810192 -0.072601147 0.997318983
1769787183775310848.000000 -0.001339342 -0.004785998 -0.016533194 -0.002650174 0.003620028 -0.070470653 0.997503757
1769787183841977856.000000 -0.001275907 -0.004487418 -0.016846394 0.004251483 -0.004638201 -0.070091613 0.997520745
1769787183908645120.000000 -0.001376767 -0.004192011 -0.016412970 0.010468388 -0.011692336 -0.066645242 0.997653306
1769787183975310080.000000 -0.000833421 -0.004137205 -0.015780946 0.014149555 -0.021531181 -0.068296805 0.997332335
1769787184008642816.000000 -0.000880522 -0.003871711 -0.015932549 0.017601408 -0.024620300 -0.064466052 0.997460842
1769787184208643328.000000 -0.000600163 -0.003128953 -0.016659399 0.022006484 -0.039677903 -0.047654185 0.997832894
1769787184308643328.000000 -0.000468442 -0.003041681 -0.015307311 0.013691760 -0.035332013 -0.043691363 0.998326242
1769787184408642816.000000 -0.000459646 -0.003093549 -0.015645962 -0.007890079 -0.032790218 -0.046952989 0.998327613
1769787184541976832.000000 0.000075245 -0.002661445 -0.013594516 -0.020817302 -0.030144313 -0.047812928 0.998184323
1769787184608643584.000000 0.000667219 -0.002586257 -0.013318199 -0.023619458 -0.030843569 -0.050037209 0.997991502
1769787184675310080.000000 0.000267688 -0.002237841 -0.013839141 -0.023992088 -0.031845458 -0.050265744 0.997939706
1769787184841976832.000000 -0.000169807 -0.002702212 -0.018832358 -0.020584358 -0.032465860 -0.052477457 0.997881949
1769787184908643328.000000 0.000171458 -0.002848585 -0.017698713 -0.016333777 -0.032863781 -0.051856916 0.997979999
1769787184941977088.000000 -0.004192085 -0.004711488 -0.026635237 -0.014742613 -0.031647805 -0.052799046 0.997994661
1769787185008642560.000000 -0.004541399 -0.003903802 -0.028098434 -0.008131639 -0.032222517 -0.050430682 0.998174489
1769787185108643584.000000 -0.004713747 -0.003512577 -0.028285567 0.000146302 -0.031604469 -0.049034793 0.998296916
1769787185175309056.000000 -0.004474642 -0.003288465 -0.028284574 0.004331525 -0.031646848 -0.048663709 0.998304367
1769787186041975808.000000 -0.003673179 -0.002545843 -0.026522577 0.027238443 -0.036248636 -0.046716269 0.997878611
1769787186075309056.000000 -0.003786963 -0.002732060 -0.026754009 0.027239515 -0.036856316 -0.045998018 0.997889698
1769787186241975552.000000 -0.003230604 -0.003200947 -0.026160868 0.025552467 -0.040671896 -0.046225872 0.997775555
1769787186541976064.000000 -0.003021492 -0.003787681 -0.026515599 0.020706533 -0.044222806 -0.044606440 0.997810543
1769787186608649472.000000 -0.002937013 -0.004182125 -0.027147910 0.018357212 -0.045220945 -0.044793315 0.997803450
1769787186775315456.000000 -0.003126232 -0.004666375 -0.027361030 0.014483951 -0.046435602 -0.043381680 0.997873724
1769787186908650496.000000 -0.002970651 -0.005284628 -0.027815064 0.008546085 -0.047765538 -0.043328766 0.997881770
1769787187308648960.000000 -0.002024836 -0.007234709 -0.030985141 -0.006777963 -0.051624779 -0.042059626 0.997757494
1769787187341982720.000000 -0.001810503 -0.006654115 -0.029295282 -0.008731990 -0.052855238 -0.047363866 0.997440100
1769787187375315200.000000 -0.002440143 -0.006491990 -0.029633436 -0.009110382 -0.051649127 -0.044847641 0.997616231
1769787187541984256.000000 -0.001481636 -0.008392079 -0.033929665 -0.019508960 -0.053709004 -0.050552234 0.997085333
1769787187575314688.000000 -0.001636991 -0.009210708 -0.032846872 -0.023504246 -0.053205527 -0.049764160 0.997065842
1769787187641982464.000000 -0.002250643 -0.008828187 -0.030882018 -0.026836365 -0.053278752 -0.048390087 0.997045457
1769787187675315968.000000 -0.002051107 -0.009153956 -0.031095253 -0.030229632 -0.053140301 -0.049584202 0.996897042
1769787187841982464.000000 -0.002306570 -0.010873659 -0.031862319 -0.041284218 -0.052951429 -0.046979714 0.996636689
1769787187875314944.000000 -0.002209523 -0.010944559 -0.031719599 -0.043357864 -0.053131692 -0.048111867 0.996484995
1769787187908648704.000000 -0.002108442 -0.011507878 -0.031285122 -0.046174970 -0.053546458 -0.048889186 0.996298432
1769787187975315456.000000 -0.002221755 -0.011868494 -0.031322706 -0.050114445 -0.052095845 -0.047549255 0.996249795
1769787188008648448.000000 -0.002528053 -0.013138857 -0.031938232 -0.052978262 -0.052578133 -0.048115220 0.996049106
1769787188041982720.000000 -0.002215976 -0.012851039 -0.031078726 -0.056030821 -0.052097701 -0.047572318 0.995933414
1769787188108649728.000000 -0.002321642 -0.013836871 -0.030659564 -0.059529852 -0.054795362 -0.068386614 0.994372666
1769787188208648704.000000 -0.002252518 -0.014420633 -0.031319473 -0.064731449 -0.057339910 -0.104972638 0.990708172
1769787188241982208.000000 -0.002027438 -0.015323808 -0.031859010 -0.067724176 -0.058987483 -0.117136978 0.989046454
1769787188275314688.000000 -0.002207159 -0.015390642 -0.031561837 -0.069022447 -0.059286308 -0.129902124 0.987343132
1769787188308648192.000000 -0.001921883 -0.016151398 -0.031491835 -0.072342835 -0.060757723 -0.141666517 0.985396206
1769787188375314688.000000 -0.002380851 -0.016839253 -0.031777393 -0.075860545 -0.060887311 -0.165371999 0.981422484
1769787188508649216.000000 -0.002537649 -0.018201007 -0.030914072 -0.083543859 -0.064403765 -0.208438158 0.972330272
1769787188541982208.000000 -0.002510656 -0.018799126 -0.031662002 -0.085138246 -0.065740660 -0.220439777 0.969451368
1769787188575314688.000000 -0.002407377 -0.019224022 -0.031863097 -0.086751185 -0.066477768 -0.229478300 0.967158079
1769787188608647936.000000 -0.002577929 -0.019612271 -0.031562738 -0.089228258 -0.067422085 -0.240480989 0.964189529
1769787188641981440.000000 -0.002544327 -0.019966887 -0.031854242 -0.090529442 -0.068376251 -0.250794649 0.961369395
1769787188675314176.000000 -0.002551883 -0.020281939 -0.032007791 -0.092279732 -0.068913102 -0.261398762 0.958335102
1769787188708648960.000000 -0.002659775 -0.020525545 -0.031751141 -0.093931869 -0.069928154 -0.269904047 0.955739856
1769787188741981952.000000 -0.002492802 -0.020983638 -0.032104351 -0.095142588 -0.071154334 -0.280841142 0.952372432
1769787188808648192.000000 -0.002529281 -0.021600401 -0.032028887 -0.098584190 -0.073044427 -0.297802806 0.946709633
1769787188841982208.000000 -0.002486695 -0.021757936 -0.031881817 -0.099498428 -0.073773354 -0.306382567 0.943815291
1769787188875314176.000000 -0.002618239 -0.022239769 -0.032190148 -0.101420954 -0.074067108 -0.314580828 0.940886140
1769787188941982976.000000 -0.002846639 -0.022920046 -0.032346707 -0.104273863 -0.075538017 -0.331170470 0.934744418
1769787188975313920.000000 -0.002900949 -0.023127003 -0.032346338 -0.105131947 -0.076449871 -0.338521272 0.931936741
1769787189108649216.000000 -0.003147334 -0.024113400 -0.032292008 -0.111158431 -0.079757020 -0.367810816 0.919781387
1769787189141981952.000000 -0.003246456 -0.024373991 -0.032651171 -0.111862354 -0.080296174 -0.373637855 0.917297184
1769787189175314944.000000 -0.003295059 -0.024697900 -0.032734770 -0.112873659 -0.080804572 -0.380202830 0.914426565
1769787189208647936.000000 -0.003465721 -0.024825055 -0.032500304 -0.114162788 -0.081021197 -0.385558128 0.912001848
1769787189575313920.000000 -0.004611073 -0.026764419 -0.032217115 -0.124609835 -0.081623539 -0.433535129 0.888739169
1769787189608647424.000000 -0.004791053 -0.026851064 -0.032557342 -0.125421911 -0.080611065 -0.436526865 0.887251675
1769787189641980672.000000 -0.004986840 -0.026971752 -0.032653175 -0.126276523 -0.079879306 -0.438456744 0.886244476
1769787189808647680.000000 -0.005646072 -0.027128927 -0.032742344 -0.128957003 -0.076983154 -0.445917904 0.882383645
1769787189875313408.000000 -0.005789498 -0.027172476 -0.032532498 -0.130173251 -0.076021306 -0.447978348 0.881244063
1769787190041981952.000000 -0.006364967 -0.027123775 -0.032392200 -0.131875649 -0.071392231 -0.448731542 0.880994856
1769787190141981184.000000 -0.006859997 -0.026847912 -0.032763332 -0.132385552 -0.067123182 -0.446688712 0.882291198
1769787190208647680.000000 -0.007176664 -0.026586961 -0.032642741 -0.132261455 -0.064007878 -0.444443375 0.883674204
1769787190308646912.000000 -0.007819314 -0.026314214 -0.032369401 -0.132879168 -0.058053773 -0.437449068 0.887474597
1769787190375313408.000000 -0.008156539 -0.026103728 -0.032801047 -0.132407457 -0.054401793 -0.433124602 0.889894247
1769787190475314432.000000 -0.008441962 -0.025560649 -0.032363310 -0.131075189 -0.048500918 -0.424809158 0.894429505
1769787190575313920.000000 -0.009147342 -0.024920002 -0.032352511 -0.129811153 -0.041449234 -0.414048821 0.899997056
1769787190708647424.000000 -0.009869657 -0.023829026 -0.032087289 -0.126432866 -0.030939966 -0.394001871 0.909846127
1769787190741981440.000000 -0.010226354 -0.023568321 -0.031837489 -0.125459626 -0.027938260 -0.388252616 0.912545502
1769787190775313152.000000 -0.010533169 -0.023319231 -0.031954601 -0.124725357 -0.025318073 -0.381265879 0.915663123
1769787190808647424.000000 -0.010471860 -0.022851665 -0.031876087 -0.123365320 -0.022477927 -0.375580817 0.918267310
1769787190841980928.000000 -0.010799615 -0.022614183 -0.032149293 -0.122256644 -0.019826969 -0.368679285 0.921268582
1769787190875312896.000000 -0.010888923 -0.022184400 -0.031937659 -0.120465599 -0.016524376 -0.360804707 0.924681008
1769787190908646912.000000 -0.011049502 -0.022185199 -0.032069705 -0.119317159 -0.013100031 -0.352494061 0.928083897
1769787190941981952.000000 -0.011257993 -0.021412253 -0.033017259 -0.117888272 -0.009790404 -0.344614297 0.931261241
1769787190975313152.000000 -0.011518730 -0.021179158 -0.032329742 -0.115934633 -0.006868628 -0.332765967 0.935830534
1769787191008646400.000000 -0.011734980 -0.020647174 -0.032443497 -0.113844693 -0.002877086 -0.324062049 0.939156532
1769787191041980928.000000 -0.011828176 -0.020097151 -0.032265626 -0.111690849 0.000665171 -0.312965214 0.943174183
1769787191075312640.000000 -0.011819552 -0.019873060 -0.032011367 -0.109585352 0.004610720 -0.300132066 0.947570860
1769787191108647680.000000 -0.012560326 -0.018753836 -0.033140600 -0.106998414 0.008427460 -0.287949950 0.951611876
1769787191141980672.000000 -0.012705187 -0.017983129 -0.032727115 -0.104331471 0.011843756 -0.276025712 0.955397606
1769787191241981184.000000 -0.013034862 -0.016325584 -0.031629264 -0.096734606 0.021659631 -0.247556522 0.963788927
1769787191275313408.000000 -0.012887680 -0.016293034 -0.031678569 -0.095377110 0.023661200 -0.240554467 0.965648413
1769787191308646400.000000 -0.013200623 -0.015970672 -0.032106001 -0.093157314 0.026419584 -0.234054461 0.967389405
1769787191375312384.000000 -0.013470555 -0.015434646 -0.032529406 -0.086835071 0.030347697 -0.226282582 0.969708681
1769787191408647424.000000 -0.013234868 -0.015296669 -0.031590004 -0.083686002 0.032174893 -0.226136163 0.969960749
1769787191441981952.000000 -0.013123941 -0.015435241 -0.031408120 -0.081637010 0.033808153 -0.226894423 0.969902754
1769787191475312640.000000 -0.013365610 -0.015371543 -0.031498522 -0.078099005 0.036645684 -0.226760760 0.970122278
1769787191508646656.000000 -0.013237776 -0.015075468 -0.030904701 -0.073610440 0.038945552 -0.225813076 0.970604539
1769787191541979904.000000 -0.012864076 -0.015064477 -0.029783696 -0.070086770 0.041494384 -0.226912424 0.970503390
1769787191575312640.000000 -0.012867900 -0.014784776 -0.029476132 -0.065981835 0.044341989 -0.227593943 0.970505655
1769787191708646912.000000 -0.013639790 -0.013989648 -0.030299563 -0.052321926 0.055956431 -0.227436066 0.970775008
1769787191741979904.000000 -0.013636518 -0.013863035 -0.030783970 -0.048756558 0.058120135 -0.228054136 0.970688522
1769787191775312640.000000 -0.013257214 -0.014119510 -0.029651493 -0.045897357 0.060771313 -0.229121998 0.970414042
1769787191808646656.000000 -0.013184374 -0.013753141 -0.029672373 -0.042093255 0.064607188 -0.231129780 0.969862401
1769787191841980416.000000 -0.012836951 -0.013583381 -0.028817646 -0.038862076 0.067903414 -0.232115626 0.969536602
1769787191875312128.000000 -0.012910394 -0.013621043 -0.029152280 -0.036922734 0.071894303 -0.233653560 0.968955100
1769787191908646656.000000 -0.012796317 -0.013582154 -0.028678356 -0.035230674 0.076593749 -0.235829920 0.968130410
1769787191941981440.000000 -0.012780980 -0.013551749 -0.028696861 -0.032834496 0.080462158 -0.237577796 0.967473328
1769787191975312640.000000 -0.012505676 -0.013347133 -0.028092891 -0.030528739 0.085702032 -0.238474384 0.966878057
1769787192041979648.000000 -0.012091406 -0.013527433 -0.027040234 -0.028480481 0.094177358 -0.242169023 0.965232491
1769787192108646912.000000 -0.012155281 -0.013249237 -0.027259700 -0.027013443 0.102307200 -0.246205628 0.963424265
1769787192141979904.000000 -0.011507854 -0.013504860 -0.026173666 -0.026437789 0.105866015 -0.248798788 0.962388992
1769787192208646144.000000 -0.010656321 -0.012710437 -0.024253400 -0.025505871 0.112796552 -0.253002405 0.960529149
1769787192241979904.000000 -0.011372604 -0.012881116 -0.025382878 -0.026187100 0.115202054 -0.255554318 0.959549248
1769787192275311616.000000 -0.011729923 -0.012413948 -0.026404141 -0.026082316 0.117033169 -0.259349197 0.958311498
1769787192308645632.000000 -0.011689850 -0.012357177 -0.025483483 -0.025348883 0.119083539 -0.257963389 0.958452642
1769787192341979648.000000 -0.011205491 -0.012612867 -0.024505595 -0.026777141 0.119095266 -0.254942238 0.959220409
1769787192441981184.000000 -0.011808110 -0.011761822 -0.025061376 -0.046793751 0.115073584 -0.240644798 0.962631047
1769787192541979904.000000 -0.011585445 -0.011238663 -0.024673777 -0.060006388 0.110987864 -0.221521616 0.966958702
1769787192575312128.000000 -0.011635696 -0.010815947 -0.024407512 -0.062028658 0.110727839 -0.216647848 0.967964590
1769787192608645376.000000 -0.011944236 -0.010692667 -0.024075557 -0.064253613 0.110214382 -0.210512027 0.969231129
1769787192641978624.000000 -0.011649240 -0.010668510 -0.023549758 -0.066111192 0.109990448 -0.206774130 0.969936013
1769787192675312128.000000 -0.011165199 -0.010340028 -0.023209954 -0.067053542 0.109206542 -0.202691734 0.970821202
1769787192708646656.000000 -0.011614402 -0.010167241 -0.023740858 -0.068411566 0.108906165 -0.199362069 0.971449494
1769787192741979648.000000 -0.011303538 -0.010116788 -0.023225568 -0.068996467 0.108844705 -0.194817081 0.972336709
1769787192875311872.000000 -0.011892939 -0.009040827 -0.022419143 -0.068178356 0.109843023 -0.182355836 0.974696159
1769787192908646656.000000 -0.011743060 -0.009017884 -0.022251036 -0.067676298 0.109430522 -0.180940554 0.975041270
1769787192941980672.000000 -0.011459665 -0.008838911 -0.022075824 -0.066449806 0.109151587 -0.179999307 0.975331008
1769787192975311872.000000 -0.011225315 -0.008578430 -0.021800153 -0.064605415 0.109058350 -0.176561132 0.976093531
1769787193041979648.000000 -0.011292369 -0.008470346 -0.021248458 -0.060533166 0.109195903 -0.172205359 0.977116883
1769787193275311872.000000 -0.011173702 -0.007462807 -0.019925188 -0.040053338 0.109928042 -0.165543810 0.979237854
1769787193308645376.000000 -0.011312601 -0.007430214 -0.019866999 -0.037314996 0.110454299 -0.164712235 0.979427040
1769787193375311360.000000 -0.011398776 -0.007242027 -0.019825680 -0.032035388 0.110509455 -0.163394406 0.979828358
1769787193475311616.000000 -0.011568418 -0.007154064 -0.019824008 -0.026129283 0.110862009 -0.164671957 0.979749978
1769787193675312128.000000 -0.011414695 -0.006609219 -0.019066395 -0.014820368 0.113753930 -0.162516505 0.980014741
1769787193808645376.000000 -0.011569303 -0.006383747 -0.018882604 -0.009255893 0.115743645 -0.160988033 0.980102360
1769787193875311104.000000 -0.011543286 -0.006332250 -0.018730996 -0.007850774 0.116168164 -0.161885828 0.979916513
1769787194108645120.000000 -0.011934016 -0.006090157 -0.018653844 -0.003073092 0.120566174 -0.162204385 0.979359031
1769787194375310848.000000 -0.012421145 -0.006162837 -0.018767558 -0.003809292 0.124476366 -0.162149504 0.978876233
1769787194575311360.000000 -0.012872770 -0.006345462 -0.018299997 -0.005342728 0.129250854 -0.163294762 0.978059590
1769787194908654080.000000 -0.013643467 -0.006677265 -0.019692304 -0.010603429 0.134872675 -0.159971923 0.977806687
1769787194975320320.000000 -0.013716864 -0.006743832 -0.019805336 -0.012827898 0.136111379 -0.159808174 0.977635145
1769787195041988352.000000 -0.013885964 -0.006779711 -0.020058885 -0.014990425 0.136990428 -0.160105914 0.977432847
1769787195141987584.000000 -0.015785575 -0.006819236 -0.022269260 -0.019367767 0.139736563 -0.159763142 0.977023244
1769787195175320832.000000 -0.015783096 -0.006654419 -0.023553845 -0.019711053 0.139928311 -0.160342693 0.976893961
1769787195208654336.000000 -0.015936226 -0.006724696 -0.022978643 -0.021567356 0.141091108 -0.159232721 0.976869047
1769787195608653312.000000 -0.017467935 -0.009040851 -0.024913700 -0.045179658 0.148611709 -0.160050198 0.974811435
1769787195675319296.000000 -0.017780542 -0.008939482 -0.025164632 -0.049013022 0.149993300 -0.161316961 0.974205613
1769787195775319808.000000 -0.018738315 -0.009693143 -0.026082816 -0.055693008 0.152386695 -0.160219714 0.973656118
1769787195808653568.000000 -0.018985024 -0.009979783 -0.025909608 -0.057834115 0.152677283 -0.159406915 0.973619163
1769787195841987072.000000 -0.019088779 -0.010046372 -0.025993407 -0.060429476 0.153860509 -0.159561798 0.973249853
1769787195941988352.000000 -0.019790784 -0.010780385 -0.026349759 -0.067437008 0.155418158 -0.155991420 0.973120868
1769787195975319808.000000 -0.019343866 -0.011015809 -0.025569374 -0.069630809 0.155214921 -0.156524375 0.972913206
1769787196041987584.000000 -0.020370012 -0.011609421 -0.026934123 -0.074637040 0.157065198 -0.154158488 0.972622752
1769787196075319552.000000 -0.020382715 -0.012016936 -0.026703203 -0.076816313 0.157593131 -0.153065667 0.972540259
1769787196141987072.000000 -0.020524582 -0.012263710 -0.026855282 -0.082190000 0.158095226 -0.153109044 0.972012520
1769787196175319552.000000 -0.020364178 -0.012625397 -0.026050055 -0.085326836 0.157974020 -0.153043613 0.971772194
1769787196208653568.000000 -0.020677954 -0.012834977 -0.026446484 -0.087331302 0.158709839 -0.150868192 0.971814454
1769787196241987328.000000 -0.021156242 -0.012726494 -0.028067231 -0.089526698 0.158668771 -0.152184740 0.971415997
1769787196308653056.000000 -0.021627020 -0.013488751 -0.028283928 -0.094774835 0.159542635 -0.150328800 0.971063912
1769787196508653568.000000 -0.019873744 -0.015892804 -0.023217771 -0.110322997 0.160110787 -0.145557627 0.970054805
1769787196608652800.000000 -0.021092258 -0.016604893 -0.026280697 -0.116895080 0.159600005 -0.143517107 0.969673276
1769787196641985792.000000 -0.021520680 -0.017029190 -0.026471138 -0.119053528 0.160248667 -0.143405214 0.969320178
1769787196675319808.000000 -0.021419263 -0.017090915 -0.026208196 -0.122007295 0.160361573 -0.143048957 0.968986809
1769787196741987328.000000 -0.023105338 -0.017203886 -0.029234964 -0.125032946 0.161089852 -0.142137423 0.968614340
1769787196875318784.000000 -0.022179779 -0.018578619 -0.028070701 -0.133142084 0.160231099 -0.145972252 0.967104614
1769787196908652800.000000 -0.023181140 -0.018802853 -0.029953046 -0.134552270 0.159848109 -0.145446390 0.967052042
1769787196941988096.000000 -0.021730386 -0.018700821 -0.026381498 -0.136730224 0.159475788 -0.145226941 0.966840982
1769787197008652544.000000 -0.023646099 -0.019513620 -0.030401297 -0.141363278 0.157992080 -0.145153552 0.966429234
1769787197175318784.000000 -0.022921076 -0.019885037 -0.029852707 -0.151154533 0.154943466 -0.144730568 0.965503931
1769787197241986560.000000 -0.024914781 -0.020652026 -0.033068292 -0.153931051 0.155091897 -0.141911998 0.965459824
1769787197275318272.000000 -0.025397560 -0.020923197 -0.033079699 -0.155622721 0.154717848 -0.144454286 0.964871466
1769787197308652288.000000 -0.025183596 -0.020562809 -0.033392005 -0.156275362 0.154570416 -0.142493755 0.965081155
1769787197575318784.000000 -0.024820857 -0.018943282 -0.032391425 -0.167177692 0.147961289 -0.141470924 0.964440286
1769787197608652288.000000 -0.025120832 -0.019083740 -0.032706581 -0.167313308 0.147740126 -0.138087347 0.964940906
1769787197675318016.000000 -0.025640674 -0.019456366 -0.033040870 -0.169383168 0.146058142 -0.137320369 0.964945376
1769787197775318784.000000 -0.025247751 -0.019676460 -0.033282757 -0.172290325 0.141744867 -0.138345107 0.964927554
1769787197841986304.000000 -0.026572425 -0.019193482 -0.033436477 -0.172916085 0.140907079 -0.136887997 0.965146065
1769787197875318272.000000 -0.027301272 -0.019342996 -0.034010179 -0.173670471 0.140183315 -0.137685880 0.965002537
1769787197941987328.000000 -0.026957257 -0.019211525 -0.033931233 -0.174717203 0.138910830 -0.136594340 0.965152681
1769787198175318784.000000 -0.027417915 -0.018627714 -0.033474091 -0.176131219 0.132961348 -0.135561273 0.965878963
1769787198275318016.000000 -0.026964858 -0.018506655 -0.033083513 -0.176024437 0.129285425 -0.135188401 0.966449559
1769787198308652288.000000 -0.027776370 -0.018908575 -0.033413634 -0.176350787 0.128098443 -0.134616926 0.966627896
1769787198408650752.000000 -0.027137402 -0.018447939 -0.032558635 -0.175049588 0.123519458 -0.135140091 0.967387080
1769787198475318784.000000 -0.026860161 -0.018511916 -0.032362584 -0.174289539 0.121479012 -0.133469343 0.968014479
1769787198508652544.000000 -0.027113864 -0.018480064 -0.032476924 -0.173686534 0.120680302 -0.132883146 0.968303323
1769787198575318016.000000 -0.026878107 -0.018562345 -0.032009304 -0.172524810 0.117732391 -0.131943479 0.969002187
1769787198708652544.000000 -0.025656173 -0.018302964 -0.032842588 -0.169233367 0.110123746 -0.134153575 0.970173001
1769787198741985792.000000 -0.025366548 -0.018060282 -0.032173581 -0.168150932 0.109006681 -0.133613274 0.970561862
1769787198775317760.000000 -0.025128884 -0.017889746 -0.032619182 -0.166831523 0.107438900 -0.133600190 0.970966101
1769787198808651776.000000 -0.024466818 -0.017770048 -0.031897608 -0.166185930 0.105786532 -0.134721354 0.971103311
1769787198875317504.000000 -0.023709487 -0.017266089 -0.031069750 -0.163435787 0.102386340 -0.134864643 0.971914291
1769787198908654848.000000 -0.023541600 -0.017199371 -0.030841669 -0.162025899 0.100753486 -0.134974897 0.972305596
1769787198941986048.000000 -0.023033140 -0.016988654 -0.030591428 -0.160845220 0.099233031 -0.134953186 0.972660899
1769787199008651264.000000 -0.023141094 -0.016921641 -0.030739747 -0.158581465 0.097096398 -0.134378389 0.973327637
1769787199075317248.000000 -0.022791909 -0.016586505 -0.032002576 -0.155432314 0.093279548 -0.135693669 0.974026144
1769787199108651776.000000 -0.022720844 -0.016518416 -0.032339633 -0.153001264 0.091444135 -0.134326532 0.974774301
1769787199141985280.000000 -0.022432424 -0.016336894 -0.031165900 -0.151068255 0.090324394 -0.131169945 0.975609720
1769787199175317504.000000 -0.022055568 -0.016419489 -0.030968828 -0.149648055 0.088663004 -0.131166235 0.975981414
1769787199208651520.000000 -0.022067619 -0.016002832 -0.031757824 -0.147605941 0.086807944 -0.132927328 0.976220846
1769787199241985280.000000 -0.022050001 -0.015933990 -0.031803865 -0.146085158 0.085603572 -0.132411376 0.976626039
1769787199275317248.000000 -0.021640429 -0.016206117 -0.030644918 -0.144366443 0.084086694 -0.131642476 0.977117181
1769787199375317504.000000 -0.020334132 -0.016002230 -0.029731624 -0.138506398 0.078080460 -0.131485805 0.978483975
1769787199408650752.000000 -0.020032898 -0.016112592 -0.029809892 -0.136339799 0.076217331 -0.132310942 0.978823900
1769787199441986304.000000 -0.019859727 -0.015924670 -0.029765280 -0.134713024 0.074540921 -0.132471561 0.979156435
1769787199475317504.000000 -0.019144129 -0.015847726 -0.028971352 -0.132811248 0.072230898 -0.133065596 0.979508758
1769787199508651776.000000 -0.018776815 -0.015648143 -0.028813239 -0.131191030 0.070863202 -0.133322328 0.979792118
1769787199541985024.000000 -0.018594800 -0.015331148 -0.029173624 -0.128749296 0.068981618 -0.133979306 0.980160534
1769787199575317504.000000 -0.018334502 -0.015218319 -0.028816329 -0.126775250 0.067300886 -0.133833781 0.980554521
1769787199608650752.000000 -0.018037796 -0.014994157 -0.028879242 -0.124609508 0.064814329 -0.135805756 0.980728507
1769787199641984512.000000 -0.017460965 -0.015126847 -0.028833501 -0.122055665 0.062516540 -0.136732548 0.981069982
1769787199741984768.000000 -0.017006131 -0.014265280 -0.029032649 -0.112632670 0.056818012 -0.138599545 0.982280910
1769787199775317248.000000 -0.016794091 -0.014206969 -0.029303212 -0.109791979 0.054988954 -0.140216365 0.982477129
1769787199875316992.000000 -0.016080376 -0.013833543 -0.028144011 -0.099727586 0.048294548 -0.139879003 0.983949125
1769787199908650240.000000 -0.016034301 -0.013663582 -0.028699942 -0.097217210 0.046561591 -0.141155407 0.984101593
1769787199941985792.000000 -0.015925609 -0.013699528 -0.027913919 -0.094811641 0.044585839 -0.140778929 0.984481692
1769787200008650240.000000 -0.015212228 -0.013370885 -0.027825264 -0.088613272 0.038733982 -0.142748207 0.985023022
1769787200075316480.000000 -0.015132825 -0.013137390 -0.027779311 -0.081762634 0.034644336 -0.142338127 0.985826790
1769787200108651520.000000 -0.014893747 -0.012947855 -0.026548974 -0.078154251 0.033254791 -0.141257912 0.986322582
1769787200241984512.000000 -0.014499996 -0.012500786 -0.025739491 -0.067145377 0.019840825 -0.138867259 0.987832844
1769787200308650240.000000 -0.014405954 -0.011778029 -0.026562568 -0.061007902 0.011715963 -0.137811556 0.988508344
1769787200341984256.000000 -0.014284793 -0.011815797 -0.026525430 -0.058003139 0.007521939 -0.136834249 0.988865733
1769787200375316736.000000 -0.014166633 -0.011587456 -0.025650401 -0.055680934 0.003213839 -0.137288973 0.988959610
1769787200408651008.000000 -0.013726768 -0.011331498 -0.025383811 -0.053090118 -0.001598465 -0.134748012 0.989455342
1769787200441985792.000000 -0.013721516 -0.011450484 -0.025315573 -0.051237348 -0.006195757 -0.133248061 0.989737988
1769787200475316480.000000 -0.013786400 -0.011366910 -0.024783053 -0.049986646 -0.009755923 -0.132750884 0.989840090
1769787200541984256.000000 -0.013389923 -0.011099486 -0.024020575 -0.047929026 -0.016455989 -0.129097983 0.990336180
1769787200575316736.000000 -0.013220799 -0.011079109 -0.024204472 -0.047381703 -0.019323595 -0.127470091 0.990521550
1769787200608650240.000000 -0.013005463 -0.010992911 -0.023117037 -0.046854448 -0.021529067 -0.124104165 0.990928531
1769787200641983488.000000 -0.012700528 -0.010834361 -0.023684137 -0.046355560 -0.022858854 -0.120018445 0.991425335
1769787200675315968.000000 -0.012631461 -0.010605742 -0.022784870 -0.046121825 -0.022888951 -0.115439147 0.991979182
1769787200708650752.000000 -0.012499959 -0.010554384 -0.022766100 -0.045813266 -0.022368772 -0.111752160 0.992427468
1769787200775316992.000000 -0.012252358 -0.010736275 -0.022080777 -0.053450581 -0.018983601 -0.110217348 0.992287695
1769787200908650496.000000 -0.011883307 -0.010306065 -0.021720558 -0.079111710 -0.012969585 -0.112519391 0.990410268
1769787200975316224.000000 -0.011459613 -0.010182980 -0.021014335 -0.084844165 -0.012666457 -0.113565736 0.989820123
1769787201108651264.000000 -0.010661767 -0.009781661 -0.020955067 -0.089030474 -0.014155524 -0.115668297 0.989188612
1769787201208650240.000000 -0.010356134 -0.009781103 -0.020733910 -0.089170285 -0.014086484 -0.116676308 0.989058614
1769787201241984256.000000 -0.010176915 -0.009737662 -0.020607227 -0.088584498 -0.014652363 -0.116937041 0.989072204
1769787201408649472.000000 -0.009588223 -0.009527230 -0.020488009 -0.080839932 -0.016305614 -0.117629886 0.989627361
1769787201441985024.000000 -0.009393740 -0.009328218 -0.020212807 -0.078062288 -0.016523402 -0.117362924 0.989878356
1769787201475315968.000000 -0.009512642 -0.009268228 -0.019888034 -0.075352781 -0.016218701 -0.118087590 0.990007222
1769787201508650496.000000 -0.009293620 -0.009125953 -0.019920517 -0.072594866 -0.016640021 -0.118086942 0.990206361
1769787201541983488.000000 -0.009127974 -0.008933326 -0.019568034 -0.069395430 -0.016654899 -0.116678841 0.990602314
1769787201641982464.000000 -0.008745071 -0.008499805 -0.019965680 -0.062406838 -0.017843196 -0.116950303 0.991014421
1769787201708650496.000000 -0.008767046 -0.008382840 -0.020565554 -0.058164842 -0.018092962 -0.115321524 0.991458774
1769787202175315712.000000 -0.008314589 -0.007878530 -0.018978441 -0.043333288 -0.020387076 -0.117587335 0.991907179
1769787202542003968.000000 -0.007777627 -0.007931792 -0.018984774 -0.040835377 -0.025947990 -0.115329579 0.992148340
1769787202675336960.000000 -0.007794484 -0.008227074 -0.019378018 -0.041741647 -0.027787138 -0.113619089 0.992258132
1769787202908669696.000000 -0.007772631 -0.008616755 -0.019699352 -0.044808753 -0.030093066 -0.112491198 0.992185652
1769787203042003456.000000 -0.007666899 -0.008936357 -0.019557385 -0.047640875 -0.031034842 -0.111944504 0.992086530
1769787203208669952.000000 -0.007709076 -0.009344306 -0.019950235 -0.051733200 -0.033069197 -0.110285029 0.992001712
1769787203275335936.000000 -0.007793330 -0.009520807 -0.020462340 -0.053489100 -0.033242207 -0.109358929 0.992005289
1769787203308669440.000000 -0.007793119 -0.009768886 -0.020181788 -0.054854106 -0.033414863 -0.108508989 0.992018282
1769787203342003456.000000 -0.007772693 -0.009806583 -0.020346684 -0.055879936 -0.033733957 -0.108421877 0.991959751
1769787203475336192.000000 -0.007698752 -0.010360072 -0.020462565 -0.060878512 -0.034841772 -0.108363800 0.991633594
1769787203508670208.000000 -0.007701152 -0.010348304 -0.021071434 -0.061878171 -0.035027865 -0.107914902 0.991614103
1769787203542003200.000000 -0.007943275 -0.010596403 -0.021415716 -0.063887760 -0.034982238 -0.108665586 0.991406262
1769787203608669440.000000 -0.007898863 -0.010912647 -0.021040892 -0.066352651 -0.035092860 -0.108067982 0.991305828
1769787203708669696.000000 -0.007958588 -0.011244045 -0.021644905 -0.070718035 -0.036258124 -0.109757468 0.990776300
1769787203775335680.000000 -0.007684793 -0.012260568 -0.021257820 -0.074934036 -0.036235828 -0.110040404 0.990435779
1769787203808669440.000000 -0.007676809 -0.012210626 -0.021555062 -0.075526185 -0.036480092 -0.110127233 0.990372181
1769787203842003712.000000 -0.007807198 -0.011909392 -0.022587130 -0.077148974 -0.036855686 -0.111969076 0.990026593
1769787203908669696.000000 -0.007628354 -0.013004257 -0.021472573 -0.081573620 -0.036755253 -0.110834599 0.989803314
1769787204008668672.000000 -0.007465050 -0.013520884 -0.022268670 -0.087204695 -0.036603268 -0.113079317 0.989074647
1769787204075334912.000000 -0.007735259 -0.014336580 -0.022742501 -0.091918439 -0.036452990 -0.113925472 0.988556147
1769787204142002944.000000 -0.007983792 -0.014385488 -0.023021758 -0.095518179 -0.035933729 -0.111886278 0.988466740
1769787204175336448.000000 -0.007783907 -0.014822199 -0.022624254 -0.098263994 -0.036534529 -0.113559686 0.987984657
1769787204242002432.000000 -0.007893089 -0.015342087 -0.023305913 -0.102206729 -0.036148299 -0.113080680 0.987653732
1769787204308669184.000000 -0.008022570 -0.016195174 -0.023458866 -0.107426323 -0.036013167 -0.114183724 0.986977577
1769787204342002688.000000 -0.008123553 -0.017269561 -0.022577085 -0.111189641 -0.035849307 -0.112089463 0.986806810
1769787204408668928.000000 -0.008357652 -0.017276458 -0.024054553 -0.114196725 -0.035163924 -0.110278219 0.986692131
1769787204508668928.000000 -0.008318812 -0.019524999 -0.022759724 -0.123369209 -0.034311406 -0.111152388 0.985519111
1769787204542002944.000000 -0.008610901 -0.019039409 -0.023549581 -0.123393632 -0.035430457 -0.117035761 0.984795094
1769787204642001920.000000 -0.008744297 -0.020139411 -0.023837769 -0.130409822 -0.041026544 -0.153315932 0.978674769
1769787204675335424.000000 -0.008682916 -0.020479642 -0.023373751 -0.133136779 -0.043632232 -0.168517455 0.975690901
1769787204708669184.000000 -0.008583603 -0.021006277 -0.023375748 -0.135573283 -0.044823922 -0.177323252 0.973738790
1769787204742002944.000000 -0.008775668 -0.021282025 -0.024169471 -0.137594447 -0.045690104 -0.190018311 0.971016586
1769787204775335424.000000 -0.009023605 -0.022006866 -0.024503561 -0.140191466 -0.046742540 -0.200533360 0.968477130
1769787204808668672.000000 -0.008764324 -0.021978395 -0.023387745 -0.140804678 -0.049014982 -0.212997466 0.965610504
1769787204842002688.000000 -0.009255731 -0.022651229 -0.023795091 -0.144153759 -0.049143057 -0.222705871 0.962915778
1769787204875334400.000000 -0.009263246 -0.022971099 -0.025241606 -0.145677567 -0.051056806 -0.234744236 0.959722042
1769787204908668160.000000 -0.009553027 -0.023421040 -0.023442974 -0.147226736 -0.051379923 -0.242045626 0.957652509
1769787204975335424.000000 -0.009284871 -0.024189347 -0.024110436 -0.151137277 -0.055617817 -0.265874028 0.950460494
1769787205008668416.000000 -0.009426327 -0.024510108 -0.024286497 -0.153783336 -0.057133142 -0.277266026 0.946683764
1769787205075334400.000000 -0.009708235 -0.025486713 -0.023589307 -0.157354459 -0.059965078 -0.296192259 0.940166950
1769787205108669184.000000 -0.009705273 -0.025843123 -0.023693562 -0.159243658 -0.061776049 -0.307314813 0.936153173
1769787205142002176.000000 -0.009726762 -0.026261428 -0.023575690 -0.160948306 -0.063232213 -0.316157490 0.932813883
1769787205175334912.000000 -0.009804543 -0.026704391 -0.023792265 -0.162463874 -0.065090887 -0.325307876 0.929270387
1769787205208668160.000000 -0.009543398 -0.027072566 -0.023935447 -0.164340094 -0.067678563 -0.336189896 0.924872100
1769787205275334912.000000 -0.009980074 -0.027748883 -0.024157045 -0.166827112 -0.069531843 -0.351067960 0.918741167
1769787205308668416.000000 -0.010101613 -0.028043043 -0.024626166 -0.168254718 -0.071047753 -0.358243793 0.915589452
1769787205375335936.000000 -0.010146780 -0.028530058 -0.024863973 -0.171336532 -0.073386587 -0.376237959 0.907580972
1769787205575334912.000000 -0.011162532 -0.030166645 -0.026944112 -0.179421186 -0.079652116 -0.417386800 0.887272120
1769787205608668416.000000 -0.011212009 -0.030308830 -0.026455110 -0.180665493 -0.080873713 -0.423545331 0.883984625
1769787205675335936.000000 -0.011552865 -0.030700434 -0.026277462 -0.182540283 -0.082493894 -0.435468256 0.877633870
1769787205742001920.000000 -0.011813414 -0.031227678 -0.026586309 -0.184824407 -0.083622225 -0.446184427 0.871645987
1769787205942003200.000000 -0.012559206 -0.032050081 -0.025835807 -0.190639630 -0.085682981 -0.470257014 0.857422531
1769787205975334400.000000 -0.012685101 -0.031960241 -0.027204838 -0.190566570 -0.085677058 -0.473558873 0.855620146
1769787206108668160.000000 -0.013122281 -0.032472681 -0.026170865 -0.193613857 -0.084866904 -0.486095250 0.847952068
1769787206208667392.000000 -0.013644801 -0.032663703 -0.026628224 -0.195164487 -0.083196603 -0.490583092 0.845173001
1769787206475334400.000000 -0.014753897 -0.032371461 -0.026274635 -0.198893353 -0.076765135 -0.496060222 0.841708243
1769787206542001664.000000 -0.015000119 -0.032264195 -0.026558030 -0.198844805 -0.074277259 -0.495717019 0.842145026
1769787206608667648.000000 -0.015018349 -0.032120019 -0.026059519 -0.199138418 -0.072135650 -0.494190842 0.843158185
1769787206742001408.000000 -0.015363431 -0.031415161 -0.025428345 -0.198817179 -0.064980425 -0.488269448 0.847255707
1769787206875334400.000000 -0.016056230 -0.030833509 -0.025971526 -0.197528869 -0.056946114 -0.480597794 0.852505326
1769787206942002944.000000 -0.016436536 -0.030460486 -0.025914725 -0.197072476 -0.052049022 -0.474661946 0.856241405
1769787206975333376.000000 -0.016417071 -0.030143982 -0.025522124 -0.196000189 -0.049828582 -0.472289026 0.857930124
1769787207008667136.000000 -0.016587760 -0.029834185 -0.025804518 -0.195362836 -0.047438845 -0.468402267 0.860338509
1769787207108667904.000000 -0.016830621 -0.028994218 -0.025667597 -0.192867786 -0.039483525 -0.458530009 0.866598725
1769787207208667648.000000 -0.017374821 -0.028070506 -0.025469193 -0.190200061 -0.029963078 -0.443108320 0.875546217
1769787207242001152.000000 -0.017359303 -0.027714461 -0.024933409 -0.189319968 -0.027299644 -0.437731981 0.878523409
1769787207275334400.000000 -0.017547425 -0.027368471 -0.025141103 -0.187916130 -0.023848638 -0.430707157 0.882388890
1769787207308666624.000000 -0.017632110 -0.027086373 -0.025839275 -0.186805099 -0.020871555 -0.424714565 0.885599077
1769787207342000896.000000 -0.017380212 -0.026879676 -0.024424747 -0.185773611 -0.018275173 -0.419233650 0.888480365
1769787207375334144.000000 -0.017636761 -0.026330287 -0.025152963 -0.183960691 -0.013866773 -0.410622954 0.892947316
1769787207442000896.000000 -0.017875167 -0.025639381 -0.025457015 -0.180157200 -0.006507489 -0.393494368 0.901478410
1769787207475334656.000000 -0.018056594 -0.025046241 -0.026381144 -0.177100495 -0.002390971 -0.384343445 0.906040728
1769787207508667136.000000 -0.018357038 -0.024527485 -0.026753787 -0.175334334 0.002454552 -0.374164402 0.910633266
1769787207542000896.000000 -0.018534692 -0.024164822 -0.026995746 -0.173593804 0.007048050 -0.360937387 0.916264057
1769787207575333888.000000 -0.018402217 -0.023883622 -0.027003139 -0.171554372 0.010353204 -0.351464182 0.920290649
1769787207608667136.000000 -0.018519618 -0.023389116 -0.025796719 -0.168841705 0.014537039 -0.339605212 0.925175428
1769787207642000128.000000 -0.018735496 -0.022842066 -0.026506105 -0.165840089 0.017999917 -0.329571247 0.929277062
1769787207708667392.000000 -0.018935733 -0.021878693 -0.026254978 -0.160243750 0.025671834 -0.310270101 0.936693847
1769787207742000384.000000 -0.019037914 -0.021703366 -0.026120499 -0.158355981 0.028801786 -0.300924420 0.939967215
1769787207775334656.000000 -0.019138910 -0.021637339 -0.026037071 -0.156914636 0.031229652 -0.295924783 0.941717088
1769787207808666880.000000 -0.019317765 -0.021215027 -0.026670996 -0.153572336 0.033017568 -0.290183693 0.943990946
1769787207875333888.000000 -0.019405736 -0.021143511 -0.026547877 -0.147748649 0.036519974 -0.287475228 0.945618629
1769787207908666112.000000 -0.019250456 -0.021287167 -0.026032854 -0.146195456 0.037897717 -0.289749265 0.945111692
1769787207975333376.000000 -0.018963266 -0.020998212 -0.025640329 -0.137940615 0.040926851 -0.290499985 0.945995331
1769787208042000896.000000 -0.018830743 -0.020636510 -0.024882246 -0.131032333 0.046073016 -0.292066097 0.946258545
1769787208142000128.000000 -0.019255169 -0.019736731 -0.025237074 -0.118663430 0.054501977 -0.293613285 0.946963489
1769787208175333376.000000 -0.019204393 -0.019906757 -0.025403725 -0.116329156 0.056508925 -0.293246090 0.947249174
1769787208208666624.000000 -0.019196587 -0.019441403 -0.025325175 -0.111641817 0.059468139 -0.296123415 0.946736813
1769787208242000640.000000 -0.019095641 -0.019283637 -0.025070883 -0.107225537 0.062455576 -0.295919627 0.947118580
1769787208275333376.000000 -0.019002214 -0.019009771 -0.024836015 -0.103765592 0.065336704 -0.297358572 0.946858883
1769787208308666112.000000 -0.019115638 -0.019023523 -0.025030740 -0.100873448 0.069013529 -0.300115734 0.946040332
1769787208342000128.000000 -0.019026434 -0.018839499 -0.024953807 -0.098197818 0.072315603 -0.301155567 0.945744693
1769787208375333632.000000 -0.019137269 -0.018772576 -0.024947507 -0.096253477 0.076734751 -0.303992361 0.944688201
1769787208442000128.000000 -0.018806603 -0.018560793 -0.024338232 -0.091259062 0.085165888 -0.306930274 0.943510652
1769787208475333888.000000 -0.018367274 -0.018345557 -0.024043215 -0.089213140 0.088765211 -0.310451537 0.942221642
1769787208508666624.000000 -0.018566053 -0.018427715 -0.024290413 -0.087820493 0.092823870 -0.311887711 0.941486776
1769787208575333120.000000 -0.018149782 -0.018814348 -0.023605408 -0.087857760 0.099842206 -0.317298591 0.938953757
1769787208608666112.000000 -0.018046847 -0.018242914 -0.024179030 -0.085212298 0.102884866 -0.321986884 0.937271595
1769787208641999104.000000 -0.018166324 -0.018138107 -0.024044193 -0.085047357 0.106721930 -0.323950887 0.936180115
1769787208675334912.000000 -0.018025620 -0.017705072 -0.023333881 -0.083895080 0.110199548 -0.325333118 0.935401559
1769787208708667136.000000 -0.017816784 -0.017488087 -0.023753624 -0.083348863 0.111408934 -0.330530047 0.933483183
1769787208808666112.000000 -0.017928230 -0.016534466 -0.022791142 -0.082608782 0.116992794 -0.329338580 0.933287024
1769787208908665600.000000 -0.018805444 -0.015436377 -0.023907971 -0.101532258 0.116280690 -0.312317431 0.937351525
1769787208942001408.000000 -0.019025587 -0.015126477 -0.024151294 -0.106795035 0.115860268 -0.303986728 0.939554811
1769787208975332864.000000 -0.018842991 -0.014626632 -0.022800509 -0.111227110 0.116713263 -0.297018886 0.941162229
1769787209075332352.000000 -0.018996777 -0.013850620 -0.022277597 -0.118933134 0.116887219 -0.280281276 0.945322514
1769787209108666368.000000 -0.019031785 -0.013048107 -0.023148999 -0.119461432 0.116904899 -0.275919884 0.946536064
1769787209175332608.000000 -0.019097222 -0.012514537 -0.022099689 -0.121292956 0.117549047 -0.268607080 0.948325098
1769787209208666368.000000 -0.018960811 -0.012232183 -0.021986883 -0.121816620 0.117799737 -0.263068140 0.949778438
1769787209241999872.000000 -0.019507790 -0.012058017 -0.023282032 -0.122302681 0.117970154 -0.259892166 0.950568855
1769787209342000128.000000 -0.019293172 -0.011681229 -0.021976022 -0.122240946 0.118783504 -0.252771288 0.952394009
1769787209375333632.000000 -0.018885959 -0.011214064 -0.020741818 -0.121507868 0.118969947 -0.248532668 0.953579307
1769787209508666368.000000 -0.018761175 -0.010361409 -0.020342074 -0.113701932 0.119438119 -0.241159976 0.956372499
1769787209575332608.000000 -0.019053018 -0.010205619 -0.020782083 -0.109125771 0.119255722 -0.240609154 0.957066834
1769787209608665344.000000 -0.018943798 -0.009812840 -0.020369025 -0.105222195 0.119122602 -0.238956422 0.957934201
1769787211075344384.000000 -0.021120144 -0.006942848 -0.019236885 -0.054305296 0.138529137 -0.233096108 0.961003065
1769787211142011648.000000 -0.021302881 -0.006939666 -0.019410599 -0.054444592 0.140309200 -0.230866194 0.961275220
1769787211475345664.000000 -0.021978159 -0.007796696 -0.019515360 -0.063813172 0.146115780 -0.233327359 0.959237397
1769787211508678400.000000 -0.022448499 -0.007905913 -0.019714843 -0.064475231 0.148278728 -0.229633451 0.959752500
1769787211608677376.000000 -0.022485003 -0.008093047 -0.019613374 -0.068254910 0.149685279 -0.231486127 0.958827257
1769787211675345664.000000 -0.022885187 -0.008316588 -0.020150676 -0.071263418 0.150926560 -0.232180670 0.958245754
1769787211808677632.000000 -0.023543594 -0.008882760 -0.020811908 -0.077592224 0.153864920 -0.231625542 0.957420826
1769787211842011392.000000 -0.023889365 -0.009057896 -0.020721514 -0.079277642 0.155221671 -0.231038615 0.957205594
1769787212042011136.000000 -0.024554573 -0.010480968 -0.020720005 -0.091104113 0.159345388 -0.230321273 0.955647051
1769787212142010880.000000 -0.025532985 -0.010836296 -0.022222664 -0.096957028 0.160932943 -0.232059970 0.954383612
1769787212308676608.000000 -0.026732655 -0.011865251 -0.023334133 -0.108099543 0.164941728 -0.230536103 0.952870309
1769787212342011648.000000 -0.026882332 -0.012145171 -0.022688461 -0.110416465 0.166588590 -0.229697600 0.952520609
1769787212408676608.000000 -0.028064350 -0.012422487 -0.024805024 -0.114225619 0.167516291 -0.228078321 0.952297807
1769787212475345408.000000 -0.028087901 -0.013173893 -0.024061926 -0.119812667 0.168627232 -0.227311343 0.951598346
1769787212508677632.000000 -0.028345855 -0.013487414 -0.023922198 -0.122223280 0.169752434 -0.226012126 0.951401174
1769787212542011136.000000 -0.028480355 -0.013892598 -0.022939315 -0.124232695 0.171703875 -0.222829312 0.951541424
1769787212608677120.000000 -0.029440325 -0.014258927 -0.024489781 -0.129890516 0.171923876 -0.224152669 0.950434744
1769787212675343872.000000 -0.030046768 -0.015083581 -0.025067881 -0.134795800 0.173025548 -0.221804485 0.950102627
1769787212708677632.000000 -0.030055074 -0.015067445 -0.025259143 -0.136202201 0.173024654 -0.221369982 0.950003564
1769787212808676864.000000 -0.030370045 -0.016082309 -0.024233812 -0.144246936 0.175581455 -0.218525529 0.949005067
1769787212842010880.000000 -0.030593859 -0.016555373 -0.024265889 -0.146910086 0.175773770 -0.216212288 0.949090779
1769787212875343616.000000 -0.032095227 -0.016666785 -0.026139094 -0.148924038 0.176841363 -0.215863705 0.948657811
1769787212942011392.000000 -0.031372979 -0.017176352 -0.024797814 -0.152806684 0.176400617 -0.215255365 0.948260546
1769787213042010880.000000 -0.031096356 -0.018632712 -0.024418104 -0.160163537 0.176454172 -0.214921653 0.947111547
1769787213075343104.000000 -0.031301588 -0.018683702 -0.023713535 -0.161942258 0.177989796 -0.210724160 0.947464883
1769787213142010368.000000 -0.031570982 -0.019347118 -0.023437515 -0.166870683 0.177971110 -0.211962521 0.946336269
1769787213242010624.000000 -0.030741906 -0.018697705 -0.022283401 -0.173268661 0.177792087 -0.208655417 0.945955038
1769787213275343872.000000 -0.033307657 -0.019422341 -0.026561128 -0.174772143 0.179838285 -0.206976175 0.945660532
1769787213308676096.000000 -0.032540508 -0.018819569 -0.025092945 -0.176091462 0.179452732 -0.207925826 0.945280612
1769787213342010624.000000 -0.032370079 -0.019054705 -0.022527646 -0.178597346 0.180996418 -0.206667900 0.944791913
1769787213408676096.000000 -0.032113735 -0.018095439 -0.024599742 -0.182617709 0.179040208 -0.207469642 0.944220185
1769787213475344384.000000 -0.033833642 -0.018369719 -0.026289813 -0.186156735 0.178711176 -0.207163975 0.943658412
1769787213575343360.000000 -0.032821544 -0.018404350 -0.025720557 -0.192100182 0.177337050 -0.206200168 0.942937255
1769787213842009856.000000 -0.035531905 -0.019873917 -0.030412456 -0.204394251 0.174766898 -0.205333531 0.941019535
1769787213875343360.000000 -0.034238979 -0.017937325 -0.026817817 -0.206066176 0.173857883 -0.204207376 0.941068292
1769787214075342336.000000 -0.037247039 -0.018298106 -0.031379379 -0.212661207 0.170775577 -0.200748548 0.940909624
1769787214175343360.000000 -0.037535761 -0.018763840 -0.031596623 -0.215001702 0.168957949 -0.197960138 0.941296577
1769787214275342848.000000 -0.037139338 -0.019017460 -0.031860951 -0.217509016 0.165426210 -0.197368279 0.941472113
1769787214342009600.000000 -0.037943821 -0.018643448 -0.031988960 -0.218702748 0.164024189 -0.196512029 0.941619992
1769787214542010624.000000 -0.037906606 -0.019503418 -0.031877231 -0.222640529 0.159030154 -0.193857729 0.942103922
1769787214608675840.000000 -0.036621921 -0.019052608 -0.030550497 -0.223088413 0.156696051 -0.194882452 0.942177653
1769787214742009600.000000 -0.036136623 -0.018823406 -0.030115996 -0.223037615 0.152907193 -0.192856878 0.943228424
1769787214875342848.000000 -0.035001744 -0.019265965 -0.030467413 -0.222217724 0.147054270 -0.192028448 0.944520772
1769787214942009088.000000 -0.033957340 -0.018991806 -0.030271314 -0.221341595 0.144584984 -0.191322803 0.945250571
1769787215108676096.000000 -0.033875611 -0.019039866 -0.030463794 -0.217871979 0.137615800 -0.188882023 0.947584987
1769787215142009344.000000 -0.033513512 -0.018655613 -0.030072970 -0.216866270 0.136249781 -0.188415259 0.948105872
1769787215175342080.000000 -0.033545885 -0.018721163 -0.030187389 -0.216209471 0.134376988 -0.189030856 0.948400617
1769787215208675328.000000 -0.032996383 -0.018631306 -0.029791445 -0.215757132 0.133279353 -0.188256115 0.948812485
1769787215242009600.000000 -0.032365773 -0.018566882 -0.029263906 -0.214477092 0.130894601 -0.188044071 0.949476480
1769787215275342336.000000 -0.032884452 -0.018983988 -0.030034266 -0.213881448 0.129877657 -0.187439024 0.949870110
1769787215342009600.000000 -0.031654906 -0.018289477 -0.028841686 -0.211776271 0.126125783 -0.187737301 0.950788021
1769787215408675072.000000 -0.031581961 -0.018172860 -0.029201059 -0.208479598 0.122690894 -0.187646404 0.951983213
1769787215475343616.000000 -0.031080449 -0.018004725 -0.028970158 -0.206294537 0.119924970 -0.187024802 0.952933490
1769787215508676096.000000 -0.029880479 -0.017698826 -0.027768960 -0.205004707 0.117761880 -0.186800942 0.953525364
1769787215542009344.000000 -0.030073566 -0.017055977 -0.029617600 -0.203076482 0.116236053 -0.186570287 0.954170167
1769787215642008832.000000 -0.029579535 -0.017277658 -0.029424777 -0.197715908 0.109923095 -0.184912398 0.956364334
1769787215675341824.000000 -0.030157579 -0.018198881 -0.029636875 -0.196557194 0.109134354 -0.185152426 0.956647038
1769787215708675840.000000 -0.030955371 -0.017974250 -0.030429278 -0.194878533 0.107383043 -0.185218945 0.957175672
1769787215742008576.000000 -0.030162292 -0.017913343 -0.029366350 -0.193672642 0.105647840 -0.186476871 0.957369208
1769787215775342592.000000 -0.030085038 -0.017943693 -0.030156938 -0.191749513 0.104306147 -0.185569093 0.958079576
1769787215842008832.000000 -0.029610300 -0.018317118 -0.028974166 -0.189005107 0.100713998 -0.185929343 0.958939075
1769787215908674816.000000 -0.029274454 -0.018303087 -0.029512994 -0.184984818 0.096965946 -0.184275061 0.960427463
1769787215975342592.000000 -0.028323993 -0.018021239 -0.028741483 -0.181567177 0.093590200 -0.184162483 0.961435616
1769787216008675328.000000 -0.027955506 -0.017850155 -0.028766008 -0.179580927 0.090782598 -0.185858041 0.961751580
1769787216042009600.000000 -0.027464699 -0.017686866 -0.028377984 -0.177251041 0.088714190 -0.186124831 0.962325037
1769787216075341824.000000 -0.028231861 -0.017628567 -0.029315600 -0.175245658 0.086336099 -0.189145401 0.962319672
1769787216108675328.000000 -0.027095763 -0.017455477 -0.029197805 -0.172590390 0.084127530 -0.189632744 0.962899029
1769787216242009088.000000 -0.026208155 -0.016842471 -0.030098429 -0.159785688 0.073287167 -0.194737762 0.964973927
1769787216275341824.000000 -0.026012054 -0.016892709 -0.029484557 -0.157252818 0.071013302 -0.195953265 0.965313911
1769787216308674816.000000 -0.025689179 -0.016833276 -0.029200783 -0.155132800 0.068261519 -0.195055053 0.966037095
1769787216375341824.000000 -0.025609508 -0.016720615 -0.029489296 -0.149176314 0.064214684 -0.196247548 0.967010736
1769787216408674304.000000 -0.025419518 -0.016619625 -0.029139642 -0.146129742 0.062075045 -0.195158035 0.967835784
1769787216442009344.000000 -0.025467277 -0.016142586 -0.029618492 -0.142836332 0.059403870 -0.195535019 0.968418837
1769787216508675328.000000 -0.025083402 -0.016175544 -0.029248217 -0.136978969 0.054531608 -0.195537671 0.969550490
1769787216642008320.000000 -0.024574507 -0.015816251 -0.029011725 -0.124614976 0.042872984 -0.195220798 0.971865177
1769787216675341312.000000 -0.024239900 -0.015250665 -0.028813090 -0.119411610 0.038988665 -0.192016855 0.973319232
1769787216708675072.000000 -0.024230661 -0.015640469 -0.027877223 -0.118661791 0.036668658 -0.189186662 0.974055052
1769787216775342080.000000 -0.023772908 -0.015552205 -0.027920187 -0.113917604 0.027766073 -0.189822584 0.974791884
1769787216808674816.000000 -0.024497990 -0.015353375 -0.028833879 -0.110400856 0.023518706 -0.185314491 0.976174712
1769787216942009088.000000 -0.024153758 -0.015071190 -0.028548801 -0.102036096 0.005986387 -0.183036953 0.977778256
1769787217075341312.000000 -0.021757431 -0.013989311 -0.024238884 -0.101037517 -0.005540109 -0.174350426 0.979470611
1769787217142008064.000000 -0.022612330 -0.014715070 -0.025424635 -0.097834624 -0.006148787 -0.162121817 0.981889546
1769787217308673536.000000 -0.022184420 -0.014057066 -0.024711011 -0.122345373 0.004241133 -0.161688089 0.979219377
1769787217475342336.000000 -0.020711256 -0.013804491 -0.023401048 -0.139986649 0.007603409 -0.163214222 0.976579249
1769787217508674304.000000 -0.020246059 -0.013820824 -0.022671225 -0.142069101 0.007478157 -0.162071750 0.976469815
1769787217542008064.000000 -0.020638021 -0.013924699 -0.022868276 -0.143367097 0.007881788 -0.163088739 0.976107538
1769787217608673792.000000 -0.020459102 -0.013891866 -0.022884158 -0.144444659 0.007292210 -0.164043173 0.975793242
1769787217842019072.000000 -0.018937530 -0.014351895 -0.021310894 -0.136213139 0.002599971 -0.166752636 0.976541221
1769787217908685056.000000 -0.026786342 -0.017512590 -0.034146655 -0.130896360 0.002002690 -0.165209278 0.977531612
1769787217942019328.000000 -0.026647486 -0.017148729 -0.033774119 -0.127276495 0.002445664 -0.166544840 0.977781951
1769787218042019328.000000 -0.026701992 -0.016499326 -0.033563398 -0.117511280 0.002081208 -0.162810266 0.979632378
1769787218342019328.000000 -0.025848916 -0.016517883 -0.033429418 -0.104353532 -0.001568676 -0.166886568 0.980437040
1769787218408685056.000000 -0.025490697 -0.016195133 -0.032760818 -0.100718446 -0.003357371 -0.165463284 0.981053770
1769787219075351552.000000 -0.024703130 -0.016851429 -0.033258133 -0.096437044 -0.011583527 -0.163778767 0.981703758
1769787219175352576.000000 -0.024557170 -0.017665965 -0.032668285 -0.099007845 -0.012884248 -0.164129883 0.981372952
1769787219275351552.000000 -0.024499271 -0.017759375 -0.033258706 -0.099684127 -0.014586177 -0.163224131 0.981431782
1769787219642018560.000000 -0.024503911 -0.018569918 -0.033594240 -0.107436128 -0.017310832 -0.160413578 0.981032789
1769787219708684544.000000 -0.024528969 -0.018745702 -0.034281094 -0.109108135 -0.018213544 -0.160963044 0.980741858
1769787219975351296.000000 -0.024526197 -0.019521056 -0.034243178 -0.116701134 -0.019890364 -0.158673167 0.980208158
1769787220242017536.000000 -0.024441702 -0.020227162 -0.034023274 -0.125665933 -0.021039624 -0.160247415 0.978818774
1769787220442018048.000000 -0.025583262 -0.022191644 -0.035591770 -0.138928458 -0.018247884 -0.150986329 0.978554547
1769787220775351296.000000 -0.025949197 -0.025659593 -0.034703929 -0.161715239 -0.017268784 -0.151097745 0.975048482
1769787220808684032.000000 -0.026059046 -0.025698667 -0.035821311 -0.164794311 -0.018892694 -0.152209193 0.974329650
1769787220842017280.000000 -0.026077949 -0.026657121 -0.034924969 -0.168240562 -0.017605102 -0.154442370 0.973412931
1769787220975350528.000000 -0.025721921 -0.027764492 -0.030880043 -0.176227257 -0.015868036 -0.149389639 0.972818017
1769787221108684544.000000 -0.026372138 -0.028870206 -0.034924749 -0.184613585 -0.024226476 -0.191579059 0.963653684
1769787221142017280.000000 -0.026432319 -0.029645845 -0.034241073 -0.189551085 -0.027310913 -0.205164820 0.959808290
1769787221375350528.000000 -0.027524127 -0.032304499 -0.033081867 -0.206641704 -0.040217258 -0.284218013 0.935361922
1769787221608683520.000000 -0.028940238 -0.034469657 -0.034521729 -0.220402583 -0.052702490 -0.352490693 0.907962263
1769787221642016768.000000 -0.028401660 -0.034345426 -0.032074355 -0.221243382 -0.055033334 -0.358970076 0.905076325
1769787221742017792.000000 -0.028774291 -0.035314403 -0.032497346 -0.226185545 -0.060609438 -0.384787291 0.892807543
1769787221775350528.000000 -0.028666914 -0.035652481 -0.033502411 -0.227623299 -0.063231409 -0.393165380 0.888600230
1769787221808683520.000000 -0.029116705 -0.036086220 -0.032483749 -0.229103103 -0.064089969 -0.403047115 0.883717835
1769787221842016768.000000 -0.029079258 -0.036129005 -0.031915687 -0.230627209 -0.065680087 -0.411040902 0.879512727
1769787221942016512.000000 -0.029331312 -0.036808997 -0.032491505 -0.235013083 -0.070089325 -0.432804793 0.867488563
1769787222408681984.000000 -0.031160064 -0.039071374 -0.031521648 -0.249159098 -0.083341725 -0.500433207 0.824948788
1769787222442016768.000000 -0.031265784 -0.039213087 -0.031939037 -0.250049591 -0.084230863 -0.504546583 0.822078526
1769787222842016000.000000 -0.032805726 -0.039258048 -0.031519391 -0.255317479 -0.078584231 -0.525276124 0.807912529
1769787222908682240.000000 -0.033034638 -0.039292514 -0.031521332 -0.256517857 -0.076760463 -0.525035501 0.807863951
1769787223008681984.000000 -0.033462733 -0.039097406 -0.031622306 -0.257356226 -0.072653614 -0.524883032 0.808076143
1769787223175349504.000000 -0.033897068 -0.038412865 -0.031444389 -0.256896168 -0.064767987 -0.520607889 0.811650753
1769787223242016256.000000 -0.033981062 -0.037983842 -0.030918367 -0.256543756 -0.059961952 -0.517285407 0.814251602
1769787223442016512.000000 -0.034753196 -0.036867660 -0.030986967 -0.253806442 -0.045973435 -0.503418088 0.824644744
1769787223508681984.000000 -0.034713481 -0.036611855 -0.030919757 -0.252454251 -0.041709144 -0.498409629 0.828320622
1769787223575348736.000000 -0.034824025 -0.036063984 -0.031204607 -0.250562936 -0.036129382 -0.492078662 0.832929432
1769787223608681728.000000 -0.035150595 -0.035781991 -0.031369962 -0.249583259 -0.032738838 -0.488003582 0.835756481
1769787223642015232.000000 -0.035161644 -0.035525497 -0.031011963 -0.248805732 -0.029329276 -0.482382506 0.839370370
1769787223675349760.000000 -0.035103545 -0.035356816 -0.030665025 -0.248281628 -0.026557820 -0.478248924 0.841979146
1769787223708682240.000000 -0.035375819 -0.035078019 -0.031176416 -0.247139201 -0.022893077 -0.472817928 0.845482886
1769787223742015744.000000 -0.035504296 -0.034516245 -0.031644996 -0.244620174 -0.019627431 -0.466867179 0.849594533
1769787223775349504.000000 -0.035137661 -0.034518272 -0.030750055 -0.244068637 -0.016542988 -0.461188883 0.852913678
1769787223842015744.000000 -0.035161249 -0.033727892 -0.030393604 -0.240928963 -0.008777296 -0.447404653 0.861223102
1769787223908681472.000000 -0.035198171 -0.032774892 -0.029989932 -0.235897288 0.000860962 -0.429746985 0.871590078
1769787223942015488.000000 -0.035518244 -0.032609198 -0.030691324 -0.234993547 0.004822726 -0.423042685 0.875094116
1769787223975348992.000000 -0.035281956 -0.032193974 -0.030262627 -0.232730076 0.008977089 -0.413838118 0.880053520
1769787224008681472.000000 -0.035594780 -0.031442352 -0.030351818 -0.229455739 0.015668757 -0.400315762 0.887046754
1769787224075347456.000000 -0.036188498 -0.030610910 -0.030875674 -0.224009633 0.025567764 -0.378820539 0.897586226
1769787224142014976.000000 -0.036180176 -0.029657094 -0.030714136 -0.218187273 0.033702262 -0.359891951 0.906496704
1769787224175348224.000000 -0.036508523 -0.029938979 -0.031181742 -0.217688441 0.036975618 -0.352498680 0.909389496
1769787224242015488.000000 -0.036311254 -0.029226065 -0.030359397 -0.212026462 0.043818649 -0.336352080 0.916510820
1769787224275348480.000000 -0.036309637 -0.029150270 -0.030659705 -0.210196555 0.045027692 -0.332242846 0.918370605
1769787224342015488.000000 -0.035818934 -0.028769519 -0.030024992 -0.204013139 0.047881890 -0.330933660 0.920091748
1769787224375348736.000000 -0.036497653 -0.028847983 -0.030983571 -0.202123716 0.049670853 -0.331901580 0.920065284
1769787224408680704.000000 -0.036143705 -0.028969569 -0.031050337 -0.199299738 0.050387830 -0.336011469 0.919150114
1769787224508681216.000000 -0.036057539 -0.028552260 -0.030544966 -0.188214600 0.056073453 -0.338284254 0.920323253
1769787224575347968.000000 -0.036288850 -0.028493207 -0.030978220 -0.181102082 0.060431425 -0.340820968 0.920538485
1769787224608681216.000000 -0.036040746 -0.027937464 -0.030909602 -0.175685078 0.062378414 -0.340563715 0.921553075
1769787224675347968.000000 -0.036511794 -0.028799344 -0.031719610 -0.172437429 0.067523651 -0.343437970 0.920736790
1769787224708681472.000000 -0.036164746 -0.028260222 -0.030370090 -0.167964786 0.070134051 -0.345836967 0.920470417
1769787224775348992.000000 -0.035854034 -0.027847020 -0.030620188 -0.159947187 0.074996546 -0.351366758 0.919420362
1769787224975346688.000000 -0.034853641 -0.027695369 -0.030155711 -0.146203905 0.095653065 -0.363621384 0.915016055
1769787225008679680.000000 -0.034528200 -0.027707223 -0.029903373 -0.144955412 0.099069685 -0.365134686 0.914248228
1769787225075345408.000000 -0.034112774 -0.027860351 -0.029830556 -0.144302875 0.104176633 -0.373782396 0.910280526
1769787225108680192.000000 -0.033963341 -0.027569238 -0.030872162 -0.142685294 0.105886161 -0.377618402 0.908753753
1769787225142013184.000000 -0.034232575 -0.027350664 -0.030966641 -0.142180055 0.109455660 -0.381503522 0.906785190
1769787225175348224.000000 -0.034044072 -0.026917629 -0.030883554 -0.140363678 0.111046411 -0.384260654 0.905709922
1769787225375346944.000000 -0.036416523 -0.023998283 -0.035166550 -0.155399963 0.117859885 -0.366180956 0.909874380
1769787225408678656.000000 -0.034183998 -0.024458177 -0.029958477 -0.162811190 0.119019404 -0.355864137 0.912517190
1769787225575345920.000000 -0.035110455 -0.022454232 -0.030942742 -0.174754247 0.122839347 -0.328811139 0.919921041
1769787225642013184.000000 -0.035637632 -0.021693118 -0.031009993 -0.176536024 0.125649139 -0.319622874 0.922436178
1769787225775346688.000000 -0.035534784 -0.020396838 -0.031034037 -0.175664529 0.127347052 -0.304630637 0.927429199
1769787225808679168.000000 -0.035359740 -0.020175338 -0.031301308 -0.174693331 0.127114162 -0.301535994 0.928655088
1769787225842014720.000000 -0.035599239 -0.020257436 -0.031534269 -0.174386904 0.127981633 -0.298834532 0.929466486
1769787225975346432.000000 -0.035443153 -0.019781755 -0.030832751 -0.167791262 0.127761930 -0.289770931 0.933571517
1769787226008679168.000000 -0.035181087 -0.019561306 -0.030692063 -0.165686503 0.127597302 -0.289470583 0.934063017
1769787227608677632.000000 -0.037908159 -0.018504344 -0.031453058 -0.104096249 0.147061437 -0.281002849 0.942642212
1769787227942012928.000000 -0.042268176 -0.032103587 -0.043979425 -0.112683386 0.155867010 -0.275021940 0.942003667
1769787230342010624.000000 -0.038232375 -0.028560180 -0.008558406 -0.259269387 0.186521441 -0.252475202 0.913370371
1769787230642009856.000000 -0.038662367 -0.030407876 -0.009914536 -0.271007001 0.178295642 -0.249572858 0.912402987
1769787231375342592.000000 -0.038077667 -0.032785431 -0.011673573 -0.278745502 0.156935886 -0.239934161 0.916571677
1769787231775343360.000000 -0.034610815 -0.032348223 -0.010965072 -0.270445168 0.137337595 -0.238383278 0.922589421
1769787231808675840.000000 -0.033946972 -0.031873349 -0.010202130 -0.269220114 0.134734988 -0.239381567 0.923072875
1769787231842009088.000000 -0.034681201 -0.032618809 -0.010055596 -0.268501759 0.134741515 -0.236600995 0.923997581
1769787231875342336.000000 -0.033648357 -0.032656476 -0.010125648 -0.267338485 0.132197946 -0.237383366 0.924501479
1769787231942010624.000000 -0.032443851 -0.031727575 -0.010091823 -0.264749706 0.127114132 -0.239166200 0.925499439
1769787231975343104.000000 -0.031327832 -0.031396728 -0.008844939 -0.263321131 0.125295520 -0.239467934 0.926076710
1769787232008675840.000000 -0.035005730 -0.032171678 -0.013535192 -0.262134761 0.125172004 -0.237675115 0.926891506
1769787232108675840.000000 -0.029520165 -0.030733049 -0.007994015 -0.258021981 0.117240712 -0.239026859 0.928733230
1769787232142009088.000000 -0.032035533 -0.031749323 -0.011370365 -0.255956501 0.115684308 -0.239668697 0.929334342
1769787232242011136.000000 -0.040034950 -0.035611544 -0.021315103 -0.250244766 0.112770341 -0.234434932 0.932577431
1769787232275342592.000000 -0.034094196 -0.032844122 -0.014426585 -0.248100713 0.109166257 -0.235209748 0.933383703
1769787232375354624.000000 -0.036384370 -0.033647560 -0.020102819 -0.242410809 0.104169026 -0.234682381 0.935580015
1769787232408686336.000000 -0.036619127 -0.033504464 -0.021309992 -0.240756214 0.102804825 -0.235958964 0.935837030
1769787232475354112.000000 -0.035036974 -0.032933731 -0.019576728 -0.237963989 0.099088527 -0.236287206 0.936868727
1769787232508687616.000000 -0.034922399 -0.032887749 -0.018639024 -0.236081198 0.097802468 -0.235451087 0.937690377
1769787232608686592.000000 -0.034525257 -0.032649770 -0.018300358 -0.230579510 0.091901265 -0.239132106 0.938724160
1769787232775354880.000000 -0.033435505 -0.032570273 -0.016641667 -0.218045011 0.082157351 -0.241703168 0.941958666
1769787232842020864.000000 -0.032764018 -0.031991765 -0.016786650 -0.212703884 0.076877765 -0.243751854 0.943096995
1769787232875353600.000000 -0.032576110 -0.031850006 -0.016727790 -0.209856316 0.074590378 -0.243782595 0.943910301
1769787232942020096.000000 -0.031981785 -0.031860486 -0.016498938 -0.205381125 0.068128206 -0.246117532 0.944776833
1769787232975354112.000000 -0.032049332 -0.031443521 -0.016103806 -0.201659173 0.066855781 -0.243499056 0.946346760
1769787233042020864.000000 -0.031769950 -0.031283055 -0.016325500 -0.195359185 0.061938353 -0.243055403 0.948115289
1769787233108686848.000000 -0.031301782 -0.031213814 -0.016798535 -0.190497339 0.054906707 -0.241695032 0.949883997
1769787233175353344.000000 -0.031094376 -0.030900935 -0.015225586 -0.187466010 0.047905918 -0.243635491 0.950370133
1769787233208686336.000000 -0.030767420 -0.030958207 -0.014334839 -0.183816671 0.044011615 -0.239094391 0.952422321
1769787233275353344.000000 -0.029894946 -0.029734332 -0.021420270 -0.177592203 0.034035787 -0.237033814 0.954524815
1769787233342020608.000000 -0.029789960 -0.030047905 -0.020619502 -0.173409790 0.023555705 -0.233922333 0.956375778
1769787233375353856.000000 -0.029592196 -0.029515097 -0.020979375 -0.172340676 0.021095848 -0.228470623 0.957943082
1769787233442021632.000000 -0.026371472 -0.041920729 -0.037374165 -0.167335510 0.011988668 -0.223221645 0.960222483
1769787235875351552.000000 -0.019204613 -0.026739975 -0.027403507 -0.164581537 -0.011142756 -0.221326709 0.961146891
1769787237208684544.000000 -0.023205910 -0.032053325 -0.023506079 -0.213441536 0.009201930 -0.211396813 0.953765929
1769787237408683776.000000 -0.024052823 -0.032731481 -0.023454601 -0.220188618 0.014056046 -0.211931154 0.952052832
1769787237475350784.000000 -0.024348844 -0.032975033 -0.023372278 -0.222489715 0.015665691 -0.212109983 0.951452732
1769787237508685056.000000 -0.024496347 -0.032974206 -0.023368265 -0.223335549 0.016510449 -0.212804407 0.951085150
1769787237775351296.000000 -0.025363017 -0.033867482 -0.023057122 -0.231261060 0.021885805 -0.214859679 0.948617220
1769787237808683520.000000 -0.025531324 -0.033872265 -0.022923876 -0.231988028 0.023135442 -0.213951305 0.948615432
1769787238175350528.000000 -0.026518550 -0.034183152 -0.022637712 -0.238411978 0.031025246 -0.216557533 0.946202993
1769787238242017024.000000 -0.026639024 -0.034119364 -0.022518201 -0.239057332 0.032057445 -0.216584891 0.945999444
1769787238608683008.000000 -0.027646469 -0.034048270 -0.022422275 -0.241235614 0.040192343 -0.217491776 0.944927156
1769787238775350272.000000 -0.027937716 -0.033922430 -0.022390928 -0.241334870 0.042481817 -0.218744129 0.944512486
1769787238908682240.000000 -0.028115831 -0.033893861 -0.022407118 -0.241300598 0.044197805 -0.219537839 0.944258332
1769787239008683264.000000 -0.028228354 -0.033796214 -0.022463718 -0.241226479 0.045155622 -0.220362023 0.944039941
1769787239275349504.000000 -0.028415179 -0.033572335 -0.022446031 -0.240181953 0.047863949 -0.222520158 0.943666518
1769787239508683520.000000 -0.028541829 -0.033484031 -0.022502625 -0.239220142 0.049316239 -0.223332748 0.943644047
1769787240108682752.000000 -0.028787840 -0.032860726 -0.022585351 -0.235295221 0.052201122 -0.225240290 0.944022238
1769787240408695296.000000 -0.028741885 -0.032685578 -0.022519277 -0.234260798 0.052117620 -0.225866020 0.944134593
1769787243075360256.000000 -0.028898165 -0.032324132 -0.022472454 -0.232962072 0.051850718 -0.227166519 0.944158673
1769787243175361024.000000 -0.028819865 -0.032350387 -0.022437764 -0.232847184 0.051751640 -0.227045342 0.944221556
1769787243275360768.000000 -0.028879358 -0.032448381 -0.022510117 -0.233017579 0.051830053 -0.227152511 0.944149435
1769787243675360256.000000 -0.028897736 -0.032439414 -0.022540763 -0.232962221 0.051871058 -0.227126852 0.944167078
1769787244875360000.000000 -0.028836666 -0.032376364 -0.022550985 -0.232979476 0.051654775 -0.227305368 0.944131672
