1769787154.775262 0.0000000 0.0000000 0.0000000 -0.0000000 -0.0000000 -0.0000000 1.0000000
1769787155.008595 -0.0000203 0.0000107 0.0000921 -0.0002443 0.0002077 0.0001337 0.9999999
1769787155.108597 -0.0001711 0.0000248 -0.0001086 -0.0000075 0.0003114 0.0003962 0.9999999
1769787155.308596 0.0000541 -0.0002259 0.0002114 -0.0004126 0.0001142 -0.0000322 0.9999999
1769787155.508596 -0.0000751 -0.0001493 -0.0001295 -0.0002211 -0.0000142 0.0008301 0.9999996
1769787160.641933 0.0002281 0.0006649 0.0000464 0.0041914 0.0009681 -0.0040284 0.9999827
1769787162.175264 -0.0011976 0.0009056 -0.0001824 0.0076828 0.0249182 -0.0113274 0.9995958
1769787162.275264 -0.0011896 0.0008437 -0.0006782 0.0068633 0.0267332 -0.0111799 0.9995565
1769787162.641931 -0.0018063 0.0005689 -0.0016359 0.0043839 0.0335045 -0.0094560 0.9993842
1769787162.708598 -0.0013767 0.0002614 -0.0004934 0.0018286 0.0344538 -0.0114292 0.9993393
1769787162.975263 -0.0005283 -0.0004211 0.0003551 -0.0010472 0.0400696 -0.0070119 0.9991717
1769787163.775263 -0.0050213 -0.0016109 -0.0049574 -0.0186254 0.0630607 -0.0109814 0.9977755
1769787163.808597 -0.0051276 -0.0003280 -0.0039404 -0.0176805 0.0639689 -0.0130596 0.9977098
1769787163.841931 -0.0049919 -0.0011013 -0.0044302 -0.0200668 0.0644815 -0.0122252 0.9976423
1769787165.441942 -0.0088864 -0.0078726 -0.0071919 -0.0620506 0.0749131 0.0018327 0.9952559
1769787165.508607 -0.0085098 -0.0078748 -0.0065595 -0.0613997 0.0743684 0.0036730 0.9953321
1769787165.608607 -0.0085929 -0.0075444 -0.0078516 -0.0608655 0.0729146 0.0014397 0.9954782
1769787165.708607 -0.0080595 -0.0075126 -0.0067319 -0.0597593 0.0714852 0.0022359 0.9956474
1769787165.841941 -0.0076354 -0.0071005 -0.0067007 -0.0564563 0.0687776 0.0014185 0.9960323
1769787165.908608 -0.0072628 -0.0069533 -0.0066072 -0.0550027 0.0669928 0.0017344 0.9962347
1769787166.275273 -0.0052109 -0.0049674 -0.0066578 -0.0406996 0.0546667 -0.0026100 0.9976714
1769787166.308606 -0.0049502 -0.0049376 -0.0064525 -0.0394934 0.0532216 -0.0024394 0.9977985
1769787166.408607 -0.0047371 -0.0041888 -0.0068190 -0.0336511 0.0500279 -0.0030788 0.9981760
1769787166.441941 -0.0044790 -0.0040929 -0.0066135 -0.0319979 0.0489172 -0.0024874 0.9982871
1769787166.475272 -0.0041246 -0.0037946 -0.0060582 -0.0299340 0.0474271 -0.0034157 0.9984202
1769787166.508607 -0.0037519 -0.0037702 -0.0058238 -0.0280422 0.0455167 -0.0028514 0.9985659
1769787166.608606 -0.0031736 -0.0030379 -0.0057959 -0.0216968 0.0416151 -0.0041700 0.9988894
1769787166.675273 -0.0027878 -0.0026108 -0.0055847 -0.0176314 0.0389014 -0.0055289 0.9990723
1769787166.808606 -0.0020859 -0.0017667 -0.0054016 -0.0062313 0.0331473 -0.0077415 0.9994011
1769787166.908607 -0.0014504 -0.0014375 -0.0047743 0.0025693 0.0278497 -0.0095896 0.9995628
1769787166.975272 -0.0012883 -0.0008373 -0.0049050 0.0089045 0.0240255 -0.0102461 0.9996192
1769787167.041940 -0.0008843 -0.0004856 -0.0046960 0.0161313 0.0203488 -0.0128599 0.9995801
1769787167.075272 -0.0006998 -0.0002911 -0.0040441 0.0201731 0.0186860 -0.0131108 0.9995359
1769787167.175272 -0.0003135 0.0002513 -0.0035814 0.0307503 0.0106997 -0.0140695 0.9993708
1769787167.208606 -0.0000846 0.0007883 -0.0040523 0.0341276 0.0073526 -0.0152266 0.9992744
1769787167.275273 0.0001984 0.0014162 -0.0033816 0.0415303 0.0006332 -0.0149821 0.9990247
1769787167.375273 0.0001929 0.0021404 -0.0029683 0.0510003 -0.0104912 -0.0156113 0.9985215
1769787167.408607 0.0003719 0.0019101 -0.0025580 0.0533380 -0.0141235 -0.0141349 0.9983766
1769787167.508606 0.0003057 0.0027864 -0.0031274 0.0591982 -0.0238090 -0.0138439 0.9978663
1769787167.575273 0.0006560 0.0031023 -0.0026842 0.0613608 -0.0289038 -0.0109935 0.9976365
1769787167.608606 0.0006607 0.0029878 -0.0023720 0.0625501 -0.0305061 -0.0081731 0.9975420
1769787167.708606 0.0014249 0.0034391 -0.0009194 0.0638441 -0.0310920 -0.0024886 0.9974723
1769787167.908606 0.0017867 0.0032025 0.0009192 0.0260023 -0.0262139 -0.0012246 0.9993173
1769787167.941940 0.0020858 0.0031786 0.0010206 0.0236197 -0.0261764 -0.0004043 0.9993782
1769787168.008605 0.0019546 0.0036753 0.0007602 0.0193800 -0.0262968 -0.0009543 0.9994658
1769787168.075272 0.0022426 0.0037372 0.0015710 0.0160853 -0.0262718 -0.0013327 0.9995245
1769787168.241939 0.0023119 0.0041464 0.0003690 0.0173920 -0.0279307 -0.0028857 0.9994544
1769787168.308605 0.0030644 0.0045420 0.0018203 0.0201711 -0.0290802 -0.0030139 0.9993690
1769787168.375272 0.0032268 0.0049133 0.0005643 0.0250493 -0.0300224 -0.0020421 0.9992332
1769787168.441940 0.0036740 0.0051273 0.0011723 0.0298397 -0.0310578 -0.0006338 0.9990719
1769787168.608605 0.0048095 0.0059727 0.0001416 0.0460257 -0.0351890 -0.0023938 0.9983174
1769787168.675271 0.0047999 0.0064872 0.0000305 0.0521493 -0.0355187 -0.0019124 0.9980056
1769787168.708606 0.0049080 0.0062967 0.0003300 0.0546559 -0.0361364 0.0003903 0.9978511
1769787168.741939 0.0049566 0.0061631 0.0001593 0.0561535 -0.0355826 -0.0006091 0.9977877
1769787168.841939 0.0047157 0.0065956 0.0005617 0.0636577 -0.0355793 0.0024989 0.9973342
1769787169.075271 0.0054261 0.0069787 0.0008131 0.0727041 -0.0386803 -0.0010131 0.9966027
1769787169.275271 0.0055186 0.0070481 0.0008807 0.0780626 -0.0406280 0.0018607 0.9961185
1769787169.375271 0.0053704 0.0069045 0.0008588 0.0784624 -0.0411240 0.0025651 0.9960652
1769787169.541939 0.0056009 0.0068991 0.0009845 0.0809769 -0.0437978 0.0031853 0.9957482
1769787169.708605 0.0058302 0.0067370 0.0007529 0.0813736 -0.0466992 0.0045673 0.9955786
1769787169.741938 0.0058983 0.0069530 0.0008173 0.0812751 -0.0474058 0.0044685 0.9955537
1769787169.941938 0.0059948 0.0066273 0.0000981 0.0788030 -0.0495847 0.0053860 0.9956417
1769787170.008604 0.0060025 0.0065212 0.0005417 0.0775696 -0.0508590 0.0052960 0.9956748
1769787170.108605 0.0060485 0.0065200 -0.0000578 0.0758960 -0.0522163 0.0063776 0.9957272
1769787170.275270 0.0062085 0.0063371 -0.0003157 0.0723980 -0.0538649 0.0065711 0.9958985
1769787170.341938 0.0059994 0.0064116 -0.0005472 0.0714137 -0.0546166 0.0080261 0.9959180
1769787170.375271 0.0061875 0.0059489 -0.0008062 0.0693272 -0.0554351 0.0069109 0.9960286
1769787170.541938 0.0067557 0.0056373 -0.0011352 0.0634933 -0.0579621 0.0048227 0.9962860
1769787170.641937 0.0062580 0.0050700 -0.0015998 0.0592094 -0.0576961 0.0072025 0.9965508
1769787170.708604 0.0066037 0.0044690 -0.0016756 0.0556133 -0.0594550 0.0070060 0.9966560
1769787170.775270 0.0070307 0.0040026 -0.0021474 0.0512776 -0.0609592 0.0060356 0.9968040
1769787170.875270 0.0069944 0.0029589 -0.0028690 0.0447589 -0.0623822 0.0054640 0.9970332
1769787170.975270 0.0072364 0.0022660 -0.0025010 0.0394636 -0.0630015 0.0054168 0.9972182
1769787171.075269 0.0075515 0.0012572 -0.0025557 0.0324081 -0.0639123 0.0059883 0.9974112
1769787171.108605 0.0075673 0.0008385 -0.0030858 0.0300704 -0.0645365 0.0059821 0.9974443
1769787171.208604 0.0074597 -0.0000635 -0.0036623 0.0226762 -0.0653155 0.0059741 0.9975891
1769787171.275270 0.0077037 -0.0006336 -0.0040201 0.0179865 -0.0659537 0.0052198 0.9976469
1769787171.308604 0.0077610 -0.0010172 -0.0038546 0.0151213 -0.0659853 0.0055639 0.9976905
1769787171.441938 0.0076881 -0.0019098 -0.0047203 0.0061960 -0.0659182 0.0073692 0.9977786
1769787171.475269 0.0081076 -0.0028858 -0.0046008 0.0031937 -0.0660909 0.0081358 0.9977753
1769787171.541937 0.0078498 -0.0030870 -0.0049704 -0.0013965 -0.0661547 0.0073146 0.9977816
1769787171.575270 0.0077143 -0.0037404 -0.0057138 -0.0037309 -0.0666579 0.0091266 0.9977272
1769787171.675269 0.0081897 -0.0048042 -0.0059060 -0.0099204 -0.0673530 -0.0241279 0.9973881
1769787171.841937 0.0082728 -0.0065365 -0.0087027 -0.0193534 -0.0707423 -0.0843551 0.9937330
1769787171.875269 0.0087279 -0.0073193 -0.0064235 -0.0225396 -0.0716006 -0.0967823 0.9924709
1769787171.908604 0.0081612 -0.0078423 -0.0061989 -0.0244233 -0.0708936 -0.1061670 0.9915171
1769787171.975269 0.0081760 -0.0085518 -0.0065976 -0.0281480 -0.0719854 -0.1287725 0.9886574
1769787172.008603 0.0083062 -0.0081463 -0.0093606 -0.0298195 -0.0721228 -0.1420579 0.9867769
1769787172.108634 0.0081474 -0.0098235 -0.0077893 -0.0354896 -0.0733727 -0.1710914 0.9818782
1769787172.175300 0.0084852 -0.0107184 -0.0085974 -0.0393866 -0.0759469 -0.1930205 0.9774579
1769787172.241967 0.0080524 -0.0111276 -0.0070188 -0.0411371 -0.0771404 -0.2134284 0.9730393
1769787172.275300 0.0090404 -0.0109135 -0.0086292 -0.0427407 -0.0781761 -0.2240835 0.9704887
1769787172.308634 0.0083369 -0.0115891 -0.0090274 -0.0446480 -0.0772088 -0.2316852 0.9686937
1769787172.341967 0.0087073 -0.0114796 -0.0106622 -0.0462365 -0.0786356 -0.2442689 0.9654073
1769787172.441968 0.0088864 -0.0127984 -0.0095040 -0.0497690 -0.0802455 -0.2693520 0.9584014
1769787172.475300 0.0088758 -0.0129863 -0.0090278 -0.0514990 -0.0810564 -0.2789299 0.9554977
1769787172.541968 0.0091213 -0.0136585 -0.0094939 -0.0538323 -0.0821467 -0.2957564 0.9502012
1769787172.708634 0.0085184 -0.0149000 -0.0091728 -0.0607378 -0.0826962 -0.3281911 0.9390223
1769787172.741967 0.0085815 -0.0149423 -0.0091813 -0.0612244 -0.0835225 -0.3354539 0.9363473
1769787172.775300 0.0084342 -0.0152736 -0.0090503 -0.0623550 -0.0832683 -0.3405559 0.9344517
1769787172.975299 0.0079765 -0.0164327 -0.0080095 -0.0689410 -0.0832014 -0.3690030 0.9231259
1769787173.008633 0.0081368 -0.0162457 -0.0102534 -0.0691014 -0.0835108 -0.3741586 0.9210083
1769787173.141967 0.0075727 -0.0165981 -0.0099411 -0.0720278 -0.0807418 -0.3871020 0.9156663
1769787173.241966 0.0073566 -0.0167062 -0.0090419 -0.0739927 -0.0785463 -0.3948832 0.9123722
1769787173.541967 0.0063161 -0.0169876 -0.0102408 -0.0792404 -0.0715686 -0.4004754 0.9100651
1769787173.641966 0.0057383 -0.0169976 -0.0098235 -0.0803339 -0.0676710 -0.3992698 0.9107968
1769787173.675299 0.0057831 -0.0169629 -0.0099435 -0.0809094 -0.0665950 -0.3982979 0.9112506
1769787173.775300 0.0050330 -0.0167496 -0.0094756 -0.0808715 -0.0617686 -0.3934949 0.9136773
1769787173.808633 0.0049909 -0.0167328 -0.0098583 -0.0810819 -0.0604372 -0.3923526 0.9142388
1769787173.841966 0.0051713 -0.0165492 -0.0088703 -0.0805757 -0.0592985 -0.3901186 0.9153135
1769787173.908633 0.0045276 -0.0163678 -0.0092204 -0.0804742 -0.0551528 -0.3840875 0.9181280
1769787173.975299 0.0042639 -0.0160316 -0.0091447 -0.0794635 -0.0511639 -0.3795053 0.9203497
1769787174.008632 0.0039077 -0.0160035 -0.0090731 -0.0799851 -0.0490019 -0.3758598 0.9219168
1769787174.075299 0.0035998 -0.0158194 -0.0090563 -0.0797154 -0.0453218 -0.3682349 0.9251997
1769787174.108633 0.0035734 -0.0156297 -0.0093154 -0.0791808 -0.0436900 -0.3647809 0.9266912
1769787174.208632 0.0029870 -0.0150874 -0.0090436 -0.0771527 -0.0367297 -0.3507052 0.9325793
1769787174.275299 0.0024734 -0.0144425 -0.0093439 -0.0756928 -0.0314124 -0.3396283 0.9369827
1769787174.308632 0.0023718 -0.0141876 -0.0094136 -0.0742882 -0.0293557 -0.3330950 0.9395037
1769787174.375299 0.0021257 -0.0136370 -0.0087977 -0.0714752 -0.0237579 -0.3188801 0.9447975
1769787174.408633 0.0018808 -0.0134411 -0.0087054 -0.0705540 -0.0211138 -0.3098824 0.9479184
1769787174.441967 0.0015812 -0.0131017 -0.0089247 -0.0688252 -0.0179627 -0.3013036 0.9508715
1769787174.475298 0.0016098 -0.0127246 -0.0082836 -0.0675682 -0.0151278 -0.2939976 0.9532949
1769787174.508632 0.0012928 -0.0121491 -0.0089799 -0.0650863 -0.0124367 -0.2831296 0.9567898
1769787174.541966 0.0010991 -0.0120083 -0.0097253 -0.0640635 -0.0091673 -0.2719483 0.9601333
1769787174.575298 0.0002689 -0.0109125 -0.0097110 -0.0614495 -0.0057876 -0.2613256 0.9632754
1769787174.608632 0.0008177 -0.0111695 -0.0084314 -0.0602746 -0.0033901 -0.2484855 0.9667525
1769787174.641965 0.0006352 -0.0108511 -0.0080087 -0.0585209 -0.0006934 -0.2365412 0.9698573
1769787174.675298 0.0002828 -0.0108250 -0.0075949 -0.0563101 0.0028719 -0.2243155 0.9728841
1769787174.708633 -0.0000653 -0.0101048 -0.0088782 -0.0541950 0.0052317 -0.2136124 0.9754001
1769787174.741966 -0.0001542 -0.0100173 -0.0076144 -0.0524386 0.0083526 -0.2019621 0.9779528
1769787174.775298 -0.0005338 -0.0099276 -0.0075895 -0.0509098 0.0113135 -0.1938283 0.9796483
1769787174.841966 -0.0004913 -0.0093742 -0.0077565 -0.0466279 0.0140937 -0.1765303 0.9830891
1769787174.875298 -0.0004818 -0.0094562 -0.0072695 -0.0453597 0.0162464 -0.1731717 0.9837124
1769787174.975298 -0.0004470 -0.0093888 -0.0075796 -0.0388801 0.0208456 -0.1704542 0.9843776
1769787175.075298 -0.0005124 -0.0087904 -0.0057991 -0.0260834 0.0294841 -0.1691227 0.9848086
1769787175.108632 -0.0006867 -0.0085862 -0.0068338 -0.0225229 0.0321932 -0.1690600 0.9848223
1769787175.141966 -0.0007323 -0.0085048 -0.0065978 -0.0188953 0.0351809 -0.1696061 0.9847025
1769787175.175298 -0.0012318 -0.0080600 -0.0068294 -0.0145189 0.0386097 -0.1668749 0.9851149
1769787175.208632 -0.0016214 -0.0079041 -0.0068032 -0.0111110 0.0439299 -0.1685855 0.9846449
1769787175.241965 -0.0014617 -0.0074666 -0.0060050 -0.0065888 0.0474598 -0.1685609 0.9845260
1769787175.308632 -0.0016745 -0.0070935 -0.0062948 0.0014076 0.0541657 -0.1695828 0.9840253
1769787175.441967 -0.0014733 -0.0072250 -0.0051971 0.0096934 0.0697331 -0.1727353 0.9824489
1769787175.475297 -0.0014702 -0.0068716 -0.0055100 0.0106994 0.0732327 -0.1751178 0.9817618
1769787175.541966 -0.0017084 -0.0068778 -0.0056909 0.0144502 0.0834126 -0.1768465 0.9805911
1769787175.575298 -0.0015284 -0.0069338 -0.0057316 0.0157945 0.0875865 -0.1773125 0.9801221
1769787175.675297 -0.0011356 -0.0068177 -0.0046960 0.0168945 0.1002290 -0.1848404 0.9774982
1769787175.708632 -0.0010946 -0.0065317 -0.0051890 0.0174687 0.1029391 -0.1843703 0.9772953
1769787175.775298 -0.0014325 -0.0059771 -0.0057560 0.0182680 0.1089578 -0.1925234 0.9750534
1769787175.875298 -0.0015221 -0.0054124 -0.0067782 0.0190331 0.1100775 -0.1906423 0.9752826
1769787176.075298 -0.0022596 -0.0036688 -0.0061408 -0.0123242 0.0998208 -0.1527158 0.9831387
1769787176.108632 -0.0022602 -0.0041946 -0.0053582 -0.0158942 0.0989582 -0.1475376 0.9839651
1769787176.141965 -0.0027928 -0.0037091 -0.0059343 -0.0180451 0.0984223 -0.1407504 0.9849755
1769787176.175297 -0.0028820 -0.0034025 -0.0057826 -0.0190094 0.0982642 -0.1366588 0.9855492
1769787176.341965 -0.0032293 -0.0024695 -0.0044510 -0.0217853 0.0969425 -0.1142443 0.9884714
1769787176.375297 -0.0033884 -0.0022188 -0.0047690 -0.0204846 0.0963933 -0.1111298 0.9889079
1769787176.441966 -0.0033391 -0.0020725 -0.0036861 -0.0198626 0.0968970 -0.1079357 0.9892251
1769787176.508631 -0.0040988 -0.0011748 -0.0046224 -0.0158380 0.0975823 -0.1038405 0.9896687
1769787176.541965 -0.0042965 -0.0010495 -0.0051804 -0.0146617 0.0976369 -0.1034149 0.9897259
1769787176.608631 -0.0043854 -0.0006302 -0.0050460 -0.0096797 0.0981020 -0.0979682 0.9902952
1769787176.675297 -0.0040311 -0.0008911 -0.0033830 -0.0047019 0.0983978 -0.0950159 0.9905896
1769787176.741965 -0.0041591 -0.0008135 -0.0033368 0.0018692 0.0992350 -0.0920071 0.9907995
1769787176.775297 -0.0049850 0.0001474 -0.0053290 0.0066965 0.0994581 -0.0914443 0.9908084
1769787176.841964 -0.0041534 -0.0004526 -0.0032483 0.0116812 0.0991862 -0.0920580 0.9907326
1769787177.141964 -0.0048630 0.0007994 -0.0041135 0.0305316 0.1032514 -0.0916678 0.9899515
1769787177.575297 -0.0052638 0.0007327 -0.0027518 0.0454163 0.1121962 -0.0822514 0.9892341
1769787177.808630 -0.0054380 0.0004390 -0.0020487 0.0456861 0.1162366 -0.0809451 0.9888629
1769787178.108631 -0.0062702 0.0007328 -0.0028733 0.0455273 0.1230780 -0.0775989 0.9883105
1769787178.208630 -0.0058233 0.0002704 -0.0026129 0.0419351 0.1225596 -0.0828066 0.9881112
1769787178.341964 -0.0062314 0.0007027 -0.0036941 0.0403284 0.1242604 -0.0820161 0.9880316
1769787178.675296 -0.0065286 -0.0002453 -0.0034862 0.0296570 0.1289674 -0.0788174 0.9880667
1769787179.141963 -0.0059307 -0.0015758 -0.0013407 0.0085272 0.1330365 -0.0800222 0.9878386
1769787179.208629 -0.0077118 -0.0014374 -0.0061219 0.0040586 0.1364911 -0.0772613 0.9876155
1769787179.275312 -0.0077200 -0.0016983 -0.0056569 0.0012306 0.1373249 -0.0765229 0.9875650
1769787179.441982 -0.0087998 -0.0015660 -0.0082041 -0.0097961 0.1398962 -0.0762090 0.9871805
1769787179.841980 -0.0103374 -0.0053952 -0.0087000 -0.0404147 0.1412314 -0.0807794 0.9858474
1769787180.041980 -0.0093502 -0.0051210 -0.0086441 -0.0541839 0.1431194 -0.0713542 0.9856417
1769787180.508646 -0.0099090 -0.0080320 -0.0102315 -0.0858623 0.1397933 -0.0685484 0.9840664
1769787181.241979 -0.0099753 -0.0114579 -0.0132450 -0.1176650 0.1225819 -0.0624643 0.9834769
1769787181.275311 -0.0100731 -0.0113580 -0.0132609 -0.1177915 0.1222309 -0.0643695 0.9833826
1769787181.408645 -0.0100076 -0.0118284 -0.0141565 -0.1206347 0.1174065 -0.0635749 0.9836774
1769787181.475312 -0.0100272 -0.0117387 -0.0149099 -0.1215411 0.1160738 -0.0627587 0.9837764
1769787181.908645 -0.0082710 -0.0118518 -0.0147425 -0.1218538 0.1003824 -0.0628323 0.9854578
1769787182.041979 -0.0082519 -0.0117455 -0.0152762 -0.1190711 0.0946349 -0.0626779 0.9863761
1769787182.075311 -0.0080141 -0.0116804 -0.0150493 -0.1184851 0.0936659 -0.0609687 0.9866462
1769787182.175311 -0.0073313 -0.0114256 -0.0142639 -0.1149254 0.0891585 -0.0596898 0.9875627
1769787182.275311 -0.0078662 -0.0117028 -0.0169790 -0.1116222 0.0843157 -0.0594694 0.9883798
1769787182.308645 -0.0074189 -0.0114016 -0.0159293 -0.1111144 0.0841544 -0.0583036 0.9885203
1769787182.341979 -0.0071784 -0.0113021 -0.0155062 -0.1100079 0.0822820 -0.0594706 0.9887322
1769787182.375312 -0.0064301 -0.0109129 -0.0152101 -0.1081910 0.0797792 -0.0601974 0.9890937
1769787182.408646 -0.0065604 -0.0109456 -0.0159120 -0.1069903 0.0783046 -0.0611393 0.9892843
1769787182.475311 -0.0065254 -0.0106102 -0.0161981 -0.1040961 0.0755774 -0.0609370 0.9898175
1769787182.508645 -0.0062782 -0.0104207 -0.0166366 -0.1026080 0.0743893 -0.0605015 0.9900896
1769787182.608645 -0.0055222 -0.0100489 -0.0147878 -0.0973075 0.0704325 -0.0602862 0.9909269
1769787182.641978 -0.0053139 -0.0097230 -0.0155372 -0.0950954 0.0682258 -0.0609084 0.9912580
1769787182.675310 -0.0046890 -0.0097580 -0.0150814 -0.0935417 0.0655164 -0.0623302 0.9915001
1769787182.708645 -0.0046132 -0.0089893 -0.0144701 -0.0912614 0.0642771 -0.0642306 0.9916725
1769787182.741978 -0.0041438 -0.0096472 -0.0139804 -0.0892230 0.0622450 -0.0622908 0.9921113
1769787182.808644 -0.0042164 -0.0087587 -0.0150729 -0.0852052 0.0588956 -0.0621948 0.9926748
1769787182.908644 -0.0037407 -0.0077782 -0.0168222 -0.0781568 0.0527983 -0.0649493 0.9934211
1769787182.941979 -0.0036256 -0.0078977 -0.0167400 -0.0762124 0.0510174 -0.0660651 0.9935916
1769787182.975311 -0.0035396 -0.0075724 -0.0170419 -0.0740619 0.0497952 -0.0667913 0.9937677
1769787183.008643 -0.0030770 -0.0075915 -0.0168340 -0.0720031 0.0477242 -0.0661786 0.9940615
1769787183.075310 -0.0026458 -0.0073203 -0.0156821 -0.0680699 0.0447158 -0.0661514 0.9944803
1769787183.108645 -0.0026170 -0.0070304 -0.0166890 -0.0659012 0.0429427 -0.0668334 0.9946589
1769787183.141978 -0.0029671 -0.0064957 -0.0183396 -0.0624003 0.0414548 -0.0683563 0.9948443
1769787183.241978 -0.0022150 -0.0067477 -0.0170206 -0.0550898 0.0378479 -0.0700285 0.9953033
1769787183.308644 -0.0019040 -0.0060167 -0.0167021 -0.0468734 0.0333957 -0.0717871 0.9957581
1769787183.341977 -0.0017892 -0.0063053 -0.0167386 -0.0446891 0.0326629 -0.0722417 0.9958500
1769787183.441979 -0.0016400 -0.0061810 -0.0162109 -0.0356562 0.0276556 -0.0710616 0.9964507
1769787183.475310 -0.0016487 -0.0059020 -0.0170483 -0.0323123 0.0251731 -0.0725361 0.9965243
1769787183.541977 -0.0014470 -0.0053555 -0.0171644 -0.0257662 0.0208120 -0.0732543 0.9967632
1769787183.575310 -0.0014348 -0.0056916 -0.0168934 -0.0231437 0.0189695 -0.0738332 0.9968216
1769787183.608644 -0.0015099 -0.0056483 -0.0169117 -0.0199109 0.0173817 -0.0736038 0.9969373
1769787183.641976 -0.0015377 -0.0051969 -0.0175741 -0.0159455 0.0157369 -0.0744592 0.9969724
1769787183.741977 -0.0012582 -0.0050271 -0.0166894 -0.0061280 0.0068102 -0.0726011 0.9973190
1769787183.775311 -0.0013393 -0.0047860 -0.0165332 -0.0026502 0.0036200 -0.0704707 0.9975038
1769787183.841978 -0.0012759 -0.0044874 -0.0168464 0.0042515 -0.0046382 -0.0700916 0.9975207
1769787183.908645 -0.0013768 -0.0041920 -0.0164130 0.0104684 -0.0116923 -0.0666452 0.9976533
1769787183.975310 -0.0008334 -0.0041372 -0.0157809 0.0141496 -0.0215312 -0.0682968 0.9973323
1769787184.008643 -0.0008805 -0.0038717 -0.0159325 0.0176014 -0.0246203 -0.0644661 0.9974608
1769787184.208643 -0.0006002 -0.0031290 -0.0166594 0.0220065 -0.0396779 -0.0476542 0.9978329
1769787184.308643 -0.0004684 -0.0030417 -0.0153073 0.0136918 -0.0353320 -0.0436914 0.9983262
1769787184.408643 -0.0004596 -0.0030935 -0.0156460 -0.0078901 -0.0327902 -0.0469530 0.9983276
1769787184.541977 0.0000752 -0.0026614 -0.0135945 -0.0208173 -0.0301443 -0.0478129 0.9981843
1769787184.608644 0.0006672 -0.0025863 -0.0133182 -0.0236195 -0.0308436 -0.0500372 0.9979915
1769787184.675310 0.0002677 -0.0022378 -0.0138391 -0.0239921 -0.0318455 -0.0502657 0.9979397
1769787184.841977 -0.0001698 -0.0027022 -0.0188324 -0.0205844 -0.0324659 -0.0524775 0.9978819
1769787184.908643 0.0001715 -0.0028486 -0.0176987 -0.0163338 -0.0328638 -0.0518569 0.9979800
1769787184.941977 -0.0041921 -0.0047115 -0.0266352 -0.0147426 -0.0316478 -0.0527990 0.9979947
1769787185.008642 -0.0045414 -0.0039038 -0.0280984 -0.0081316 -0.0322225 -0.0504307 0.9981745
1769787185.108644 -0.0047137 -0.0035126 -0.0282856 0.0001463 -0.0316045 -0.0490348 0.9982969
1769787185.175309 -0.0044746 -0.0032885 -0.0282846 0.0043315 -0.0316468 -0.0486637 0.9983044
1769787186.041976 -0.0036732 -0.0025458 -0.0265226 0.0272384 -0.0362486 -0.0467163 0.9978786
1769787186.075309 -0.0037870 -0.0027321 -0.0267540 0.0272395 -0.0368563 -0.0459980 0.9978897
1769787186.241976 -0.0032306 -0.0032009 -0.0261609 0.0255525 -0.0406719 -0.0462259 0.9977756
1769787186.541976 -0.0030215 -0.0037877 -0.0265156 0.0207065 -0.0442228 -0.0446064 0.9978105
1769787186.608649 -0.0029370 -0.0041821 -0.0271479 0.0183572 -0.0452209 -0.0447933 0.9978034
1769787186.775316 -0.0031262 -0.0046664 -0.0273610 0.0144840 -0.0464356 -0.0433817 0.9978737
1769787186.908650 -0.0029707 -0.0052846 -0.0278151 0.0085461 -0.0477655 -0.0433288 0.9978818
1769787187.308649 -0.0020248 -0.0072347 -0.0309851 -0.0067780 -0.0516248 -0.0420596 0.9977575
1769787187.341983 -0.0018105 -0.0066541 -0.0292953 -0.0087320 -0.0528552 -0.0473639 0.9974401
1769787187.375315 -0.0024401 -0.0064920 -0.0296334 -0.0091104 -0.0516491 -0.0448476 0.9976162
1769787187.541984 -0.0014816 -0.0083921 -0.0339297 -0.0195090 -0.0537090 -0.0505522 0.9970853
1769787187.575315 -0.0016370 -0.0092107 -0.0328469 -0.0235042 -0.0532055 -0.0497642 0.9970658
1769787187.641983 -0.0022506 -0.0088282 -0.0308820 -0.0268364 -0.0532788 -0.0483901 0.9970455
1769787187.675316 -0.0020511 -0.0091540 -0.0310953 -0.0302296 -0.0531403 -0.0495842 0.9968970
1769787187.841982 -0.0023066 -0.0108737 -0.0318623 -0.0412842 -0.0529514 -0.0469797 0.9966367
1769787187.875315 -0.0022095 -0.0109446 -0.0317196 -0.0433579 -0.0531317 -0.0481119 0.9964850
1769787187.908649 -0.0021084 -0.0115079 -0.0312851 -0.0461750 -0.0535465 -0.0488892 0.9962984
1769787187.975315 -0.0022218 -0.0118685 -0.0313227 -0.0501144 -0.0520958 -0.0475493 0.9962498
1769787188.008648 -0.0025281 -0.0131389 -0.0319382 -0.0529783 -0.0525781 -0.0481152 0.9960491
1769787188.041983 -0.0022160 -0.0128510 -0.0310787 -0.0560308 -0.0520977 -0.0475723 0.9959334
1769787188.108650 -0.0023216 -0.0138369 -0.0306596 -0.0595299 -0.0547954 -0.0683866 0.9943727
1769787188.208649 -0.0022525 -0.0144206 -0.0313195 -0.0647314 -0.0573399 -0.1049726 0.9907082
1769787188.241982 -0.0020274 -0.0153238 -0.0318590 -0.0677242 -0.0589875 -0.1171370 0.9890465
1769787188.275315 -0.0022072 -0.0153906 -0.0315618 -0.0690224 -0.0592863 -0.1299021 0.9873431
1769787188.308648 -0.0019219 -0.0161514 -0.0314918 -0.0723428 -0.0607577 -0.1416665 0.9853962
1769787188.375315 -0.0023809 -0.0168393 -0.0317774 -0.0758605 -0.0608873 -0.1653720 0.9814225
1769787188.508649 -0.0025376 -0.0182010 -0.0309141 -0.0835439 -0.0644038 -0.2084382 0.9723303
1769787188.541982 -0.0025107 -0.0187991 -0.0316620 -0.0851382 -0.0657407 -0.2204398 0.9694514
1769787188.575315 -0.0024074 -0.0192240 -0.0318631 -0.0867512 -0.0664778 -0.2294783 0.9671581
1769787188.608648 -0.0025779 -0.0196123 -0.0315627 -0.0892283 -0.0674221 -0.2404810 0.9641895
1769787188.641981 -0.0025443 -0.0199669 -0.0318542 -0.0905294 -0.0683763 -0.2507946 0.9613694
1769787188.675314 -0.0025519 -0.0202819 -0.0320078 -0.0922797 -0.0689131 -0.2613988 0.9583351
1769787188.708649 -0.0026598 -0.0205255 -0.0317511 -0.0939319 -0.0699282 -0.2699040 0.9557399
1769787188.741982 -0.0024928 -0.0209836 -0.0321044 -0.0951426 -0.0711543 -0.2808411 0.9523724
1769787188.808648 -0.0025293 -0.0216004 -0.0320289 -0.0985842 -0.0730444 -0.2978028 0.9467096
1769787188.841982 -0.0024867 -0.0217579 -0.0318818 -0.0994984 -0.0737734 -0.3063826 0.9438153
1769787188.875314 -0.0026182 -0.0222398 -0.0321901 -0.1014210 -0.0740671 -0.3145808 0.9408861
1769787188.941983 -0.0028466 -0.0229200 -0.0323467 -0.1042739 -0.0755380 -0.3311705 0.9347444
1769787188.975314 -0.0029009 -0.0231270 -0.0323463 -0.1051319 -0.0764499 -0.3385213 0.9319367
1769787189.108649 -0.0031473 -0.0241134 -0.0322920 -0.1111584 -0.0797570 -0.3678108 0.9197814
1769787189.141982 -0.0032465 -0.0243740 -0.0326512 -0.1118624 -0.0802962 -0.3736379 0.9172972
1769787189.175315 -0.0032951 -0.0246979 -0.0327348 -0.1128737 -0.0808046 -0.3802028 0.9144266
1769787189.208648 -0.0034657 -0.0248251 -0.0325003 -0.1141628 -0.0810212 -0.3855581 0.9120018
1769787189.575314 -0.0046111 -0.0267644 -0.0322171 -0.1246098 -0.0816235 -0.4335351 0.8887392
1769787189.608647 -0.0047911 -0.0268511 -0.0325573 -0.1254219 -0.0806111 -0.4365269 0.8872517
1769787189.641981 -0.0049868 -0.0269718 -0.0326532 -0.1262765 -0.0798793 -0.4384567 0.8862445
1769787189.808648 -0.0056461 -0.0271289 -0.0327423 -0.1289570 -0.0769832 -0.4459179 0.8823836
1769787189.875314 -0.0057895 -0.0271725 -0.0325325 -0.1301733 -0.0760213 -0.4479783 0.8812441
1769787190.041982 -0.0063650 -0.0271238 -0.0323922 -0.1318756 -0.0713922 -0.4487315 0.8809949
1769787190.141981 -0.0068600 -0.0268479 -0.0327633 -0.1323856 -0.0671232 -0.4466887 0.8822912
1769787190.208648 -0.0071767 -0.0265870 -0.0326427 -0.1322615 -0.0640079 -0.4444434 0.8836742
1769787190.308647 -0.0078193 -0.0263142 -0.0323694 -0.1328792 -0.0580538 -0.4374491 0.8874746
1769787190.375314 -0.0081565 -0.0261037 -0.0328010 -0.1324075 -0.0544018 -0.4331246 0.8898942
1769787190.475314 -0.0084420 -0.0255606 -0.0323633 -0.1310752 -0.0485009 -0.4248092 0.8944295
1769787190.575314 -0.0091473 -0.0249200 -0.0323525 -0.1298112 -0.0414492 -0.4140488 0.8999971
1769787190.708647 -0.0098697 -0.0238290 -0.0320873 -0.1264329 -0.0309400 -0.3940019 0.9098461
1769787190.741982 -0.0102264 -0.0235683 -0.0318375 -0.1254596 -0.0279383 -0.3882526 0.9125455
1769787190.775313 -0.0105332 -0.0233192 -0.0319546 -0.1247254 -0.0253181 -0.3812659 0.9156631
1769787190.808647 -0.0104719 -0.0228517 -0.0318761 -0.1233653 -0.0224779 -0.3755808 0.9182673
1769787190.841981 -0.0107996 -0.0226142 -0.0321493 -0.1222566 -0.0198270 -0.3686793 0.9212686
1769787190.875313 -0.0108889 -0.0221844 -0.0319377 -0.1204656 -0.0165244 -0.3608047 0.9246810
1769787190.908647 -0.0110495 -0.0221852 -0.0320697 -0.1193172 -0.0131000 -0.3524941 0.9280839
1769787190.941982 -0.0112580 -0.0214123 -0.0330173 -0.1178883 -0.0097904 -0.3446143 0.9312612
1769787190.975313 -0.0115187 -0.0211792 -0.0323297 -0.1159346 -0.0068686 -0.3327660 0.9358305
1769787191.008646 -0.0117350 -0.0206472 -0.0324435 -0.1138447 -0.0028771 -0.3240620 0.9391565
1769787191.041981 -0.0118282 -0.0200972 -0.0322656 -0.1116908 0.0006652 -0.3129652 0.9431742
1769787191.075313 -0.0118196 -0.0198731 -0.0320114 -0.1095854 0.0046107 -0.3001321 0.9475709
1769787191.108648 -0.0125603 -0.0187538 -0.0331406 -0.1069984 0.0084275 -0.2879499 0.9516119
1769787191.141981 -0.0127052 -0.0179831 -0.0327271 -0.1043315 0.0118438 -0.2760257 0.9553976
1769787191.241981 -0.0130349 -0.0163256 -0.0316293 -0.0967346 0.0216596 -0.2475565 0.9637889
1769787191.275313 -0.0128877 -0.0162930 -0.0316786 -0.0953771 0.0236612 -0.2405545 0.9656484
1769787191.308646 -0.0132006 -0.0159707 -0.0321060 -0.0931573 0.0264196 -0.2340545 0.9673894
1769787191.375312 -0.0134706 -0.0154346 -0.0325294 -0.0868351 0.0303477 -0.2262826 0.9697087
1769787191.408648 -0.0132349 -0.0152967 -0.0315900 -0.0836860 0.0321749 -0.2261362 0.9699607
1769787191.441982 -0.0131239 -0.0154352 -0.0314081 -0.0816370 0.0338082 -0.2268944 0.9699028
1769787191.475313 -0.0133656 -0.0153715 -0.0314985 -0.0780990 0.0366457 -0.2267608 0.9701223
1769787191.508647 -0.0132378 -0.0150755 -0.0309047 -0.0736104 0.0389456 -0.2258131 0.9706045
1769787191.541980 -0.0128641 -0.0150645 -0.0297837 -0.0700868 0.0414944 -0.2269124 0.9705034
1769787191.575313 -0.0128679 -0.0147848 -0.0294761 -0.0659818 0.0443420 -0.2275939 0.9705057
1769787191.708647 -0.0136398 -0.0139896 -0.0302996 -0.0523219 0.0559564 -0.2274361 0.9707750
1769787191.741980 -0.0136365 -0.0138630 -0.0307840 -0.0487566 0.0581201 -0.2280541 0.9706885
1769787191.775313 -0.0132572 -0.0141195 -0.0296515 -0.0458974 0.0607713 -0.2291220 0.9704140
1769787191.808647 -0.0131844 -0.0137531 -0.0296724 -0.0420933 0.0646072 -0.2311298 0.9698624
1769787191.841980 -0.0128370 -0.0135834 -0.0288176 -0.0388621 0.0679034 -0.2321156 0.9695366
1769787191.875312 -0.0129104 -0.0136210 -0.0291523 -0.0369227 0.0718943 -0.2336536 0.9689551
1769787191.908647 -0.0127963 -0.0135822 -0.0286784 -0.0352307 0.0765937 -0.2358299 0.9681304
1769787191.941981 -0.0127810 -0.0135517 -0.0286969 -0.0328345 0.0804622 -0.2375778 0.9674733
1769787191.975313 -0.0125057 -0.0133471 -0.0280929 -0.0305287 0.0857020 -0.2384744 0.9668781
1769787192.041980 -0.0120914 -0.0135274 -0.0270402 -0.0284805 0.0941774 -0.2421690 0.9652325
1769787192.108647 -0.0121553 -0.0132492 -0.0272597 -0.0270134 0.1023072 -0.2462056 0.9634243
1769787192.141980 -0.0115079 -0.0135049 -0.0261737 -0.0264378 0.1058660 -0.2487988 0.9623890
1769787192.208646 -0.0106563 -0.0127104 -0.0242534 -0.0255059 0.1127966 -0.2530024 0.9605291
1769787192.241980 -0.0113726 -0.0128811 -0.0253829 -0.0261871 0.1152021 -0.2555543 0.9595492
1769787192.275312 -0.0117299 -0.0124139 -0.0264041 -0.0260823 0.1170332 -0.2593492 0.9583115
1769787192.308646 -0.0116899 -0.0123572 -0.0254835 -0.0253489 0.1190835 -0.2579634 0.9584526
1769787192.341980 -0.0112055 -0.0126129 -0.0245056 -0.0267771 0.1190953 -0.2549422 0.9592204
1769787192.441981 -0.0118081 -0.0117618 -0.0250614 -0.0467938 0.1150736 -0.2406448 0.9626310
1769787192.541980 -0.0115854 -0.0112387 -0.0246738 -0.0600064 0.1109879 -0.2215216 0.9669587
1769787192.575312 -0.0116357 -0.0108159 -0.0244075 -0.0620287 0.1107278 -0.2166478 0.9679646
1769787192.608645 -0.0119442 -0.0106927 -0.0240756 -0.0642536 0.1102144 -0.2105120 0.9692311
1769787192.641979 -0.0116492 -0.0106685 -0.0235498 -0.0661112 0.1099904 -0.2067741 0.9699360
1769787192.675312 -0.0111652 -0.0103400 -0.0232100 -0.0670535 0.1092065 -0.2026917 0.9708212
1769787192.708647 -0.0116144 -0.0101672 -0.0237409 -0.0684116 0.1089062 -0.1993621 0.9714495
1769787192.741980 -0.0113035 -0.0101168 -0.0232256 -0.0689965 0.1088447 -0.1948171 0.9723367
1769787192.875312 -0.0118929 -0.0090408 -0.0224191 -0.0681784 0.1098430 -0.1823558 0.9746962
1769787192.908647 -0.0117431 -0.0090179 -0.0222510 -0.0676763 0.1094305 -0.1809406 0.9750413
1769787192.941981 -0.0114597 -0.0088389 -0.0220758 -0.0664498 0.1091516 -0.1799993 0.9753310
1769787192.975312 -0.0112253 -0.0085784 -0.0218002 -0.0646054 0.1090584 -0.1765611 0.9760935
1769787193.041980 -0.0112924 -0.0084703 -0.0212485 -0.0605332 0.1091959 -0.1722054 0.9771169
1769787193.275312 -0.0111737 -0.0074628 -0.0199252 -0.0400533 0.1099280 -0.1655438 0.9792379
1769787193.308645 -0.0113126 -0.0074302 -0.0198670 -0.0373150 0.1104543 -0.1647122 0.9794270
1769787193.375311 -0.0113988 -0.0072420 -0.0198257 -0.0320354 0.1105095 -0.1633944 0.9798284
1769787193.475312 -0.0115684 -0.0071541 -0.0198240 -0.0261293 0.1108620 -0.1646720 0.9797500
1769787193.675312 -0.0114147 -0.0066092 -0.0190664 -0.0148204 0.1137539 -0.1625165 0.9800147
1769787193.808645 -0.0115693 -0.0063837 -0.0188826 -0.0092559 0.1157436 -0.1609880 0.9801024
1769787193.875311 -0.0115433 -0.0063323 -0.0187310 -0.0078508 0.1161682 -0.1618858 0.9799165
1769787194.108645 -0.0119340 -0.0060902 -0.0186538 -0.0030731 0.1205662 -0.1622044 0.9793590
1769787194.375311 -0.0124211 -0.0061628 -0.0187676 -0.0038093 0.1244764 -0.1621495 0.9788762
1769787194.575311 -0.0128728 -0.0063455 -0.0183000 -0.0053427 0.1292509 -0.1632948 0.9780596
1769787194.908654 -0.0136435 -0.0066773 -0.0196923 -0.0106034 0.1348727 -0.1599719 0.9778067
1769787194.975320 -0.0137169 -0.0067438 -0.0198053 -0.0128279 0.1361114 -0.1598082 0.9776351
1769787195.041988 -0.0138860 -0.0067797 -0.0200589 -0.0149904 0.1369904 -0.1601059 0.9774328
1769787195.141988 -0.0157856 -0.0068192 -0.0222693 -0.0193678 0.1397366 -0.1597631 0.9770232
1769787195.175321 -0.0157831 -0.0066544 -0.0235538 -0.0197111 0.1399283 -0.1603427 0.9768940
1769787195.208654 -0.0159362 -0.0067247 -0.0229786 -0.0215674 0.1410911 -0.1592327 0.9768690
1769787195.608653 -0.0174679 -0.0090409 -0.0249137 -0.0451797 0.1486117 -0.1600502 0.9748114
1769787195.675319 -0.0177805 -0.0089395 -0.0251646 -0.0490130 0.1499933 -0.1613170 0.9742056
1769787195.775320 -0.0187383 -0.0096931 -0.0260828 -0.0556930 0.1523867 -0.1602197 0.9736561
1769787195.808654 -0.0189850 -0.0099798 -0.0259096 -0.0578341 0.1526773 -0.1594069 0.9736192
1769787195.841987 -0.0190888 -0.0100464 -0.0259934 -0.0604295 0.1538605 -0.1595618 0.9732499
1769787195.941988 -0.0197908 -0.0107804 -0.0263498 -0.0674370 0.1554182 -0.1559914 0.9731209
1769787195.975320 -0.0193439 -0.0110158 -0.0255694 -0.0696308 0.1552149 -0.1565244 0.9729132
1769787196.041988 -0.0203700 -0.0116094 -0.0269341 -0.0746370 0.1570652 -0.1541585 0.9726228
1769787196.075320 -0.0203827 -0.0120169 -0.0267032 -0.0768163 0.1575931 -0.1530657 0.9725403
1769787196.141987 -0.0205246 -0.0122637 -0.0268553 -0.0821900 0.1580952 -0.1531090 0.9720125
1769787196.175320 -0.0203642 -0.0126254 -0.0260501 -0.0853268 0.1579740 -0.1530436 0.9717722
1769787196.208654 -0.0206780 -0.0128350 -0.0264465 -0.0873313 0.1587098 -0.1508682 0.9718145
1769787196.241987 -0.0211562 -0.0127265 -0.0280672 -0.0895267 0.1586688 -0.1521847 0.9714160
1769787196.308653 -0.0216270 -0.0134888 -0.0282839 -0.0947748 0.1595426 -0.1503288 0.9710639
1769787196.508654 -0.0198737 -0.0158928 -0.0232178 -0.1103230 0.1601108 -0.1455576 0.9700548
1769787196.608653 -0.0210923 -0.0166049 -0.0262807 -0.1168951 0.1596000 -0.1435171 0.9696733
1769787196.641986 -0.0215207 -0.0170292 -0.0264711 -0.1190535 0.1602487 -0.1434052 0.9693202
1769787196.675320 -0.0214193 -0.0170909 -0.0262082 -0.1220073 0.1603616 -0.1430490 0.9689868
1769787196.741987 -0.0231053 -0.0172039 -0.0292350 -0.1250329 0.1610899 -0.1421374 0.9686143
1769787196.875319 -0.0221798 -0.0185786 -0.0280707 -0.1331421 0.1602311 -0.1459723 0.9671046
1769787196.908653 -0.0231811 -0.0188029 -0.0299530 -0.1345523 0.1598481 -0.1454464 0.9670520
1769787196.941988 -0.0217304 -0.0187008 -0.0263815 -0.1367302 0.1594758 -0.1452269 0.9668410
1769787197.008652 -0.0236461 -0.0195136 -0.0304013 -0.1413633 0.1579921 -0.1451536 0.9664292
1769787197.175319 -0.0229211 -0.0198850 -0.0298527 -0.1511545 0.1549435 -0.1447306 0.9655039
1769787197.241987 -0.0249148 -0.0206520 -0.0330683 -0.1539311 0.1550919 -0.1419120 0.9654598
1769787197.275318 -0.0253976 -0.0209232 -0.0330797 -0.1556227 0.1547178 -0.1444543 0.9648715
1769787197.308652 -0.0251836 -0.0205628 -0.0333920 -0.1562754 0.1545704 -0.1424938 0.9650812
1769787197.575319 -0.0248209 -0.0189433 -0.0323914 -0.1671777 0.1479613 -0.1414709 0.9644403
1769787197.608652 -0.0251208 -0.0190837 -0.0327066 -0.1673133 0.1477401 -0.1380873 0.9649409
1769787197.675318 -0.0256407 -0.0194564 -0.0330409 -0.1693832 0.1460581 -0.1373204 0.9649454
1769787197.775319 -0.0252478 -0.0196765 -0.0332828 -0.1722903 0.1417449 -0.1383451 0.9649276
1769787197.841986 -0.0265724 -0.0191935 -0.0334365 -0.1729161 0.1409071 -0.1368880 0.9651461
1769787197.875318 -0.0273013 -0.0193430 -0.0340102 -0.1736705 0.1401833 -0.1376859 0.9650025
1769787197.941987 -0.0269573 -0.0192115 -0.0339312 -0.1747172 0.1389108 -0.1365943 0.9651527
1769787198.175319 -0.0274179 -0.0186277 -0.0334741 -0.1761312 0.1329613 -0.1355613 0.9658790
1769787198.275318 -0.0269649 -0.0185067 -0.0330835 -0.1760244 0.1292854 -0.1351884 0.9664496
1769787198.308652 -0.0277764 -0.0189086 -0.0334136 -0.1763508 0.1280984 -0.1346169 0.9666279
1769787198.408651 -0.0271374 -0.0184479 -0.0325586 -0.1750496 0.1235195 -0.1351401 0.9673871
1769787198.475319 -0.0268602 -0.0185119 -0.0323626 -0.1742895 0.1214790 -0.1334693 0.9680145
1769787198.508652 -0.0271139 -0.0184801 -0.0324769 -0.1736865 0.1206803 -0.1328831 0.9683033
1769787198.575318 -0.0268781 -0.0185623 -0.0320093 -0.1725248 0.1177324 -0.1319435 0.9690022
1769787198.708652 -0.0256562 -0.0183030 -0.0328426 -0.1692334 0.1101237 -0.1341536 0.9701730
1769787198.741986 -0.0253665 -0.0180603 -0.0321736 -0.1681509 0.1090067 -0.1336133 0.9705619
1769787198.775318 -0.0251289 -0.0178897 -0.0326192 -0.1668315 0.1074389 -0.1336002 0.9709661
1769787198.808652 -0.0244668 -0.0177700 -0.0318976 -0.1661859 0.1057865 -0.1347214 0.9711033
1769787198.875318 -0.0237095 -0.0172661 -0.0310697 -0.1634358 0.1023863 -0.1348646 0.9719143
1769787198.908655 -0.0235416 -0.0171994 -0.0308417 -0.1620259 0.1007535 -0.1349749 0.9723056
1769787198.941986 -0.0230331 -0.0169887 -0.0305914 -0.1608452 0.0992330 -0.1349532 0.9726609
1769787199.008651 -0.0231411 -0.0169216 -0.0307397 -0.1585815 0.0970964 -0.1343784 0.9733276
1769787199.075317 -0.0227919 -0.0165865 -0.0320026 -0.1554323 0.0932795 -0.1356937 0.9740261
1769787199.108652 -0.0227208 -0.0165184 -0.0323396 -0.1530013 0.0914441 -0.1343265 0.9747743
1769787199.141985 -0.0224324 -0.0163369 -0.0311659 -0.1510683 0.0903244 -0.1311699 0.9756097
1769787199.175318 -0.0220556 -0.0164195 -0.0309688 -0.1496481 0.0886630 -0.1311662 0.9759814
1769787199.208652 -0.0220676 -0.0160028 -0.0317578 -0.1476059 0.0868079 -0.1329273 0.9762208
1769787199.241985 -0.0220500 -0.0159340 -0.0318039 -0.1460852 0.0856036 -0.1324114 0.9766260
1769787199.275317 -0.0216404 -0.0162061 -0.0306449 -0.1443664 0.0840867 -0.1316425 0.9771172
1769787199.375318 -0.0203341 -0.0160022 -0.0297316 -0.1385064 0.0780805 -0.1314858 0.9784840
1769787199.408651 -0.0200329 -0.0161126 -0.0298099 -0.1363398 0.0762173 -0.1323109 0.9788239
1769787199.441986 -0.0198597 -0.0159247 -0.0297653 -0.1347130 0.0745409 -0.1324716 0.9791564
1769787199.475317 -0.0191441 -0.0158477 -0.0289714 -0.1328112 0.0722309 -0.1330656 0.9795088
1769787199.508652 -0.0187768 -0.0156481 -0.0288132 -0.1311910 0.0708632 -0.1333223 0.9797921
1769787199.541985 -0.0185948 -0.0153311 -0.0291736 -0.1287493 0.0689816 -0.1339793 0.9801605
1769787199.575318 -0.0183345 -0.0152183 -0.0288163 -0.1267752 0.0673009 -0.1338338 0.9805545
1769787199.608651 -0.0180378 -0.0149942 -0.0288792 -0.1246095 0.0648143 -0.1358058 0.9807285
1769787199.641984 -0.0174610 -0.0151268 -0.0288335 -0.1220557 0.0625165 -0.1367325 0.9810700
1769787199.741985 -0.0170061 -0.0142653 -0.0290326 -0.1126327 0.0568180 -0.1385995 0.9822809
1769787199.775317 -0.0167941 -0.0142070 -0.0293032 -0.1097920 0.0549890 -0.1402164 0.9824771
1769787199.875317 -0.0160804 -0.0138335 -0.0281440 -0.0997276 0.0482945 -0.1398790 0.9839491
1769787199.908650 -0.0160343 -0.0136636 -0.0286999 -0.0972172 0.0465616 -0.1411554 0.9841016
1769787199.941986 -0.0159256 -0.0136995 -0.0279139 -0.0948116 0.0445858 -0.1407789 0.9844817
1769787200.008650 -0.0152122 -0.0133709 -0.0278253 -0.0886133 0.0387340 -0.1427482 0.9850230
1769787200.075316 -0.0151328 -0.0131374 -0.0277793 -0.0817626 0.0346443 -0.1423381 0.9858268
1769787200.108651 -0.0148937 -0.0129479 -0.0265490 -0.0781543 0.0332548 -0.1412579 0.9863226
1769787200.241985 -0.0145000 -0.0125008 -0.0257395 -0.0671454 0.0198408 -0.1388673 0.9878328
1769787200.308650 -0.0144060 -0.0117780 -0.0265626 -0.0610079 0.0117160 -0.1378116 0.9885083
1769787200.341984 -0.0142848 -0.0118158 -0.0265254 -0.0580031 0.0075219 -0.1368342 0.9888657
1769787200.375317 -0.0141666 -0.0115875 -0.0256504 -0.0556809 0.0032138 -0.1372890 0.9889596
1769787200.408651 -0.0137268 -0.0113315 -0.0253838 -0.0530901 -0.0015985 -0.1347480 0.9894553
1769787200.441986 -0.0137215 -0.0114505 -0.0253156 -0.0512373 -0.0061958 -0.1332481 0.9897380
1769787200.475317 -0.0137864 -0.0113669 -0.0247831 -0.0499866 -0.0097559 -0.1327509 0.9898401
1769787200.541984 -0.0133899 -0.0110995 -0.0240206 -0.0479290 -0.0164560 -0.1290980 0.9903362
1769787200.575317 -0.0132208 -0.0110791 -0.0242045 -0.0473817 -0.0193236 -0.1274701 0.9905216
1769787200.608650 -0.0130055 -0.0109929 -0.0231170 -0.0468544 -0.0215291 -0.1241042 0.9909285
1769787200.641984 -0.0127005 -0.0108344 -0.0236841 -0.0463556 -0.0228589 -0.1200184 0.9914253
1769787200.675316 -0.0126315 -0.0106057 -0.0227849 -0.0461218 -0.0228890 -0.1154391 0.9919792
1769787200.708651 -0.0125000 -0.0105544 -0.0227661 -0.0458133 -0.0223688 -0.1117522 0.9924275
1769787200.775317 -0.0122524 -0.0107363 -0.0220808 -0.0534506 -0.0189836 -0.1102173 0.9922877
1769787200.908650 -0.0118833 -0.0103061 -0.0217206 -0.0791117 -0.0129696 -0.1125194 0.9904103
1769787200.975316 -0.0114596 -0.0101830 -0.0210143 -0.0848442 -0.0126665 -0.1135657 0.9898201
1769787201.108651 -0.0106618 -0.0097817 -0.0209551 -0.0890305 -0.0141555 -0.1156683 0.9891886
1769787201.208650 -0.0103561 -0.0097811 -0.0207339 -0.0891703 -0.0140865 -0.1166763 0.9890586
1769787201.241984 -0.0101769 -0.0097377 -0.0206072 -0.0885845 -0.0146524 -0.1169370 0.9890722
1769787201.408649 -0.0095882 -0.0095272 -0.0204880 -0.0808399 -0.0163056 -0.1176299 0.9896274
1769787201.441985 -0.0093937 -0.0093282 -0.0202128 -0.0780623 -0.0165234 -0.1173629 0.9898784
1769787201.475316 -0.0095126 -0.0092682 -0.0198880 -0.0753528 -0.0162187 -0.1180876 0.9900072
1769787201.508651 -0.0092936 -0.0091260 -0.0199205 -0.0725949 -0.0166400 -0.1180869 0.9902064
1769787201.541984 -0.0091280 -0.0089333 -0.0195680 -0.0693954 -0.0166549 -0.1166788 0.9906023
1769787201.641983 -0.0087451 -0.0084998 -0.0199657 -0.0624068 -0.0178432 -0.1169503 0.9910144
1769787201.708651 -0.0087670 -0.0083828 -0.0205656 -0.0581648 -0.0180930 -0.1153215 0.9914588
1769787202.175316 -0.0083146 -0.0078785 -0.0189784 -0.0433333 -0.0203871 -0.1175873 0.9919072
1769787202.542004 -0.0077776 -0.0079318 -0.0189848 -0.0408354 -0.0259480 -0.1153296 0.9921483
1769787202.675337 -0.0077945 -0.0082271 -0.0193780 -0.0417416 -0.0277871 -0.1136191 0.9922581
1769787202.908670 -0.0077726 -0.0086168 -0.0196994 -0.0448088 -0.0300931 -0.1124912 0.9921857
1769787203.042003 -0.0076669 -0.0089364 -0.0195574 -0.0476409 -0.0310348 -0.1119445 0.9920865
1769787203.208670 -0.0077091 -0.0093443 -0.0199502 -0.0517332 -0.0330692 -0.1102850 0.9920017
1769787203.275336 -0.0077933 -0.0095208 -0.0204623 -0.0534891 -0.0332422 -0.1093589 0.9920053
1769787203.308670 -0.0077931 -0.0097689 -0.0201818 -0.0548541 -0.0334149 -0.1085090 0.9920183
1769787203.342004 -0.0077727 -0.0098066 -0.0203467 -0.0558799 -0.0337340 -0.1084219 0.9919598
1769787203.475336 -0.0076988 -0.0103601 -0.0204626 -0.0608785 -0.0348418 -0.1083638 0.9916336
1769787203.508670 -0.0077012 -0.0103483 -0.0210714 -0.0618782 -0.0350279 -0.1079149 0.9916141
1769787203.542003 -0.0079433 -0.0105964 -0.0214157 -0.0638878 -0.0349822 -0.1086656 0.9914063
1769787203.608670 -0.0078989 -0.0109126 -0.0210409 -0.0663527 -0.0350929 -0.1080680 0.9913058
1769787203.708670 -0.0079586 -0.0112440 -0.0216449 -0.0707180 -0.0362581 -0.1097575 0.9907763
1769787203.775336 -0.0076848 -0.0122606 -0.0212578 -0.0749340 -0.0362358 -0.1100404 0.9904358
1769787203.808669 -0.0076768 -0.0122106 -0.0215551 -0.0755262 -0.0364801 -0.1101272 0.9903722
1769787203.842004 -0.0078072 -0.0119094 -0.0225871 -0.0771490 -0.0368557 -0.1119691 0.9900266
1769787203.908670 -0.0076284 -0.0130043 -0.0214726 -0.0815736 -0.0367553 -0.1108346 0.9898033
1769787204.008669 -0.0074650 -0.0135209 -0.0222687 -0.0872047 -0.0366033 -0.1130793 0.9890746
1769787204.075335 -0.0077353 -0.0143366 -0.0227425 -0.0919184 -0.0364530 -0.1139255 0.9885561
1769787204.142003 -0.0079838 -0.0143855 -0.0230218 -0.0955182 -0.0359337 -0.1118863 0.9884667
1769787204.175336 -0.0077839 -0.0148222 -0.0226243 -0.0982640 -0.0365345 -0.1135597 0.9879847
1769787204.242002 -0.0078931 -0.0153421 -0.0233059 -0.1022067 -0.0361483 -0.1130807 0.9876537
1769787204.308669 -0.0080226 -0.0161952 -0.0234589 -0.1074263 -0.0360132 -0.1141837 0.9869776
1769787204.342003 -0.0081236 -0.0172696 -0.0225771 -0.1111896 -0.0358493 -0.1120895 0.9868068
1769787204.408669 -0.0083577 -0.0172765 -0.0240546 -0.1141967 -0.0351639 -0.1102782 0.9866921
1769787204.508669 -0.0083188 -0.0195250 -0.0227597 -0.1233692 -0.0343114 -0.1111524 0.9855191
1769787204.542003 -0.0086109 -0.0190394 -0.0235496 -0.1233936 -0.0354305 -0.1170358 0.9847951
1769787204.642002 -0.0087443 -0.0201394 -0.0238378 -0.1304098 -0.0410265 -0.1533159 0.9786748
1769787204.675335 -0.0086829 -0.0204796 -0.0233738 -0.1331368 -0.0436322 -0.1685175 0.9756909
1769787204.708669 -0.0085836 -0.0210063 -0.0233757 -0.1355733 -0.0448239 -0.1773233 0.9737388
1769787204.742003 -0.0087757 -0.0212820 -0.0241695 -0.1375944 -0.0456901 -0.1900183 0.9710166
1769787204.775336 -0.0090236 -0.0220069 -0.0245036 -0.1401915 -0.0467425 -0.2005334 0.9684771
1769787204.808669 -0.0087643 -0.0219784 -0.0233877 -0.1408047 -0.0490150 -0.2129975 0.9656105
1769787204.842003 -0.0092557 -0.0226512 -0.0237951 -0.1441538 -0.0491431 -0.2227059 0.9629158
1769787204.875335 -0.0092632 -0.0229711 -0.0252416 -0.1456776 -0.0510568 -0.2347442 0.9597220
1769787204.908668 -0.0095530 -0.0234210 -0.0234430 -0.1472267 -0.0513799 -0.2420456 0.9576525
1769787204.975335 -0.0092849 -0.0241893 -0.0241104 -0.1511373 -0.0556178 -0.2658740 0.9504605
1769787205.008668 -0.0094263 -0.0245101 -0.0242865 -0.1537833 -0.0571331 -0.2772660 0.9466838
1769787205.075334 -0.0097082 -0.0254867 -0.0235893 -0.1573545 -0.0599651 -0.2961923 0.9401670
1769787205.108669 -0.0097053 -0.0258431 -0.0236936 -0.1592437 -0.0617760 -0.3073148 0.9361532
1769787205.142002 -0.0097268 -0.0262614 -0.0235757 -0.1609483 -0.0632322 -0.3161575 0.9328139
1769787205.175335 -0.0098045 -0.0267044 -0.0237923 -0.1624639 -0.0650909 -0.3253079 0.9292704
1769787205.208668 -0.0095434 -0.0270726 -0.0239354 -0.1643401 -0.0676786 -0.3361899 0.9248721
1769787205.275335 -0.0099801 -0.0277489 -0.0241570 -0.1668271 -0.0695318 -0.3510680 0.9187412
1769787205.308668 -0.0101016 -0.0280430 -0.0246262 -0.1682547 -0.0710478 -0.3582438 0.9155895
1769787205.375336 -0.0101468 -0.0285301 -0.0248640 -0.1713365 -0.0733866 -0.3762380 0.9075810
1769787205.575335 -0.0111625 -0.0301666 -0.0269441 -0.1794212 -0.0796521 -0.4173868 0.8872721
1769787205.608668 -0.0112120 -0.0303088 -0.0264551 -0.1806655 -0.0808737 -0.4235453 0.8839846
1769787205.675336 -0.0115529 -0.0307004 -0.0262775 -0.1825403 -0.0824939 -0.4354683 0.8776339
1769787205.742002 -0.0118134 -0.0312277 -0.0265863 -0.1848244 -0.0836222 -0.4461844 0.8716460
1769787205.942003 -0.0125592 -0.0320501 -0.0258358 -0.1906396 -0.0856830 -0.4702570 0.8574225
1769787205.975334 -0.0126851 -0.0319602 -0.0272048 -0.1905666 -0.0856771 -0.4735589 0.8556201
1769787206.108668 -0.0131223 -0.0324727 -0.0261709 -0.1936139 -0.0848669 -0.4860952 0.8479521
1769787206.208668 -0.0136448 -0.0326637 -0.0266282 -0.1951645 -0.0831966 -0.4905831 0.8451730
1769787206.475334 -0.0147539 -0.0323715 -0.0262746 -0.1988934 -0.0767651 -0.4960602 0.8417082
1769787206.542002 -0.0150001 -0.0322642 -0.0265580 -0.1988448 -0.0742773 -0.4957170 0.8421450
1769787206.608668 -0.0150183 -0.0321200 -0.0260595 -0.1991384 -0.0721356 -0.4941908 0.8431582
1769787206.742001 -0.0153634 -0.0314152 -0.0254283 -0.1988172 -0.0649804 -0.4882694 0.8472557
1769787206.875335 -0.0160562 -0.0308335 -0.0259715 -0.1975289 -0.0569461 -0.4805978 0.8525053
1769787206.942003 -0.0164365 -0.0304605 -0.0259147 -0.1970725 -0.0520490 -0.4746619 0.8562414
1769787206.975333 -0.0164171 -0.0301440 -0.0255221 -0.1960002 -0.0498286 -0.4722890 0.8579301
1769787207.008667 -0.0165878 -0.0298342 -0.0258045 -0.1953628 -0.0474388 -0.4684023 0.8603385
1769787207.108668 -0.0168306 -0.0289942 -0.0256676 -0.1928678 -0.0394835 -0.4585300 0.8665987
1769787207.208668 -0.0173748 -0.0280705 -0.0254692 -0.1902001 -0.0299631 -0.4431083 0.8755462
1769787207.242001 -0.0173593 -0.0277145 -0.0249334 -0.1893200 -0.0272996 -0.4377320 0.8785234
1769787207.275334 -0.0175474 -0.0273685 -0.0251411 -0.1879161 -0.0238486 -0.4307072 0.8823889
1769787207.308667 -0.0176321 -0.0270864 -0.0258393 -0.1868051 -0.0208716 -0.4247146 0.8855991
1769787207.342001 -0.0173802 -0.0268797 -0.0244247 -0.1857736 -0.0182752 -0.4192336 0.8884804
1769787207.375334 -0.0176368 -0.0263303 -0.0251530 -0.1839607 -0.0138668 -0.4106230 0.8929473
1769787207.442001 -0.0178752 -0.0256394 -0.0254570 -0.1801572 -0.0065075 -0.3934944 0.9014784
1769787207.475335 -0.0180566 -0.0250462 -0.0263811 -0.1771005 -0.0023910 -0.3843434 0.9060407
1769787207.508667 -0.0183570 -0.0245275 -0.0267538 -0.1753343 0.0024546 -0.3741644 0.9106333
1769787207.542001 -0.0185347 -0.0241648 -0.0269957 -0.1735938 0.0070480 -0.3609374 0.9162641
1769787207.575334 -0.0184022 -0.0238836 -0.0270031 -0.1715544 0.0103532 -0.3514642 0.9202906
1769787207.608667 -0.0185196 -0.0233891 -0.0257967 -0.1688417 0.0145370 -0.3396052 0.9251754
1769787207.642000 -0.0187355 -0.0228421 -0.0265061 -0.1658401 0.0179999 -0.3295712 0.9292771
1769787207.708667 -0.0189357 -0.0218787 -0.0262550 -0.1602437 0.0256718 -0.3102701 0.9366938
1769787207.742000 -0.0190379 -0.0217034 -0.0261205 -0.1583560 0.0288018 -0.3009244 0.9399672
1769787207.775335 -0.0191389 -0.0216373 -0.0260371 -0.1569146 0.0312297 -0.2959248 0.9417171
1769787207.808667 -0.0193178 -0.0212150 -0.0266710 -0.1535723 0.0330176 -0.2901837 0.9439909
1769787207.875334 -0.0194057 -0.0211435 -0.0265479 -0.1477486 0.0365200 -0.2874752 0.9456186
1769787207.908666 -0.0192505 -0.0212872 -0.0260329 -0.1461955 0.0378977 -0.2897493 0.9451117
1769787207.975333 -0.0189633 -0.0209982 -0.0256403 -0.1379406 0.0409269 -0.2905000 0.9459953
1769787208.042001 -0.0188307 -0.0206365 -0.0248822 -0.1310323 0.0460730 -0.2920661 0.9462585
1769787208.142000 -0.0192552 -0.0197367 -0.0252371 -0.1186634 0.0545020 -0.2936133 0.9469635
1769787208.175333 -0.0192044 -0.0199068 -0.0254037 -0.1163292 0.0565089 -0.2932461 0.9472492
1769787208.208667 -0.0191966 -0.0194414 -0.0253252 -0.1116418 0.0594681 -0.2961234 0.9467368
1769787208.242001 -0.0190956 -0.0192836 -0.0250709 -0.1072255 0.0624556 -0.2959196 0.9471186
1769787208.275333 -0.0190022 -0.0190098 -0.0248360 -0.1037656 0.0653367 -0.2973586 0.9468589
1769787208.308666 -0.0191156 -0.0190235 -0.0250307 -0.1008734 0.0690135 -0.3001157 0.9460403
1769787208.342000 -0.0190264 -0.0188395 -0.0249538 -0.0981978 0.0723156 -0.3011556 0.9457447
1769787208.375334 -0.0191373 -0.0187726 -0.0249475 -0.0962535 0.0767348 -0.3039924 0.9446882
1769787208.442000 -0.0188066 -0.0185608 -0.0243382 -0.0912591 0.0851659 -0.3069303 0.9435107
1769787208.475334 -0.0183673 -0.0183456 -0.0240432 -0.0892131 0.0887652 -0.3104515 0.9422216
1769787208.508667 -0.0185661 -0.0184277 -0.0242904 -0.0878205 0.0928239 -0.3118877 0.9414868
1769787208.575333 -0.0181498 -0.0188143 -0.0236054 -0.0878578 0.0998422 -0.3172986 0.9389538
1769787208.608666 -0.0180468 -0.0182429 -0.0241790 -0.0852123 0.1028849 -0.3219869 0.9372716
1769787208.641999 -0.0181663 -0.0181381 -0.0240442 -0.0850474 0.1067219 -0.3239509 0.9361801
1769787208.675335 -0.0180256 -0.0177051 -0.0233339 -0.0838951 0.1101995 -0.3253331 0.9354016
1769787208.708667 -0.0178168 -0.0174881 -0.0237536 -0.0833489 0.1114089 -0.3305300 0.9334832
1769787208.808666 -0.0179282 -0.0165345 -0.0227911 -0.0826088 0.1169928 -0.3293386 0.9332870
1769787208.908666 -0.0188054 -0.0154364 -0.0239080 -0.1015323 0.1162807 -0.3123174 0.9373515
1769787208.942001 -0.0190256 -0.0151265 -0.0241513 -0.1067950 0.1158603 -0.3039867 0.9395548
1769787208.975333 -0.0188430 -0.0146266 -0.0228005 -0.1112271 0.1167133 -0.2970189 0.9411622
1769787209.075332 -0.0189968 -0.0138506 -0.0222776 -0.1189331 0.1168872 -0.2802813 0.9453225
1769787209.108666 -0.0190318 -0.0130481 -0.0231490 -0.1194614 0.1169049 -0.2759199 0.9465361
1769787209.175333 -0.0190972 -0.0125145 -0.0220997 -0.1212930 0.1175490 -0.2686071 0.9483251
1769787209.208666 -0.0189608 -0.0122322 -0.0219869 -0.1218166 0.1177997 -0.2630681 0.9497784
1769787209.242000 -0.0195078 -0.0120580 -0.0232820 -0.1223027 0.1179702 -0.2598922 0.9505689
1769787209.342000 -0.0192932 -0.0116812 -0.0219760 -0.1222409 0.1187835 -0.2527713 0.9523940
1769787209.375334 -0.0188860 -0.0112141 -0.0207418 -0.1215079 0.1189699 -0.2485327 0.9535793
1769787209.508666 -0.0187612 -0.0103614 -0.0203421 -0.1137019 0.1194381 -0.2411600 0.9563725
1769787209.575333 -0.0190530 -0.0102056 -0.0207821 -0.1091258 0.1192557 -0.2406092 0.9570668
1769787209.608665 -0.0189438 -0.0098128 -0.0203690 -0.1052222 0.1191226 -0.2389564 0.9579342
1769787211.075344 -0.0211201 -0.0069428 -0.0192369 -0.0543053 0.1385291 -0.2330961 0.9610031
1769787211.142012 -0.0213029 -0.0069397 -0.0194106 -0.0544446 0.1403092 -0.2308662 0.9612752
1769787211.475346 -0.0219782 -0.0077967 -0.0195154 -0.0638132 0.1461158 -0.2333274 0.9592374
1769787211.508678 -0.0224485 -0.0079059 -0.0197148 -0.0644752 0.1482787 -0.2296335 0.9597525
1769787211.608677 -0.0224850 -0.0080930 -0.0196134 -0.0682549 0.1496853 -0.2314861 0.9588273
1769787211.675346 -0.0228852 -0.0083166 -0.0201507 -0.0712634 0.1509266 -0.2321807 0.9582458
1769787211.808678 -0.0235436 -0.0088828 -0.0208119 -0.0775922 0.1538649 -0.2316255 0.9574208
1769787211.842011 -0.0238894 -0.0090579 -0.0207215 -0.0792776 0.1552217 -0.2310386 0.9572056
1769787212.042011 -0.0245546 -0.0104810 -0.0207200 -0.0911041 0.1593454 -0.2303213 0.9556471
1769787212.142011 -0.0255330 -0.0108363 -0.0222227 -0.0969570 0.1609329 -0.2320600 0.9543836
1769787212.308677 -0.0267327 -0.0118653 -0.0233341 -0.1080995 0.1649417 -0.2305361 0.9528703
1769787212.342012 -0.0268823 -0.0121452 -0.0226885 -0.1104165 0.1665886 -0.2296976 0.9525206
1769787212.408677 -0.0280643 -0.0124225 -0.0248050 -0.1142256 0.1675163 -0.2280783 0.9522978
1769787212.475345 -0.0280879 -0.0131739 -0.0240619 -0.1198127 0.1686272 -0.2273113 0.9515983
1769787212.508678 -0.0283459 -0.0134874 -0.0239222 -0.1222233 0.1697524 -0.2260121 0.9514012
1769787212.542011 -0.0284804 -0.0138926 -0.0229393 -0.1242327 0.1717039 -0.2228293 0.9515414
1769787212.608677 -0.0294403 -0.0142589 -0.0244898 -0.1298905 0.1719239 -0.2241527 0.9504347
1769787212.675344 -0.0300468 -0.0150836 -0.0250679 -0.1347958 0.1730255 -0.2218045 0.9501026
1769787212.708678 -0.0300551 -0.0150674 -0.0252591 -0.1362022 0.1730247 -0.2213700 0.9500036
1769787212.808677 -0.0303700 -0.0160823 -0.0242338 -0.1442469 0.1755815 -0.2185255 0.9490051
1769787212.842011 -0.0305939 -0.0165554 -0.0242659 -0.1469101 0.1757738 -0.2162123 0.9490908
1769787212.875344 -0.0320952 -0.0166668 -0.0261391 -0.1489240 0.1768414 -0.2158637 0.9486578
1769787212.942011 -0.0313730 -0.0171764 -0.0247978 -0.1528067 0.1764006 -0.2152554 0.9482605
1769787213.042011 -0.0310964 -0.0186327 -0.0244181 -0.1601635 0.1764542 -0.2149217 0.9471115
1769787213.075343 -0.0313016 -0.0186837 -0.0237135 -0.1619423 0.1779898 -0.2107242 0.9474649
1769787213.142010 -0.0315710 -0.0193471 -0.0234375 -0.1668707 0.1779711 -0.2119625 0.9463363
1769787213.242011 -0.0307419 -0.0186977 -0.0222834 -0.1732687 0.1777921 -0.2086554 0.9459550
1769787213.275344 -0.0333077 -0.0194223 -0.0265611 -0.1747721 0.1798383 -0.2069762 0.9456605
1769787213.308676 -0.0325405 -0.0188196 -0.0250929 -0.1760915 0.1794527 -0.2079258 0.9452806
1769787213.342010 -0.0323701 -0.0190547 -0.0225276 -0.1785973 0.1809964 -0.2066679 0.9447919
1769787213.408676 -0.0321137 -0.0180954 -0.0245997 -0.1826177 0.1790402 -0.2074696 0.9442202
1769787213.475344 -0.0338336 -0.0183697 -0.0262898 -0.1861567 0.1787112 -0.2071640 0.9436584
1769787213.575343 -0.0328215 -0.0184043 -0.0257206 -0.1921002 0.1773371 -0.2062002 0.9429373
1769787213.842010 -0.0355319 -0.0198739 -0.0304125 -0.2043943 0.1747669 -0.2053335 0.9410195
1769787213.875343 -0.0342390 -0.0179373 -0.0268178 -0.2060662 0.1738579 -0.2042074 0.9410683
1769787214.075342 -0.0372470 -0.0182981 -0.0313794 -0.2126612 0.1707756 -0.2007485 0.9409096
1769787214.175343 -0.0375358 -0.0187638 -0.0315966 -0.2150017 0.1689579 -0.1979601 0.9412966
1769787214.275343 -0.0371393 -0.0190175 -0.0318610 -0.2175090 0.1654262 -0.1973683 0.9414721
1769787214.342010 -0.0379438 -0.0186434 -0.0319890 -0.2187027 0.1640242 -0.1965120 0.9416200
1769787214.542011 -0.0379066 -0.0195034 -0.0318772 -0.2226405 0.1590302 -0.1938577 0.9421039
1769787214.608676 -0.0366219 -0.0190526 -0.0305505 -0.2230884 0.1566961 -0.1948825 0.9421777
1769787214.742010 -0.0361366 -0.0188234 -0.0301160 -0.2230376 0.1529072 -0.1928569 0.9432284
1769787214.875343 -0.0350017 -0.0192660 -0.0304674 -0.2222177 0.1470543 -0.1920284 0.9445208
1769787214.942009 -0.0339573 -0.0189918 -0.0302713 -0.2213416 0.1445850 -0.1913228 0.9452506
1769787215.108676 -0.0338756 -0.0190399 -0.0304638 -0.2178720 0.1376158 -0.1888820 0.9475850
1769787215.142009 -0.0335135 -0.0186556 -0.0300730 -0.2168663 0.1362498 -0.1884153 0.9481059
1769787215.175342 -0.0335459 -0.0187212 -0.0301874 -0.2162095 0.1343770 -0.1890309 0.9484006
1769787215.208675 -0.0329964 -0.0186313 -0.0297914 -0.2157571 0.1332794 -0.1882561 0.9488125
1769787215.242010 -0.0323658 -0.0185669 -0.0292639 -0.2144771 0.1308946 -0.1880441 0.9494765
1769787215.275342 -0.0328845 -0.0189840 -0.0300343 -0.2138814 0.1298777 -0.1874390 0.9498701
1769787215.342010 -0.0316549 -0.0182895 -0.0288417 -0.2117763 0.1261258 -0.1877373 0.9507880
1769787215.408675 -0.0315820 -0.0181729 -0.0292011 -0.2084796 0.1226909 -0.1876464 0.9519832
1769787215.475344 -0.0310804 -0.0180047 -0.0289702 -0.2062945 0.1199250 -0.1870248 0.9529335
1769787215.508676 -0.0298805 -0.0176988 -0.0277690 -0.2050047 0.1177619 -0.1868009 0.9535254
1769787215.542009 -0.0300736 -0.0170560 -0.0296176 -0.2030765 0.1162361 -0.1865703 0.9541702
1769787215.642009 -0.0295795 -0.0172777 -0.0294248 -0.1977159 0.1099231 -0.1849124 0.9563643
1769787215.675342 -0.0301576 -0.0181989 -0.0296369 -0.1965572 0.1091344 -0.1851524 0.9566470
1769787215.708676 -0.0309554 -0.0179743 -0.0304293 -0.1948785 0.1073830 -0.1852189 0.9571757
1769787215.742009 -0.0301623 -0.0179133 -0.0293663 -0.1936726 0.1056478 -0.1864769 0.9573692
1769787215.775342 -0.0300850 -0.0179437 -0.0301569 -0.1917495 0.1043061 -0.1855691 0.9580796
1769787215.842009 -0.0296103 -0.0183171 -0.0289742 -0.1890051 0.1007140 -0.1859293 0.9589391
1769787215.908675 -0.0292745 -0.0183031 -0.0295130 -0.1849848 0.0969659 -0.1842751 0.9604275
1769787215.975343 -0.0283240 -0.0180212 -0.0287415 -0.1815672 0.0935902 -0.1841625 0.9614356
1769787216.008675 -0.0279555 -0.0178502 -0.0287660 -0.1795809 0.0907826 -0.1858580 0.9617516
1769787216.042010 -0.0274647 -0.0176869 -0.0283780 -0.1772510 0.0887142 -0.1861248 0.9623250
1769787216.075342 -0.0282319 -0.0176286 -0.0293156 -0.1752457 0.0863361 -0.1891454 0.9623197
1769787216.108675 -0.0270958 -0.0174555 -0.0291978 -0.1725904 0.0841275 -0.1896327 0.9628990
1769787216.242009 -0.0262082 -0.0168425 -0.0300984 -0.1597857 0.0732872 -0.1947378 0.9649739
1769787216.275342 -0.0260121 -0.0168927 -0.0294846 -0.1572528 0.0710133 -0.1959533 0.9653139
1769787216.308675 -0.0256892 -0.0168333 -0.0292008 -0.1551328 0.0682615 -0.1950551 0.9660371
1769787216.375342 -0.0256095 -0.0167206 -0.0294893 -0.1491763 0.0642147 -0.1962475 0.9670107
1769787216.408674 -0.0254195 -0.0166196 -0.0291396 -0.1461297 0.0620750 -0.1951580 0.9678358
1769787216.442009 -0.0254673 -0.0161426 -0.0296185 -0.1428363 0.0594039 -0.1955350 0.9684188
1769787216.508675 -0.0250834 -0.0161755 -0.0292482 -0.1369790 0.0545316 -0.1955377 0.9695505
1769787216.642008 -0.0245745 -0.0158163 -0.0290117 -0.1246150 0.0428730 -0.1952208 0.9718652
1769787216.675341 -0.0242399 -0.0152507 -0.0288131 -0.1194116 0.0389887 -0.1920169 0.9733192
1769787216.708675 -0.0242307 -0.0156405 -0.0278772 -0.1186618 0.0366687 -0.1891867 0.9740551
1769787216.775342 -0.0237729 -0.0155522 -0.0279202 -0.1139176 0.0277661 -0.1898226 0.9747919
1769787216.808675 -0.0244980 -0.0153534 -0.0288339 -0.1104009 0.0235187 -0.1853145 0.9761747
1769787216.942009 -0.0241538 -0.0150712 -0.0285488 -0.1020361 0.0059864 -0.1830370 0.9777783
1769787217.075341 -0.0217574 -0.0139893 -0.0242389 -0.1010375 -0.0055401 -0.1743504 0.9794706
1769787217.142008 -0.0226123 -0.0147151 -0.0254246 -0.0978346 -0.0061488 -0.1621218 0.9818895
1769787217.308674 -0.0221844 -0.0140571 -0.0247110 -0.1223454 0.0042411 -0.1616881 0.9792194
1769787217.475342 -0.0207113 -0.0138045 -0.0234010 -0.1399866 0.0076034 -0.1632142 0.9765792
1769787217.508674 -0.0202461 -0.0138208 -0.0226712 -0.1420691 0.0074782 -0.1620717 0.9764698
1769787217.542008 -0.0206380 -0.0139247 -0.0228683 -0.1433671 0.0078818 -0.1630887 0.9761075
1769787217.608674 -0.0204591 -0.0138919 -0.0228842 -0.1444447 0.0072922 -0.1640432 0.9757932
1769787217.842019 -0.0189375 -0.0143519 -0.0213109 -0.1362131 0.0026000 -0.1667526 0.9765412
1769787217.908685 -0.0267863 -0.0175126 -0.0341467 -0.1308964 0.0020027 -0.1652093 0.9775316
1769787217.942019 -0.0266475 -0.0171487 -0.0337741 -0.1272765 0.0024457 -0.1665448 0.9777820
1769787218.042019 -0.0267020 -0.0164993 -0.0335634 -0.1175113 0.0020812 -0.1628103 0.9796324
1769787218.342019 -0.0258489 -0.0165179 -0.0334294 -0.1043535 -0.0015687 -0.1668866 0.9804370
1769787218.408685 -0.0254907 -0.0161951 -0.0327608 -0.1007184 -0.0033574 -0.1654633 0.9810538
1769787219.075351 -0.0247031 -0.0168514 -0.0332581 -0.0964370 -0.0115835 -0.1637788 0.9817038
1769787219.175353 -0.0245572 -0.0176660 -0.0326683 -0.0990078 -0.0128842 -0.1641299 0.9813730
1769787219.275352 -0.0244993 -0.0177594 -0.0332587 -0.0996841 -0.0145862 -0.1632241 0.9814318
1769787219.642019 -0.0245039 -0.0185699 -0.0335942 -0.1074361 -0.0173108 -0.1604136 0.9810328
1769787219.708684 -0.0245290 -0.0187457 -0.0342811 -0.1091081 -0.0182135 -0.1609630 0.9807419
1769787219.975351 -0.0245262 -0.0195211 -0.0342432 -0.1167011 -0.0198904 -0.1586732 0.9802082
1769787220.242018 -0.0244417 -0.0202272 -0.0340233 -0.1256659 -0.0210396 -0.1602474 0.9788188
1769787220.442018 -0.0255833 -0.0221916 -0.0355918 -0.1389285 -0.0182479 -0.1509863 0.9785545
1769787220.775351 -0.0259492 -0.0256596 -0.0347039 -0.1617152 -0.0172688 -0.1510977 0.9750485
1769787220.808684 -0.0260590 -0.0256987 -0.0358213 -0.1647943 -0.0188927 -0.1522092 0.9743297
1769787220.842017 -0.0260779 -0.0266571 -0.0349250 -0.1682406 -0.0176051 -0.1544424 0.9734129
1769787220.975351 -0.0257219 -0.0277645 -0.0308800 -0.1762273 -0.0158680 -0.1493896 0.9728180
1769787221.108685 -0.0263721 -0.0288702 -0.0349247 -0.1846136 -0.0242265 -0.1915791 0.9636537
1769787221.142017 -0.0264323 -0.0296458 -0.0342411 -0.1895511 -0.0273109 -0.2051648 0.9598083
1769787221.375350 -0.0275241 -0.0323045 -0.0330819 -0.2066417 -0.0402173 -0.2842180 0.9353619
1769787221.608684 -0.0289402 -0.0344697 -0.0345217 -0.2204026 -0.0527025 -0.3524907 0.9079623
1769787221.642017 -0.0284017 -0.0343454 -0.0320744 -0.2212434 -0.0550333 -0.3589701 0.9050763
1769787221.742018 -0.0287743 -0.0353144 -0.0324973 -0.2261855 -0.0606094 -0.3847873 0.8928075
1769787221.775351 -0.0286669 -0.0356525 -0.0335024 -0.2276233 -0.0632314 -0.3931654 0.8886002
1769787221.808684 -0.0291167 -0.0360862 -0.0324837 -0.2291031 -0.0640900 -0.4030471 0.8837178
1769787221.842017 -0.0290793 -0.0361290 -0.0319157 -0.2306272 -0.0656801 -0.4110409 0.8795127
1769787221.942017 -0.0293313 -0.0368090 -0.0324915 -0.2350131 -0.0700893 -0.4328048 0.8674886
1769787222.408682 -0.0311601 -0.0390714 -0.0315216 -0.2491591 -0.0833417 -0.5004332 0.8249488
1769787222.442017 -0.0312658 -0.0392131 -0.0319390 -0.2500496 -0.0842309 -0.5045466 0.8220785
1769787222.842016 -0.0328057 -0.0392580 -0.0315194 -0.2553175 -0.0785842 -0.5252761 0.8079125
1769787222.908682 -0.0330346 -0.0392925 -0.0315213 -0.2565179 -0.0767605 -0.5250355 0.8078640
1769787223.008682 -0.0334627 -0.0390974 -0.0316223 -0.2573562 -0.0726536 -0.5248830 0.8080761
1769787223.175349 -0.0338971 -0.0384129 -0.0314444 -0.2568962 -0.0647680 -0.5206079 0.8116508
1769787223.242016 -0.0339811 -0.0379838 -0.0309184 -0.2565438 -0.0599620 -0.5172854 0.8142516
1769787223.442017 -0.0347532 -0.0368677 -0.0309870 -0.2538064 -0.0459734 -0.5034181 0.8246447
1769787223.508682 -0.0347135 -0.0366119 -0.0309198 -0.2524543 -0.0417091 -0.4984096 0.8283206
1769787223.575349 -0.0348240 -0.0360640 -0.0312046 -0.2505629 -0.0361294 -0.4920787 0.8329294
1769787223.608682 -0.0351506 -0.0357820 -0.0313700 -0.2495833 -0.0327388 -0.4880036 0.8357565
1769787223.642015 -0.0351616 -0.0355255 -0.0310120 -0.2488057 -0.0293293 -0.4823825 0.8393704
1769787223.675350 -0.0351035 -0.0353568 -0.0306650 -0.2482816 -0.0265578 -0.4782489 0.8419791
1769787223.708682 -0.0353758 -0.0350780 -0.0311764 -0.2471392 -0.0228931 -0.4728179 0.8454829
1769787223.742016 -0.0355043 -0.0345162 -0.0316450 -0.2446202 -0.0196274 -0.4668672 0.8495945
1769787223.775350 -0.0351377 -0.0345183 -0.0307501 -0.2440686 -0.0165430 -0.4611889 0.8529137
1769787223.842016 -0.0351612 -0.0337279 -0.0303936 -0.2409290 -0.0087773 -0.4474047 0.8612231
1769787223.908681 -0.0351982 -0.0327749 -0.0299899 -0.2358973 0.0008610 -0.4297470 0.8715901
1769787223.942015 -0.0355182 -0.0326092 -0.0306913 -0.2349935 0.0048227 -0.4230427 0.8750941
1769787223.975349 -0.0352820 -0.0321940 -0.0302626 -0.2327301 0.0089771 -0.4138381 0.8800535
1769787224.008682 -0.0355948 -0.0314424 -0.0303518 -0.2294557 0.0156688 -0.4003158 0.8870468
1769787224.075347 -0.0361885 -0.0306109 -0.0308757 -0.2240096 0.0255678 -0.3788205 0.8975862
1769787224.142015 -0.0361802 -0.0296571 -0.0307141 -0.2181873 0.0337023 -0.3598920 0.9064967
1769787224.175348 -0.0365085 -0.0299390 -0.0311817 -0.2176884 0.0369756 -0.3524987 0.9093895
1769787224.242016 -0.0363113 -0.0292261 -0.0303594 -0.2120265 0.0438186 -0.3363521 0.9165108
1769787224.275348 -0.0363096 -0.0291503 -0.0306597 -0.2101966 0.0450277 -0.3322428 0.9183706
1769787224.342016 -0.0358189 -0.0287695 -0.0300250 -0.2040131 0.0478819 -0.3309337 0.9200917
1769787224.375349 -0.0364977 -0.0288480 -0.0309836 -0.2021237 0.0496709 -0.3319016 0.9200653
1769787224.408681 -0.0361437 -0.0289696 -0.0310503 -0.1992997 0.0503878 -0.3360115 0.9191501
1769787224.508681 -0.0360575 -0.0285523 -0.0305450 -0.1882146 0.0560735 -0.3382843 0.9203233
1769787224.575348 -0.0362889 -0.0284932 -0.0309782 -0.1811021 0.0604314 -0.3408210 0.9205385
1769787224.608681 -0.0360407 -0.0279375 -0.0309096 -0.1756851 0.0623784 -0.3405637 0.9215531
1769787224.675348 -0.0365118 -0.0287993 -0.0317196 -0.1724374 0.0675237 -0.3434380 0.9207368
1769787224.708681 -0.0361647 -0.0282602 -0.0303701 -0.1679648 0.0701341 -0.3458370 0.9204704
1769787224.775349 -0.0358540 -0.0278470 -0.0306202 -0.1599472 0.0749965 -0.3513668 0.9194204
1769787224.975347 -0.0348536 -0.0276954 -0.0301557 -0.1462039 0.0956531 -0.3636214 0.9150161
1769787225.008680 -0.0345282 -0.0277072 -0.0299034 -0.1449554 0.0990697 -0.3651347 0.9142482
1769787225.075346 -0.0341128 -0.0278604 -0.0298306 -0.1443029 0.1041766 -0.3737824 0.9102805
1769787225.108680 -0.0339633 -0.0275692 -0.0308722 -0.1426853 0.1058862 -0.3776184 0.9087538
1769787225.142013 -0.0342326 -0.0273507 -0.0309666 -0.1421801 0.1094557 -0.3815035 0.9067852
1769787225.175348 -0.0340441 -0.0269176 -0.0308836 -0.1403637 0.1110464 -0.3842607 0.9057099
1769787225.375347 -0.0364165 -0.0239983 -0.0351666 -0.1554000 0.1178599 -0.3661810 0.9098744
1769787225.408679 -0.0341840 -0.0244582 -0.0299585 -0.1628112 0.1190194 -0.3558641 0.9125172
1769787225.575346 -0.0351105 -0.0224542 -0.0309427 -0.1747542 0.1228393 -0.3288111 0.9199210
1769787225.642013 -0.0356376 -0.0216931 -0.0310100 -0.1765360 0.1256491 -0.3196229 0.9224362
1769787225.775347 -0.0355348 -0.0203968 -0.0310340 -0.1756645 0.1273471 -0.3046306 0.9274292
1769787225.808679 -0.0353597 -0.0201753 -0.0313013 -0.1746933 0.1271142 -0.3015360 0.9286551
1769787225.842015 -0.0355992 -0.0202574 -0.0315343 -0.1743869 0.1279816 -0.2988345 0.9294665
1769787225.975346 -0.0354432 -0.0197818 -0.0308328 -0.1677913 0.1277619 -0.2897709 0.9335715
1769787226.008679 -0.0351811 -0.0195613 -0.0306921 -0.1656865 0.1275973 -0.2894706 0.9340630
1769787227.608678 -0.0379082 -0.0185043 -0.0314531 -0.1040962 0.1470614 -0.2810028 0.9426422
1769787227.942013 -0.0422682 -0.0321036 -0.0439794 -0.1126834 0.1558670 -0.2750219 0.9420037
1769787230.342010 -0.0382324 -0.0285602 -0.0085584 -0.2592694 0.1865214 -0.2524752 0.9133704
1769787230.642010 -0.0386624 -0.0304079 -0.0099145 -0.2710070 0.1782956 -0.2495729 0.9124030
1769787231.375343 -0.0380777 -0.0327854 -0.0116736 -0.2787455 0.1569359 -0.2399342 0.9165717
1769787231.775343 -0.0346108 -0.0323482 -0.0109651 -0.2704452 0.1373376 -0.2383833 0.9225894
1769787231.808676 -0.0339470 -0.0318733 -0.0102021 -0.2692201 0.1347350 -0.2393816 0.9230729
1769787231.842009 -0.0346812 -0.0326188 -0.0100556 -0.2685018 0.1347415 -0.2366010 0.9239976
1769787231.875342 -0.0336484 -0.0326565 -0.0101256 -0.2673385 0.1321979 -0.2373834 0.9245015
1769787231.942011 -0.0324439 -0.0317276 -0.0100918 -0.2647497 0.1271141 -0.2391662 0.9254994
1769787231.975343 -0.0313278 -0.0313967 -0.0088449 -0.2633211 0.1252955 -0.2394679 0.9260767
1769787232.008676 -0.0350057 -0.0321717 -0.0135352 -0.2621348 0.1251720 -0.2376751 0.9268915
1769787232.108676 -0.0295202 -0.0307330 -0.0079940 -0.2580220 0.1172407 -0.2390269 0.9287332
1769787232.142009 -0.0320355 -0.0317493 -0.0113704 -0.2559565 0.1156843 -0.2396687 0.9293343
1769787232.242011 -0.0400349 -0.0356115 -0.0213151 -0.2502448 0.1127703 -0.2344349 0.9325774
1769787232.275342 -0.0340942 -0.0328441 -0.0144266 -0.2481007 0.1091663 -0.2352097 0.9333837
1769787232.375355 -0.0363844 -0.0336476 -0.0201028 -0.2424108 0.1041690 -0.2346824 0.9355800
1769787232.408686 -0.0366191 -0.0335045 -0.0213100 -0.2407562 0.1028048 -0.2359590 0.9358370
1769787232.475354 -0.0350370 -0.0329337 -0.0195767 -0.2379640 0.0990885 -0.2362872 0.9368687
1769787232.508687 -0.0349224 -0.0328877 -0.0186390 -0.2360812 0.0978025 -0.2354511 0.9376904
1769787232.608687 -0.0345253 -0.0326498 -0.0183004 -0.2305795 0.0919013 -0.2391321 0.9387242
1769787232.775355 -0.0334355 -0.0325703 -0.0166417 -0.2180450 0.0821574 -0.2417032 0.9419587
1769787232.842021 -0.0327640 -0.0319918 -0.0167866 -0.2127039 0.0768778 -0.2437519 0.9430970
1769787232.875354 -0.0325761 -0.0318500 -0.0167278 -0.2098563 0.0745904 -0.2437826 0.9439103
1769787232.942020 -0.0319818 -0.0318605 -0.0164989 -0.2053811 0.0681282 -0.2461175 0.9447768
1769787232.975354 -0.0320493 -0.0314435 -0.0161038 -0.2016592 0.0668558 -0.2434991 0.9463468
1769787233.042021 -0.0317699 -0.0312831 -0.0163255 -0.1953592 0.0619384 -0.2430554 0.9481153
1769787233.108687 -0.0313018 -0.0312138 -0.0167985 -0.1904973 0.0549067 -0.2416950 0.9498840
1769787233.175353 -0.0310944 -0.0309009 -0.0152256 -0.1874660 0.0479059 -0.2436355 0.9503701
1769787233.208686 -0.0307674 -0.0309582 -0.0143348 -0.1838167 0.0440116 -0.2390944 0.9524223
1769787233.275353 -0.0298949 -0.0297343 -0.0214203 -0.1775922 0.0340358 -0.2370338 0.9545248
1769787233.342021 -0.0297900 -0.0300479 -0.0206195 -0.1734098 0.0235557 -0.2339223 0.9563758
1769787233.375354 -0.0295922 -0.0295151 -0.0209794 -0.1723407 0.0210958 -0.2284706 0.9579431
1769787233.442022 -0.0263715 -0.0419207 -0.0373742 -0.1673355 0.0119887 -0.2232216 0.9602225
1769787235.875352 -0.0192046 -0.0267400 -0.0274035 -0.1645815 -0.0111428 -0.2213267 0.9611469
1769787237.208684 -0.0232059 -0.0320533 -0.0235061 -0.2134415 0.0092019 -0.2113968 0.9537659
1769787237.408684 -0.0240528 -0.0327315 -0.0234546 -0.2201886 0.0140560 -0.2119312 0.9520528
1769787237.475351 -0.0243488 -0.0329750 -0.0233723 -0.2224897 0.0156657 -0.2121100 0.9514527
1769787237.508685 -0.0244963 -0.0329742 -0.0233683 -0.2233355 0.0165104 -0.2128044 0.9510852
1769787237.775351 -0.0253630 -0.0338675 -0.0230571 -0.2312611 0.0218858 -0.2148597 0.9486172
1769787237.808684 -0.0255313 -0.0338723 -0.0229239 -0.2319880 0.0231354 -0.2139513 0.9486154
1769787238.175350 -0.0265185 -0.0341832 -0.0226377 -0.2384120 0.0310252 -0.2165575 0.9462030
1769787238.242017 -0.0266390 -0.0341194 -0.0225182 -0.2390573 0.0320574 -0.2165849 0.9459994
1769787238.608683 -0.0276465 -0.0340483 -0.0224223 -0.2412356 0.0401923 -0.2174918 0.9449272
1769787238.775350 -0.0279377 -0.0339224 -0.0223909 -0.2413349 0.0424818 -0.2187441 0.9445125
1769787238.908682 -0.0281158 -0.0338939 -0.0224071 -0.2413006 0.0441978 -0.2195378 0.9442583
1769787239.008683 -0.0282284 -0.0337962 -0.0224637 -0.2412265 0.0451556 -0.2203620 0.9440399
1769787239.275349 -0.0284152 -0.0335723 -0.0224460 -0.2401820 0.0478639 -0.2225202 0.9436665
1769787239.508683 -0.0285418 -0.0334840 -0.0225026 -0.2392201 0.0493162 -0.2233327 0.9436440
1769787240.108683 -0.0287878 -0.0328607 -0.0225854 -0.2352952 0.0522011 -0.2252403 0.9440222
1769787240.408695 -0.0287419 -0.0326856 -0.0225193 -0.2342608 0.0521176 -0.2258660 0.9441346
1769787243.075360 -0.0288982 -0.0323241 -0.0224725 -0.2329621 0.0518507 -0.2271665 0.9441587
1769787243.175361 -0.0288199 -0.0323504 -0.0224378 -0.2328472 0.0517516 -0.2270453 0.9442216
1769787243.275361 -0.0288794 -0.0324484 -0.0225101 -0.2330176 0.0518301 -0.2271525 0.9441494
1769787243.675360 -0.0288977 -0.0324394 -0.0225408 -0.2329622 0.0518711 -0.2271269 0.9441671
1769787244.875360 -0.0288367 -0.0323764 -0.0225510 -0.2329795 0.0516548 -0.2273054 0.9441317
