1769789385.324249 0.0000000 0.0000000 0.0000000 -0.0000000 -0.0000000 -0.0000000 1.0000000
1769789385.990928 0.0263729 -0.0060150 0.0044690 0.0015745 0.0002884 -0.0002625 0.9999987
1769789386.024257 0.0317092 -0.0031267 0.0121985 0.0021211 -0.0001904 0.0001850 0.9999977
1769789386.257597 0.0367950 -0.0024242 0.0135167 0.0012325 0.0020584 -0.0011065 0.9999965
1769789386.557586 0.0602331 0.0059206 0.0199232 0.0034059 0.0032487 -0.0001290 0.9999889
1769789386.857590 0.0830730 0.0236054 0.0226639 0.0053033 0.0061058 -0.0001754 0.9999673
1769789387.157587 0.1061613 0.0557170 0.0268098 0.0076948 0.0093216 -0.0001276 0.9999269
1769789387.424264 0.1220678 0.0853700 0.0291899 0.0081188 0.0130913 -0.0013365 0.9998805
1769789387.690915 0.1303939 0.0978353 0.0293540 0.0056337 0.0174041 0.0000529 0.9998327
1769789387.890921 0.1353226 0.1098722 0.0306631 0.0036044 0.0199934 0.0003342 0.9997936
1769789388.224250 0.1384508 0.1170986 0.0273587 0.0007022 0.0226145 0.0013020 0.9997432
1769789389.657585 0.0980454 -0.0249977 0.0147485 0.0141104 0.0099255 0.0029485 0.9998469
1769789389.790921 0.0753766 -0.0713001 0.0237710 0.0134205 0.0108680 0.0034223 0.9998450
1769789389.924244 0.0515092 -0.1189788 0.0320036 0.0116157 0.0117134 0.0048440 0.9998522
1769789390.024253 0.0338475 -0.1389472 0.0152324 0.0094884 0.0118613 0.0056325 0.9998688
1769789390.124253 0.0167474 -0.1502868 0.0175951 -0.0137760 0.0103540 0.0061833 0.9998324
1769789390.290919 -0.0188745 -0.1701395 0.0172780 -0.0348699 0.0094958 0.0048805 0.9993349
1769789390.390913 -0.0260156 -0.1692573 0.0217432 -0.0407651 0.0078980 0.0036632 0.9991308
1769789390.557579 -0.0336053 -0.1719781 0.0308979 -0.0443134 0.0051777 0.0021375 0.9990020
1769789390.757613 -0.0423626 -0.1734327 0.0428246 -0.0379734 0.0031861 0.0009678 0.9992732
1769789391.057607 -0.0512474 -0.1766320 0.0408839 -0.0209274 0.0014843 0.0009254 0.9997795
1769789391.324268 -0.0461117 -0.1727178 0.0456094 -0.0111763 -0.0024015 0.0013033 0.9999338
1769789391.624269 -0.0402458 -0.1584400 0.0519079 -0.0062369 -0.0059583 0.0016779 0.9999614
1769789391.790956 -0.0434168 -0.1435726 0.0487580 -0.0056594 -0.0070229 0.0011677 0.9999587
1769789391.924279 -0.0516446 -0.1017742 0.0549780 -0.0032665 -0.0071139 0.0002096 0.9999694
1769789392.090935 -0.0571769 -0.0509488 0.0488688 -0.0015729 -0.0073608 -0.0012734 0.9999709
1769789392.224275 -0.0576044 -0.0058963 0.0482645 0.0003347 -0.0079015 -0.0018935 0.9999670
1769789392.357601 -0.0592795 0.0355759 0.0557917 0.0009904 -0.0074903 -0.0037441 0.9999645
1769789392.490950 -0.0543843 0.0746093 0.0558597 0.0014884 -0.0078989 -0.0043262 0.9999583
1769789392.657617 -0.0450134 0.1201547 0.0589655 0.0020623 -0.0081216 -0.0043301 0.9999555
1769789392.957604 -0.0288777 0.1822727 0.0630142 0.0029480 -0.0076570 -0.0394180 0.9991891
1769789393.224272 -0.0079065 0.2106836 0.0614480 0.0032448 -0.0068960 -0.0822928 0.9965791
1769789393.390944 0.0178068 0.2148814 0.0605644 0.0037668 -0.0067284 -0.0843832 0.9964035
1769789393.490935 0.0373011 0.2106173 0.0623477 0.0045152 -0.0061848 -0.0754272 0.9971219
1769789393.590933 0.0559344 0.2066619 0.0653384 0.0057174 -0.0052635 -0.0669578 0.9977255
1769789393.757609 0.0908526 0.1878254 0.0758613 0.0074715 -0.0044694 -0.0527219 0.9985713
1769789393.890929 0.1179075 0.1717907 0.0833175 0.0102368 -0.0034608 -0.0442158 0.9989636
1769789394.024310 0.1418630 0.1489460 0.0919657 0.0152714 -0.0008276 -0.0407426 0.9990526
1769789394.157618 0.1678438 0.1296597 0.1009651 0.0255536 0.0046513 -0.0386136 0.9989166
1769789394.324289 0.2002924 0.0878550 0.1051647 0.0392427 0.0144010 -0.0346376 0.9985254
1769789394.424275 0.2225639 0.0617968 0.1081054 0.0441799 0.0238067 -0.0322137 0.9982203
1769789394.524316 0.2428771 0.0391369 0.1168641 0.0487683 0.0347700 -0.0294647 0.9977698
1769789394.690953 0.2617036 0.0221421 0.1399322 0.0557715 0.0536485 -0.0261074 0.9966593
1769789394.924267 0.3137839 -0.0410319 0.1633344 0.0511794 0.0563843 -0.0211151 0.9968730
1769789395.024262 0.3357758 -0.0494194 0.1492654 0.0314153 0.0448157 -0.0153108 0.9983838
1769789395.190971 0.3744156 -0.0514754 0.1771104 -0.0006193 0.0283181 -0.0017595 0.9995973
1769789395.390958 0.4301848 -0.0632745 0.1817022 -0.0177510 0.0126456 0.0148572 0.9996521
1769789395.557615 0.4677781 -0.0798791 0.1910087 -0.0231978 0.0041107 0.0226313 0.9994663
1769789395.857608 0.5225192 -0.1079701 0.1901793 -0.0125188 -0.0038900 0.0296585 0.9994741
1769789396.124287 0.5582162 -0.0978571 0.1981486 -0.0005242 -0.0086160 0.0301702 0.9995075
1769789396.424273 0.5828316 -0.0533410 0.2018945 0.0119897 -0.0096349 0.0302045 0.9994254
1769789396.757600 0.5896442 0.0213070 0.2077172 0.0200105 -0.0090030 0.0266610 0.9994037
1769789396.924282 0.5869957 0.0667973 0.2092288 0.0233315 -0.0085059 0.0237542 0.9994093
1769789397.157604 0.5843235 0.1137548 0.2178184 0.0239372 -0.0079222 0.0246550 0.9993780
1769789397.357595 0.5672986 0.1835556 0.2198103 0.0288330 -0.0061232 0.0216374 0.9993313
1769789397.590938 0.5461933 0.2324579 0.2260935 0.0289195 -0.0044645 0.0196789 0.9993781
1769789397.757602 0.5309275 0.2576023 0.2240809 0.0281954 -0.0044008 0.0174105 0.9994411
1769789397.924260 0.5174633 0.2680304 0.2173000 0.0267287 -0.0055699 0.0174013 0.9994757
1769789398.124271 0.5005078 0.2788425 0.2143602 0.0261821 -0.0067537 0.0154468 0.9995151
1769789398.424265 0.4619337 0.2698877 0.1940693 0.0246695 -0.0078790 0.0122917 0.9995890
1769789398.624266 0.4336011 0.2515346 0.1716040 0.0258961 -0.0090342 0.0127267 0.9995428
1769789398.790940 0.4083914 0.2289926 0.1517439 0.0272005 -0.0102700 0.0111009 0.9995156
1769789398.890943 0.3989353 0.2102530 0.1334246 0.0290801 -0.0126700 0.0139140 0.9994000
1769789398.957611 0.3915299 0.2049391 0.1260781 0.0318709 -0.0134098 0.0132676 0.9993140
1769789399.024272 0.3901969 0.2005470 0.1237623 0.0358851 -0.0161198 0.0128009 0.9991439
1769789399.124274 0.3820955 0.1948530 0.1208263 0.0438485 -0.0193549 0.0089598 0.9988105
1769789399.190944 0.3814473 0.1866355 0.1050622 0.0502441 -0.0237579 0.0106477 0.9983976
1769789399.257609 0.3804039 0.1750259 0.0909220 0.0573071 -0.0275517 0.0128626 0.9978935
1769789399.324280 0.3678681 0.1416569 0.0946309 0.0574884 -0.0293659 0.0061460 0.9978953
1769789399.390951 0.3590508 0.1243747 0.0845403 0.0634009 -0.0343695 0.0076716 0.9973667
1769789399.490937 0.3330146 0.0708246 0.0745181 0.0625322 -0.0416747 -0.0005569 0.9971724
1769789399.624281 0.3120642 0.0699215 0.0767181 0.0732226 -0.0537060 -0.0083263 0.9958338
1769789399.724277 0.2947535 0.0338009 0.0668424 0.0741665 -0.0631028 -0.0091717 0.9952052
1769789399.790955 0.2931243 0.0323011 0.0727168 0.0775262 -0.0700311 -0.0077993 0.9944971
1769789399.890944 0.2884352 0.0270527 0.0800986 0.0779034 -0.0759062 -0.0067509 0.9940441
1769789399.957612 0.2856158 0.0224976 0.0785991 0.0759147 -0.0758660 -0.0039310 0.9942162
1769789399.990942 0.2858009 0.0233474 0.0896916 0.0762465 -0.0750999 -0.0030470 0.9942521
1769789400.024301 0.2837347 0.0215601 0.0948622 0.0758776 -0.0725409 -0.0023556 0.9944721
1769789400.057619 0.2851137 0.0256976 0.0934149 0.0722429 -0.0711493 -0.0026124 0.9948426
1769789400.090938 0.2884047 0.0315456 0.1055827 0.0639486 -0.0708511 -0.0025843 0.9954316
1769789400.190939 0.2772685 0.0219768 0.0986483 0.0361030 -0.0648394 -0.0012310 0.9972417
1769789400.290944 0.2721627 0.0099081 0.0924412 0.0209072 -0.0624211 0.0043803 0.9978213
1769789400.490944 0.2943657 0.0746226 0.0596929 0.0342303 -0.0684647 0.0372575 0.9963698
1769789400.624272 0.3163372 0.0967751 0.0622892 0.0410171 -0.0747622 0.0395723 0.9955713
1769789400.824272 0.3412999 0.1171721 0.0707443 0.0565277 -0.0820046 0.0381034 0.9942977
1769789401.124275 0.3772695 0.1238678 0.0356716 0.0659378 -0.0925437 0.0452876 0.9924903
1769789401.391001 0.4071909 0.0932305 0.0213509 0.0585067 -0.1028739 0.0516611 0.9916275
1769789401.690956 0.4377771 0.0312399 0.0065001 0.0322677 -0.1135442 0.0594319 0.9912287
1769789401.924269 0.5000803 -0.1106228 -0.3168785 -0.0066035 -0.1275220 0.0591624 0.9900476
1769789402.057606 0.4937820 -0.0715325 -0.3154455 -0.0070253 -0.1272615 0.0602597 0.9900121
1769789402.190936 0.4885983 -0.0302572 -0.3191381 -0.0061868 -0.1271681 0.0596276 0.9900680
1769789402.390937 0.4866333 0.0310394 -0.3194832 -0.0059501 -0.1271363 0.0591088 0.9901046
1769789402.590935 0.4928256 0.0854258 -0.3201613 -0.0061061 -0.1268627 0.0592450 0.9901306
1769789402.824273 0.5052358 0.1338440 -0.3372755 -0.0033695 -0.1259837 0.0315272 0.9915255
1769789402.990950 0.5196144 0.1574408 -0.3608487 0.0007680 -0.1258204 -0.0027885 0.9920489
1769789403.157603 0.5348503 0.1706042 -0.3538913 0.0027986 -0.1255657 -0.0197744 0.9918843
1769789403.357663 0.5719509 0.1735348 -0.3483950 0.0024056 -0.1251563 -0.0132475 0.9920457
1769789403.524276 0.6086864 0.1658719 -0.3495882 0.0018897 -0.1231317 0.0023508 0.9923857
1769789403.690939 0.6458490 0.1479578 -0.3273883 0.0019337 -0.1226076 0.0140256 0.9923542
1769789403.824285 0.6716385 0.1374253 -0.3105561 0.0036961 -0.1210763 0.0232398 0.9923643
1769789403.924285 0.6921145 0.1251711 -0.2972696 0.0081676 -0.1183251 0.0251554 0.9926226
1769789404.024284 0.7142110 0.1094699 -0.2932015 0.0141992 -0.1138479 0.0286263 0.9929842
1769789404.090948 0.7333412 0.0916666 -0.2957085 0.0182224 -0.1108078 0.0305774 0.9932042
1769789404.224292 0.7482691 0.0747682 -0.2825956 0.0299147 -0.0999780 0.0354260 0.9939087
1769789404.324280 0.7558323 0.0709596 -0.2806639 0.0368835 -0.0879460 0.0368494 0.9947599
1769789404.390957 0.7578734 0.0647871 -0.2762402 0.0397553 -0.0789585 0.0367464 0.9954069
1769789404.524286 0.7523764 0.0642158 -0.2503484 0.0465763 -0.0590815 0.0379663 0.9964430
1769789404.824267 0.7596105 0.0754428 -0.1983307 0.0516472 -0.0414475 0.0293161 0.9973742
1769789404.924284 0.7698820 0.0738514 -0.1619562 0.0312403 -0.0519096 0.0316160 0.9976622
1769789405.124271 0.8206065 0.0758048 -0.1165444 -0.0029457 -0.0753176 0.0453209 0.9961248
1769789405.424279 0.9059650 0.0584914 -0.0976316 -0.0218053 -0.0978947 0.0673804 0.9926737
1769789405.657608 0.9539086 0.0432268 -0.0886206 -0.0164707 -0.1057969 0.0770197 0.9912637
1769789405.957664 1.0027283 0.0532936 -0.0745299 0.0014628 -0.1107892 0.0842522 0.9902652
1769789406.324277 0.9904990 0.0913628 -0.0665236 0.0129147 -0.1063054 0.0791636 0.9910931
1769789406.624281 0.9926148 0.1255184 -0.0663826 0.0152456 -0.1053813 0.0783937 0.9912199
1769789406.924277 0.9874253 0.1624128 -0.0609937 0.0134433 -0.1051595 0.0795359 0.9911785
1769789407.124285 0.9834932 0.1829095 -0.0659365 0.0101573 -0.1050068 0.0790657 0.9912714
1769789407.390963 0.9745693 0.2045953 -0.0740931 0.0045246 -0.1057711 0.0789329 0.9912425
1769789407.657639 0.9580871 0.2306505 -0.0736726 0.0019233 -0.1070216 0.0798757 0.9910411
1769789407.890945 0.9432031 0.2484468 -0.0771932 0.0007793 -0.1094242 0.0784721 0.9908925
1769789408.224277 0.9043775 0.2449142 -0.1075039 -0.0004303 -0.1107723 0.0725637 0.9911932
1769789408.557625 0.8754242 0.2183370 -0.1431766 0.0030741 -0.1135407 0.0714502 0.9909561
1769789408.790945 0.8632245 0.1863669 -0.1734326 0.0084405 -0.1176477 0.0762441 0.9900882
1769789408.890937 0.8526286 0.1717655 -0.1929152 0.0120398 -0.1187917 0.0742071 0.9900692
1769789408.924284 0.8531644 0.1673101 -0.1948818 0.0138599 -0.1201396 0.0741398 0.9898877
1769789409.057610 0.8544900 0.1449594 -0.2278613 0.0240288 -0.1259357 0.0744176 0.9889514
1769789409.157603 0.8470938 0.1111621 -0.2446259 0.0308109 -0.1292167 0.0751490 0.9882846
1769789409.224267 0.8403628 0.0856617 -0.2491014 0.0350794 -0.1311554 0.0720324 0.9881189
1769789409.324270 0.8293126 0.0815049 -0.2466627 0.0461241 -0.1384617 0.0694718 0.9868509
1769789409.424309 0.8181072 0.0416197 -0.2653795 0.0520144 -0.1474135 0.0678708 0.9853717
1769789409.490933 0.8121676 0.0211958 -0.2824160 0.0562413 -0.1537653 0.0667236 0.9842465
1769789409.590943 0.8057235 0.0178949 -0.2779982 0.0645832 -0.1647386 0.0664908 0.9819721
1769789409.657602 0.7960694 0.0148584 -0.2654509 0.0684213 -0.1708480 0.0652903 0.9807481
1769789409.857601 0.7905393 -0.0033534 -0.2837283 0.0669624 -0.1775092 0.0710488 0.9792643
1769789409.957601 0.7823372 0.0021553 -0.2559673 0.0616349 -0.1732693 0.0686464 0.9805440
1769789410.024266 0.7777609 0.0025005 -0.2542822 0.0422911 -0.1715482 0.0678278 0.9819278
1769789410.224270 0.7678090 -0.0361398 -0.3530598 0.0005140 -0.1599606 0.0625013 0.9851426
1769789410.457621 0.7847748 0.0257307 -0.3213483 0.0085962 -0.1648637 0.0867211 0.9824589
1769789410.624271 0.8010128 0.0482352 -0.3134473 0.0197714 -0.1702034 0.0882755 0.9812478
1769789410.824270 0.8184807 0.0683051 -0.3129538 0.0367081 -0.1740472 0.0960259 0.9793565
1769789411.124286 0.8413329 0.0626806 -0.3001727 0.0368783 -0.1823659 0.0982504 0.9776142
1769789411.390953 0.8654246 0.0260189 -0.2952166 0.0219380 -0.1916880 0.0970925 0.9763952
1769789411.524272 0.8789356 0.0044554 -0.2962824 0.0110981 -0.1961041 0.1009643 0.9753083
1769789411.690937 0.8950652 -0.0189843 -0.3227649 -0.0025848 -0.1998549 0.1129394 0.9732913
1769789411.857613 0.8505179 0.0627879 -0.4020253 0.0221053 -0.1863780 0.0802869 0.9789426
1769789411.991009 0.8420898 0.1044069 -0.4012874 0.0227644 -0.1860987 0.0796319 0.9790341
1769789412.124304 0.8357075 0.1455361 -0.4005137 0.0233047 -0.1862220 0.0795588 0.9790039
1769789412.290935 0.8306802 0.1954420 -0.3990929 0.0240562 -0.1859088 0.0787619 0.9791097
1769789412.424270 0.8348296 0.2299365 -0.3997085 0.0234313 -0.1854760 0.0783846 0.9792372
1769789412.557600 0.8385302 0.2638936 -0.3978311 0.0240944 -0.1853351 0.0774831 0.9793196
1769789412.724285 0.8471065 0.2992467 -0.4094299 0.0294177 -0.1842052 0.0509214 0.9811270
1769789412.890986 0.8567240 0.3264957 -0.4144656 0.0363671 -0.1828674 0.0171601 0.9823149
1769789413.024273 0.8670800 0.3389901 -0.4090220 0.0390047 -0.1818499 0.0017545 0.9825509
1769789413.157598 0.8853541 0.3442475 -0.4037317 0.0393625 -0.1812726 -0.0016851 0.9826434
1769789413.324268 0.9182274 0.3417224 -0.3936690 0.0373736 -0.1808029 0.0128443 0.9827251
1769789413.457638 0.9470189 0.3345978 -0.3810268 0.0363772 -0.1804830 0.0246215 0.9825968
1769789413.624289 0.9815331 0.3188491 -0.3645425 0.0360655 -0.1796210 0.0373171 0.9823660
1769789413.757608 1.0043579 0.3013105 -0.3459069 0.0386514 -0.1779408 0.0420530 0.9823822
1769789413.890939 1.0184669 0.2787994 -0.3336683 0.0447459 -0.1722926 0.0469780 0.9829070
1769789413.957613 1.0246313 0.2758120 -0.3323185 0.0498576 -0.1672330 0.0492177 0.9834251
1769789414.057612 1.0369942 0.2708045 -0.3327437 0.0601436 -0.1603865 0.0516883 0.9838634
1769789414.157614 1.0330808 0.2559006 -0.3022734 0.0663762 -0.1474138 0.0530834 0.9854164
1769789414.290938 1.0588355 0.2254115 -0.2877935 0.0705302 -0.1328962 0.0585414 0.9868824
1769789414.424286 1.0467478 0.2187284 -0.2707320 0.0759564 -0.1120845 0.0573751 0.9891288
1769789414.590943 1.0475843 0.2027777 -0.2534435 0.0765316 -0.0967773 0.0536932 0.9909057
1769789414.790972 1.0888475 0.1719033 -0.2362679 0.0621635 -0.1077257 0.0575264 0.9905663
1769789414.924351 1.1093817 0.1745056 -0.2081557 0.0307324 -0.1242025 0.0633882 0.9897531
1769789415.090938 1.1417747 0.1689729 -0.1762439 0.0110716 -0.1383901 0.0726321 0.9876488
1769789415.357605 1.1996074 0.1550541 -0.1492052 -0.0017613 -0.1547781 0.0865386 0.9841503
1769789415.557602 1.2217127 0.1539533 -0.1354507 0.0053173 -0.1581692 0.0907651 0.9832171
1769789415.790937 1.2399949 0.1578115 -0.1293796 0.0196090 -0.1584236 0.0934331 0.9827450
1769789416.124272 1.2520818 0.1833128 -0.1222146 0.0304023 -0.1586416 0.0947168 0.9823122
1769789416.390940 1.2529852 0.2144233 -0.1131204 0.0351758 -0.1569735 0.0949106 0.9824021
1769789416.657603 1.2506880 0.2402333 -0.1147036 0.0340230 -0.1564400 0.0955053 0.9824702
1769789416.957605 1.2419057 0.2728589 -0.1203653 0.0302018 -0.1561588 0.0958680 0.9826045
1769789417.224279 1.2314255 0.3025118 -0.1229814 0.0259181 -0.1565628 0.0959935 0.9826503
1769789417.490951 1.2211910 0.3246538 -0.1283398 0.0220315 -0.1587595 0.0968638 0.9823072
1769789417.790937 1.2004862 0.3411851 -0.1422754 0.0194749 -0.1607953 0.0962569 0.9820898
1769789418.124282 1.1711342 0.3400566 -0.1691811 0.0190682 -0.1630262 0.0926519 0.9820766
1769789418.424272 1.1463413 0.3112229 -0.2070835 0.0211480 -0.1652394 0.0913779 0.9817835
1769789418.657631 1.1291356 0.2887409 -0.2395461 0.0264602 -0.1671948 0.0906087 0.9813949
1769789418.790935 1.1297394 0.2653506 -0.2785651 0.0302616 -0.1694497 0.0931940 0.9806558
1769789419.057638 1.1162126 0.2565064 -0.2969611 0.0564599 -0.1784560 0.0862251 0.9785351
1769789419.157609 1.1081432 0.2289437 -0.3065851 0.0655088 -0.1825143 0.0872725 0.9771288
1769789419.324273 1.0977565 0.2226529 -0.3125304 0.0838609 -0.1976434 0.0854987 0.9729308
1769789419.424297 1.0820546 0.1851006 -0.3166825 0.0893533 -0.2075889 0.0856208 0.9703566
1769789419.490939 1.0753280 0.1821676 -0.3114455 0.0941954 -0.2140476 0.0857510 0.9684821
1769789419.590954 1.0708337 0.1781574 -0.3122075 0.0992309 -0.2235170 0.0859470 0.9658191
1769789419.690946 1.0667882 0.1736166 -0.3120137 0.0998474 -0.2281518 0.0879185 0.9644935
1769789419.857612 0.9917802 0.1406277 -0.3376144 0.0879207 -0.2154077 0.0900213 0.9683830
1769789419.924266 0.9789301 0.1350075 -0.3339900 0.0672327 -0.2133691 0.0854380 0.9709036
1769789420.024274 0.9733175 0.1182722 -0.3560888 0.0442563 -0.2098480 0.0816510 0.9733130
1769789420.157602 0.9481784 0.0953599 -0.3591719 0.0269819 -0.2051478 0.0786844 0.9751898
1769789420.290950 0.9423682 0.0881153 -0.3692360 0.0172925 -0.2022067 0.0751690 0.9763007
1769789420.524282 0.9329304 0.0825692 -0.3558047 0.0187251 -0.1984198 0.0744959 0.9771025
1769789420.957616 0.9222144 0.0826241 -0.3542059 0.0314561 -0.1925419 0.0778912 0.9776866
1769789421.557610 0.9109548 0.1086768 -0.3703624 0.0326711 -0.1922140 0.0791640 0.9776090
1769789421.957619 0.9000514 0.1310361 -0.4118508 0.0229485 -0.1908767 0.0785715 0.9781953
1769789422.157614 0.8847662 0.1948117 -0.3920392 0.0243086 -0.1910721 0.0779849 0.9781712
1769789422.357625 0.8876863 0.2481589 -0.3909113 0.0242801 -0.1903577 0.0770704 0.9783837
1769789422.490959 0.8966375 0.2810871 -0.3964673 0.0245079 -0.1900225 0.0770959 0.9784411
1769789422.757627 0.9064423 0.3297465 -0.4087881 0.0359369 -0.1878067 0.0207807 0.9813284
1769789422.957639 0.9217722 0.3465115 -0.3955816 0.0390092 -0.1870606 0.0006650 0.9815733
1769789423.224318 0.9673836 0.3475448 -0.3813857 0.0377505 -0.1858224 0.0130760 0.9817708
1769789423.357620 0.9925306 0.3421019 -0.3653020 0.0371102 -0.1853815 0.0250751 0.9816455
1769789423.524297 1.0233974 0.3265008 -0.3450316 0.0371700 -0.1840686 0.0370155 0.9815126
1769789423.624288 1.0441558 0.3166647 -0.3334353 0.0382059 -0.1835013 0.0431233 0.9813297
1769789423.790974 1.0777690 0.2880770 -0.3165548 0.0456943 -0.1782433 0.0465725 0.9818209
1769789423.857630 1.0872515 0.2776561 -0.3045692 0.0501667 -0.1742335 0.0489952 0.9822044
1769789423.924296 1.1008420 0.2665044 -0.3000596 0.0555545 -0.1703676 0.0516865 0.9824546
1769789424.057627 1.1108756 0.2559439 -0.2852214 0.0662990 -0.1574832 0.0552256 0.9837447
1769789424.124291 1.1118695 0.2515166 -0.2690913 0.0705381 -0.1483469 0.0563710 0.9848045
1769789424.190947 1.1144092 0.2451927 -0.2530667 0.0737437 -0.1394551 0.0579531 0.9857767
1769789424.257620 1.1107605 0.2385266 -0.2351447 0.0760779 -0.1300073 0.0585048 0.9868574
1769789424.324286 1.1145409 0.2305280 -0.2160735 0.0781327 -0.1222360 0.0618263 0.9874873
1769789424.390950 1.1230837 0.2155387 -0.2017499 0.0777669 -0.1160709 0.0641735 0.9881101
1769789424.490955 1.1183195 0.2123518 -0.1841622 0.0791401 -0.1071837 0.0631098 0.9890732
1769789424.590960 1.1226791 0.2014802 -0.1872377 0.0775952 -0.1054983 0.0609937 0.9895094
1769789424.690952 1.1456252 0.1934373 -0.1826610 0.0659337 -0.1164145 0.0650325 0.9888737
1769789424.790955 1.1673986 0.1946144 -0.1674033 0.0396616 -0.1306338 0.0708187 0.9881025
1769789424.857614 1.1801504 0.1953337 -0.1463450 0.0293751 -0.1381144 0.0753196 0.9871112
1769789424.990947 1.2095190 0.1931447 -0.1201081 0.0147737 -0.1498823 0.0828168 0.9851185
1769789425.290949 1.2807620 0.1824553 -0.0825447 0.0033194 -0.1688524 0.1036044 0.9801755
1769789425.557622 1.2956144 0.1690023 -0.0914062 0.0146329 -0.1689805 0.1070393 0.9796806
1769789428.890946 1.1195846 0.2725203 -0.2906650 0.0506327 -0.1763790 0.0852196 0.9793183
1769789429.124293 1.1065267 0.2108983 -0.3219272 0.0709293 -0.1884955 0.0871313 0.9756263
1769789429.224280 1.0998636 0.1818297 -0.3396422 0.0775400 -0.1969338 0.0892230 0.9732646
1769789429.290949 1.0921246 0.1827601 -0.3340279 0.0853270 -0.2038883 0.0864575 0.9714289
1769789429.424287 1.0776234 0.1788931 -0.3191348 0.0957965 -0.2177571 0.0858228 0.9674913
1769789429.590945 1.0689553 0.1730005 -0.3184892 0.0995992 -0.2271515 0.0868116 0.9648554
1769789429.757659 1.0596950 0.1593580 -0.3096687 0.0901765 -0.2212866 0.0883661 0.9670015
1769789429.990946 1.0431983 0.1485848 -0.3042620 0.0425914 -0.2164668 0.0797157 0.9720975
1769789430.290949 1.0293808 0.1379177 -0.2939520 0.0249935 -0.2112995 0.0747317 0.9742398
1769789430.657612 1.0341675 0.1341735 -0.3327089 0.0316742 -0.2048224 0.0764752 0.9752928
1769789431.090963 1.0299067 0.1429170 -0.3375214 0.0357416 -0.2013166 0.0790104 0.9756801
1769789431.490951 1.0275861 0.1582333 -0.3373649 0.0332879 -0.1992087 0.0786984 0.9762245
1769789431.957613 1.0329362 0.1712280 -0.3434336 0.0267808 -0.1971237 0.0801667 0.9767284
1769789432.357617 1.0406651 0.1812219 -0.3430171 0.0232442 -0.1951664 0.0806919 0.9771687
1769789432.690948 1.0480335 0.1876937 -0.3389562 0.0230486 -0.1936103 0.0801453 0.9775278
1769789433.324285 1.0554285 0.1872434 -0.3406666 0.0238224 -0.1915317 0.0802480 0.9779102
1769789434.790985 1.0691628 0.1869353 -0.3221411 0.0247915 -0.1938142 0.0809053 0.9773821
