1769789385324248832.000000 0.000000000 0.000000000 0.000000000 -0.000000000 -0.000000000 -0.000000000 1.000000000
1769789385990927616.000000 0.026372919 -0.006015037 0.004469035 0.001574482 0.000288430 -0.000262472 0.999998689
1769789386024257024.000000 0.031709220 -0.003126695 0.012198513 0.002121106 -0.000190367 0.000185043 0.999997735
1769789386257597440.000000 0.036795009 -0.002424157 0.013516733 0.001232536 0.002058390 -0.001106518 0.999996543
1769789386557586176.000000 0.060233064 0.005920551 0.019923212 0.003405940 0.003248728 -0.000129023 0.999988914
1769789386857590272.000000 0.083073013 0.023605388 0.022663888 0.005303290 0.006105769 -0.000175418 0.999967337
1769789387157587200.000000 0.106161252 0.055717040 0.026809778 0.007694762 0.009321555 -0.000127635 0.999926925
1769789387424263680.000000 0.122067846 0.085370034 0.029189877 0.008118778 0.013091339 -0.001336465 0.999880493
1769789387690914560.000000 0.130393907 0.097835347 0.029353999 0.005633691 0.017404145 0.000052915 0.999832690
1769789387890920704.000000 0.135322586 0.109872192 0.030663123 0.003604412 0.019993378 0.000334182 0.999793589
1769789388224250112.000000 0.138450846 0.117098607 0.027358731 0.000702156 0.022614507 0.001301961 0.999743164
1769789389657585408.000000 0.098045446 -0.024997734 0.014748474 0.014110404 0.009925484 0.002948464 0.999846876
1769789389790920960.000000 0.075376607 -0.071300089 0.023771003 0.013420478 0.010868036 0.003422336 0.999845028
1769789389924244480.000000 0.051509216 -0.118978828 0.032003574 0.011615714 0.011713446 0.004844001 0.999852240
1769789390024252928.000000 0.033847496 -0.138947234 0.015232389 0.009488372 0.011861288 0.005632504 0.999868810
1769789390124252672.000000 0.016747382 -0.150286838 0.017595077 -0.013776000 0.010353955 0.006183294 0.999832392
1769789390290918912.000000 -0.018874457 -0.170139477 0.017278045 -0.034869932 0.009495785 0.004880521 0.999334872
1769789390390912512.000000 -0.026015630 -0.169257313 0.021743177 -0.040765107 0.007898037 0.003663157 0.999130845
1769789390557578496.000000 -0.033605285 -0.171978101 0.030897887 -0.044313408 0.005177652 0.002137537 0.999001980
1769789390757613312.000000 -0.042362604 -0.173432723 0.042824555 -0.037973449 0.003186095 0.000967846 0.999273241
1769789391057607424.000000 -0.051247414 -0.176632017 0.040883925 -0.020927370 0.001484342 0.000925381 0.999779463
1769789391324267520.000000 -0.046111740 -0.172717780 0.045609359 -0.011176265 -0.002401503 0.001303311 0.999933839
1769789391624269056.000000 -0.040245797 -0.158440024 0.051907901 -0.006236898 -0.005958291 0.001677865 0.999961376
1769789391790956288.000000 -0.043416813 -0.143572599 0.048758000 -0.005659404 -0.007022874 0.001167711 0.999958694
1769789391924278784.000000 -0.051644567 -0.101774164 0.054978013 -0.003266521 -0.007113943 0.000209609 0.999969363
1769789392090934528.000000 -0.057176862 -0.050948814 0.048868842 -0.001572924 -0.007360790 -0.001273351 0.999970853
1769789392224274944.000000 -0.057604369 -0.005896331 0.048264541 0.000334719 -0.007901511 -0.001893511 0.999966979
1769789392357601024.000000 -0.059279513 0.035575926 0.055791747 0.000990374 -0.007490251 -0.003744062 0.999964476
1769789392490949632.000000 -0.054384287 0.074609317 0.055859674 0.001488367 -0.007898898 -0.004326168 0.999958336
1769789392657616896.000000 -0.045013379 0.120154709 0.058965508 0.002062302 -0.008121586 -0.004330098 0.999955535
1769789392957603840.000000 -0.028877681 0.182272673 0.063014172 0.002947993 -0.007656964 -0.039418001 0.999189138
1769789393224272128.000000 -0.007906482 0.210683599 0.061447993 0.003244797 -0.006896016 -0.082292840 0.996579051
1769789393390944256.000000 0.017806821 0.214881450 0.060564384 0.003766828 -0.006728399 -0.084383227 0.996403515
1769789393490934528.000000 0.037301075 0.210617349 0.062347684 0.004515196 -0.006184819 -0.075427249 0.997121930
1769789393590933248.000000 0.055934422 0.206661925 0.065338388 0.005717391 -0.005263539 -0.066957846 0.997725546
1769789393757609216.000000 0.090852559 0.187825352 0.075861320 0.007471540 -0.004469397 -0.052721921 0.998571277
1769789393890929408.000000 0.117907546 0.171790749 0.083317481 0.010236755 -0.003460807 -0.044215776 0.998963594
1769789394024310272.000000 0.141863048 0.148946017 0.091965750 0.015271419 -0.000827637 -0.040742565 0.999052644
1769789394157617920.000000 0.167843789 0.129659697 0.100965098 0.025553573 0.004651344 -0.038613588 0.998916626
1769789394324289280.000000 0.200292423 0.087854952 0.105164729 0.039242662 0.014400965 -0.034637567 0.998525381
1769789394424275200.000000 0.222563922 0.061796799 0.108105399 0.044179942 0.023806676 -0.032213721 0.998220265
1769789394524316416.000000 0.242877111 0.039136920 0.116864063 0.048768278 0.034769963 -0.029464679 0.997769833
1769789394690953472.000000 0.261703640 0.022142058 0.139932230 0.055771463 0.053648528 -0.026107408 0.996659338
1769789394924266496.000000 0.313783854 -0.041031905 0.163334444 0.051179409 0.056384262 -0.021115083 0.996872962
1769789395024261888.000000 0.335775763 -0.049419444 0.149265364 0.031415261 0.044815741 -0.015310800 0.998383820
1769789395190970624.000000 0.374415606 -0.051475391 0.177110404 -0.000619291 0.028318059 -0.001759511 0.999597251
1769789395390957568.000000 0.430184752 -0.063274540 0.181702226 -0.017750988 0.012645648 0.014857153 0.999652088
1769789395557614848.000000 0.467778087 -0.079879120 0.191008672 -0.023197817 0.004110684 0.022631310 0.999466300
1769789395857607680.000000 0.522519231 -0.107970059 0.190179288 -0.012518775 -0.003889995 0.029658467 0.999474108
1769789396124286720.000000 0.558216155 -0.097857065 0.198148638 -0.000524227 -0.008616040 0.030170221 0.999507546
1769789396424272896.000000 0.582831621 -0.053340983 0.201894537 0.011989743 -0.009634868 0.030204518 0.999425411
1769789396757600000.000000 0.589644194 0.021306990 0.207717150 0.020010514 -0.009003037 0.026661033 0.999403715
1769789396924282368.000000 0.586995661 0.066797294 0.209228799 0.023331543 -0.008505926 0.023754165 0.999409318
1769789397157604096.000000 0.584323525 0.113754809 0.217818439 0.023937188 -0.007922238 0.024654979 0.999378026
1769789397357594880.000000 0.567298591 0.183555588 0.219810262 0.028833000 -0.006123234 0.021637402 0.999331295
1769789397590937856.000000 0.546193302 0.232457921 0.226093456 0.028919494 -0.004464480 0.019678896 0.999378085
1769789397757601792.000000 0.530927539 0.257602274 0.224080876 0.028195411 -0.004400750 0.017410453 0.999441147
1769789397924260352.000000 0.517463267 0.268030375 0.217299998 0.026728671 -0.005569942 0.017401269 0.999475718
1769789398124271360.000000 0.500507772 0.278842539 0.214360222 0.026182078 -0.006753693 0.015446755 0.999515057
1769789398424264960.000000 0.461933702 0.269887716 0.194069311 0.024669485 -0.007879007 0.012291656 0.999589026
1769789398624265984.000000 0.433601052 0.251534581 0.171603978 0.025896057 -0.009034223 0.012726740 0.999542832
1769789398790940160.000000 0.408391446 0.228992581 0.151743904 0.027200460 -0.010269955 0.011100860 0.999515593
1769789398890943232.000000 0.398935318 0.210253030 0.133424640 0.029080143 -0.012670040 0.013913983 0.999399960
1769789398957610752.000000 0.391529948 0.204939112 0.126078114 0.031870868 -0.013409763 0.013267569 0.999313951
1769789399024271872.000000 0.390196890 0.200547025 0.123762272 0.035885051 -0.016119808 0.012800887 0.999143898
1769789399124273664.000000 0.382095516 0.194852963 0.120826341 0.043848466 -0.019354928 0.008959761 0.998810530
1769789399190943744.000000 0.381447256 0.186635494 0.105062157 0.050244112 -0.023757920 0.010647745 0.998397589
1769789399257608960.000000 0.380403936 0.175025851 0.090921991 0.057307102 -0.027551709 0.012862604 0.997893453
1769789399324279808.000000 0.367868096 0.141656861 0.094630927 0.057488441 -0.029365890 0.006145965 0.997895300
1769789399390951424.000000 0.359050810 0.124374658 0.084540293 0.063400902 -0.034369465 0.007671587 0.997366667
1769789399490937344.000000 0.333014607 0.070824601 0.074518085 0.062532239 -0.041674696 -0.000556877 0.997172356
1769789399624280832.000000 0.312064201 0.069921531 0.076718062 0.073222563 -0.053706013 -0.008326306 0.995833755
1769789399724276736.000000 0.294753522 0.033800855 0.066842422 0.074166521 -0.063102789 -0.009171738 0.995205164
1769789399790954752.000000 0.293124288 0.032301117 0.072716847 0.077526234 -0.070031114 -0.007799263 0.994497120
1769789399890944000.000000 0.288435191 0.027052686 0.080098554 0.077903435 -0.075906225 -0.006750870 0.994044125
1769789399957611776.000000 0.285615772 0.022497635 0.078599125 0.075914696 -0.075866014 -0.003931030 0.994216204
1769789399990941952.000000 0.285800934 0.023347383 0.089691557 0.076246463 -0.075099878 -0.003046958 0.994252145
1769789400024301312.000000 0.283734709 0.021560084 0.094862178 0.075877570 -0.072540902 -0.002355592 0.994472146
1769789400057619456.000000 0.285113662 0.025697615 0.093414865 0.072242945 -0.071149260 -0.002612442 0.994842649
1769789400090938112.000000 0.288404733 0.031545620 0.105582662 0.063948572 -0.070851102 -0.002584331 0.995431602
1769789400190939136.000000 0.277268499 0.021976775 0.098648295 0.036103040 -0.064839378 -0.001231048 0.997241676
1769789400290943744.000000 0.272162706 0.009908092 0.092441157 0.020907244 -0.062421128 0.004380318 0.997821271
1769789400490944000.000000 0.294365674 0.074622579 0.059692908 0.034230292 -0.068464734 0.037257478 0.996369779
1769789400624271872.000000 0.316337228 0.096775115 0.062289208 0.041017123 -0.074762195 0.039572276 0.995571315
1769789400824272128.000000 0.341299891 0.117172137 0.070744269 0.056527749 -0.082004584 0.038103431 0.994297743
1769789401124275200.000000 0.377269506 0.123867773 0.035671640 0.065937839 -0.092543684 0.045287624 0.992490292
1769789401391001344.000000 0.407190919 0.093230486 0.021350885 0.058506712 -0.102873899 0.051661052 0.991627514
1769789401690956288.000000 0.437777072 0.031239875 0.006500066 0.032267656 -0.113544218 0.059431870 0.991228700
1769789401924268800.000000 0.500080287 -0.110622838 -0.316878498 -0.006603497 -0.127521992 0.059162393 0.990047634
1769789402057605888.000000 0.493782014 -0.071532473 -0.315445542 -0.007025258 -0.127261460 0.060259704 0.990012109
1769789402190936320.000000 0.488598347 -0.030257247 -0.319138080 -0.006186791 -0.127168074 0.059627634 0.990067959
1769789402390937088.000000 0.486633301 0.031039400 -0.319483191 -0.005950072 -0.127136335 0.059108794 0.990104616
1769789402590934528.000000 0.492825627 0.085425779 -0.320161283 -0.006106073 -0.126862720 0.059244953 0.990130603
1769789402824273408.000000 0.505235791 0.133844018 -0.337275535 -0.003369522 -0.125983655 0.031527210 0.991525531
1769789402990950400.000000 0.519614398 0.157440841 -0.360848695 0.000767966 -0.125820383 -0.002788453 0.992048860
1769789403157602560.000000 0.534850299 0.170604169 -0.353891343 0.002798575 -0.125565708 -0.019774411 0.991884291
1769789403357663232.000000 0.571950912 0.173534840 -0.348395050 0.002405589 -0.125156283 -0.013247518 0.992045701
1769789403524275456.000000 0.608686388 0.165871873 -0.349588245 0.001889742 -0.123131655 0.002350839 0.992385745
1769789403690939136.000000 0.645849049 0.147957757 -0.327388257 0.001933704 -0.122607611 0.014025606 0.992354214
1769789403824284672.000000 0.671638548 0.137425259 -0.310556144 0.003696077 -0.121076308 0.023239791 0.992364287
1769789403924284672.000000 0.692114472 0.125171140 -0.297269553 0.008167599 -0.118325077 0.025155365 0.992622614
1769789404024283904.000000 0.714211047 0.109469935 -0.293201536 0.014199202 -0.113847934 0.028626256 0.992984176
1769789404090947584.000000 0.733341157 0.091666579 -0.295708507 0.018222434 -0.110807776 0.030577434 0.993204236
1769789404224291840.000000 0.748269081 0.074768215 -0.282595605 0.029914681 -0.099978045 0.035425965 0.993908703
1769789404324279808.000000 0.755832255 0.070959635 -0.280663908 0.036883496 -0.087945975 0.036849357 0.994759917
1769789404390957056.000000 0.757873416 0.064787135 -0.276240200 0.039755251 -0.078958504 0.036746405 0.995406866
1769789404524285952.000000 0.752376378 0.064215831 -0.250348449 0.046576314 -0.059081543 0.037966337 0.996442974
1769789404824267264.000000 0.759610474 0.075442776 -0.198330685 0.051647164 -0.041447494 0.029316146 0.997374177
1769789404924283904.000000 0.769882023 0.073851369 -0.161956221 0.031240307 -0.051909637 0.031616047 0.997662187
1769789405124270848.000000 0.820606470 0.075804837 -0.116544388 -0.002945668 -0.075317614 0.045320883 0.996124804
1769789405424279296.000000 0.905965030 0.058491409 -0.097631603 -0.021805298 -0.097894691 0.067380361 0.992673695
1769789405657608192.000000 0.953908563 0.043226842 -0.088620588 -0.016470730 -0.105796911 0.077019729 0.991263747
1769789405957663744.000000 1.002728343 0.053293616 -0.074529909 0.001462758 -0.110789239 0.084252164 0.990265191
1769789406324277504.000000 0.990498960 0.091362797 -0.066523649 0.012914734 -0.106305413 0.079163603 0.991093099
1769789406624281088.000000 0.992614806 0.125518352 -0.066382624 0.015245571 -0.105381250 0.078393653 0.991219878
1769789406924277248.000000 0.987425327 0.162412837 -0.060993727 0.013443295 -0.105159536 0.079535857 0.991178513
1769789407124285440.000000 0.983493209 0.182909489 -0.065936536 0.010157298 -0.105006777 0.079065658 0.991271436
1769789407390962944.000000 0.974569321 0.204595327 -0.074093148 0.004524585 -0.105771065 0.078932859 0.991242468
1769789407657638912.000000 0.958087087 0.230650514 -0.073672637 0.001923290 -0.107021578 0.079875700 0.991041124
1769789407890945280.000000 0.943203092 0.248446837 -0.077193245 0.000779271 -0.109424181 0.078472078 0.990892470
1769789408224276480.000000 0.904377460 0.244914249 -0.107503869 -0.000430328 -0.110772289 0.072563723 0.991193175
1769789408557624832.000000 0.875424206 0.218337044 -0.143176645 0.003074092 -0.113540672 0.071450196 0.990956128
1769789408790945280.000000 0.863224506 0.186366886 -0.173432559 0.008440481 -0.117647700 0.076244079 0.990088224
1769789408890936576.000000 0.852628589 0.171765476 -0.192915201 0.012039820 -0.118791692 0.074207120 0.990069151
1769789408924284416.000000 0.853164434 0.167310119 -0.194881812 0.013859877 -0.120139621 0.074139826 0.989887714
1769789409057609728.000000 0.854490042 0.144959435 -0.227861285 0.024028799 -0.125935748 0.074417554 0.988951385
1769789409157602560.000000 0.847093821 0.111162141 -0.244625881 0.030810911 -0.129216716 0.075149044 0.988284588
1769789409224267520.000000 0.840362787 0.085661672 -0.249101415 0.035079371 -0.131155372 0.072032399 0.988118947
1769789409324269824.000000 0.829312623 0.081504941 -0.246662721 0.046124104 -0.138461739 0.069471806 0.986850858
1769789409424308736.000000 0.818107247 0.041619651 -0.265379488 0.052014410 -0.147413492 0.067870826 0.985371709
1769789409490932992.000000 0.812167585 0.021195848 -0.282416046 0.056241348 -0.153765261 0.066723615 0.984246492
1769789409590942976.000000 0.805723488 0.017894873 -0.277998209 0.064583212 -0.164738551 0.066490762 0.981972098
1769789409657602048.000000 0.796069384 0.014858374 -0.265450895 0.068421282 -0.170847982 0.065290295 0.980748057
1769789409857601024.000000 0.790539324 -0.003353398 -0.283728272 0.066962428 -0.177509204 0.071048826 0.979264319
1769789409957600512.000000 0.782337189 0.002155326 -0.255967349 0.061634861 -0.173269287 0.068646431 0.980544031
1769789410024265984.000000 0.777760863 0.002500512 -0.254282206 0.042291105 -0.171548173 0.067827806 0.981927752
1769789410224270336.000000 0.767809033 -0.036139816 -0.353059828 0.000513960 -0.159960598 0.062501252 0.985142648
1769789410457620992.000000 0.784774780 0.025730683 -0.321348280 0.008596236 -0.164863691 0.086721122 0.982458949
1769789410624270592.000000 0.801012754 0.048235223 -0.313447297 0.019771384 -0.170203418 0.088275522 0.981247842
1769789410824269824.000000 0.818480670 0.068305060 -0.312953770 0.036708057 -0.174047187 0.096025921 0.979356527
1769789411124286464.000000 0.841332912 0.062680632 -0.300172657 0.036878310 -0.182365909 0.098250389 0.977614224
1769789411390952704.000000 0.865424573 0.026018936 -0.295216560 0.021938019 -0.191687956 0.097092502 0.976395190
1769789411524272384.000000 0.878935575 0.004455365 -0.296282440 0.011098060 -0.196104124 0.100964330 0.975308299
1769789411690937088.000000 0.895065248 -0.018984269 -0.322764903 -0.002584818 -0.199854940 0.112939395 0.973291337
1769789411857613056.000000 0.850517869 0.062787876 -0.402025342 0.022105258 -0.186377972 0.080286920 0.978942633
1769789411991009024.000000 0.842089832 0.104406931 -0.401287407 0.022764375 -0.186098740 0.079631940 0.979034126
1769789412124303616.000000 0.835707486 0.145536125 -0.400513709 0.023304736 -0.186222047 0.079558760 0.979003906
1769789412290934528.000000 0.830680192 0.195441961 -0.399092853 0.024056185 -0.185908824 0.078761891 0.979109704
1769789412424269824.000000 0.834829569 0.229936525 -0.399708539 0.023431301 -0.185476005 0.078384608 0.979237199
1769789412557599488.000000 0.838530242 0.263893574 -0.397831142 0.024094351 -0.185335129 0.077483051 0.979319572
1769789412724285184.000000 0.847106516 0.299246699 -0.409429938 0.029417690 -0.184205204 0.050921392 0.981126964
1769789412890985984.000000 0.856723964 0.326495737 -0.414465576 0.036367100 -0.182867363 0.017160067 0.982314885
1769789413024273408.000000 0.867080033 0.338990092 -0.409022033 0.039004676 -0.181849942 0.001754491 0.982550859
1769789413157598464.000000 0.885354102 0.344247550 -0.403731704 0.039362531 -0.181272581 -0.001685122 0.982643425
1769789413324267776.000000 0.918227375 0.341722399 -0.393668979 0.037373580 -0.180802912 0.012844251 0.982725084
1769789413457637888.000000 0.947018921 0.334597796 -0.381026775 0.036377203 -0.180482998 0.024621498 0.982596755
1769789413624288512.000000 0.981533051 0.318849146 -0.364542454 0.036065470 -0.179620966 0.037317093 0.982366025
1769789413757607936.000000 1.004357934 0.301310539 -0.345906943 0.038651407 -0.177940756 0.042053003 0.982382178
1769789413890938880.000000 1.018466949 0.278799415 -0.333668292 0.044745851 -0.172292650 0.046978004 0.982906997
1769789413957612544.000000 1.024631262 0.275812000 -0.332318515 0.049857643 -0.167233020 0.049217671 0.983425140
1769789414057611776.000000 1.036994219 0.270804465 -0.332743734 0.060143571 -0.160386547 0.051688313 0.983863413
1769789414157614080.000000 1.033080816 0.255900592 -0.302273363 0.066376202 -0.147413790 0.053083438 0.985416412
1769789414290938368.000000 1.058835506 0.225411534 -0.287793547 0.070530243 -0.132896230 0.058541395 0.986882448
1769789414424286464.000000 1.046747804 0.218728364 -0.270732045 0.075956389 -0.112084478 0.057375096 0.989128828
1769789414590942720.000000 1.047584295 0.202777714 -0.253443539 0.076531604 -0.096777260 0.053693216 0.990905702
1769789414790972160.000000 1.088847518 0.171903327 -0.236267909 0.062163532 -0.107725650 0.057526410 0.990566313
1769789414924351232.000000 1.109381676 0.174505576 -0.208155662 0.030732373 -0.124202475 0.063388184 0.989753127
1769789415090938112.000000 1.141774654 0.168972880 -0.176243946 0.011071642 -0.138390139 0.072632134 0.987648845
1769789415357604608.000000 1.199607372 0.155054122 -0.149205178 -0.001761251 -0.154778138 0.086538583 0.984150290
1769789415557602304.000000 1.221712708 0.153953269 -0.135450691 0.005317332 -0.158169225 0.090765111 0.983217120
1769789415790936832.000000 1.239994884 0.157811493 -0.129379570 0.019609004 -0.158423573 0.093433090 0.982744992
1769789416124272384.000000 1.252081752 0.183312789 -0.122214571 0.030402288 -0.158641562 0.094716810 0.982312202
1769789416390940416.000000 1.252985239 0.214423284 -0.113120377 0.035175767 -0.156973481 0.094910569 0.982402146
1769789416657603072.000000 1.250687957 0.240233257 -0.114703596 0.034023043 -0.156439990 0.095505327 0.982470214
1769789416957604608.000000 1.241905689 0.272858918 -0.120365322 0.030201849 -0.156158820 0.095868006 0.982604504
1769789417224278784.000000 1.231425524 0.302511752 -0.122981437 0.025918107 -0.156562805 0.095993534 0.982650280
1769789417490951424.000000 1.221191049 0.324653804 -0.128339753 0.022031505 -0.158759505 0.096863769 0.982307196
1769789417790936832.000000 1.200486183 0.341185063 -0.142275393 0.019474927 -0.160795316 0.096256867 0.982089758
1769789418124282112.000000 1.171134233 0.340056568 -0.169181094 0.019068206 -0.163026229 0.092651896 0.982076645
1769789418424272384.000000 1.146341324 0.311222851 -0.207083523 0.021147968 -0.165239409 0.091377862 0.981783509
1769789418657630976.000000 1.129135609 0.288740873 -0.239546090 0.026460184 -0.167194828 0.090608671 0.981394887
1769789418790935040.000000 1.129739404 0.265350580 -0.278565139 0.030261625 -0.169449687 0.093193971 0.980655849
1769789419057637888.000000 1.116212606 0.256506413 -0.296961099 0.056459919 -0.178455979 0.086225122 0.978535116
1769789419157609216.000000 1.108143210 0.228943691 -0.306585073 0.065508850 -0.182514340 0.087272510 0.977128804
1769789419324272896.000000 1.097756505 0.222652942 -0.312530398 0.083860867 -0.197643399 0.085498728 0.972930849
1769789419424296960.000000 1.082054615 0.185100615 -0.316682547 0.089353308 -0.207588866 0.085620843 0.970356584
1769789419490938624.000000 1.075327992 0.182167560 -0.311445534 0.094195358 -0.214047641 0.085750982 0.968482137
1769789419590953728.000000 1.070833683 0.178157449 -0.312207490 0.099230908 -0.223517016 0.085947029 0.965819120
1769789419690945792.000000 1.066788197 0.173616558 -0.312013716 0.099847354 -0.228151828 0.087918483 0.964493454
1769789419857611776.000000 0.991780221 0.140627742 -0.337614387 0.087920740 -0.215407729 0.090021335 0.968383014
1769789419924266240.000000 0.978930116 0.135007501 -0.333990037 0.067232743 -0.213369116 0.085438006 0.970903575
1769789420024274176.000000 0.973317504 0.118272200 -0.356088787 0.044256322 -0.209848002 0.081650965 0.973313034
1769789420157602048.000000 0.948178411 0.095359936 -0.359171867 0.026981868 -0.205147773 0.078684442 0.975189805
1769789420290949888.000000 0.942368209 0.088115327 -0.369235992 0.017292496 -0.202206671 0.075168975 0.976300716
1769789420524282368.000000 0.932930410 0.082569152 -0.355804741 0.018725099 -0.198419839 0.074495926 0.977102518
1769789420957615616.000000 0.922214448 0.082624108 -0.354205906 0.031456076 -0.192541897 0.077891193 0.977686644
1769789421557609728.000000 0.910954773 0.108676769 -0.370362401 0.032671079 -0.192214042 0.079163983 0.977609038
1769789421957619200.000000 0.900051355 0.131036103 -0.411850750 0.022948507 -0.190876722 0.078571506 0.978195250
1769789422157614592.000000 0.884766161 0.194811717 -0.392039239 0.024308560 -0.191072136 0.077984929 0.978171229
1769789422357625600.000000 0.887686253 0.248158932 -0.390911281 0.024280120 -0.190357730 0.077070378 0.978383660
1769789422490958848.000000 0.896637499 0.281087130 -0.396467298 0.024507888 -0.190022454 0.077095911 0.978441119
1769789422757626880.000000 0.906442344 0.329746485 -0.408788115 0.035936907 -0.187806681 0.020780718 0.981328368
1769789422957638400.000000 0.921772182 0.346511513 -0.395581603 0.039009240 -0.187060580 0.000665024 0.981573343
1769789423224317440.000000 0.967383564 0.347544819 -0.381385744 0.037750512 -0.185822412 0.013076028 0.981770813
1769789423357619968.000000 0.992530584 0.342101932 -0.365301967 0.037110187 -0.185381517 0.025075121 0.981645465
1769789423524296448.000000 1.023397446 0.326500773 -0.345031649 0.037169978 -0.184068605 0.037015472 0.981512606
1769789423624287488.000000 1.044155836 0.316664726 -0.333435267 0.038205933 -0.183501333 0.043123275 0.981329679
1769789423790974464.000000 1.077769041 0.288077027 -0.316554815 0.045694306 -0.178243294 0.046572547 0.981820941
1769789423857629952.000000 1.087251544 0.277656078 -0.304569215 0.050166693 -0.174233526 0.048995238 0.982204437
1769789423924295936.000000 1.100841999 0.266504407 -0.300059646 0.055554494 -0.170367643 0.051686533 0.982454598
1769789424057626880.000000 1.110875607 0.255943865 -0.285221428 0.066298962 -0.157483220 0.055225562 0.983744740
1769789424124291072.000000 1.111869454 0.251516581 -0.269091308 0.070538133 -0.148346886 0.056371015 0.984804511
1769789424190947328.000000 1.114409208 0.245192677 -0.253066659 0.073743723 -0.139455080 0.057953078 0.985776663
1769789424257619968.000000 1.110760450 0.238526583 -0.235144690 0.076077931 -0.130007252 0.058504783 0.986857355
1769789424324286464.000000 1.114540935 0.230527967 -0.216073513 0.078132682 -0.122235999 0.061826259 0.987487316
1769789424390950144.000000 1.123083711 0.215538740 -0.201749936 0.077766903 -0.116070874 0.064173475 0.988110125
1769789424490954752.000000 1.118319511 0.212351829 -0.184162185 0.079140119 -0.107183732 0.063109823 0.989073157
1769789424590960128.000000 1.122679114 0.201480225 -0.187237710 0.077595234 -0.105498314 0.060993671 0.989509404
1769789424690952192.000000 1.145625234 0.193437278 -0.182661042 0.065933667 -0.116414465 0.065032475 0.988873720
1769789424790955264.000000 1.167398572 0.194614395 -0.167403251 0.039661571 -0.130633771 0.070818663 0.988102496
1769789424857614336.000000 1.180150390 0.195333719 -0.146344975 0.029375138 -0.138114423 0.075319640 0.987111211
1769789424990947072.000000 1.209519029 0.193144709 -0.120108068 0.014773696 -0.149882287 0.082816847 0.985118508
1769789425290948864.000000 1.280761957 0.182455257 -0.082544722 0.003319419 -0.168852419 0.103604361 0.980175495
1769789425557622016.000000 1.295614362 0.169002280 -0.091406234 0.014632863 -0.168980464 0.107039273 0.979680598
1769789428890946304.000000 1.119584560 0.272520274 -0.290664971 0.050632700 -0.176379025 0.085219622 0.979318321
1769789429124292864.000000 1.106526732 0.210898280 -0.321927190 0.070929281 -0.188495487 0.087131307 0.975626290
1769789429224279808.000000 1.099863648 0.181829736 -0.339642167 0.077540018 -0.196933821 0.089223050 0.973264575
1769789429290948608.000000 1.092124581 0.182760149 -0.334027946 0.085326985 -0.203888327 0.086457469 0.971428871
1769789429424287232.000000 1.077623367 0.178893149 -0.319134802 0.095796488 -0.217757121 0.085822754 0.967491269
1769789429590944768.000000 1.068955302 0.173000515 -0.318489194 0.099599183 -0.227151528 0.086811602 0.964855433
1769789429757659136.000000 1.059695005 0.159357965 -0.309668720 0.090176478 -0.221286625 0.088366069 0.967001498
1769789429990946304.000000 1.043198347 0.148584813 -0.304261982 0.042591382 -0.216466799 0.079715662 0.972097456
1769789430290948608.000000 1.029380798 0.137917742 -0.293952018 0.024993487 -0.211299479 0.074731663 0.974239767
1769789430657611776.000000 1.034167528 0.134173468 -0.332708925 0.031674229 -0.204822406 0.076475210 0.975292802
1769789431090963456.000000 1.029906750 0.142916963 -0.337521434 0.035741642 -0.201316610 0.079010382 0.975680053
1769789431490950656.000000 1.027586102 0.158233285 -0.337364942 0.033287939 -0.199208692 0.078698426 0.976224542
1769789431957612800.000000 1.032936215 0.171227962 -0.343433619 0.026780818 -0.197123691 0.080166742 0.976728380
1769789432357616640.000000 1.040665150 0.181221873 -0.343017131 0.023244200 -0.195166424 0.080691881 0.977168679
1769789432690947840.000000 1.048033476 0.187693700 -0.338956207 0.023048624 -0.193610311 0.080145255 0.977527797
1769789433324284672.000000 1.055428505 0.187243402 -0.340666622 0.023822386 -0.191531748 0.080248043 0.977910221
1769789434790984704.000000 1.069162846 0.186935291 -0.322141051 0.024791498 -0.193814173 0.080905348 0.977382123
