1769789297054190592.000000 0.000000000 0.000000000 0.000000000 -0.000000000 -0.000000000 -0.000000000 1.000000000
1769789297620875264.000000 0.018047437 -0.006642715 0.004571266 0.001418321 -0.000470661 -0.000705595 0.999998629
1769789297654211072.000000 0.018211618 -0.006539227 0.006282811 0.001311371 -0.000253202 -0.001124810 0.999998510
1769789297787548416.000000 0.025100373 -0.009052208 0.004529581 0.001574942 -0.000387277 -0.000973469 0.999998212
1769789297920864768.000000 0.032115187 -0.009005684 0.006891950 0.002131601 0.000246618 -0.001110197 0.999997079
1769789298087520512.000000 0.044005550 -0.009599256 0.008792215 0.001624473 0.000026664 -0.000417670 0.999998629
1769789299254192384.000000 0.130880758 0.074858733 0.032783367 0.008559536 0.010213291 -0.000556796 0.999911070
1769789299420852736.000000 0.139731273 0.098567307 0.031884518 0.009460531 0.012523227 -0.001710841 0.999875367
1769789299654240768.000000 0.144854471 0.114929900 0.034758188 0.007813790 0.016289573 -0.001347288 0.999835908
1769789299820893184.000000 0.144094557 0.126173228 0.030116061 0.006632403 0.018918548 -0.001848548 0.999797344
1769789300887526144.000000 0.152405173 0.124919452 0.036602885 0.011884782 0.014280449 -0.001822008 0.999825776
1769789301187531776.000000 0.140283167 0.081246331 0.029541364 0.014884948 0.009172215 -0.000983984 0.999846697
1769789302287531264.000000 -0.032216907 -0.213040248 0.000620177 -0.044730619 0.009238179 0.000047744 0.998956382
1769789302420854528.000000 -0.062031485 -0.237747729 -0.020194357 -0.050685309 0.008831014 -0.000387143 0.998675585
1769789302520876032.000000 -0.073585205 -0.244928688 -0.011012884 -0.050769970 0.008441071 -0.000703012 0.998674512
1769789302687548160.000000 -0.104906254 -0.263322204 -0.000845321 -0.045186486 0.009566261 -0.000353391 0.998932719
1769789302854214656.000000 -0.180448860 -0.244799137 -0.027703051 -0.031640094 0.015265630 0.000197831 0.999382734
1769789303154195968.000000 -0.177390605 -0.236564368 -0.008424006 -0.019060103 0.012527855 0.000825720 0.999739528
1769789303554188288.000000 -0.183233380 -0.232746422 -0.017594673 -0.014577691 0.008537328 0.001896286 0.999855518
1769789304687526912.000000 -0.215972185 0.132017761 -0.003601600 -0.000117141 0.010338986 -0.000464977 0.999946475
1769789304954184448.000000 -0.205458224 0.178445429 -0.001286537 -0.000679561 0.010618522 -0.055876564 0.998381019
1769789305187527424.000000 -0.179267168 0.193153873 -0.012280098 -0.001423737 0.010533944 -0.080167145 0.996724784
1769789305320859136.000000 -0.158633828 0.192839682 -0.014426537 -0.000647011 0.011787579 -0.077623896 0.996912837
1769789305454239232.000000 -0.130636126 0.183896333 -0.020518592 0.000215297 0.012495895 -0.064365543 0.997848153
1769789305587522816.000000 -0.101804607 0.172666281 -0.017998386 0.002427825 0.013289475 -0.053281218 0.998488188
1769789305787527680.000000 -0.058077708 0.146165833 -0.019135738 0.005948039 0.014567218 -0.040045645 0.999073982
1769789305987525632.000000 -0.013423225 0.105414756 -0.006330932 0.014808323 0.019110627 -0.038184278 0.998978198
1769789306254190336.000000 0.145291373 0.023254411 0.048353966 0.033490408 0.022608634 -0.032465242 0.998655736
1769789306420854016.000000 0.091489613 0.002642047 0.019252988 0.042917583 0.050476968 -0.031523988 0.997304559
1769789306620857088.000000 0.195441499 -0.002676048 0.066136360 0.051607624 0.061819926 -0.031020954 0.996269345
1769789306854188288.000000 0.161327377 -0.122130610 0.027102146 0.033827711 0.068561219 -0.025325723 0.996751547
1769789306920863488.000000 0.163867265 -0.098811723 0.062931709 0.020571992 0.065679178 -0.022778342 0.997368634
1769789307154184704.000000 0.248330757 -0.006791387 0.111140192 -0.003086212 0.041320607 -0.008981628 0.999100804
1769789307354188800.000000 0.300275326 -0.007470325 0.128456742 -0.013090418 0.028397467 0.006260255 0.999491453
1769789307587527680.000000 0.328871846 -0.037025515 0.101151034 -0.013162310 0.020334668 0.015989633 0.999578714
1769789307754192128.000000 0.331129849 -0.037964415 0.110086471 -0.003638786 0.021258209 0.011931193 0.999696195
1769789308054191616.000000 0.343030006 -0.038523950 0.108608581 0.005793473 0.019975889 0.011110309 0.999721944
1769789308320857344.000000 0.348775148 -0.004971677 0.113465846 0.015510370 0.022294804 0.007428940 0.999603510
1769789308520855296.000000 0.361697167 0.036745787 0.117739089 0.021006325 0.021836117 0.006722873 0.999518275
1769789308787541504.000000 0.370878965 0.059149973 0.121097587 0.019567205 0.021173690 0.009484492 0.999539316
1769789308987518464.000000 0.368844211 0.085670270 0.113676243 0.018552205 0.021007556 0.011317084 0.999543130
1769789309220848896.000000 0.379564941 0.120910592 0.126350239 0.016984416 0.019628556 0.012840357 0.999580622
1769789309654188032.000000 0.354754567 0.178606614 0.116789557 0.013580027 0.018589843 0.012913080 0.999651551
1769789309887522304.000000 0.331938326 0.195827708 0.109919362 0.011468722 0.017919330 0.011198557 0.999710977
1769789310187529728.000000 0.299331754 0.200758979 0.099322759 0.010778751 0.015906343 0.010140290 0.999763966
1769789310387532544.000000 0.266368508 0.188381165 0.084095575 0.010456771 0.016108776 0.006611002 0.999793708
1769789310587516416.000000 0.240748614 0.172673732 0.079903103 0.012088644 0.014898191 0.004147641 0.999807358
1769789311254180096.000000 0.148202330 0.077123061 0.036014844 0.048105862 -0.001407394 -0.004264041 0.998832166
1769789311387516416.000000 0.128886163 0.034107972 0.033262014 0.055528492 -0.014022461 -0.002923828 0.998354375
1769789311620847360.000000 0.071451522 -0.045976281 0.024612598 0.064665116 -0.036463499 -0.006858591 0.997217059
1769789311720849152.000000 0.049975075 -0.083767809 0.021923147 0.063719049 -0.043183282 -0.004249411 0.997024119
1769789312420853504.000000 -0.064498678 -0.219686568 0.019740667 -0.026372669 -0.015751055 0.001105707 0.999527514
1769789312520861696.000000 -0.082542829 -0.233890682 0.016885670 -0.028542506 -0.012123859 0.000813157 0.999518752
1769789312654183168.000000 -0.104330316 -0.251949608 0.011230828 -0.026430869 -0.008033891 0.000749473 0.999618113
1769789312720855296.000000 -0.114273712 -0.259810299 0.010552664 -0.023627948 -0.006358025 0.001017937 0.999700069
1769789313220847104.000000 -0.179356158 -0.232824504 -0.012628356 -0.010008366 0.003311203 0.001855068 0.999942720
1769789313320849664.000000 -0.188622445 -0.220312759 -0.031640984 -0.008196797 0.004047233 0.002007992 0.999956191
1769789314254180608.000000 -0.220512703 0.048275232 -0.012685663 0.000486272 0.006563793 -0.001402020 0.999977350
1769789314620849152.000000 -0.203333780 0.148353174 0.001814251 0.003739958 0.008487596 -0.009810861 0.999908864
1769789314887515136.000000 -0.184595108 0.181521997 -0.003831685 -0.000531497 0.007886782 -0.061865117 0.998053193
1769789315120847104.000000 -0.155936062 0.189402491 -0.029722420 -0.002421420 0.008365652 -0.078924760 0.996842563
1769789315320854528.000000 -0.134417772 0.181396782 -0.038828272 -0.001636817 0.016448468 -0.063013569 0.997875810
1769789315554183424.000000 -0.118407235 0.168567866 -0.038527295 0.004803484 0.030284593 -0.046089370 0.998466611
1769789315720849408.000000 -0.037628789 0.143352613 -0.018220648 0.007332440 0.013544229 -0.040731966 0.999051392
1769789315820845824.000000 -0.023560414 0.134992450 -0.002209739 0.014982770 0.018279172 -0.040679701 0.998892665
1769789315920849152.000000 0.003111211 0.103791468 -0.007758812 0.018283684 0.020131789 -0.036919635 0.998948097
1769789316587523328.000000 0.153297216 -0.067444049 0.017118672 0.043221783 0.070221566 -0.025762191 0.996261597
1769789316787525888.000000 0.193170384 -0.109359078 0.035876211 0.027506873 0.061815016 -0.020146221 0.997505128
1769789317120856832.000000 0.265800029 -0.092737623 0.060625535 -0.020292863 0.033068907 0.008225214 0.999213219
1769789317320862976.000000 0.301919997 -0.031751476 0.105961405 -0.017119471 0.025759518 0.011059795 0.999460399
1769789317587510272.000000 0.330568761 -0.051967919 0.102184631 -0.010549765 0.020639174 0.014807808 0.999621689
1769789317854179072.000000 0.352651983 -0.050216142 0.110946983 0.003620716 0.018570546 0.015150607 0.999706209
1769789318254178048.000000 0.371500462 0.006920103 0.109517857 0.018737594 0.019236308 0.011486593 0.999573410
1769789319020848128.000000 0.369367480 0.110104941 0.112960577 0.018064762 0.021453848 0.011183486 0.999544084
1769789319387542784.000000 0.364636123 0.155367002 0.110316932 0.014055652 0.019317381 0.012690162 0.999634087
1769789319587540736.000000 0.350967735 0.181386650 0.109701276 0.013360534 0.018683244 0.013277220 0.999648035
1769789319954207232.000000 0.313733131 0.204345435 0.104335509 0.011681895 0.017751161 0.009715609 0.999727011
1769789320354200576.000000 0.261536986 0.191572428 0.088101052 0.012254097 0.015811924 0.005826647 0.999782920
1769789320587548672.000000 0.223726705 0.156919271 0.062895425 0.012358935 0.014380129 0.002753168 0.999816418
1769789320620875776.000000 0.220128149 0.155627400 0.060459565 0.014266710 0.014007972 0.004412126 0.999790370
1769789320920878336.000000 0.184262812 0.130953804 0.040839259 0.028700806 0.007391767 -0.004140995 0.999552131
1769789321154215680.000000 0.148036689 0.071234569 0.022626663 0.046907555 -0.001858855 -0.003380623 0.998891771
1769789321287540992.000000 0.120837599 0.031410288 0.030372154 0.055941749 -0.013437267 -0.004821367 0.998331964
1769789321587589120.000000 0.065366283 -0.075637884 0.020784322 0.063993387 -0.042588670 -0.004793419 0.997029662
1769789321654203904.000000 0.052485831 -0.099071383 0.014395941 0.062355224 -0.045263641 -0.003923017 0.997019410
1769789321720884992.000000 0.034780420 -0.125503764 0.009019422 0.059197728 -0.044913206 -0.001256424 0.997234643
1769789321787545600.000000 0.030689901 -0.134730175 0.008991105 0.056634869 -0.042828646 0.001756281 0.997474372
1769789321820875008.000000 0.031958871 -0.135943294 0.006310209 0.056266826 -0.041074026 0.001867375 0.997568846
1769789321854219776.000000 0.022013022 -0.140106201 0.010140609 0.049381595 -0.037541594 0.001111188 0.998073578
1769789321920892416.000000 0.008331387 -0.147739470 0.030149695 0.028546628 -0.034022205 0.002668889 0.999009788
1769789322187540480.000000 -0.043741032 -0.197592527 0.027027911 -0.016904963 -0.020249125 0.000429842 0.999651968
1769789322287534080.000000 -0.060400616 -0.212478682 0.027074918 -0.024559213 -0.016583651 0.000877226 0.999560475
1769789322620877056.000000 -0.114594080 -0.262436599 0.006737849 -0.023785442 -0.006260554 0.000882922 0.999697089
1769789323220866560.000000 -0.190480918 -0.210164905 0.009533945 -0.007198177 0.004267096 0.001008763 0.999964535
1769789323387542528.000000 -0.203373969 -0.171963841 0.006832032 -0.004212189 0.005408856 0.000622731 0.999976337
1769789323520878592.000000 -0.212766409 -0.138283908 0.001034725 -0.002868304 0.006016602 -0.000019092 0.999977827
1769789325220865280.000000 -0.121749260 0.187465519 -0.027491368 0.000783627 0.010690562 -0.067514829 0.997660697
1769789325454199040.000000 -0.071818076 0.163492024 -0.031663846 0.003865515 0.012431928 -0.049499467 0.998689294
1769789325620874240.000000 -0.038151607 0.141841814 -0.019266162 0.007063669 0.013811021 -0.039846189 0.999085426
1769789325754203648.000000 -0.010950771 0.118010983 -0.014335153 0.013695311 0.017311871 -0.037968244 0.999035120
1769789325854206464.000000 0.009527985 0.097119004 -0.008572899 0.021069510 0.021735039 -0.036964867 0.998857975
1769789325987537920.000000 0.033680566 0.063389212 -0.006008796 0.032517958 0.029441373 -0.035323255 0.998412788
1769789326687530240.000000 0.188612252 -0.111792073 0.033966400 0.026059419 0.061878845 -0.020399474 0.997534871
1769789331387535872.000000 0.081275500 -0.040407829 0.023736916 0.063698635 -0.034082141 -0.005974473 0.997369170
1769789331487529472.000000 0.062739521 -0.073800012 0.035598483 0.064419940 -0.042515054 -0.005381100 0.997002304
1769789331554206720.000000 0.048804693 -0.096824154 0.046958774 0.063178398 -0.045294914 -0.004039143 0.996965706
1769789331654216192.000000 0.028833203 -0.130246654 0.048025981 0.058219183 -0.044323206 0.000373900 0.997319341
1769789331720865536.000000 0.028971987 -0.132440120 0.061716862 0.056938570 -0.040670034 0.001305564 0.997548163
1769789331754217984.000000 0.014560533 -0.136811286 0.051932510 0.049109373 -0.037005257 0.000378915 0.998107553
1769789331787542272.000000 0.010925850 -0.141868338 0.042886078 0.038606435 -0.034842819 0.001076836 0.998646259
1769789331820875520.000000 0.007021446 -0.149587810 0.052063137 0.027022459 -0.033305876 0.001036964 0.999079287
1769789331920872192.000000 -0.013420329 -0.167670637 0.042032316 0.004387894 -0.027630854 0.001158124 0.999607921
1769789332854199040.000000 -0.161991701 -0.252239197 -0.003315487 -0.014511094 0.001903110 0.002148031 0.999890625
1769789333287539712.000000 -0.204075336 -0.172306091 -0.003145341 -0.003957396 0.005510328 0.000361861 0.999976933
1769789334287588608.000000 -0.208051503 0.111146726 -0.010823593 0.000517705 0.007547237 -0.001850686 0.999969661
1769789335220866304.000000 -0.100948267 0.178682864 -0.021920875 0.002174769 0.011474383 -0.059592564 0.998154461
1769789335520862464.000000 -0.038307726 0.141850069 -0.016530929 0.007349863 0.014123475 -0.040253762 0.999062657
1769789335720847616.000000 0.003565381 0.101797715 -0.002940969 0.018679898 0.020254223 -0.037972104 0.998898864
1769789335887514368.000000 0.033592116 0.061849508 -0.000506335 0.032355968 0.030068433 -0.035268165 0.998401344
1769789336120850688.000000 0.069294795 -0.000967682 0.029844960 0.041824896 0.056265064 -0.031943623 0.997027874
1769789336587518720.000000 0.184334710 -0.107610591 0.047340300 0.026565440 0.061846808 -0.020509206 0.997521281
1769789339087516672.000000 0.375158340 0.137764633 0.129036427 0.013854739 0.017872358 0.013157976 0.999657691
1769789339620840192.000000 0.331457108 0.197978422 0.119758688 0.011963087 0.016126102 0.011690140 0.999730051
1769789340220857856.000000 0.258089423 0.180207476 0.095017999 0.012094191 0.013021260 0.005768866 0.999825418
1769789340554172160.000000 0.203136101 0.140945032 0.088286415 0.016417177 0.012270168 -0.001703850 0.999788463
1769789340854187520.000000 0.157588825 0.095529631 0.070139237 0.039025079 0.004174085 -0.004980158 0.999217153
1769789341187532800.000000 0.098559402 -0.005526604 0.057204314 0.061632816 -0.024375100 -0.007149870 0.997775614
1769789341354174464.000000 0.064078093 -0.064304940 0.062226240 0.064700469 -0.039984349 -0.005848961 0.997086227
1769789341454210304.000000 0.045856450 -0.098154828 0.057384629 0.062773526 -0.044631645 -0.003858529 0.997021854
1769789341520856320.000000 0.031255327 -0.120347761 0.045366656 0.059912648 -0.043715879 -0.001574738 0.997244656
1769789341587526912.000000 0.026637318 -0.136591613 0.046258256 0.056435864 -0.040746778 0.000443258 0.997574329
1769789341720857088.000000 0.006156691 -0.146268904 0.068135291 0.029973121 -0.031762455 -0.000328155 0.999045908
1769789341754185216.000000 0.001377636 -0.152435914 0.064396366 0.020400990 -0.030373571 0.000194139 0.999330401
1769789341820849408.000000 -0.012995573 -0.161566332 0.061357368 0.007728312 -0.026617026 -0.000240699 0.999615848
1769789342354180864.000000 -0.084460750 -0.234596089 0.009259447 -0.021705741 -0.009398000 0.000247834 0.999720216
1769789342954199808.000000 -0.124252595 -0.195508420 -0.011083534 -0.008827586 0.000182406 0.000980614 0.999960542
1769789343320881408.000000 -0.126695931 -0.128407821 -0.013480240 -0.004552520 0.002765943 0.000089447 0.999985814
1769789343920899072.000000 -0.095745295 -0.026352789 -0.015215909 -0.001158451 0.003571738 -0.000972587 0.999992490
1769789343954237440.000000 -0.093561612 -0.023234224 -0.015089653 -0.001434750 0.003710026 -0.001006300 0.999991596
1769789344654217728.000000 -0.040394135 0.018105729 -0.012533280 0.000042923 0.004042780 -0.002002183 0.999989867
1769789346954226944.000000 0.009720637 0.004640194 -0.005502315 0.000670891 0.000091753 -0.000313885 0.999999762
