1769789297.054191 0.0000000 0.0000000 0.0000000 -0.0000000 -0.0000000 -0.0000000 1.0000000
1769789297.620875 0.0180474 -0.0066427 0.0045713 0.0014183 -0.0004707 -0.0007056 0.9999986
1769789297.654211 0.0182116 -0.0065392 0.0062828 0.0013114 -0.0002532 -0.0011248 0.9999985
1769789297.787549 0.0251004 -0.0090522 0.0045296 0.0015749 -0.0003873 -0.0009735 0.9999982
1769789297.920865 0.0321152 -0.0090057 0.0068919 0.0021316 0.0002466 -0.0011102 0.9999971
1769789298.087521 0.0440056 -0.0095993 0.0087922 0.0016245 0.0000267 -0.0004177 0.9999986
1769789299.254192 0.1308808 0.0748587 0.0327834 0.0085595 0.0102133 -0.0005568 0.9999111
1769789299.420853 0.1397313 0.0985673 0.0318845 0.0094605 0.0125232 -0.0017108 0.9998754
1769789299.654241 0.1448545 0.1149299 0.0347582 0.0078138 0.0162896 -0.0013473 0.9998359
1769789299.820893 0.1440946 0.1261732 0.0301161 0.0066324 0.0189185 -0.0018485 0.9997973
1769789300.887526 0.1524052 0.1249195 0.0366029 0.0118848 0.0142804 -0.0018220 0.9998258
1769789301.187532 0.1402832 0.0812463 0.0295414 0.0148849 0.0091722 -0.0009840 0.9998467
1769789302.287531 -0.0322169 -0.2130402 0.0006202 -0.0447306 0.0092382 0.0000477 0.9989564
1769789302.420855 -0.0620315 -0.2377477 -0.0201944 -0.0506853 0.0088310 -0.0003871 0.9986756
1769789302.520876 -0.0735852 -0.2449287 -0.0110129 -0.0507700 0.0084411 -0.0007030 0.9986745
1769789302.687548 -0.1049063 -0.2633222 -0.0008453 -0.0451865 0.0095663 -0.0003534 0.9989327
1769789302.854215 -0.1804489 -0.2447991 -0.0277031 -0.0316401 0.0152656 0.0001978 0.9993827
1769789303.154196 -0.1773906 -0.2365644 -0.0084240 -0.0190601 0.0125279 0.0008257 0.9997395
1769789303.554188 -0.1832334 -0.2327464 -0.0175947 -0.0145777 0.0085373 0.0018963 0.9998555
1769789304.687527 -0.2159722 0.1320178 -0.0036016 -0.0001171 0.0103390 -0.0004650 0.9999465
1769789304.954185 -0.2054582 0.1784454 -0.0012865 -0.0006796 0.0106185 -0.0558766 0.9983810
1769789305.187527 -0.1792672 0.1931539 -0.0122801 -0.0014237 0.0105339 -0.0801671 0.9967248
1769789305.320859 -0.1586338 0.1928397 -0.0144265 -0.0006470 0.0117876 -0.0776239 0.9969128
1769789305.454239 -0.1306361 0.1838963 -0.0205186 0.0002153 0.0124959 -0.0643655 0.9978482
1769789305.587523 -0.1018046 0.1726663 -0.0179984 0.0024278 0.0132895 -0.0532812 0.9984882
1769789305.787528 -0.0580777 0.1461658 -0.0191357 0.0059480 0.0145672 -0.0400456 0.9990740
1769789305.987526 -0.0134232 0.1054148 -0.0063309 0.0148083 0.0191106 -0.0381843 0.9989782
1769789306.254190 0.1452914 0.0232544 0.0483540 0.0334904 0.0226086 -0.0324652 0.9986557
1769789306.420854 0.0914896 0.0026420 0.0192530 0.0429176 0.0504770 -0.0315240 0.9973046
1769789306.620857 0.1954415 -0.0026760 0.0661364 0.0516076 0.0618199 -0.0310210 0.9962693
1769789306.854188 0.1613274 -0.1221306 0.0271021 0.0338277 0.0685612 -0.0253257 0.9967515
1769789306.920863 0.1638673 -0.0988117 0.0629317 0.0205720 0.0656792 -0.0227783 0.9973686
1769789307.154185 0.2483308 -0.0067914 0.1111402 -0.0030862 0.0413206 -0.0089816 0.9991008
1769789307.354189 0.3002753 -0.0074703 0.1284567 -0.0130904 0.0283975 0.0062603 0.9994915
1769789307.587528 0.3288718 -0.0370255 0.1011510 -0.0131623 0.0203347 0.0159896 0.9995787
1769789307.754192 0.3311298 -0.0379644 0.1100865 -0.0036388 0.0212582 0.0119312 0.9996962
1769789308.054192 0.3430300 -0.0385239 0.1086086 0.0057935 0.0199759 0.0111103 0.9997219
1769789308.320857 0.3487751 -0.0049717 0.1134658 0.0155104 0.0222948 0.0074289 0.9996035
1769789308.520855 0.3616972 0.0367458 0.1177391 0.0210063 0.0218361 0.0067229 0.9995183
1769789308.787542 0.3708790 0.0591500 0.1210976 0.0195672 0.0211737 0.0094845 0.9995393
1769789308.987519 0.3688442 0.0856703 0.1136762 0.0185522 0.0210076 0.0113171 0.9995431
1769789309.220849 0.3795649 0.1209106 0.1263502 0.0169844 0.0196286 0.0128404 0.9995806
1769789309.654188 0.3547546 0.1786066 0.1167896 0.0135800 0.0185898 0.0129131 0.9996516
1769789309.887522 0.3319383 0.1958277 0.1099194 0.0114687 0.0179193 0.0111986 0.9997110
1769789310.187530 0.2993318 0.2007590 0.0993228 0.0107788 0.0159063 0.0101403 0.9997640
1769789310.387532 0.2663685 0.1883812 0.0840956 0.0104568 0.0161088 0.0066110 0.9997937
1769789310.587516 0.2407486 0.1726737 0.0799031 0.0120886 0.0148982 0.0041476 0.9998074
1769789311.254180 0.1482023 0.0771231 0.0360148 0.0481059 -0.0014074 -0.0042640 0.9988322
1769789311.387516 0.1288862 0.0341080 0.0332620 0.0555285 -0.0140225 -0.0029238 0.9983544
1769789311.620847 0.0714515 -0.0459763 0.0246126 0.0646651 -0.0364635 -0.0068586 0.9972171
1769789311.720849 0.0499751 -0.0837678 0.0219231 0.0637190 -0.0431833 -0.0042494 0.9970241
1769789312.420853 -0.0644987 -0.2196866 0.0197407 -0.0263727 -0.0157511 0.0011057 0.9995275
1769789312.520862 -0.0825428 -0.2338907 0.0168857 -0.0285425 -0.0121239 0.0008132 0.9995188
1769789312.654183 -0.1043303 -0.2519496 0.0112308 -0.0264309 -0.0080339 0.0007495 0.9996181
1769789312.720855 -0.1142737 -0.2598103 0.0105527 -0.0236279 -0.0063580 0.0010179 0.9997001
1769789313.220847 -0.1793562 -0.2328245 -0.0126284 -0.0100084 0.0033112 0.0018551 0.9999427
1769789313.320850 -0.1886224 -0.2203128 -0.0316410 -0.0081968 0.0040472 0.0020080 0.9999562
1769789314.254181 -0.2205127 0.0482752 -0.0126857 0.0004863 0.0065638 -0.0014020 0.9999774
1769789314.620849 -0.2033338 0.1483532 0.0018143 0.0037400 0.0084876 -0.0098109 0.9999089
1769789314.887515 -0.1845951 0.1815220 -0.0038317 -0.0005315 0.0078868 -0.0618651 0.9980532
1769789315.120847 -0.1559361 0.1894025 -0.0297224 -0.0024214 0.0083657 -0.0789248 0.9968426
1769789315.320854 -0.1344178 0.1813968 -0.0388283 -0.0016368 0.0164485 -0.0630136 0.9978758
1769789315.554183 -0.1184072 0.1685679 -0.0385273 0.0048035 0.0302846 -0.0460894 0.9984666
1769789315.720850 -0.0376288 0.1433526 -0.0182206 0.0073324 0.0135442 -0.0407320 0.9990514
1769789315.820846 -0.0235604 0.1349925 -0.0022097 0.0149828 0.0182792 -0.0406797 0.9988927
1769789315.920849 0.0031112 0.1037915 -0.0077588 0.0182837 0.0201318 -0.0369196 0.9989481
1769789316.587523 0.1532972 -0.0674440 0.0171187 0.0432218 0.0702216 -0.0257622 0.9962616
1769789316.787526 0.1931704 -0.1093591 0.0358762 0.0275069 0.0618150 -0.0201462 0.9975051
1769789317.120857 0.2658000 -0.0927376 0.0606255 -0.0202929 0.0330689 0.0082252 0.9992132
1769789317.320863 0.3019200 -0.0317515 0.1059614 -0.0171195 0.0257595 0.0110598 0.9994604
1769789317.587510 0.3305688 -0.0519679 0.1021846 -0.0105498 0.0206392 0.0148078 0.9996217
1769789317.854179 0.3526520 -0.0502161 0.1109470 0.0036207 0.0185705 0.0151506 0.9997062
1769789318.254178 0.3715005 0.0069201 0.1095179 0.0187376 0.0192363 0.0114866 0.9995734
1769789319.020848 0.3693675 0.1101049 0.1129606 0.0180648 0.0214538 0.0111835 0.9995441
1769789319.387543 0.3646361 0.1553670 0.1103169 0.0140557 0.0193174 0.0126902 0.9996341
1769789319.587541 0.3509677 0.1813866 0.1097013 0.0133605 0.0186832 0.0132772 0.9996480
1769789319.954207 0.3137331 0.2043454 0.1043355 0.0116819 0.0177512 0.0097156 0.9997270
1769789320.354201 0.2615370 0.1915724 0.0881011 0.0122541 0.0158119 0.0058266 0.9997829
1769789320.587549 0.2237267 0.1569193 0.0628954 0.0123589 0.0143801 0.0027532 0.9998164
1769789320.620876 0.2201281 0.1556274 0.0604596 0.0142667 0.0140080 0.0044121 0.9997904
1769789320.920878 0.1842628 0.1309538 0.0408393 0.0287008 0.0073918 -0.0041410 0.9995521
1769789321.154216 0.1480367 0.0712346 0.0226267 0.0469076 -0.0018589 -0.0033806 0.9988918
1769789321.287541 0.1208376 0.0314103 0.0303722 0.0559417 -0.0134373 -0.0048214 0.9983320
1769789321.587589 0.0653663 -0.0756379 0.0207843 0.0639934 -0.0425887 -0.0047934 0.9970297
1769789321.654204 0.0524858 -0.0990714 0.0143959 0.0623552 -0.0452636 -0.0039230 0.9970194
1769789321.720885 0.0347804 -0.1255038 0.0090194 0.0591977 -0.0449132 -0.0012564 0.9972346
1769789321.787546 0.0306899 -0.1347302 0.0089911 0.0566349 -0.0428286 0.0017563 0.9974744
1769789321.820875 0.0319589 -0.1359433 0.0063102 0.0562668 -0.0410740 0.0018674 0.9975688
1769789321.854220 0.0220130 -0.1401062 0.0101406 0.0493816 -0.0375416 0.0011112 0.9980736
1769789321.920892 0.0083314 -0.1477395 0.0301497 0.0285466 -0.0340222 0.0026689 0.9990098
1769789322.187541 -0.0437410 -0.1975925 0.0270279 -0.0169050 -0.0202491 0.0004298 0.9996520
1769789322.287534 -0.0604006 -0.2124787 0.0270749 -0.0245592 -0.0165837 0.0008772 0.9995605
1769789322.620877 -0.1145941 -0.2624366 0.0067378 -0.0237854 -0.0062606 0.0008829 0.9996971
1769789323.220867 -0.1904809 -0.2101649 0.0095339 -0.0071982 0.0042671 0.0010088 0.9999645
1769789323.387542 -0.2033740 -0.1719638 0.0068320 -0.0042122 0.0054089 0.0006227 0.9999763
1769789323.520879 -0.2127664 -0.1382839 0.0010347 -0.0028683 0.0060166 -0.0000191 0.9999778
1769789325.220865 -0.1217493 0.1874655 -0.0274914 0.0007836 0.0106906 -0.0675148 0.9976607
1769789325.454199 -0.0718181 0.1634920 -0.0316638 0.0038655 0.0124319 -0.0494995 0.9986893
1769789325.620874 -0.0381516 0.1418418 -0.0192662 0.0070637 0.0138110 -0.0398462 0.9990854
1769789325.754204 -0.0109508 0.1180110 -0.0143352 0.0136953 0.0173119 -0.0379682 0.9990351
1769789325.854207 0.0095280 0.0971190 -0.0085729 0.0210695 0.0217350 -0.0369649 0.9988580
1769789325.987538 0.0336806 0.0633892 -0.0060088 0.0325180 0.0294414 -0.0353233 0.9984128
1769789326.687530 0.1886123 -0.1117921 0.0339664 0.0260594 0.0618788 -0.0203995 0.9975349
1769789331.387536 0.0812755 -0.0404078 0.0237369 0.0636986 -0.0340821 -0.0059745 0.9973692
1769789331.487530 0.0627395 -0.0738000 0.0355985 0.0644199 -0.0425151 -0.0053811 0.9970023
1769789331.554207 0.0488047 -0.0968242 0.0469588 0.0631784 -0.0452949 -0.0040391 0.9969657
1769789331.654216 0.0288332 -0.1302467 0.0480260 0.0582192 -0.0443232 0.0003739 0.9973193
1769789331.720865 0.0289720 -0.1324401 0.0617169 0.0569386 -0.0406700 0.0013056 0.9975482
1769789331.754218 0.0145605 -0.1368113 0.0519325 0.0491094 -0.0370053 0.0003789 0.9981076
1769789331.787542 0.0109258 -0.1418683 0.0428861 0.0386064 -0.0348428 0.0010768 0.9986463
1769789331.820876 0.0070214 -0.1495878 0.0520631 0.0270225 -0.0333059 0.0010370 0.9990793
1769789331.920872 -0.0134203 -0.1676706 0.0420323 0.0043879 -0.0276309 0.0011581 0.9996079
1769789332.854199 -0.1619917 -0.2522392 -0.0033155 -0.0145111 0.0019031 0.0021480 0.9998906
1769789333.287540 -0.2040753 -0.1723061 -0.0031453 -0.0039574 0.0055103 0.0003619 0.9999769
1769789334.287589 -0.2080515 0.1111467 -0.0108236 0.0005177 0.0075472 -0.0018507 0.9999697
1769789335.220866 -0.1009483 0.1786829 -0.0219209 0.0021748 0.0114744 -0.0595926 0.9981545
1769789335.520863 -0.0383077 0.1418501 -0.0165309 0.0073499 0.0141235 -0.0402538 0.9990627
1769789335.720848 0.0035654 0.1017977 -0.0029410 0.0186799 0.0202542 -0.0379721 0.9988989
1769789335.887514 0.0335921 0.0618495 -0.0005063 0.0323560 0.0300684 -0.0352682 0.9984013
1769789336.120851 0.0692948 -0.0009677 0.0298450 0.0418249 0.0562651 -0.0319436 0.9970279
1769789336.587519 0.1843347 -0.1076106 0.0473403 0.0265654 0.0618468 -0.0205092 0.9975213
1769789339.087517 0.3751583 0.1377646 0.1290364 0.0138547 0.0178724 0.0131580 0.9996577
1769789339.620840 0.3314571 0.1979784 0.1197587 0.0119631 0.0161261 0.0116901 0.9997301
1769789340.220858 0.2580894 0.1802075 0.0950180 0.0120942 0.0130213 0.0057689 0.9998254
1769789340.554172 0.2031361 0.1409450 0.0882864 0.0164172 0.0122702 -0.0017039 0.9997885
1769789340.854187 0.1575888 0.0955296 0.0701392 0.0390251 0.0041741 -0.0049802 0.9992172
1769789341.187533 0.0985594 -0.0055266 0.0572043 0.0616328 -0.0243751 -0.0071499 0.9977756
1769789341.354174 0.0640781 -0.0643049 0.0622262 0.0647005 -0.0399843 -0.0058490 0.9970862
1769789341.454210 0.0458564 -0.0981548 0.0573846 0.0627735 -0.0446316 -0.0038585 0.9970219
1769789341.520856 0.0312553 -0.1203478 0.0453667 0.0599126 -0.0437159 -0.0015747 0.9972447
1769789341.587527 0.0266373 -0.1365916 0.0462583 0.0564359 -0.0407468 0.0004433 0.9975743
1769789341.720857 0.0061567 -0.1462689 0.0681353 0.0299731 -0.0317625 -0.0003282 0.9990459
1769789341.754185 0.0013776 -0.1524359 0.0643964 0.0204010 -0.0303736 0.0001941 0.9993304
1769789341.820849 -0.0129956 -0.1615663 0.0613574 0.0077283 -0.0266170 -0.0002407 0.9996158
1769789342.354181 -0.0844608 -0.2345961 0.0092594 -0.0217057 -0.0093980 0.0002478 0.9997202
1769789342.954200 -0.1242526 -0.1955084 -0.0110835 -0.0088276 0.0001824 0.0009806 0.9999605
1769789343.320881 -0.1266959 -0.1284078 -0.0134802 -0.0045525 0.0027659 0.0000894 0.9999858
1769789343.920899 -0.0957453 -0.0263528 -0.0152159 -0.0011585 0.0035717 -0.0009726 0.9999925
1769789343.954237 -0.0935616 -0.0232342 -0.0150897 -0.0014347 0.0037100 -0.0010063 0.9999916
1769789344.654218 -0.0403941 0.0181057 -0.0125333 0.0000429 0.0040428 -0.0020022 0.9999899
1769789346.954227 0.0097206 0.0046402 -0.0055023 0.0006709 0.0000918 -0.0003139 0.9999998
