1770029053.573583 0.0000000 0.0000000 0.0000000 -0.0000000 -0.0000000 -0.0000000 1.0000000
1770029053.840275 0.0059842 0.0064185 0.0207511 0.0001300 -0.0001700 -0.0015904 0.9999987
1770029053.973601 -0.0000382 0.0061742 -0.0060292 0.0009502 0.0006527 0.0004867 0.9999992
1770029059.606940 0.1758465 0.0205793 0.0101467 0.0075895 0.0093409 -0.0018099 0.9999260
1770029060.106945 0.2219013 0.0642550 0.0205783 0.0071561 0.0167692 -0.0023905 0.9998310
1770029060.440264 0.2474461 0.1013854 0.0184866 0.0052855 0.0216614 -0.0019851 0.9997494
1770029061.073616 0.2965902 0.1823459 0.0249231 0.0004405 0.0315554 -0.0031927 0.9994968
1770029061.340272 0.3176788 0.2134701 0.0311922 -0.0026044 0.0309814 -0.0030483 0.9995119
1770029061.573612 0.3292407 0.2430087 0.0326625 -0.0039094 0.0300481 -0.0036699 0.9995341
1770029061.840281 0.3360487 0.2670484 0.0308046 -0.0049356 0.0294062 -0.0044751 0.9995453
1770029062.340269 0.3307724 0.2897271 0.0276268 -0.0032668 0.0233611 -0.0061750 0.9997027
1770029063.340301 0.2304689 0.1928555 0.0184790 0.0131114 0.0189115 -0.0049641 0.9997229
1770029063.506968 0.2068443 0.1646966 0.0092716 0.0217203 0.0153302 -0.0061422 0.9996277
1770029065.406968 -0.1798614 -0.3336268 0.0306459 -0.0555332 -0.0101546 -0.0130300 0.9983202
1770029067.973638 -0.4306967 -0.0191237 0.0020239 0.0067122 -0.0035248 -0.0081268 0.9999382
1770029069.140311 -0.4465958 0.3534764 0.0009409 -0.0222894 0.0024813 -0.2535592 0.9670599
1770029069.740285 -0.4014382 0.4430238 -0.0096639 -0.0315930 0.0105939 -0.3405394 0.9396396
1770029069.973620 -0.3683839 0.4452440 -0.0133239 -0.0326280 0.0102664 -0.3486574 0.9366259
1770029070.173621 -0.3396313 0.4315487 -0.0199287 -0.0319265 0.0124675 -0.3467721 0.9373230
1770029070.406956 -0.2884040 0.3946553 -0.0141370 -0.0305958 0.0133929 -0.3261279 0.9447355
1770029070.673630 -0.2218901 0.3334561 -0.0122179 -0.0244909 0.0145419 -0.2739030 0.9613355
1770029070.906982 -0.1517683 0.2639808 -0.0116014 -0.0148550 0.0151711 -0.2016288 0.9792319
1770029071.173602 -0.0774837 0.1842273 -0.0119595 0.0012621 0.0191072 -0.1557356 0.9876132
1770029071.373611 -0.0302347 0.1313303 -0.0161644 0.0241079 0.0305065 -0.1519372 0.9876251
1770029071.806937 0.0553215 0.0150870 -0.0110750 0.0665343 0.0824406 -0.1438256 0.9839161
1770029071.940263 0.0813797 -0.0291826 -0.0050494 0.0700871 0.1058616 -0.1406180 0.9818898
1770029072.073601 0.1219534 -0.0769459 0.0006045 0.0689443 0.1266000 -0.1376497 0.9799345
1770029072.240274 0.1759743 -0.1327930 -0.0015194 0.0599737 0.1382953 -0.1372965 0.9789930
1770029072.373606 0.2212331 -0.1334860 0.0047252 0.0155496 0.1238073 -0.1224539 0.9845989
1770029072.506938 0.2669333 -0.1574132 0.0218533 -0.0185080 0.0980779 -0.0988542 0.9900839
1770029072.973611 0.3960035 -0.2174778 0.0713494 -0.0585611 0.0529743 -0.0271521 0.9965075
1770029073.006938 0.4005793 -0.2205070 0.0741057 -0.0584511 0.0515487 -0.0248286 0.9966493
1770029073.873605 0.5182891 -0.3154659 0.0364100 -0.0025776 0.0336184 -0.0031483 0.9994265
1770029074.473608 0.5790454 -0.2646289 0.0260972 0.0153682 0.0319552 -0.0001436 0.9993711
1770029075.906928 0.6200549 0.0824253 0.0363500 0.0106397 0.0371335 -0.0021147 0.9992515
1770029076.306944 0.6070125 0.1935109 0.0423431 0.0062747 0.0370581 -0.0031011 0.9992886
1770029076.873600 0.5603772 0.3318544 0.0353844 0.0011404 0.0359983 -0.0075586 0.9993227
1770029077.006988 0.5462793 0.3565902 0.0361999 0.0003018 0.0352217 -0.0080415 0.9993472
1770029077.406927 0.5001768 0.4020114 0.0328355 -0.0014370 0.0332251 -0.0101418 0.9993954
1770029077.506935 0.4876083 0.4059085 0.0309211 -0.0020480 0.0325075 -0.0101082 0.9994183
1770029077.706935 0.4619652 0.4058279 0.0298004 -0.0026544 0.0308320 -0.0103241 0.9994677
1770029078.140262 0.3991715 0.3799841 0.0265431 0.0001002 0.0266235 -0.0091452 0.9996037
1770029078.306928 0.3689995 0.3540396 0.0235816 0.0016795 0.0260047 -0.0083534 0.9996256
1770029078.606934 0.3187290 0.2942848 0.0210074 0.0051398 0.0236131 -0.0062193 0.9996886
1770029079.573659 0.1547332 0.0748068 -0.0139693 0.0711145 -0.0010897 -0.0126163 0.9973878
1770029079.706982 0.1382558 0.0306549 -0.0208665 0.0808745 -0.0168964 -0.0142743 0.9964789
1770029080.240309 0.0099806 -0.1827850 -0.0089222 0.0944794 -0.0817405 -0.0059125 0.9921478
1770029080.273645 0.0109528 -0.1791236 -0.0133099 0.0853607 -0.0806006 -0.0023051 0.9930820
1770029083.740309 -0.4269172 0.0424749 0.0054526 0.0048253 -0.0043603 -0.0084252 0.9999434
1770029084.706988 -0.4453044 0.3466324 0.0021658 -0.0219766 0.0024606 -0.2491524 0.9682118
1770029085.240321 -0.4087918 0.4379608 -0.0082173 -0.0299960 0.0097331 -0.3342713 0.9419491
1770029085.673661 -0.3544663 0.4405141 -0.0157687 -0.0323961 0.0118335 -0.3492308 0.9364018
1770029085.973657 -0.2948068 0.3984812 -0.0125380 -0.0310082 0.0136511 -0.3294829 0.9435535
1770029086.140332 -0.2536534 0.3674641 -0.0094104 -0.0271957 0.0140622 -0.3030614 0.9524791
1770029086.973668 -0.0268791 0.1272478 -0.0162521 0.0250671 0.0313175 -0.1514993 0.9876431
1770029087.406982 0.0581384 0.0078483 -0.0132310 0.0660281 0.0841661 -0.1434935 0.9838526
1770029087.540317 0.0902468 -0.0369182 -0.0048166 0.0699440 0.1071224 -0.1398460 0.9818736
1770029087.706972 0.1418687 -0.0940005 -0.0019137 0.0676668 0.1310876 -0.1357515 0.9796983
1770029087.873643 0.1884114 -0.1380071 0.0000851 0.0478368 0.1368555 -0.1358240 0.9800684
1770029088.073653 0.2586021 -0.1569559 0.0211547 -0.0157411 0.1029125 -0.1020931 0.9893120
1770029088.373647 0.3479363 -0.1968924 0.0581017 -0.0553028 0.0660547 -0.0504228 0.9950055
1770029088.706976 0.4165885 -0.2258298 0.0765421 -0.0548985 0.0472483 -0.0175167 0.9972196
1770029089.906967 0.5697762 -0.2860090 0.0294934 0.0116265 0.0311439 0.0003520 0.9994472
1770029091.040321 0.6179938 -0.0413732 0.0263004 0.0164768 0.0359076 -0.0005715 0.9992191
1770029091.473654 0.6191725 0.0770013 0.0348971 0.0113679 0.0368399 -0.0012729 0.9992557
1770029092.306983 0.5753224 0.2988924 0.0390801 0.0024883 0.0366133 -0.0058539 0.9993093
1770029092.506965 0.5563549 0.3385904 0.0348364 0.0007163 0.0360824 -0.0076415 0.9993194
1770029092.773639 0.5270928 0.3816205 0.0337570 -0.0002471 0.0342860 -0.0093202 0.9993686
1770029093.106979 0.4899358 0.4053152 0.0296984 -0.0021687 0.0317161 -0.0101812 0.9994428
1770029093.773647 0.3902249 0.3726907 0.0258287 0.0006369 0.0267534 -0.0091117 0.9996004
1770029093.840310 0.3806917 0.3630991 0.0240926 0.0011994 0.0259353 -0.0082375 0.9996290
1770029094.006966 0.3559947 0.3360404 0.0233338 0.0028616 0.0244994 -0.0071887 0.9996699
1770029094.340314 0.2905848 0.2568990 0.0172387 0.0075364 0.0227665 -0.0053399 0.9996982
1770029094.740307 0.2122075 0.1655822 0.0077773 0.0302313 0.0183350 -0.0086569 0.9993373
1770029095.106961 0.1610374 0.0897485 -0.0063996 0.0659963 0.0035945 -0.0125154 0.9977349
1770029095.306947 0.1387446 0.0286345 -0.0179468 0.0822202 -0.0184234 -0.0142641 0.9963418
1770029095.606948 0.0698667 -0.0996591 -0.0290855 0.0995233 -0.0647723 -0.0162678 0.9927915
1770029095.673633 0.0547442 -0.1266758 -0.0226671 0.1002131 -0.0735464 -0.0149249 0.9921318
1770029095.906950 -0.0028903 -0.1918739 -0.0072342 0.0641712 -0.0763143 -0.0021931 0.9950143
1770029097.340306 -0.3038326 -0.4653564 0.0118614 -0.0047702 -0.0081237 -0.0074484 0.9999279
1770029097.573645 -0.3397345 -0.4567980 0.0050568 0.0025818 -0.0050494 -0.0076122 0.9999549
1770029097.840311 -0.3744888 -0.4243861 -0.0036133 0.0086551 -0.0031258 -0.0084785 0.9999217
1770029100.340280 -0.4426586 0.3540405 -0.0007916 -0.0234903 0.0024942 -0.2586574 0.9656802
1770029101.673631 -0.2661602 0.3761812 -0.0158189 -0.0289702 0.0132801 -0.3129048 0.9492497
1770029101.840306 -0.2228471 0.3355886 -0.0103003 -0.0249538 0.0140388 -0.2777397 0.9602296
1770029102.340273 -0.0780556 0.1908826 -0.0086462 0.0006478 0.0185478 -0.1557211 0.9876267
1770029103.240319 0.1219762 -0.0738637 -0.0057301 0.0690184 0.1243385 -0.1375604 0.9802314
1770029103.473625 0.1933608 -0.1328297 0.0037133 0.0436170 0.1358463 -0.1351170 0.9805033
1770029104.706956 0.4841843 -0.2887188 0.0532753 -0.0244698 0.0359400 -0.0071236 0.9990289
1770029106.073631 0.6034031 -0.1888716 0.0231425 0.0182179 0.0333671 0.0006158 0.9992769
1770029107.406960 0.6128699 0.1739276 0.0420206 0.0073331 0.0369027 -0.0027179 0.9992883
1770029107.873637 0.5798789 0.2948029 0.0395441 0.0025843 0.0362513 -0.0060315 0.9993212
1770029109.640296 0.3451505 0.3254302 0.0236165 0.0030734 0.0243920 -0.0070179 0.9996731
1770029110.140304 0.2474301 0.2095381 0.0217388 0.0149857 0.0214334 -0.0063779 0.9996377
1770029110.940325 0.1319198 0.0111782 -0.0266562 0.0854080 -0.0246445 -0.0142612 0.9959391
1770029111.106969 0.0975246 -0.0589266 -0.0228438 0.0965943 -0.0516886 -0.0155315 0.9938595
1770029111.206986 0.0624848 -0.1023054 -0.0231818 0.1002794 -0.0659427 -0.0163098 0.9926377
1770029111.240303 0.0577570 -0.1193436 -0.0246779 0.0999413 -0.0710117 -0.0148825 0.9923445
1770029111.273635 0.0509000 -0.1325999 -0.0299804 0.0997359 -0.0747098 -0.0141889 0.9921038
1770029111.306969 0.0422119 -0.1452194 -0.0275791 0.0990497 -0.0776930 -0.0130218 0.9919594
1770029111.340305 0.0340117 -0.1622013 -0.0266911 0.0976402 -0.0799552 -0.0113075 0.9919404
1770029111.373641 0.0301766 -0.1663474 -0.0222162 0.0965068 -0.0815459 -0.0086750 0.9919483
1770029111.506970 0.0034815 -0.1831083 -0.0090915 0.0609208 -0.0755612 -0.0008775 0.9952781
1770029113.040329 -0.3223763 -0.4636050 0.0105784 -0.0024277 -0.0059851 -0.0073394 0.9999522
1770029113.373633 -0.3664721 -0.4316880 -0.0041900 0.0078040 -0.0038005 -0.0077228 0.9999325
1770029113.640325 -0.3963956 -0.3792887 -0.0109356 0.0110953 -0.0024810 -0.0091116 0.9998939
1770029114.040311 -0.4202395 -0.2674434 -0.0030096 0.0122093 -0.0028101 -0.0084461 0.9998859
1770029115.073663 -0.4244695 0.0937459 -0.0013955 0.0028933 -0.0034654 -0.0085891 0.9999530
1770029115.440301 -0.4419415 0.2186178 0.0099543 -0.0090815 -0.0013297 -0.1212804 0.9925758
1770029116.006964 -0.4392478 0.3751160 -0.0002679 -0.0244264 0.0035338 -0.2754374 0.9610021
1770029116.440305 -0.4063157 0.4391573 -0.0088087 -0.0304317 0.0098140 -0.3360684 0.9412947
1770029116.873641 -0.3501811 0.4376567 -0.0204597 -0.0323309 0.0118040 -0.3488944 0.9365299
1770029117.407005 -0.2292627 0.3445061 -0.0126100 -0.0249353 0.0144628 -0.2831574 0.9586402
1770029117.607021 -0.1690012 0.2863524 -0.0154434 -0.0176073 0.0148775 -0.2210840 0.9749823
1770029118.073674 -0.0446171 0.1484572 -0.0125138 0.0164989 0.0255715 -0.1526813 0.9878069
1770029118.207010 -0.0155096 0.1140849 -0.0140857 0.0318530 0.0364551 -0.1503335 0.9874493
1770029118.506999 0.0409685 0.0282487 -0.0163006 0.0613706 0.0713087 -0.1458946 0.9848165
1770029118.673671 0.0780380 -0.0176614 -0.0096670 0.0695077 0.0996151 -0.1413063 0.9824857
1770029118.873667 0.1360146 -0.0867500 -0.0026324 0.0680714 0.1297296 -0.1366558 0.9797254
1770029119.073667 0.1930554 -0.1265255 0.0027122 0.0400327 0.1350634 -0.1345029 0.9808487
1770029119.306998 0.2678040 -0.1612603 0.0349349 -0.0256080 0.0952814 -0.0932365 0.9907435
1770029119.773688 0.4012238 -0.2195149 0.0745546 -0.0588028 0.0514749 -0.0239600 0.9966537
1770029120.040338 0.4314399 -0.2458652 0.0702531 -0.0454836 0.0432552 -0.0108613 0.9979691
1770029120.373668 0.4869795 -0.2939307 0.0525650 -0.0179794 0.0363662 -0.0062308 0.9991574
1770029120.740355 0.5286547 -0.3139963 0.0368368 0.0017108 0.0333962 -0.0014649 0.9994397
1770029121.473669 0.5883823 -0.2193707 0.0208705 0.0189035 0.0334350 -0.0002946 0.9992621
1770029122.073666 0.6169627 -0.0728864 0.0288559 0.0187148 0.0351885 -0.0009708 0.9992050
1770029122.406997 0.6159442 0.0195296 0.0308095 0.0156513 0.0368047 -0.0019883 0.9991980
1770029122.740330 0.6176667 0.0991448 0.0382250 0.0096139 0.0370975 -0.0020284 0.9992633
1770029123.173676 0.6012179 0.2201284 0.0394980 0.0048890 0.0368913 -0.0040389 0.9992992
1770029123.540331 0.5707497 0.3104464 0.0358889 0.0019805 0.0362120 -0.0066013 0.9993204
1770029124.107020 0.5077019 0.3963030 0.0326033 -0.0008273 0.0333094 -0.0099146 0.9993955
1770029124.740355 0.4213313 0.3959107 0.0246905 -0.0010062 0.0289948 -0.0104434 0.9995245
1770029125.306988 0.3291753 0.3083466 0.0180078 0.0040350 0.0239367 -0.0072939 0.9996787
1770029125.773649 0.2351093 0.1973496 0.0152429 0.0174433 0.0210975 -0.0070276 0.9996005
1770029125.940316 0.2053971 0.1661288 0.0002954 0.0325785 0.0181098 -0.0093141 0.9992617
1770029126.240313 0.1626572 0.1007196 -0.0076022 0.0615377 0.0058889 -0.0124581 0.9980097
1770029126.540318 0.1281645 0.0069064 -0.0312887 0.0860867 -0.0263614 -0.0147185 0.9958301
1770029126.673651 0.0972567 -0.0508328 -0.0324573 0.0948669 -0.0468718 -0.0160827 0.9942558
1770029126.740324 0.0848286 -0.0764467 -0.0297956 0.0981487 -0.0581458 -0.0153066 0.9933537
1770029126.806982 0.0622684 -0.1043041 -0.0206185 0.1003108 -0.0673463 -0.0150664 0.9925600
1770029126.873648 0.0487089 -0.1343211 -0.0309548 0.0991369 -0.0749196 -0.0130686 0.9921634
1770029126.940315 0.0302682 -0.1623120 -0.0222069 0.0969823 -0.0793385 -0.0096386 0.9920720
1770029127.040328 0.0134469 -0.1710504 -0.0300258 0.0881817 -0.0774414 -0.0032022 0.9930844
1770029127.106977 -0.0026734 -0.1835271 -0.0056657 0.0578975 -0.0716174 -0.0002744 0.9957504
1770029127.906980 -0.1831082 -0.3389058 0.0416718 -0.0355964 -0.0239874 -0.0081972 0.9990447
1770029127.973647 -0.1950908 -0.3458530 0.0456313 -0.0331212 -0.0217539 -0.0092438 0.9991718
1770029128.006994 -0.1995287 -0.3503351 0.0440915 -0.0317073 -0.0209696 -0.0094173 0.9992328
1770029128.406992 -0.2494349 -0.3955388 0.0210954 -0.0132816 -0.0110288 -0.0086670 0.9998134
1770029129.473647 -0.2878521 -0.2576814 -0.0040889 0.0064055 -0.0022718 -0.0075164 0.9999487
1770029131.040315 -0.1825166 0.0292935 -0.0150886 0.0001623 0.0013735 -0.0067746 0.9999761
1770029131.840316 -0.1085821 0.0700957 -0.0009006 -0.0016643 0.0023750 -0.0059202 0.9999783
1770029132.740316 -0.0504257 0.0567862 0.0045731 -0.0007011 0.0027094 -0.0052467 0.9999824
1770029135.407009 -0.0115952 0.0294860 0.0013833 -0.0015827 -0.0015212 -0.0038184 0.9999903
