1770029053573583104.000000 0.000000000 0.000000000 0.000000000 -0.000000000 -0.000000000 -0.000000000 1.000000000
1770029053840275200.000000 0.005984207 0.006418491 0.020751102 0.000129987 -0.000170021 -0.001590375 0.999998748
1770029053973600768.000000 -0.000038169 0.006174228 -0.006029159 0.000950153 0.000652663 0.000486679 0.999999225
1770029059606939904.000000 0.175846532 0.020579288 0.010146682 0.007589548 0.009340932 -0.001809876 0.999925971
1770029060106944512.000000 0.221901283 0.064255036 0.020578317 0.007156070 0.016769236 -0.002390473 0.999830961
1770029060440264192.000000 0.247446120 0.101385407 0.018486554 0.005285514 0.021661351 -0.001985130 0.999749422
1770029061073615616.000000 0.296590209 0.182345867 0.024923142 0.000440511 0.031555366 -0.003192695 0.999496818
1770029061340271872.000000 0.317678779 0.213470057 0.031192185 -0.002604420 0.030981351 -0.003048314 0.999511898
1770029061573612544.000000 0.329240710 0.243008688 0.032662466 -0.003909437 0.030048134 -0.003669933 0.999534070
1770029061840281344.000000 0.336048722 0.267048389 0.030804574 -0.004935591 0.029406196 -0.004475075 0.999545336
1770029062340268800.000000 0.330772430 0.289727092 0.027626835 -0.003266840 0.023361113 -0.006174964 0.999702692
1770029063340300800.000000 0.230468899 0.192855477 0.018479034 0.013111424 0.018911522 -0.004964144 0.999722898
1770029063506968064.000000 0.206844330 0.164696619 0.009271629 0.021720283 0.015330152 -0.006142241 0.999627709
1770029065406968320.000000 -0.179861397 -0.333626837 0.030645875 -0.055533230 -0.010154554 -0.013029992 0.998320222
1770029067973637632.000000 -0.430696666 -0.019123742 0.002023943 0.006712237 -0.003524759 -0.008126801 0.999938250
1770029069140310784.000000 -0.446595818 0.353476405 0.000940917 -0.022289399 0.002481268 -0.253559202 0.967059910
1770029069740285440.000000 -0.401438236 0.443023801 -0.009663926 -0.031593006 0.010593857 -0.340539396 0.939639628
1770029069973620480.000000 -0.368383884 0.445243955 -0.013323925 -0.032627977 0.010266371 -0.348657370 0.936625898
1770029070173621504.000000 -0.339631259 0.431548744 -0.019928727 -0.031926498 0.012467500 -0.346772134 0.937322974
1770029070406955776.000000 -0.288403958 0.394655347 -0.014137037 -0.030595776 0.013392868 -0.326127887 0.944735527
1770029070673630464.000000 -0.221890092 0.333456099 -0.012217907 -0.024490863 0.014541930 -0.273903042 0.961335480
1770029070906981888.000000 -0.151768297 0.263980806 -0.011601406 -0.014855022 0.015171086 -0.201628789 0.979231894
1770029071173601536.000000 -0.077483743 0.184227318 -0.011959512 0.001262104 0.019107221 -0.155735597 0.987613201
1770029071373611008.000000 -0.030234654 0.131330341 -0.016164446 0.024107918 0.030506467 -0.151937202 0.987625062
1770029071806937344.000000 0.055321500 0.015087008 -0.011074982 0.066534296 0.082440622 -0.143825576 0.983916104
1770029071940262656.000000 0.081379674 -0.029182555 -0.005049444 0.070087120 0.105861567 -0.140617967 0.981889844
1770029072073601280.000000 0.121953353 -0.076945893 0.000604509 0.068944275 0.126599982 -0.137649730 0.979934514
1770029072240274432.000000 0.175974324 -0.132793009 -0.001519361 0.059973687 0.138295278 -0.137296483 0.978992999
1770029072373606400.000000 0.221233130 -0.133485973 0.004725214 0.015549576 0.123807304 -0.122453898 0.984598935
1770029072506937856.000000 0.266933262 -0.157413214 0.021853296 -0.018507957 0.098077916 -0.098854192 0.990083873
1770029072973610752.000000 0.396003455 -0.217477784 0.071349412 -0.058561139 0.052974325 -0.027152093 0.996507466
1770029073006937856.000000 0.400579274 -0.220507026 0.074105650 -0.058451131 0.051548719 -0.024828648 0.996649265
1770029073873604608.000000 0.518289089 -0.315465897 0.036409996 -0.002577610 0.033618435 -0.003148348 0.999426484
1770029074473608448.000000 0.579045355 -0.264628887 0.026097227 0.015368186 0.031955235 -0.000143559 0.999371111
1770029075906928384.000000 0.620054901 0.082425274 0.036350030 0.010639699 0.037133507 -0.002114712 0.999251485
1770029076306943744.000000 0.607012451 0.193510890 0.042343099 0.006274668 0.037058081 -0.003101115 0.999288619
1770029076873599488.000000 0.560377181 0.331854373 0.035384387 0.001140393 0.035998348 -0.007558590 0.999322653
1770029077006987520.000000 0.546279311 0.356590211 0.036199935 0.000301773 0.035221651 -0.008041481 0.999347150
1770029077406927104.000000 0.500176787 0.402011424 0.032835517 -0.001436988 0.033225063 -0.010141796 0.999395430
1770029077506935040.000000 0.487608284 0.405908495 0.030921122 -0.002048021 0.032507539 -0.010108152 0.999418259
1770029077706935296.000000 0.461965233 0.405827910 0.029800370 -0.002654433 0.030832037 -0.010324053 0.999467731
1770029078140261632.000000 0.399171531 0.379984111 0.026543126 0.000100195 0.026623530 -0.009145164 0.999603689
1770029078306928384.000000 0.368999511 0.354039580 0.023581564 0.001679452 0.026004700 -0.008353434 0.999625564
1770029078606933504.000000 0.318729013 0.294284761 0.021007357 0.005139811 0.023613064 -0.006219256 0.999688625
1770029079573658880.000000 0.154733151 0.074806765 -0.013969256 0.071114473 -0.001089729 -0.012616297 0.997387826
1770029079706982144.000000 0.138255820 0.030654931 -0.020866461 0.080874488 -0.016896388 -0.014274301 0.996478856
1770029080240309248.000000 0.009980593 -0.182785019 -0.008922200 0.094479412 -0.081740454 -0.005912519 0.992147803
1770029080273645056.000000 0.010952818 -0.179123566 -0.013309920 0.085360736 -0.080600567 -0.002305121 0.993081987
1770029083740309504.000000 -0.426917225 0.042474937 0.005452590 0.004825341 -0.004360325 -0.008425235 0.999943376
1770029084706987520.000000 -0.445304394 0.346632421 0.002165834 -0.021976577 0.002460637 -0.249152437 0.968211770
1770029085240321024.000000 -0.408791810 0.437960804 -0.008217281 -0.029995982 0.009733102 -0.334271342 0.941949129
1770029085673660928.000000 -0.354466319 0.440514117 -0.015768731 -0.032396086 0.011833535 -0.349230826 0.936401844
1770029085973656832.000000 -0.294806838 0.398481220 -0.012538008 -0.031008221 0.013651133 -0.329482853 0.943553507
1770029086140331776.000000 -0.253653407 0.367464066 -0.009410373 -0.027195731 0.014062248 -0.303061366 0.952479124
1770029086973668096.000000 -0.026879067 0.127247781 -0.016252130 0.025067089 0.031317528 -0.151499271 0.987643063
1770029087406982400.000000 0.058138423 0.007848348 -0.013231032 0.066028103 0.084166110 -0.143493533 0.983852625
1770029087540317184.000000 0.090246797 -0.036918156 -0.004816581 0.069943979 0.107122444 -0.139845997 0.981873631
1770029087706972416.000000 0.141868681 -0.094000459 -0.001913664 0.067666776 0.131087631 -0.135751486 0.979698300
1770029087873643520.000000 0.188411355 -0.138007060 0.000085090 0.047836799 0.136855453 -0.135824025 0.980068445
1770029088073652992.000000 0.258602113 -0.156955898 0.021154666 -0.015741074 0.102912538 -0.102093145 0.989311993
1770029088373647360.000000 0.347936273 -0.196892425 0.058101717 -0.055302761 0.066054694 -0.050422832 0.995005488
1770029088706976000.000000 0.416588485 -0.225829780 0.076542124 -0.054898482 0.047248255 -0.017516712 0.997219622
1770029089906966784.000000 0.569776177 -0.286009043 0.029493419 0.011626523 0.031143922 0.000352001 0.999447227
1770029091040321024.000000 0.617993772 -0.041373178 0.026300395 0.016476786 0.035907596 -0.000571525 0.999219120
1770029091473654272.000000 0.619172513 0.077001289 0.034897074 0.011367931 0.036839861 -0.001272869 0.999255717
1770029092306982656.000000 0.575322390 0.298892438 0.039080139 0.002488255 0.036613278 -0.005853907 0.999309301
1770029092506965504.000000 0.556354940 0.338590443 0.034836393 0.000716337 0.036082424 -0.007641462 0.999319375
1770029092773639424.000000 0.527092755 0.381620467 0.033756983 -0.000247095 0.034286045 -0.009320195 0.999368608
1770029093106979072.000000 0.489935815 0.405315191 0.029698435 -0.002168651 0.031716067 -0.010181236 0.999442756
1770029093773647104.000000 0.390224874 0.372690678 0.025828663 0.000636904 0.026753370 -0.009111664 0.999600351
1770029093840309504.000000 0.380691737 0.363099128 0.024092553 0.001199416 0.025935324 -0.008237528 0.999628961
1770029094006965760.000000 0.355994731 0.336040407 0.023333834 0.002861628 0.024499411 -0.007188743 0.999669909
1770029094340314368.000000 0.290584773 0.256898999 0.017238704 0.007536414 0.022766503 -0.005339880 0.999698162
1770029094740307200.000000 0.212207541 0.165582150 0.007777345 0.030231331 0.018334961 -0.008656850 0.999337256
1770029095106960896.000000 0.161037400 0.089748539 -0.006399602 0.065996267 0.003594455 -0.012515371 0.997734904
1770029095306947328.000000 0.138744608 0.028634477 -0.017946843 0.082220167 -0.018423364 -0.014264122 0.996341765
1770029095606947840.000000 0.069866695 -0.099659130 -0.029085487 0.099523276 -0.064772338 -0.016267819 0.992791533
1770029095673633280.000000 0.054744210 -0.126675844 -0.022667119 0.100213058 -0.073546365 -0.014924937 0.992131829
1770029095906950144.000000 -0.002890348 -0.191873893 -0.007234250 0.064171225 -0.076314293 -0.002193085 0.995014310
1770029097340305664.000000 -0.303832591 -0.465356380 0.011861427 -0.004770213 -0.008123747 -0.007448382 0.999927878
1770029097573645312.000000 -0.339734465 -0.456798047 0.005056760 0.002581822 -0.005049350 -0.007612234 0.999954939
1770029097840311040.000000 -0.374488771 -0.424386084 -0.003613255 0.008655088 -0.003125778 -0.008478511 0.999921739
1770029100340280320.000000 -0.442658633 0.354040504 -0.000791621 -0.023490321 0.002494226 -0.258657396 0.965680242
1770029101673630976.000000 -0.266160220 0.376181185 -0.015818853 -0.028970217 0.013280051 -0.312904775 0.949249744
1770029101840305920.000000 -0.222847059 0.335588574 -0.010300294 -0.024953781 0.014038751 -0.277739733 0.960229635
1770029102340272896.000000 -0.078055635 0.190882564 -0.008646197 0.000647761 0.018547755 -0.155721143 0.987626672
1770029103240318464.000000 0.121976249 -0.073863707 -0.005730053 0.069018394 0.124338463 -0.137560353 0.980231404
1770029103473625344.000000 0.193360820 -0.132829681 0.003713295 0.043617044 0.135846317 -0.135117024 0.980503321
1770029104706955776.000000 0.484184265 -0.288718760 0.053275254 -0.024469819 0.035939954 -0.007123599 0.999028921
1770029106073630720.000000 0.603403091 -0.188871622 0.023142476 0.018217919 0.033367097 0.000615823 0.999276936
1770029107406960384.000000 0.612869859 0.173927575 0.042020570 0.007333073 0.036902707 -0.002717891 0.999288321
1770029107873636608.000000 0.579878926 0.294802934 0.039544091 0.002584331 0.036251348 -0.006031486 0.999321163
1770029109640296448.000000 0.345150530 0.325430214 0.023616452 0.003073392 0.024391981 -0.007017879 0.999673128
1770029110140304128.000000 0.247430056 0.209538057 0.021738799 0.014985673 0.021433445 -0.006377859 0.999637663
1770029110940325376.000000 0.131919846 0.011178187 -0.026656231 0.085407995 -0.024644522 -0.014261225 0.995939136
1770029111106968576.000000 0.097524561 -0.058926567 -0.022843823 0.096594259 -0.051688567 -0.015531491 0.993859470
1770029111206986240.000000 0.062484790 -0.102305397 -0.023181828 0.100279398 -0.065942675 -0.016309800 0.992637694
1770029111240303360.000000 0.057757046 -0.119343624 -0.024677915 0.099941276 -0.071011670 -0.014882530 0.992344499
1770029111273635072.000000 0.050899975 -0.132599920 -0.029980358 0.099735893 -0.074709848 -0.014188855 0.992103755
1770029111306969088.000000 0.042211883 -0.145219386 -0.027579147 0.099049710 -0.077692993 -0.013021811 0.991959393
1770029111340304640.000000 0.034011718 -0.162201345 -0.026691079 0.097640187 -0.079955243 -0.011307542 0.991940379
1770029111373640448.000000 0.030176645 -0.166347429 -0.022216229 0.096506819 -0.081545874 -0.008674953 0.991948307
1770029111506970112.000000 0.003481506 -0.183108345 -0.009091496 0.060920846 -0.075561225 -0.000877457 0.995278060
1770029113040328448.000000 -0.322376281 -0.463605016 0.010578394 -0.002427725 -0.005985137 -0.007339448 0.999952197
1770029113373632768.000000 -0.366472125 -0.431687981 -0.004189973 0.007803973 -0.003800450 -0.007722795 0.999932528
1770029113640325376.000000 -0.396395594 -0.379288673 -0.010935583 0.011095296 -0.002481042 -0.009111617 0.999893904
1770029114040310784.000000 -0.420239508 -0.267443359 -0.003009643 0.012209282 -0.002810094 -0.008446082 0.999885857
1770029115073662464.000000 -0.424469471 0.093745872 -0.001395511 0.002893333 -0.003465416 -0.008589053 0.999952972
1770029115440301056.000000 -0.441941470 0.218617842 0.009954280 -0.009081525 -0.001329697 -0.121280402 0.992575824
1770029116006964480.000000 -0.439247847 0.375115961 -0.000267928 -0.024426378 0.003533803 -0.275437444 0.961002111
1770029116440305408.000000 -0.406315684 0.439157337 -0.008808704 -0.030431734 0.009813991 -0.336068422 0.941294670
1770029116873641472.000000 -0.350181073 0.437656730 -0.020459667 -0.032330886 0.011803951 -0.348894358 0.936529875
1770029117407004928.000000 -0.229262739 0.344506055 -0.012610001 -0.024935341 0.014462827 -0.283157408 0.958640158
1770029117607020800.000000 -0.169001222 0.286352396 -0.015443409 -0.017607268 0.014877489 -0.221084043 0.974982321
1770029118073673728.000000 -0.044617135 0.148457184 -0.012513765 0.016498892 0.025571525 -0.152681276 0.987806857
1770029118207009536.000000 -0.015509576 0.114084929 -0.014085664 0.031853020 0.036455113 -0.150333539 0.987449348
1770029118506998528.000000 0.040968459 0.028248714 -0.016300578 0.061370570 0.071308725 -0.145894557 0.984816492
1770029118673670656.000000 0.078038022 -0.017661404 -0.009666986 0.069507658 0.099615112 -0.141306326 0.982485652
1770029118873667584.000000 0.136014596 -0.086750016 -0.002632425 0.068071373 0.129729584 -0.136655837 0.979725361
1770029119073667328.000000 0.193055391 -0.126525477 0.002712152 0.040032726 0.135063410 -0.134502903 0.980848730
1770029119306998016.000000 0.267803967 -0.161260262 0.034934923 -0.025608044 0.095281363 -0.093236469 0.990743458
1770029119773687808.000000 0.401223838 -0.219514936 0.074554615 -0.058802769 0.051474858 -0.023959951 0.996653676
1770029120040337664.000000 0.431439877 -0.245865151 0.070253149 -0.045483630 0.043255158 -0.010861296 0.997969091
1770029120373668096.000000 0.486979544 -0.293930709 0.052565031 -0.017979443 0.036366217 -0.006230798 0.999157369
1770029120740355072.000000 0.528654695 -0.313996255 0.036836792 0.001710800 0.033396211 -0.001464862 0.999439657
1770029121473669120.000000 0.588382304 -0.219370708 0.020870531 0.018903473 0.033435024 -0.000294617 0.999262094
1770029122073666048.000000 0.616962731 -0.072886400 0.028855914 0.018714795 0.035188515 -0.000970766 0.999204993
1770029122406997504.000000 0.615944207 0.019529570 0.030809507 0.015651302 0.036804721 -0.001988284 0.999197960
1770029122740329728.000000 0.617666662 0.099144779 0.038225017 0.009613871 0.037097525 -0.002028364 0.999263346
1770029123173676288.000000 0.601217866 0.220128402 0.039497990 0.004889038 0.036891297 -0.004038950 0.999299169
1770029123540331008.000000 0.570749700 0.310446352 0.035888880 0.001980478 0.036212046 -0.006601310 0.999320388
1770029124107019776.000000 0.507701874 0.396302968 0.032603316 -0.000827266 0.033309422 -0.009914638 0.999395549
1770029124740355072.000000 0.421331346 0.395910740 0.024690509 -0.001006230 0.028994752 -0.010443375 0.999524474
1770029125306988288.000000 0.329175293 0.308346599 0.018007843 0.004035021 0.023936715 -0.007293907 0.999678731
1770029125773648640.000000 0.235109299 0.197349578 0.015242944 0.017443324 0.021097489 -0.007027572 0.999600530
1770029125940315648.000000 0.205397055 0.166128770 0.000295411 0.032578506 0.018109795 -0.009314112 0.999261737
1770029126240313088.000000 0.162657201 0.100719631 -0.007602154 0.061537746 0.005888851 -0.012458111 0.998009682
1770029126540318208.000000 0.128164500 0.006906438 -0.031288683 0.086086676 -0.026361441 -0.014718535 0.995830059
1770029126673650688.000000 0.097256735 -0.050832801 -0.032457296 0.094866909 -0.046871822 -0.016082749 0.994255841
1770029126740323840.000000 0.084828556 -0.076446667 -0.029795609 0.098148689 -0.058145758 -0.015306590 0.993353724
1770029126806981632.000000 0.062268443 -0.104304083 -0.020618472 0.100310773 -0.067346297 -0.015066357 0.992559969
1770029126873647616.000000 0.048708871 -0.134321123 -0.030954756 0.099136919 -0.074919611 -0.013068636 0.992163360
1770029126940314624.000000 0.030268181 -0.162311956 -0.022206869 0.096982330 -0.079338528 -0.009638609 0.992072046
1770029127040328192.000000 0.013446931 -0.171050444 -0.030025776 0.088181734 -0.077441432 -0.003202166 0.993084371
1770029127106977536.000000 -0.002673432 -0.183527052 -0.005665745 0.057897504 -0.071617402 -0.000274432 0.995750368
1770029127906980096.000000 -0.183108181 -0.338905782 0.041671842 -0.035596441 -0.023987427 -0.008197203 0.999044716
1770029127973646848.000000 -0.195090756 -0.345853001 0.045631256 -0.033121184 -0.021753905 -0.009243840 0.999171793
1770029128006994176.000000 -0.199528739 -0.350335062 0.044091515 -0.031707294 -0.020969568 -0.009417311 0.999232829
1770029128406991616.000000 -0.249434888 -0.395538777 0.021095378 -0.013281615 -0.011028778 -0.008666992 0.999813378
1770029129473647360.000000 -0.287852138 -0.257681370 -0.004088864 0.006405469 -0.002271826 -0.007516403 0.999948680
1770029131040314880.000000 -0.182516649 0.029293485 -0.015088627 0.000162318 0.001373492 -0.006774649 0.999976099
1770029131840315904.000000 -0.108582102 0.070095688 -0.000900620 -0.001664315 0.002374975 -0.005920169 0.999978304
1770029132740316416.000000 -0.050425690 0.056786176 0.004573113 -0.000701133 0.002709416 -0.005246748 0.999982357
1770029135407008768.000000 -0.011595244 0.029486047 0.001383345 -0.001582681 -0.001521166 -0.003818429 0.999990284
