1770112231376877312.000000 0.000000000 0.000000000 0.000000000 -0.000000000 -0.000000000 -0.000000000 1.000000000
1770112231843546112.000000 -0.000063484 -0.000037031 -0.000145063 0.000353679 0.000445468 0.000320381 0.999999821
1770112233110238976.000000 -0.000002258 0.000009191 -0.000201127 0.000124288 -0.000438044 0.000085526 0.999999940
1770112237543570176.000000 0.000104108 -0.000139928 -0.000292781 0.003887599 0.003034715 -0.003529435 0.999981582
1770112239876900864.000000 0.001556934 0.000450790 -0.001379499 -0.005123281 0.034296352 -0.006012509 0.999380529
1770112240176901376.000000 0.001821127 0.000590704 -0.001080351 -0.012367257 0.039415658 -0.006489295 0.999125302
1770112242143554560.000000 0.001976583 0.001578611 -0.001135717 -0.033433810 0.046616450 0.002503550 0.998350084
1770112245376884224.000000 -0.004875497 -0.005526974 -0.006283679 0.037640207 -0.026496660 -0.002017903 0.998937964
1770112246143551744.000000 -0.006481683 -0.004813922 -0.008980187 0.051161181 -0.031455774 0.005040470 0.998182237
1770112246576884480.000000 -0.006914909 -0.004856891 -0.009367120 0.044156030 -0.033938836 0.010579213 0.998391986
1770112248243549952.000000 -0.009969614 0.005439354 -0.006733548 -0.007964915 -0.034762882 -0.137846783 0.989811301
1770112248310216192.000000 -0.010095848 0.005822398 -0.007157009 -0.009662647 -0.035705477 -0.157884091 0.986764610
1770112248443550208.000000 -0.010536675 0.005825386 -0.008606041 -0.015273107 -0.037381358 -0.193632454 0.980242729
1770112248876872704.000000 -0.011447417 0.006090231 -0.010283208 -0.028954215 -0.036140423 -0.284334183 0.957606196
1770112249143539712.000000 -0.010851614 0.007480791 -0.007923364 -0.034233321 -0.034704976 -0.317027539 0.947162747
1770112250610205696.000000 -0.004730276 0.004129677 -0.004292142 -0.006898362 0.004057436 -0.150225461 0.988619387
1770112250776871168.000000 -0.003518407 0.002625753 -0.004130990 0.004259299 0.009703564 -0.148855746 0.988802135
1770112250876871936.000000 -0.003178862 0.002369902 -0.003989833 0.012158450 0.015702058 -0.147892147 0.988804102
1770112251676870656.000000 0.000873387 -0.003010712 -0.002703314 0.044195544 0.085487954 -0.146565184 0.984508634
1770112252376870144.000000 0.002361290 -0.001858696 -0.000333188 -0.001763965 0.065186545 -0.074040398 0.995120943
1770112252710204160.000000 0.002517447 -0.003932600 -0.002447488 0.008402773 0.064993791 -0.051540039 0.996518373
1770112252876870400.000000 0.003119443 -0.004408859 -0.002751666 0.018790198 0.063627064 -0.048203520 0.996631801
1770112253310203904.000000 0.004440319 -0.005683823 -0.005123345 0.038764007 0.062286083 -0.038967874 0.996543705
1770112254010204160.000000 0.005751871 -0.004984539 -0.006344193 0.046405125 0.065420859 -0.032262068 0.996255934
1770112254543536640.000000 0.006953103 -0.003890228 -0.005642304 0.032555837 0.071182176 -0.021340439 0.996703506
1770112254910202368.000000 0.007621283 -0.002421895 -0.004841988 0.023729183 0.072253644 -0.017129840 0.996956825
1770112255210202624.000000 0.007731691 -0.001222875 -0.004713647 0.011030714 0.073164411 -0.016234074 0.997126758
1770112255410202624.000000 0.008122062 -0.000981192 -0.003753138 -0.001691927 0.073691674 -0.009110752 0.997238040
1770112255676867840.000000 0.007788443 -0.000034225 -0.004267199 -0.012582538 0.072177939 -0.008662285 0.997274756
1770112255910201856.000000 0.008308646 0.000972640 -0.002379126 -0.024367318 0.071016908 0.000282588 0.997177422
1770112256310201856.000000 0.008150739 0.001700817 -0.001966164 -0.040991940 0.067766227 0.011004750 0.996798038
1770112256843515904.000000 0.006633556 0.004123563 -0.001302199 -0.045175698 0.063991159 0.016302524 0.996794164
1770112259143513088.000000 0.000254688 -0.000369695 -0.003648147 0.041749068 0.004957078 -0.011319200 0.999051750
1770112263176844032.000000 -0.009028558 -0.000572458 -0.008226609 0.009896514 -0.031744622 0.010567988 0.999391139
1770112264710170368.000000 -0.010948724 0.007167866 -0.008150206 -0.034268159 -0.034971792 -0.315068454 0.947805107
1770112265376836096.000000 -0.009026296 0.007249872 -0.007335263 -0.035014134 -0.025101289 -0.319689244 0.946542501
1770112265676835584.000000 -0.008026399 0.006208170 -0.006893873 -0.029653087 -0.014816231 -0.276155591 0.960541129
1770112267843502592.000000 0.002224308 -0.001997624 -0.001892604 -0.001893653 0.064945392 -0.083110139 0.994420052
1770112271376832512.000000 0.008092013 0.000457631 -0.002874123 -0.017969400 0.072275460 -0.004049671 0.997214615
1770112271776835584.000000 0.008148330 0.001690594 -0.002072974 -0.035125665 0.068776913 0.004315413 0.997004151
1770112272743483136.000000 0.006047043 0.003809101 -0.001565021 -0.044728436 0.060852919 0.014108351 0.997044265
1770112274343482368.000000 0.000842126 0.000583889 -0.001880843 0.010301533 0.025806654 -0.009621253 0.999567628
1770112275443481088.000000 -0.002737955 -0.004271566 -0.004304997 0.036914177 -0.035605136 0.001012653 0.998683453
1770112276010150912.000000 -0.003140259 -0.003973779 -0.002739664 0.013066444 -0.032443337 -0.006602176 0.999366343
1770112278810145536.000000 -0.009107239 -0.000491290 -0.007400370 0.007185898 -0.031600472 0.009352708 0.999431014
1770112282610132224.000000 -0.000427415 -0.000844993 -0.002466729 0.043640081 0.064471781 -0.144223884 0.986477792
1770112284876796672.000000 0.005534586 -0.006554916 -0.006337776 0.043219659 0.061831452 -0.036066789 0.996497929
1770112289110119936.000000 0.002873726 0.001896307 -0.001045195 -0.037782751 0.052631620 0.009637327 0.997852504
1770112294776781568.000000 -0.009954598 0.002145780 -0.008665632 -0.002252933 -0.031389665 -0.054008234 0.998044491
1770112295543450368.000000 -0.011227616 0.006097468 -0.009739446 -0.025675295 -0.036934543 -0.265412271 0.963085175
1770112296010098432.000000 -0.011039220 0.007478043 -0.008236040 -0.035655864 -0.033791363 -0.324929118 0.944461703
1770112297210097920.000000 -0.005503583 0.004112187 -0.005066913 -0.018686127 -0.002944046 -0.178798780 0.983703852
1770112297643430400.000000 -0.003195833 0.002021643 -0.005130795 0.010715000 0.014815019 -0.147590563 0.988879561
1770112298276762880.000000 -0.000238332 -0.001372077 -0.002714421 0.045280129 0.072114192 -0.143577114 0.985969007
1770112298543431168.000000 0.001041209 -0.002597553 -0.002605690 0.036815800 0.087280914 -0.147559598 0.984506428
1770112301610095360.000000 0.007507379 -0.002726924 -0.004758330 0.025753159 0.072235964 -0.019641312 0.996861577
1770112302010094848.000000 0.007870172 -0.001139059 -0.004288757 0.010154513 0.073450878 -0.016161414 0.997116148
1770112303043427840.000000 0.008053567 0.001197869 -0.002229985 -0.039695490 0.067898594 0.001815198 0.996900558
1770112303710091264.000000 0.006849414 0.004361994 -0.001411794 -0.041678187 0.061011806 0.006921165 0.997242510
1770112305010090752.000000 0.002080077 0.001132474 -0.001324276 -0.025986977 0.045122985 0.007268813 0.998616934
1770112306210090496.000000 -0.000020621 -0.001975643 -0.004376699 0.061064716 -0.024492528 -0.011385095 0.997768342
1770112306776756224.000000 -0.002864813 -0.004556858 -0.003195827 0.021973571 -0.030413486 0.001932192 0.999293983
1770112308010088960.000000 -0.004401850 -0.004617368 -0.006262547 0.037530392 -0.028843619 -0.001216447 0.998878419
1770112309243420672.000000 -0.005171492 -0.003727900 -0.005082620 0.024010979 -0.023514343 0.003849421 0.999427736
1770112310176754432.000000 -0.004559443 -0.000519800 -0.003282776 0.007604144 -0.015728014 0.002614242 0.999844015
