1770112231.376877 0.0000000 0.0000000 0.0000000 -0.0000000 -0.0000000 -0.0000000 1.0000000
1770112231.843546 -0.0000635 -0.0000370 -0.0001451 0.0003537 0.0004455 0.0003204 0.9999998
1770112233.110239 -0.0000023 0.0000092 -0.0002011 0.0001243 -0.0004380 0.0000855 0.9999999
1770112237.543570 0.0001041 -0.0001399 -0.0002928 0.0038876 0.0030347 -0.0035294 0.9999816
1770112239.876901 0.0015569 0.0004508 -0.0013795 -0.0051233 0.0342964 -0.0060125 0.9993805
1770112240.176901 0.0018211 0.0005907 -0.0010804 -0.0123673 0.0394157 -0.0064893 0.9991253
1770112242.143554 0.0019766 0.0015786 -0.0011357 -0.0334338 0.0466164 0.0025035 0.9983501
1770112245.376884 -0.0048755 -0.0055270 -0.0062837 0.0376402 -0.0264967 -0.0020179 0.9989380
1770112246.143552 -0.0064817 -0.0048139 -0.0089802 0.0511612 -0.0314558 0.0050405 0.9981822
1770112246.576885 -0.0069149 -0.0048569 -0.0093671 0.0441560 -0.0339388 0.0105792 0.9983920
1770112248.243550 -0.0099696 0.0054394 -0.0067335 -0.0079649 -0.0347629 -0.1378468 0.9898113
1770112248.310216 -0.0100958 0.0058224 -0.0071570 -0.0096626 -0.0357055 -0.1578841 0.9867646
1770112248.443550 -0.0105367 0.0058254 -0.0086060 -0.0152731 -0.0373814 -0.1936325 0.9802427
1770112248.876873 -0.0114474 0.0060902 -0.0102832 -0.0289542 -0.0361404 -0.2843342 0.9576062
1770112249.143540 -0.0108516 0.0074808 -0.0079234 -0.0342333 -0.0347050 -0.3170275 0.9471627
1770112250.610206 -0.0047303 0.0041297 -0.0042921 -0.0068984 0.0040574 -0.1502255 0.9886194
1770112250.776871 -0.0035184 0.0026258 -0.0041310 0.0042593 0.0097036 -0.1488557 0.9888021
1770112250.876872 -0.0031789 0.0023699 -0.0039898 0.0121584 0.0157021 -0.1478921 0.9888041
1770112251.676871 0.0008734 -0.0030107 -0.0027033 0.0441955 0.0854880 -0.1465652 0.9845086
1770112252.376870 0.0023613 -0.0018587 -0.0003332 -0.0017640 0.0651865 -0.0740404 0.9951209
1770112252.710204 0.0025174 -0.0039326 -0.0024475 0.0084028 0.0649938 -0.0515400 0.9965184
1770112252.876870 0.0031194 -0.0044089 -0.0027517 0.0187902 0.0636271 -0.0482035 0.9966318
1770112253.310204 0.0044403 -0.0056838 -0.0051233 0.0387640 0.0622861 -0.0389679 0.9965437
1770112254.010204 0.0057519 -0.0049845 -0.0063442 0.0464051 0.0654209 -0.0322621 0.9962559
1770112254.543537 0.0069531 -0.0038902 -0.0056423 0.0325558 0.0711822 -0.0213404 0.9967035
1770112254.910202 0.0076213 -0.0024219 -0.0048420 0.0237292 0.0722536 -0.0171298 0.9969568
1770112255.210203 0.0077317 -0.0012229 -0.0047136 0.0110307 0.0731644 -0.0162341 0.9971268
1770112255.410203 0.0081221 -0.0009812 -0.0037531 -0.0016919 0.0736917 -0.0091108 0.9972380
1770112255.676868 0.0077884 -0.0000342 -0.0042672 -0.0125825 0.0721779 -0.0086623 0.9972748
1770112255.910202 0.0083086 0.0009726 -0.0023791 -0.0243673 0.0710169 0.0002826 0.9971774
1770112256.310202 0.0081507 0.0017008 -0.0019662 -0.0409919 0.0677662 0.0110047 0.9967980
1770112256.843516 0.0066336 0.0041236 -0.0013022 -0.0451757 0.0639912 0.0163025 0.9967942
1770112259.143513 0.0002547 -0.0003697 -0.0036481 0.0417491 0.0049571 -0.0113192 0.9990517
1770112263.176844 -0.0090286 -0.0005725 -0.0082266 0.0098965 -0.0317446 0.0105680 0.9993911
1770112264.710170 -0.0109487 0.0071679 -0.0081502 -0.0342682 -0.0349718 -0.3150685 0.9478051
1770112265.376836 -0.0090263 0.0072499 -0.0073353 -0.0350141 -0.0251013 -0.3196892 0.9465425
1770112265.676836 -0.0080264 0.0062082 -0.0068939 -0.0296531 -0.0148162 -0.2761556 0.9605411
1770112267.843503 0.0022243 -0.0019976 -0.0018926 -0.0018937 0.0649454 -0.0831101 0.9944201
1770112271.376832 0.0080920 0.0004576 -0.0028741 -0.0179694 0.0722755 -0.0040497 0.9972146
1770112271.776836 0.0081483 0.0016906 -0.0020730 -0.0351257 0.0687769 0.0043154 0.9970042
1770112272.743483 0.0060470 0.0038091 -0.0015650 -0.0447284 0.0608529 0.0141084 0.9970443
1770112274.343482 0.0008421 0.0005839 -0.0018808 0.0103015 0.0258067 -0.0096213 0.9995676
1770112275.443481 -0.0027380 -0.0042716 -0.0043050 0.0369142 -0.0356051 0.0010127 0.9986835
1770112276.010151 -0.0031403 -0.0039738 -0.0027397 0.0130664 -0.0324433 -0.0066022 0.9993663
1770112278.810146 -0.0091072 -0.0004913 -0.0074004 0.0071859 -0.0316005 0.0093527 0.9994310
1770112282.610132 -0.0004274 -0.0008450 -0.0024667 0.0436401 0.0644718 -0.1442239 0.9864778
1770112284.876797 0.0055346 -0.0065549 -0.0063378 0.0432197 0.0618315 -0.0360668 0.9964979
1770112289.110120 0.0028737 0.0018963 -0.0010452 -0.0377828 0.0526316 0.0096373 0.9978525
1770112294.776782 -0.0099546 0.0021458 -0.0086656 -0.0022529 -0.0313897 -0.0540082 0.9980445
1770112295.543450 -0.0112276 0.0060975 -0.0097394 -0.0256753 -0.0369345 -0.2654123 0.9630852
1770112296.010098 -0.0110392 0.0074780 -0.0082360 -0.0356559 -0.0337914 -0.3249291 0.9444617
1770112297.210098 -0.0055036 0.0041122 -0.0050669 -0.0186861 -0.0029440 -0.1787988 0.9837039
1770112297.643430 -0.0031958 0.0020216 -0.0051308 0.0107150 0.0148150 -0.1475906 0.9888796
1770112298.276763 -0.0002383 -0.0013721 -0.0027144 0.0452801 0.0721142 -0.1435771 0.9859690
1770112298.543431 0.0010412 -0.0025976 -0.0026057 0.0368158 0.0872809 -0.1475596 0.9845064
1770112301.610095 0.0075074 -0.0027269 -0.0047583 0.0257532 0.0722360 -0.0196413 0.9968616
1770112302.010095 0.0078702 -0.0011391 -0.0042888 0.0101545 0.0734509 -0.0161614 0.9971161
1770112303.043428 0.0080536 0.0011979 -0.0022300 -0.0396955 0.0678986 0.0018152 0.9969006
1770112303.710091 0.0068494 0.0043620 -0.0014118 -0.0416782 0.0610118 0.0069212 0.9972425
1770112305.010091 0.0020801 0.0011325 -0.0013243 -0.0259870 0.0451230 0.0072688 0.9986169
1770112306.210090 -0.0000206 -0.0019756 -0.0043767 0.0610647 -0.0244925 -0.0113851 0.9977683
1770112306.776756 -0.0028648 -0.0045569 -0.0031958 0.0219736 -0.0304135 0.0019322 0.9992940
1770112308.010089 -0.0044019 -0.0046174 -0.0062625 0.0375304 -0.0288436 -0.0012164 0.9988784
1770112309.243421 -0.0051715 -0.0037279 -0.0050826 0.0240110 -0.0235143 0.0038494 0.9994277
1770112310.176754 -0.0045594 -0.0005198 -0.0032828 0.0076041 -0.0157280 0.0026142 0.9998440
