1769781865.837744 0.0000000 0.0000000 0.0000000 -0.0000000 -0.0000000 -0.0000000 1.0000000
1769781865.904411 0.0002379 0.0000907 0.0006863 0.0000654 -0.0000346 0.0000317 1.0000000
1769781865.937745 0.0001400 -0.0000967 0.0007250 -0.0003551 0.0000989 0.0000635 0.9999999
1769781866.004412 -0.0000112 -0.0001891 0.0002334 -0.0005044 0.0001085 0.0000014 0.9999999
1769781866.037746 -0.0000120 -0.0001920 0.0002051 -0.0005026 0.0000761 0.0000276 0.9999999
1769781866.137745 0.0001889 -0.0002075 0.0003431 -0.0006026 0.0001075 0.0003102 0.9999998
1769781866.237744 -0.0000248 -0.0002211 -0.0000119 -0.0006692 0.0001149 -0.0002571 0.9999998
1769781866.371078 -0.0000066 -0.0001853 0.0003152 -0.0008741 0.0001163 -0.0005558 0.9999995
1769781866.704411 0.0000142 -0.0001488 0.0006853 -0.0007650 0.0004728 0.0003527 0.9999995
1769781875.704447 -0.0021787 -0.0009167 0.0004319 -0.0080854 0.0271077 -0.0024745 0.9995968
1769781875.737780 -0.0024379 -0.0011569 -0.0001362 -0.0093594 0.0283984 -0.0023223 0.9995502
1769781876.237779 -0.0037795 -0.0039293 0.0003139 -0.0239957 0.0390629 0.0003939 0.9989485
1769781876.971113 -0.0031976 -0.0033796 -0.0000178 -0.0248583 0.0397076 0.0008220 0.9989018
1769781877.004450 -0.0030942 -0.0031234 0.0005324 -0.0238330 0.0391207 0.0001974 0.9989502
1769781877.104446 -0.0029754 -0.0029967 -0.0001160 -0.0204108 0.0369233 0.0009205 0.9991092
1769781877.704446 -0.0024420 0.0012763 -0.0006202 0.0158809 0.0223466 -0.0025917 0.9996208
1769781877.771113 -0.0018177 0.0018329 0.0002982 0.0208846 0.0199101 -0.0021607 0.9995813
1769781878.337779 0.0001095 0.0042838 0.0006578 0.0095556 -0.0008009 -0.0053283 0.9999399
1769781878.371112 0.0003185 0.0036809 0.0024409 0.0094040 -0.0023510 -0.0045040 0.9999429
1769781878.537780 0.0007623 0.0042675 0.0018007 0.0142134 -0.0067785 -0.0066880 0.9998537
1769781879.204446 0.0015746 0.0043302 0.0004790 0.0311268 -0.0196619 0.0002384 0.9993220
1769781879.537779 0.0023647 0.0028563 -0.0002495 0.0189212 -0.0266542 0.0017228 0.9994642
1769781879.604445 0.0021993 0.0019313 -0.0006413 0.0147421 -0.0266090 0.0029504 0.9995329
1769781879.837778 0.0025038 0.0003880 -0.0013183 0.0003318 -0.0285103 0.0028943 0.9995893
1769781880.304445 0.0023564 -0.0030546 -0.0015944 -0.0279295 -0.0246790 0.0028348 0.9993012
1769781880.471111 0.0022152 -0.0041581 -0.0012891 -0.0335871 -0.0238988 -0.0407740 0.9983177
1769781880.904444 0.0009285 -0.0041446 0.0001829 -0.0370227 -0.0103421 -0.0612564 0.9973816
1769781880.937777 0.0008012 -0.0043766 -0.0001180 -0.0367388 -0.0091215 -0.0577571 0.9976127
1769781881.004444 0.0006491 -0.0042310 -0.0005701 -0.0351721 -0.0066579 -0.0524927 0.9979795
1769781881.237777 -0.0008191 -0.0029860 -0.0000796 -0.0246138 0.0075234 -0.0361308 0.9990156
1769781881.371111 -0.0008836 -0.0026448 -0.0000150 -0.0155658 0.0139895 -0.0378217 0.9990653
1769781881.637777 -0.0015823 -0.0012602 0.0009427 0.0131476 0.0381308 -0.0384942 0.9984445
1769781881.971110 -0.0015770 0.0002850 0.0026052 0.0325690 0.0698593 -0.0426544 0.9961122
1769781882.237776 -0.0020667 0.0017664 0.0026324 0.0129291 0.0641048 -0.0384995 0.9971164
1769781882.304443 -0.0019614 0.0017586 0.0028334 0.0072592 0.0628231 -0.0349285 0.9973869
1769781882.471111 -0.0027854 0.0026009 0.0031027 0.0040461 0.0645537 -0.0320137 0.9973924
1769781882.871109 -0.0043069 0.0035929 0.0051569 0.0194205 0.0746605 -0.0266661 0.9966632
1769781882.937777 -0.0043382 0.0038791 0.0049120 0.0219995 0.0746867 -0.0293331 0.9965327
1769781883.071110 -0.0053738 0.0037667 0.0042367 0.0242129 0.0781115 -0.0232292 0.9963798
1769781883.504475 -0.0065103 0.0029291 0.0032800 0.0180828 0.0852993 -0.0201898 0.9959866
1769781883.604473 -0.0069396 0.0021611 0.0029037 0.0121341 0.0857652 -0.0234095 0.9959664
1769781883.871140 -0.0074178 -0.0003320 0.0026501 -0.0041905 0.0875911 -0.0153493 0.9960295
1769781884.104474 -0.0071215 -0.0022750 0.0026069 -0.0198493 0.0869775 -0.0105382 0.9959568
1769781884.237806 -0.0076053 -0.0035587 0.0017160 -0.0289659 0.0858721 -0.0071321 0.9958595
1769781884.371140 -0.0072953 -0.0044772 0.0021299 -0.0372028 0.0830878 -0.0050040 0.9958350
1769781884.404473 -0.0075106 -0.0045629 0.0010505 -0.0382249 0.0822304 -0.0038522 0.9958726
1769781884.804473 -0.0061354 -0.0065492 0.0011431 -0.0499556 0.0694864 0.0010218 0.9963308
1769781884.937807 -0.0058115 -0.0064891 0.0008465 -0.0494711 0.0645121 0.0023384 0.9966872
1769781884.971140 -0.0055091 -0.0062922 0.0011345 -0.0488958 0.0632023 0.0026390 0.9967988
1769781885.004473 -0.0051901 -0.0066183 0.0017430 -0.0478117 0.0617170 0.0021704 0.9969455
1769781885.071139 -0.0047500 -0.0062007 0.0020783 -0.0458669 0.0588834 0.0021639 0.9972082
1769781885.204474 -0.0045133 -0.0058668 0.0003472 -0.0411897 0.0527034 0.0022278 0.9977579
1769781885.271140 -0.0046443 -0.0055199 0.0001463 -0.0377299 0.0494671 0.0022725 0.9980603
1769781885.304472 -0.0038523 -0.0053264 0.0005625 -0.0364104 0.0475854 0.0008555 0.9982030
1769781885.337806 -0.0035943 -0.0054424 0.0004370 -0.0343597 0.0456280 0.0026186 0.9983640
1769781885.437806 -0.0029558 -0.0048144 0.0003117 -0.0281792 0.0404225 0.0019238 0.9987834
1769781885.471140 -0.0028980 -0.0048288 0.0004157 -0.0263160 0.0390429 0.0008512 0.9988906
1769781885.504474 -0.0027007 -0.0046882 0.0000641 -0.0230544 0.0367278 -0.0003050 0.9990593
1769781885.604472 -0.0024049 -0.0038254 -0.0001862 -0.0132849 0.0302422 -0.0028342 0.9994503
1769781885.637806 -0.0021212 -0.0040285 0.0002165 -0.0099788 0.0285384 -0.0026476 0.9995394
1769781885.737805 -0.0015871 -0.0030335 0.0010002 0.0022678 0.0221825 -0.0076861 0.9997219
1769781885.771139 -0.0016672 -0.0027260 0.0002574 0.0069168 0.0196851 -0.0078782 0.9997513
1769781885.904472 -0.0012597 -0.0016095 0.0014251 0.0220947 0.0054311 -0.0098539 0.9996926
1769781885.971139 -0.0007258 -0.0009907 0.0018760 0.0290554 -0.0025666 -0.0107807 0.9995164
1769781886.037806 -0.0014737 -0.0000674 0.0004564 0.0353302 -0.0091323 -0.0128827 0.9992509
1769781886.071138 -0.0009928 -0.0003943 0.0019952 0.0379705 -0.0116989 -0.0079104 0.9991791
1769781886.104472 0.0001239 -0.0007241 0.0035811 0.0386406 -0.0158354 -0.0103936 0.9990737
1769781886.204473 -0.0001916 -0.0000162 0.0027027 0.0430275 -0.0208111 -0.0064306 0.9988364
1769781886.337806 -0.0000636 0.0005671 0.0029198 0.0459128 -0.0198029 0.0001017 0.9987492
1769781886.437805 0.0001410 0.0007929 0.0032497 0.0267044 -0.0189833 -0.0002812 0.9994631
1769781886.604472 0.0005041 0.0011617 0.0030133 0.0147303 -0.0177169 -0.0007372 0.9997343
1769781887.037805 0.0011065 0.0021451 0.0034673 0.0236428 -0.0192545 0.0010146 0.9995345
1769781888.171137 0.0028761 -0.0031014 0.0001495 -0.0149806 -0.0277837 0.0028281 0.9994977
1769781888.271137 0.0025411 -0.0038370 -0.0007608 -0.0210466 -0.0264124 0.0039306 0.9994218
1769781889.404469 -0.0001029 -0.0057271 -0.0013883 -0.0391545 0.0036338 -0.0408810 0.9983900
1769781889.437804 -0.0002188 -0.0060111 -0.0022486 -0.0381865 0.0046293 -0.0398622 0.9984645
1769781889.471137 -0.0003024 -0.0058277 -0.0005175 -0.0371851 0.0065841 -0.0378025 0.9985715
1769781889.571136 -0.0006273 -0.0052690 -0.0008866 -0.0304409 0.0123853 -0.0384368 0.9987205
1769781889.604470 -0.0004918 -0.0054741 -0.0005901 -0.0280389 0.0141382 -0.0385698 0.9987624
1769781889.671136 -0.0006508 -0.0049175 -0.0006056 -0.0224364 0.0182627 -0.0386174 0.9988352
1769781889.704469 -0.0006440 -0.0046695 -0.0001531 -0.0185401 0.0206497 -0.0394897 0.9988346
1769781892.104486 -0.0069541 -0.0031705 0.0034224 -0.0177039 0.0864022 -0.0295404 0.9956650
1769781892.737819 -0.0072947 -0.0088846 0.0003665 -0.0567428 0.0801313 -0.0187034 0.9949922
1769781893.237818 -0.0055716 -0.0100091 -0.0006756 -0.0623179 0.0614586 -0.0132766 0.9960738
1769781893.271152 -0.0051625 -0.0102931 0.0003575 -0.0620550 0.0602572 -0.0122664 0.9961766
1769781893.371152 -0.0045498 -0.0099787 -0.0001650 -0.0592769 0.0550515 -0.0127365 0.9966410
1769781893.504485 -0.0036412 -0.0095679 0.0003005 -0.0538812 0.0484066 -0.0126127 0.9972937
1769781893.604486 -0.0031177 -0.0087434 -0.0005857 -0.0475875 0.0430753 -0.0129121 0.9978544
1769781893.704485 -0.0025000 -0.0083657 -0.0004425 -0.0417094 0.0380600 -0.0149950 0.9982920
1769781893.937819 -0.0014842 -0.0071221 0.0005392 -0.0182542 0.0245476 -0.0176813 0.9993756
1769781893.971152 -0.0011747 -0.0072550 0.0006093 -0.0147240 0.0220180 -0.0195321 0.9994583
1769781894.004485 -0.0010071 -0.0068098 0.0004483 -0.0108649 0.0193602 -0.0197969 0.9995576
1769781894.037820 -0.0011252 -0.0065791 0.0005911 -0.0067710 0.0170024 -0.0196706 0.9996390
1769781894.137818 -0.0006113 -0.0054028 0.0004674 0.0047082 0.0060000 -0.0213860 0.9997422
1769781894.204485 -0.0003296 -0.0052058 0.0013037 0.0100782 -0.0012321 -0.0225464 0.9996942
1769781894.371152 0.0001630 -0.0044155 0.0015074 0.0204784 -0.0170616 -0.0237101 0.9993635
1769781894.471152 0.0003161 -0.0039627 0.0022074 0.0241216 -0.0212199 -0.0190326 0.9993026
1769781894.537820 0.0004290 -0.0034127 0.0018959 0.0265650 -0.0212140 -0.0140945 0.9993226
1769781894.671151 0.0007567 -0.0031745 0.0024037 0.0094341 -0.0185832 -0.0133437 0.9996938
1769781894.771151 0.0010493 -0.0030983 0.0033336 -0.0023779 -0.0167787 -0.0144726 0.9997517
1769781894.837818 0.0009826 -0.0030050 0.0033955 -0.0057205 -0.0162425 -0.0156095 0.9997299
1769781894.904484 0.0009475 -0.0026745 0.0029478 -0.0069963 -0.0156235 -0.0142843 0.9997514
1769781894.971151 0.0010310 -0.0026387 0.0035367 -0.0081220 -0.0162045 -0.0137184 0.9997416
1769781895.337818 0.0017924 -0.0015335 0.0025462 0.0050267 -0.0184473 -0.0133053 0.9997287
1769781895.404484 0.0023526 -0.0021995 0.0038412 0.0040049 -0.0190513 -0.0163295 0.9996771
1769781895.537819 0.0028593 -0.0019637 0.0021411 0.0048178 -0.0208672 -0.0141169 0.9996710
1769781895.637817 0.0031588 -0.0021109 0.0018994 0.0045468 -0.0235720 -0.0141136 0.9996122
1769781896.171150 0.0034994 -0.0054497 0.0000983 -0.0197796 -0.0281312 -0.0121425 0.9993348
1769781896.371150 0.0037130 -0.0076892 0.0014294 -0.0340499 -0.0281123 -0.0107067 0.9989673
1769781896.404483 0.0039300 -0.0080886 0.0014766 -0.0369213 -0.0287383 -0.0131071 0.9988189
1769781896.537818 0.0033582 -0.0090070 0.0002203 -0.0454404 -0.0273758 -0.0095150 0.9985466
1769781897.237816 0.0017489 -0.0126342 -0.0003509 -0.0730082 -0.0171226 -0.0880934 0.9932855
1769781897.371150 0.0012559 -0.0124605 0.0002552 -0.0714360 -0.0105343 -0.0790556 0.9942515
1769781897.471150 0.0007911 -0.0121895 -0.0000752 -0.0702920 -0.0050929 -0.0707134 0.9950039
1769781897.704482 -0.0000727 -0.0111290 0.0008366 -0.0603969 0.0082318 -0.0546666 0.9966424
1769781897.771149 -0.0008322 -0.0106146 0.0008702 -0.0560843 0.0133840 -0.0516599 0.9969988
1769781897.871150 -0.0012814 -0.0100324 0.0010006 -0.0475348 0.0204338 -0.0526839 0.9972699
1769781897.904482 -0.0010215 -0.0102413 0.0010739 -0.0453948 0.0217073 -0.0532159 0.9973145
1769781898.204483 -0.0039103 -0.0071346 0.0008946 -0.0120981 0.0571875 -0.0551012 0.9967684
1769781899.371170 -0.0064546 -0.0016853 0.0082788 -0.0097729 0.0861712 -0.0393453 0.9954551
1769781899.937836 -0.0081907 -0.0031630 0.0081118 -0.0096629 0.0951792 -0.0355707 0.9947775
1769781900.037838 -0.0084338 -0.0040204 0.0081087 -0.0141798 0.0966572 -0.0353671 0.9945881
1769781900.071170 -0.0083295 -0.0045442 0.0086361 -0.0163977 0.0971229 -0.0340401 0.9945550
1769781900.237836 -0.0090091 -0.0061467 0.0068767 -0.0264049 0.0982353 -0.0308098 0.9943357
1769781900.471170 -0.0092846 -0.0082209 0.0059850 -0.0423242 0.0977043 -0.0318143 0.9938060
1769781900.704503 -0.0089307 -0.0106324 0.0060887 -0.0582523 0.0955599 -0.0277306 0.9933308
1769781900.737836 -0.0092695 -0.0108951 0.0058584 -0.0602891 0.0952102 -0.0275180 0.9932487
1769781900.904503 -0.0089470 -0.0122021 0.0052044 -0.0690322 0.0923620 -0.0254588 0.9930034
1769781901.071169 -0.0084361 -0.0130751 0.0048983 -0.0758318 0.0871367 -0.0241999 0.9930112
1769781901.337836 -0.0076953 -0.0141579 0.0047423 -0.0804814 0.0783967 -0.0195901 0.9934752
1769781901.404503 -0.0074098 -0.0140914 0.0038012 -0.0795918 0.0757289 -0.0202959 0.9937396
1769781901.471169 -0.0073054 -0.0140944 0.0034996 -0.0790273 0.0730693 -0.0189960 0.9940094
1769781901.571168 -0.0069547 -0.0137726 0.0027032 -0.0761303 0.0685987 -0.0187771 0.9945581
1769781901.737836 -0.0056179 -0.0134157 0.0036314 -0.0704929 0.0604947 -0.0201422 0.9954725
1769781901.771170 -0.0053456 -0.0134042 0.0039376 -0.0690051 0.0587570 -0.0186999 0.9957089
1769781901.837835 -0.0049115 -0.0129822 0.0032250 -0.0652216 0.0546354 -0.0200825 0.9961716
1769781901.871169 -0.0045028 -0.0126931 0.0036927 -0.0637167 0.0525606 -0.0206427 0.9963691
1769781901.904502 -0.0043901 -0.0128277 0.0039732 -0.0619036 0.0516726 -0.0194020 0.9965548
1769781902.037836 -0.0039590 -0.0119268 0.0036514 -0.0505866 0.0450012 -0.0211730 0.9974806
1769781902.237834 -0.0029887 -0.0106566 0.0040112 -0.0288610 0.0323164 -0.0254121 0.9987377
1769781902.271168 -0.0030095 -0.0101505 0.0037355 -0.0247688 0.0296519 -0.0267932 0.9988941
1769781902.304502 -0.0029871 -0.0101829 0.0043965 -0.0209008 0.0266653 -0.0258249 0.9990922
1769781902.337834 -0.0027451 -0.0100497 0.0043702 -0.0188194 0.0233204 -0.0273588 0.9991764
1769781902.371168 -0.0028004 -0.0097298 0.0037026 -0.0151732 0.0197541 -0.0266479 0.9993345
1769781902.671168 -0.0018349 -0.0080646 0.0054115 0.0051018 -0.0070287 -0.0289734 0.9995425
1769781902.704501 -0.0015685 -0.0079299 0.0052198 0.0059355 -0.0086130 -0.0276636 0.9995626
1769781902.737834 -0.0016844 -0.0078165 0.0056013 0.0070085 -0.0086132 -0.0247894 0.9996310
1769781902.804502 -0.0015357 -0.0071543 0.0056145 0.0094134 -0.0074922 -0.0215748 0.9996948
1769781903.137835 -0.0009376 -0.0053799 0.0050675 -0.0217761 -0.0025003 -0.0205125 0.9995493
1769781903.171167 -0.0004565 -0.0054270 0.0052723 -0.0243145 -0.0037982 -0.0240351 0.9994082
1769781904.304500 0.0017514 -0.0078108 0.0038055 -0.0283281 -0.0127150 -0.0189956 0.9993373
1769781904.804501 0.0007983 -0.0132398 0.0002880 -0.0615790 -0.0126302 -0.0123167 0.9979463
1769781905.371167 -0.0002376 -0.0167376 0.0010434 -0.0867230 -0.0061054 -0.0834454 0.9927128
1769781905.404499 -0.0005029 -0.0166066 0.0014837 -0.0870810 -0.0044361 -0.0874757 0.9923433
1769781905.704499 -0.0016473 -0.0171877 0.0033387 -0.0877353 0.0091082 -0.0723538 0.9934710
1769781905.871166 -0.0021124 -0.0160804 0.0032604 -0.0797828 0.0158133 -0.0579821 0.9949989
1769781906.304499 -0.0029658 -0.0140155 0.0044732 -0.0467688 0.0425036 -0.0582301 0.9963009
1769781906.337833 -0.0031182 -0.0136800 0.0045500 -0.0434400 0.0457428 -0.0562023 0.9964246
1769781906.804528 -0.0029320 -0.0107565 0.0050752 -0.0170371 0.0803505 -0.0727698 0.9939608
1769781906.837860 -0.0031853 -0.0104198 0.0052348 -0.0163388 0.0804069 -0.0702748 0.9941475
1769781906.871193 -0.0032895 -0.0105622 0.0054583 -0.0215168 0.0785102 -0.0665176 0.9944590
1769781906.971194 -0.0033755 -0.0100977 0.0063855 -0.0395551 0.0759370 -0.0619368 0.9944007
1769781907.071193 -0.0030101 -0.0098169 0.0052076 -0.0467165 0.0735761 -0.0633495 0.9941785
1769781908.004526 -0.0078069 -0.0072247 0.0070792 -0.0272152 0.0922481 -0.0475847 0.9942260
1769781908.037861 -0.0080127 -0.0069010 0.0060764 -0.0284591 0.0935346 -0.0437479 0.9942472
1769781908.104525 -0.0081784 -0.0077069 0.0069841 -0.0297572 0.0945209 -0.0433916 0.9941315
1769781908.237859 -0.0086287 -0.0084790 0.0062896 -0.0353170 0.0969785 -0.0448674 0.9936472
1769781908.337860 -0.0092042 -0.0095943 0.0061695 -0.0404158 0.0985705 -0.0396587 0.9935178
1769781908.371192 -0.0090499 -0.0094048 0.0057086 -0.0412771 0.0975536 -0.0426101 0.9934606
1769781908.537862 -0.0095188 -0.0121608 0.0077001 -0.0522764 0.1008845 -0.0318193 0.9930142
1769781908.671192 -0.0097703 -0.0128946 0.0068298 -0.0611434 0.1011235 -0.0340120 0.9924106
1769781908.804526 -0.0100117 -0.0142774 0.0060090 -0.0705966 0.1004677 -0.0335220 0.9918662
1769781909.537861 -0.0082748 -0.0191530 0.0050582 -0.1023784 0.0830266 -0.0219454 0.9910316
1769781909.671192 -0.0077391 -0.0193278 0.0051042 -0.1022290 0.0783678 -0.0202324 0.9914628
1769781909.804525 -0.0058290 -0.0189631 0.0045807 -0.0986730 0.0672111 -0.0198886 0.9926484
1769781909.971192 -0.0053544 -0.0182423 0.0043692 -0.0920420 0.0619845 -0.0198191 0.9936264
1769781910.004524 -0.0053276 -0.0183287 0.0042899 -0.0913632 0.0610317 -0.0197706 0.9937490
1769781910.104524 -0.0049524 -0.0178553 0.0040772 -0.0868367 0.0569501 -0.0201669 0.9943889
1769781910.171191 -0.0046537 -0.0175400 0.0038123 -0.0833936 0.0540599 -0.0219010 0.9948083
1769781910.204525 -0.0046434 -0.0173076 0.0038268 -0.0809568 0.0527025 -0.0218819 0.9950827
1769781910.304524 -0.0044543 -0.0172986 0.0038293 -0.0740447 0.0481384 -0.0243756 0.9957941
1769781910.371192 -0.0040581 -0.0168675 0.0038617 -0.0678329 0.0437764 -0.0263607 0.9963872
1769781910.404524 -0.0040582 -0.0167545 0.0037930 -0.0647368 0.0419671 -0.0271319 0.9966503
1769781910.437858 -0.0041587 -0.0164676 0.0042194 -0.0601341 0.0409021 -0.0265914 0.9969974
1769781912.571191 -0.0003737 -0.0129860 0.0044750 -0.0520658 0.0021876 -0.0194711 0.9984515
1769781912.837856 -0.0006927 -0.0141812 0.0045374 -0.0611412 0.0054497 -0.0193272 0.9979271
1769781912.871191 -0.0008086 -0.0143981 0.0045254 -0.0623172 0.0057583 -0.0194172 0.9978509
1769781913.404523 -0.0014898 -0.0155808 0.0045208 -0.0720122 0.0134462 -0.0200841 0.9971109
1769781913.471190 -0.0016320 -0.0155736 0.0045905 -0.0722702 0.0143549 -0.0203065 0.9970750
1769781913.771189 -0.0019458 -0.0155845 0.0045629 -0.0726837 0.0176553 -0.0219352 0.9969575
1769781914.471189 -0.0022699 -0.0152732 0.0047313 -0.0697574 0.0205240 -0.0244392 0.9970534
1769781914.904542 -0.0023704 -0.0152890 0.0046599 -0.0701546 0.0206163 -0.0246804 0.9970177
1769781915.071209 -0.0023035 -0.0152778 0.0046864 -0.0702373 0.0204515 -0.0249994 0.9970073
1769781915.604542 -0.0023425 -0.0152861 0.0047021 -0.0700721 0.0206146 -0.0246397 0.9970245
1769781915.871209 -0.0023288 -0.0152746 0.0047202 -0.0698886 0.0205931 -0.0244924 0.9970415
