1769781865837744384.000000 0.000000000 0.000000000 0.000000000 -0.000000000 -0.000000000 -0.000000000 1.000000000
1769781865904411136.000000 0.000237947 0.000090735 0.000686276 0.000065366 -0.000034639 0.000031676 1.000000000
1769781865937744896.000000 0.000140010 -0.000096668 0.000724960 -0.000355082 0.000098883 0.000063534 0.999999940
1769781866004411904.000000 -0.000011172 -0.000189120 0.000233371 -0.000504403 0.000108533 0.000001394 0.999999881
1769781866037745664.000000 -0.000012017 -0.000192007 0.000205126 -0.000502614 0.000076081 0.000027642 0.999999881
1769781866137744640.000000 0.000188869 -0.000207517 0.000343069 -0.000602581 0.000107546 0.000310172 0.999999762
1769781866237744128.000000 -0.000024830 -0.000221052 -0.000011881 -0.000669177 0.000114917 -0.000257108 0.999999762
1769781866371077888.000000 -0.000006627 -0.000185323 0.000315206 -0.000874068 0.000116298 -0.000555790 0.999999464
1769781866704411136.000000 0.000014200 -0.000148792 0.000685252 -0.000765012 0.000472752 0.000352656 0.999999523
1769781875704447232.000000 -0.002178747 -0.000916749 0.000431899 -0.008085423 0.027107706 -0.002474452 0.999596775
1769781875737780224.000000 -0.002437914 -0.001156887 -0.000136238 -0.009359389 0.028398443 -0.002322310 0.999550223
1769781876237779456.000000 -0.003779463 -0.003929326 0.000313937 -0.023995653 0.039062854 0.000393946 0.998948514
1769781876971113472.000000 -0.003197558 -0.003379604 -0.000017812 -0.024858337 0.039707579 0.000822024 0.998901784
1769781877004449536.000000 -0.003094177 -0.003123351 0.000532406 -0.023833035 0.039120652 0.000197434 0.998950243
1769781877104446208.000000 -0.002975371 -0.002996651 -0.000115976 -0.020410838 0.036923271 0.000920544 0.999109209
1769781877704445952.000000 -0.002441988 0.001276316 -0.000620241 0.015880946 0.022346618 -0.002591702 0.999620795
1769781877771113216.000000 -0.001817696 0.001832929 0.000298171 0.020884560 0.019910077 -0.002160721 0.999581277
1769781878337778944.000000 0.000109466 0.004283754 0.000657805 0.009555558 -0.000800852 -0.005328321 0.999939859
1769781878371112448.000000 0.000318506 0.003680879 0.002440949 0.009403967 -0.002351027 -0.004504049 0.999942899
1769781878537779456.000000 0.000762311 0.004267451 0.001800654 0.014213444 -0.006778527 -0.006687994 0.999853671
1769781879204445952.000000 0.001574613 0.004330171 0.000479018 0.031126840 -0.019661915 0.000238390 0.999321997
1769781879537779456.000000 0.002364724 0.002856282 -0.000249526 0.018921195 -0.026654160 0.001722848 0.999464154
1769781879604444672.000000 0.002199333 0.001931341 -0.000641307 0.014742140 -0.026608976 0.002950388 0.999532878
1769781879837777920.000000 0.002503754 0.000388013 -0.001318310 0.000331763 -0.028510286 0.002894270 0.999589264
1769781880304444672.000000 0.002356444 -0.003054596 -0.001594372 -0.027929509 -0.024678981 0.002834793 0.999301195
1769781880471111168.000000 0.002215231 -0.004158136 -0.001289085 -0.033587128 -0.023898780 -0.040773958 0.998317719
1769781880904443648.000000 0.000928501 -0.004144607 0.000182897 -0.037022710 -0.010342114 -0.061256353 0.997381628
1769781880937777408.000000 0.000801206 -0.004376573 -0.000118018 -0.036738783 -0.009121458 -0.057757135 0.997612715
1769781881004443904.000000 0.000649076 -0.004231019 -0.000570068 -0.035172075 -0.006657889 -0.052492674 0.997979522
1769781881237776640.000000 -0.000819095 -0.002986034 -0.000079557 -0.024613833 0.007523391 -0.036130760 0.999015570
1769781881371110656.000000 -0.000883649 -0.002644833 -0.000015039 -0.015565763 0.013989470 -0.037821658 0.999065340
1769781881637777152.000000 -0.001582279 -0.001260166 0.000942733 0.013147566 0.038130831 -0.038494226 0.998444498
1769781881971110144.000000 -0.001576973 0.000284986 0.002605194 0.032569047 0.069859326 -0.042654421 0.996112227
1769781882237776128.000000 -0.002066723 0.001766378 0.002632407 0.012929143 0.064104788 -0.038499523 0.997116446
1769781882304443392.000000 -0.001961352 0.001758639 0.002833412 0.007259197 0.062823094 -0.034928497 0.997386873
1769781882471110912.000000 -0.002785413 0.002600942 0.003102733 0.004046068 0.064553685 -0.032013666 0.997392416
1769781882871109376.000000 -0.004306878 0.003592868 0.005156916 0.019420533 0.074660487 -0.026666107 0.996663213
1769781882937776896.000000 -0.004338196 0.003879116 0.004911973 0.021999475 0.074686721 -0.029333051 0.996532738
1769781883071109888.000000 -0.005373838 0.003766743 0.004236662 0.024212880 0.078111462 -0.023229189 0.996379793
1769781883504474624.000000 -0.006510255 0.002929117 0.003280014 0.018082837 0.085299313 -0.020189758 0.995986640
1769781883604473088.000000 -0.006939610 0.002161064 0.002903652 0.012134107 0.085765213 -0.023409545 0.995966434
1769781883871140352.000000 -0.007417760 -0.000331953 0.002650113 -0.004190480 0.087591104 -0.015349293 0.996029496
1769781884104474112.000000 -0.007121480 -0.002274993 0.002606937 -0.019849308 0.086977482 -0.010538238 0.995956779
1769781884237805824.000000 -0.007605299 -0.003558728 0.001716040 -0.028965924 0.085872054 -0.007132085 0.995859504
1769781884371139840.000000 -0.007295289 -0.004477168 0.002129927 -0.037202798 0.083087794 -0.005004037 0.995835006
1769781884404472832.000000 -0.007510588 -0.004562936 0.001050550 -0.038224936 0.082230359 -0.003852175 0.995872557
1769781884804473344.000000 -0.006135385 -0.006549175 0.001143075 -0.049955636 0.069486372 0.001021777 0.996330798
1769781884937806592.000000 -0.005811544 -0.006489127 0.000846450 -0.049471095 0.064512148 0.002338410 0.996687174
1769781884971139584.000000 -0.005509097 -0.006292228 0.001134549 -0.048895780 0.063202269 0.002638971 0.996798754
1769781885004472832.000000 -0.005190069 -0.006618292 0.001743038 -0.047811687 0.061717015 0.002170406 0.996945500
1769781885071139072.000000 -0.004750025 -0.006200748 0.002078316 -0.045866933 0.058883421 0.002163947 0.997208238
1769781885204474368.000000 -0.004513318 -0.005866842 0.000347211 -0.041189656 0.052703373 0.002227808 0.997757912
1769781885271139584.000000 -0.004644301 -0.005519856 0.000146323 -0.037729889 0.049467068 0.002272492 0.998060286
1769781885304472320.000000 -0.003852269 -0.005326395 0.000562547 -0.036410432 0.047585372 0.000855549 0.998202980
1769781885337805824.000000 -0.003594253 -0.005442386 0.000437038 -0.034359701 0.045628015 0.002618559 0.998363972
1769781885437805568.000000 -0.002955777 -0.004814444 0.000311702 -0.028179241 0.040422469 0.001923830 0.998783410
1769781885471139584.000000 -0.002897995 -0.004828826 0.000415688 -0.026315998 0.039042931 0.000851205 0.998890579
1769781885504473600.000000 -0.002700744 -0.004688212 0.000064144 -0.023054365 0.036727842 -0.000304962 0.999059319
1769781885604472064.000000 -0.002404892 -0.003825357 -0.000186201 -0.013284904 0.030242192 -0.002834182 0.999450326
1769781885637805824.000000 -0.002121222 -0.004028526 0.000216536 -0.009978775 0.028538428 -0.002647639 0.999539375
1769781885737805312.000000 -0.001587128 -0.003033500 0.001000155 0.002267814 0.022182511 -0.007686133 0.999721885
1769781885771139072.000000 -0.001667177 -0.002725955 0.000257440 0.006916821 0.019685101 -0.007878164 0.999751270
1769781885904471808.000000 -0.001259678 -0.001609486 0.001425145 0.022094712 0.005431135 -0.009853891 0.999692559
1769781885971138816.000000 -0.000725769 -0.000990735 0.001875953 0.029055361 -0.002566643 -0.010780689 0.999516368
1769781886037806336.000000 -0.001473672 -0.000067449 0.000456395 0.035330184 -0.009132259 -0.012882727 0.999250948
1769781886071138048.000000 -0.000992801 -0.000394341 0.001995185 0.037970461 -0.011698905 -0.007910434 0.999179125
1769781886104472064.000000 0.000123856 -0.000724052 0.003581072 0.038640585 -0.015835425 -0.010393634 0.999073684
1769781886204472576.000000 -0.000191604 -0.000016190 0.002702660 0.043027479 -0.020811062 -0.006430559 0.998836398
1769781886337805824.000000 -0.000063563 0.000567119 0.002919805 0.045912787 -0.019802883 0.000101732 0.998749197
1769781886437805312.000000 0.000141009 0.000792944 0.003249665 0.026704397 -0.018983306 -0.000281234 0.999463081
1769781886604471808.000000 0.000504094 0.001161686 0.003013311 0.014730267 -0.017716931 -0.000737184 0.999734282
1769781887037805312.000000 0.001106505 0.002145142 0.003467319 0.023642782 -0.019254491 0.001014562 0.999534547
1769781888171136512.000000 0.002876063 -0.003101372 0.000149538 -0.014980615 -0.027783729 0.002828114 0.999497712
1769781888271137536.000000 0.002541067 -0.003837020 -0.000760786 -0.021046560 -0.026412435 0.003930602 0.999421835
1769781889404468480.000000 -0.000102893 -0.005727103 -0.001388315 -0.039154455 0.003633765 -0.040881012 0.998389959
1769781889437803776.000000 -0.000218824 -0.006011087 -0.002248569 -0.038186535 0.004629336 -0.039862186 0.998464525
1769781889471136512.000000 -0.000302363 -0.005827667 -0.000517487 -0.037185062 0.006584100 -0.037802476 0.998571455
1769781889571136512.000000 -0.000627346 -0.005268960 -0.000886585 -0.030440915 0.012385319 -0.038436830 0.998720467
1769781889604469504.000000 -0.000491778 -0.005474092 -0.000590100 -0.028038921 0.014138227 -0.038569819 0.998762369
1769781889671136256.000000 -0.000650783 -0.004917485 -0.000605616 -0.022436431 0.018262682 -0.038617354 0.998835206
1769781889704469504.000000 -0.000644026 -0.004669529 -0.000153144 -0.018540088 0.020649742 -0.039489709 0.998834550
1769781892104485632.000000 -0.006954105 -0.003170489 0.003422438 -0.017703865 0.086402163 -0.029540354 0.995664954
1769781892737819392.000000 -0.007294734 -0.008884560 0.000366524 -0.056742817 0.080131285 -0.018703410 0.994992197
1769781893237818368.000000 -0.005571556 -0.010009065 -0.000675559 -0.062317882 0.061458599 -0.013276565 0.996073842
1769781893271152384.000000 -0.005162487 -0.010293121 0.000357456 -0.062054984 0.060257219 -0.012266415 0.996176600
1769781893371151872.000000 -0.004549826 -0.009978742 -0.000164983 -0.059276946 0.055051472 -0.012736500 0.996641040
1769781893504485120.000000 -0.003641219 -0.009567871 0.000300527 -0.053881217 0.048406601 -0.012612658 0.997293651
1769781893604485888.000000 -0.003117668 -0.008743354 -0.000585674 -0.047587477 0.043075293 -0.012912126 0.997854352
1769781893704485120.000000 -0.002499953 -0.008365718 -0.000442506 -0.041709442 0.038059961 -0.014994960 0.998292029
1769781893937818624.000000 -0.001484221 -0.007122119 0.000539216 -0.018254194 0.024547577 -0.017681332 0.999375582
1769781893971151872.000000 -0.001174683 -0.007255047 0.000609268 -0.014723989 0.022017993 -0.019532135 0.999458313
1769781894004484608.000000 -0.001007056 -0.006809805 0.000448281 -0.010864867 0.019360203 -0.019796878 0.999557555
1769781894037820416.000000 -0.001125243 -0.006579091 0.000591122 -0.006770952 0.017002352 -0.019670555 0.999639034
1769781894137818112.000000 -0.000611306 -0.005402838 0.000467355 0.004708159 0.005999956 -0.021385960 0.999742210
1769781894204485376.000000 -0.000329614 -0.005205827 0.001303736 0.010078177 -0.001232083 -0.022546362 0.999694228
1769781894371151616.000000 0.000162964 -0.004415484 0.001507385 0.020478379 -0.017061606 -0.023710094 0.999363482
1769781894471152128.000000 0.000316086 -0.003962718 0.002207362 0.024121638 -0.021219855 -0.019032583 0.999302626
1769781894537819904.000000 0.000428957 -0.003412676 0.001895850 0.026565032 -0.021214040 -0.014094457 0.999322593
1769781894671151360.000000 0.000756713 -0.003174527 0.002403716 0.009434058 -0.018583184 -0.013343658 0.999693751
1769781894771151360.000000 0.001049303 -0.003098276 0.003333633 -0.002377912 -0.016778683 -0.014472626 0.999751687
1769781894837817856.000000 0.000982644 -0.003005006 0.003395457 -0.005720521 -0.016242491 -0.015609501 0.999729872
1769781894904484096.000000 0.000947498 -0.002674459 0.002947798 -0.006996337 -0.015623508 -0.014284336 0.999751449
1769781894971150848.000000 0.001031034 -0.002638704 0.003536731 -0.008122043 -0.016204525 -0.013718426 0.999741614
1769781895337818112.000000 0.001792424 -0.001533462 0.002546242 0.005026666 -0.018447269 -0.013305274 0.999728680
1769781895404483840.000000 0.002352588 -0.002199470 0.003841227 0.004004903 -0.019051334 -0.016329514 0.999677122
1769781895537818880.000000 0.002859257 -0.001963723 0.002141058 0.004817831 -0.020867173 -0.014116867 0.999670982
1769781895637816832.000000 0.003158835 -0.002110857 0.001899394 0.004546785 -0.023572002 -0.014113639 0.999612153
1769781896171150080.000000 0.003499414 -0.005449662 0.000098263 -0.019779619 -0.028131183 -0.012142497 0.999334812
1769781896371150080.000000 0.003713028 -0.007689165 0.001429381 -0.034049928 -0.028112298 -0.010706712 0.998967290
1769781896404483072.000000 0.003930046 -0.008088591 0.001476638 -0.036921315 -0.028738331 -0.013107087 0.998818874
1769781896537818368.000000 0.003358154 -0.009006983 0.000220331 -0.045440357 -0.027375821 -0.009514990 0.998546600
1769781897237815808.000000 0.001748943 -0.012634161 -0.000350944 -0.073008232 -0.017122570 -0.088093437 0.993285537
1769781897371149568.000000 0.001255885 -0.012460521 0.000255174 -0.071435951 -0.010534318 -0.079055630 0.994251549
1769781897471149568.000000 0.000791129 -0.012189536 -0.000075240 -0.070291989 -0.005092888 -0.070713408 0.995003879
1769781897704482304.000000 -0.000072660 -0.011128951 0.000836580 -0.060396891 0.008231783 -0.054666579 0.996642411
1769781897771149056.000000 -0.000832185 -0.010614564 0.000870239 -0.056084268 0.013383982 -0.051659916 0.996998847
1769781897871149568.000000 -0.001281398 -0.010032415 0.001000591 -0.047534812 0.020433813 -0.052683853 0.997269928
1769781897904482048.000000 -0.001021534 -0.010241294 0.001073854 -0.045394816 0.021707345 -0.053215899 0.997314453
1769781898204482560.000000 -0.003910321 -0.007134649 0.000894628 -0.012098062 0.057187475 -0.055101223 0.996768355
1769781899371169792.000000 -0.006454566 -0.001685339 0.008278848 -0.009772871 0.086171232 -0.039345324 0.995455146
1769781899937836288.000000 -0.008190660 -0.003163043 0.008111780 -0.009662907 0.095179200 -0.035570662 0.994777501
1769781900037837824.000000 -0.008433819 -0.004020354 0.008108739 -0.014179760 0.096657224 -0.035367060 0.994588137
1769781900071169792.000000 -0.008329465 -0.004544173 0.008636128 -0.016397666 0.097122937 -0.034040142 0.994554996
1769781900237835520.000000 -0.009009108 -0.006146684 0.006876708 -0.026404884 0.098235331 -0.030809850 0.994335651
1769781900471170048.000000 -0.009284567 -0.008220870 0.005985029 -0.042324208 0.097704299 -0.031814344 0.993806005
1769781900704502528.000000 -0.008930721 -0.010632425 0.006088690 -0.058252338 0.095559917 -0.027730616 0.993330777
1769781900737836032.000000 -0.009269496 -0.010895138 0.005858405 -0.060289092 0.095210232 -0.027517952 0.993248701
1769781900904502528.000000 -0.008946953 -0.012202104 0.005204354 -0.069032185 0.092362039 -0.025458794 0.993003368
1769781901071169024.000000 -0.008436081 -0.013075113 0.004898296 -0.075831808 0.087136686 -0.024199856 0.993011177
1769781901337836032.000000 -0.007695251 -0.014157920 0.004742314 -0.080481350 0.078396715 -0.019590085 0.993475199
1769781901404502528.000000 -0.007409788 -0.014091377 0.003801235 -0.079591833 0.075728945 -0.020295871 0.993739605
1769781901471169024.000000 -0.007305356 -0.014094356 0.003499612 -0.079027347 0.073069349 -0.018996017 0.994009435
1769781901571168512.000000 -0.006954747 -0.013772608 0.002703233 -0.076130316 0.068598717 -0.018777102 0.994558096
1769781901737835520.000000 -0.005617932 -0.013415673 0.003631390 -0.070492879 0.060494743 -0.020142231 0.995472491
1769781901771170048.000000 -0.005345561 -0.013404163 0.003937631 -0.069005102 0.058756959 -0.018699856 0.995708942
1769781901837835008.000000 -0.004911502 -0.012982247 0.003225009 -0.065221630 0.054635417 -0.020082494 0.996171594
1769781901871168512.000000 -0.004502754 -0.012693118 0.003692689 -0.063716702 0.052560650 -0.020642672 0.996369123
1769781901904502016.000000 -0.004390096 -0.012827673 0.003973156 -0.061903607 0.051672637 -0.019401969 0.996554792
1769781902037836288.000000 -0.003959030 -0.011926834 0.003651428 -0.050586611 0.045001250 -0.021172965 0.997480631
1769781902237834496.000000 -0.002988672 -0.010656568 0.004011208 -0.028860981 0.032316361 -0.025412114 0.998737693
1769781902271168512.000000 -0.003009534 -0.010150475 0.003735524 -0.024768809 0.029651891 -0.026793215 0.998894095
1769781902304501760.000000 -0.002987133 -0.010182930 0.004396528 -0.020900832 0.026665304 -0.025824893 0.999092221
1769781902337834240.000000 -0.002745105 -0.010049694 0.004370244 -0.018819397 0.023320388 -0.027358836 0.999176443
1769781902371168256.000000 -0.002800404 -0.009729780 0.003702625 -0.015173179 0.019754099 -0.026647899 0.999334514
1769781902671167744.000000 -0.001834925 -0.008064557 0.005411474 0.005101753 -0.007028719 -0.028973352 0.999542475
1769781902704501248.000000 -0.001568462 -0.007929873 0.005219810 0.005935540 -0.008612998 -0.027663622 0.999562562
1769781902737834240.000000 -0.001684403 -0.007816517 0.005601300 0.007008546 -0.008613164 -0.024789440 0.999631047
1769781902804501760.000000 -0.001535744 -0.007154251 0.005614510 0.009413431 -0.007492226 -0.021574764 0.999694824
1769781903137835008.000000 -0.000937567 -0.005379912 0.005067459 -0.021776065 -0.002500252 -0.020512475 0.999549329
1769781903171166976.000000 -0.000456450 -0.005426988 0.005272320 -0.024314532 -0.003798235 -0.024035089 0.999408185
1769781904304500224.000000 0.001751430 -0.007810825 0.003805454 -0.028328134 -0.012715031 -0.018995555 0.999337316
1769781904804501248.000000 0.000798345 -0.013239779 0.000287951 -0.061578982 -0.012630184 -0.012316700 0.997946322
1769781905371166976.000000 -0.000237640 -0.016737560 0.001043368 -0.086723022 -0.006105406 -0.083445445 0.992712796
1769781905404498688.000000 -0.000502918 -0.016606573 0.001483737 -0.087081015 -0.004436122 -0.087475717 0.992343307
1769781905704498688.000000 -0.001647314 -0.017187653 0.003338737 -0.087735347 0.009108196 -0.072353758 0.993470967
1769781905871166464.000000 -0.002112386 -0.016080437 0.003260436 -0.079782821 0.015813312 -0.057982147 0.994998872
1769781906304498944.000000 -0.002965778 -0.014015475 0.004473247 -0.046768822 0.042503562 -0.058230065 0.996300876
1769781906337832704.000000 -0.003118227 -0.013680037 0.004550021 -0.043439962 0.045742836 -0.056202270 0.996424556
1769781906804527616.000000 -0.002932020 -0.010756482 0.005075168 -0.017037107 0.080350533 -0.072769813 0.993960798
1769781906837860352.000000 -0.003185309 -0.010419788 0.005234774 -0.016338758 0.080406919 -0.070274778 0.994147480
1769781906871193344.000000 -0.003289496 -0.010562185 0.005458345 -0.021516796 0.078510188 -0.066517636 0.994458973
1769781906971193600.000000 -0.003375538 -0.010097659 0.006385488 -0.039555099 0.075936973 -0.061936807 0.994400740
1769781907071193344.000000 -0.003010097 -0.009816890 0.005207589 -0.046716489 0.073576063 -0.063349478 0.994178534
1769781908004526080.000000 -0.007806880 -0.007224740 0.007079171 -0.027215190 0.092248112 -0.047584713 0.994226038
1769781908037860864.000000 -0.008012684 -0.006900963 0.006076443 -0.028459148 0.093534566 -0.043747917 0.994247198
1769781908104525312.000000 -0.008178378 -0.007706917 0.006984134 -0.029757192 0.094520941 -0.043391570 0.994131505
1769781908237859072.000000 -0.008628724 -0.008478956 0.006289565 -0.035317045 0.096978538 -0.044867441 0.993647218
1769781908337859840.000000 -0.009204173 -0.009594289 0.006169454 -0.040415838 0.098570466 -0.039658722 0.993517816
1769781908371192576.000000 -0.009049906 -0.009404790 0.005708614 -0.041277107 0.097553566 -0.042610135 0.993460596
1769781908537861888.000000 -0.009518783 -0.012160786 0.007700067 -0.052276373 0.100884452 -0.031819280 0.993014157
1769781908671192320.000000 -0.009770346 -0.012894579 0.006829803 -0.061143398 0.101123467 -0.034011967 0.992410600
1769781908804526080.000000 -0.010011680 -0.014277394 0.006008992 -0.070596568 0.100467749 -0.033522021 0.991866231
1769781909537861120.000000 -0.008274773 -0.019153038 0.005058206 -0.102378435 0.083026588 -0.021945437 0.991031647
1769781909671191808.000000 -0.007739099 -0.019327790 0.005104166 -0.102229044 0.078367755 -0.020232366 0.991462767
1769781909804524544.000000 -0.005828982 -0.018963095 0.004580713 -0.098673031 0.067211114 -0.019888565 0.992648363
1769781909971191808.000000 -0.005354378 -0.018242292 0.004369151 -0.092041999 0.061984487 -0.019819053 0.993626416
1769781910004524544.000000 -0.005327618 -0.018328683 0.004289919 -0.091363229 0.061031651 -0.019770630 0.993748963
1769781910104524032.000000 -0.004952411 -0.017855329 0.004077205 -0.086836711 0.056950081 -0.020166913 0.994388938
1769781910171191296.000000 -0.004653694 -0.017540013 0.003812293 -0.083393589 0.054059934 -0.021900987 0.994808257
1769781910204525056.000000 -0.004643407 -0.017307559 0.003826806 -0.080956772 0.052702464 -0.021881877 0.995082736
1769781910304524544.000000 -0.004454332 -0.017298643 0.003829346 -0.074044704 0.048138373 -0.024375623 0.995794117
1769781910371191552.000000 -0.004058108 -0.016867530 0.003861661 -0.067832932 0.043776359 -0.026360692 0.996387243
1769781910404524032.000000 -0.004058152 -0.016754530 0.003793002 -0.064736754 0.041967120 -0.027131855 0.996650279
1769781910437857536.000000 -0.004158672 -0.016467616 0.004219424 -0.060134113 0.040902104 -0.026591357 0.996997416
1769781912571190528.000000 -0.000373708 -0.012986021 0.004475044 -0.052065849 0.002187561 -0.019471148 0.998451471
1769781912837856256.000000 -0.000692705 -0.014181199 0.004537425 -0.061141226 0.005449740 -0.019327218 0.997927129
1769781912871190784.000000 -0.000808611 -0.014398096 0.004525352 -0.062317159 0.005758261 -0.019417241 0.997850895
1769781913404522752.000000 -0.001489848 -0.015580785 0.004520750 -0.072012208 0.013446194 -0.020084055 0.997110903
1769781913471189760.000000 -0.001631950 -0.015573551 0.004590530 -0.072270185 0.014354913 -0.020306496 0.997075021
1769781913771188992.000000 -0.001945832 -0.015584473 0.004562854 -0.072683707 0.017655278 -0.021935187 0.996957481
1769781914471189248.000000 -0.002269940 -0.015273225 0.004731337 -0.069757365 0.020524036 -0.024439178 0.997053385
1769781914904541696.000000 -0.002370385 -0.015288959 0.004659940 -0.070154630 0.020616304 -0.024680391 0.997017682
1769781915071209216.000000 -0.002303471 -0.015277788 0.004686386 -0.070237286 0.020451475 -0.024999417 0.997007310
1769781915604541440.000000 -0.002342458 -0.015286122 0.004702078 -0.070072100 0.020614602 -0.024639690 0.997024477
1769781915871208960.000000 -0.002328769 -0.015274614 0.004720218 -0.069888607 0.020593140 -0.024492431 0.997041464
