1769789487.216623 0.0000000 0.0000000 0.0000000 -0.0000000 -0.0000000 -0.0000000 1.0000000
1769789488.516617 -0.0016661 0.0016380 -0.0023884 0.0003881 -0.0001144 0.0011283 0.9999993
1769789488.583292 -0.0005563 0.0014804 -0.0001786 0.0003596 -0.0002941 0.0013167 0.9999990
1769789488.749970 -0.0017522 0.0004568 -0.0005249 0.0002638 -0.0002373 0.0014163 0.9999989
1769789488.883282 -0.0027806 -0.0004032 -0.0030660 0.0001823 -0.0000343 0.0018286 0.9999983
1769789489.083286 -0.0038599 -0.0035682 -0.0061720 -0.0003725 -0.0000480 0.0024773 0.9999969
1769789489.516621 -0.0082321 -0.0041717 -0.0127412 -0.0012745 0.0001052 0.0017243 0.9999977
1769789489.816617 0.0001514 -0.0022041 0.0032380 0.0003934 -0.0014130 0.0004239 0.9999989
1769789490.749954 0.0081710 -0.0009059 0.0329940 0.0040873 0.0008153 0.0011546 0.9999906
1769789491.249962 0.0135945 -0.0011626 0.0381020 0.0056004 0.0038924 0.0001715 0.9999768
1769789491.616618 0.0183991 0.0036504 0.0551753 0.0072045 0.0079554 -0.0002700 0.9999424
1769789492.049950 0.0237837 0.0024724 0.0712350 0.0068202 0.0147425 -0.0010094 0.9998676
1769789492.349948 -0.0051746 -0.0569273 0.1195753 -0.0187467 0.0308541 -0.0170021 0.9992034
1769789492.549964 -0.0200716 -0.0789173 0.1336126 -0.0282948 0.0416359 -0.0170803 0.9985861
1769789492.683323 -0.0334669 -0.0987473 0.1443537 -0.0367280 0.0499372 -0.0173251 0.9979265
1769789492.783303 -0.0450894 -0.1040161 0.1465604 -0.0400057 0.0557016 -0.0206435 0.9974321
1769789492.883285 -0.0559496 -0.1201361 0.1549219 -0.0471587 0.0618317 -0.0233489 0.9966984
1769789492.983284 -0.0648795 -0.1279022 0.1616141 -0.0522602 0.0676083 -0.0270696 0.9959745
1769789493.083295 -0.0617691 -0.1239327 0.1701843 -0.0545151 0.0696130 -0.0302350 0.9956244
1769789493.249963 -0.0592986 -0.1107263 0.1795640 -0.0574683 0.0734183 -0.0357156 0.9950033
1769789493.416635 -0.0459834 -0.0852423 0.1903088 -0.0580636 0.0757011 -0.0410462 0.9945920
1769789493.583305 -0.0348494 -0.0673818 0.2020127 -0.0601517 0.0783898 -0.0444451 0.9941134
1769789493.783306 -0.0221586 -0.0416750 0.2153001 -0.0619800 0.0816962 -0.0491215 0.9935146
1769789493.983308 -0.0112979 -0.0191646 0.2232205 -0.0645312 0.0850090 -0.0533344 0.9928568
1769789494.183299 -0.0008215 0.0046888 0.2304284 -0.0672367 0.0850767 -0.0583065 0.9923918
1769789494.283298 0.0039559 0.0151180 0.2324923 -0.0679873 0.0854323 -0.0596603 0.9922296
1769789494.449967 0.0109795 0.0331397 0.2370422 -0.0691832 0.0853122 -0.0631003 0.9919445
1769789494.649963 0.0161188 0.0535405 0.2390254 -0.0704001 0.0852212 -0.0679991 0.9915429
1769789494.916639 0.0172683 0.0714170 0.2399554 -0.0707610 0.0853040 -0.0715528 0.9912599
1769789495.383297 0.0002636 0.0762358 0.2327772 -0.0696280 0.0818570 -0.0736043 0.9914806
1769789495.616636 -0.0158444 0.0607116 0.2240372 -0.0674785 0.0801433 -0.0716061 0.9919155
1769789495.783307 -0.0349607 0.0394952 0.2141600 -0.0658955 0.0800739 -0.0678699 0.9922901
1769789495.916639 -0.0515085 0.0188659 0.2014854 -0.0636849 0.0785861 -0.0639721 0.9928122
1769789496.016626 -0.0541726 0.0118223 0.1908515 -0.0603764 0.0764275 -0.0622053 0.9932996
1769789496.183305 -0.0755933 -0.0261755 0.1673590 -0.0559748 0.0735469 -0.0532146 0.9942967
1769789496.316629 -0.0750491 -0.0595289 0.1561079 -0.0522305 0.0683658 -0.0497611 0.9950487
1769789496.449965 -0.0784958 -0.0622185 0.1327146 -0.0397801 0.0628702 -0.0473491 0.9961039
1769789496.583312 -0.0787367 -0.0660068 0.1277552 -0.0272540 0.0569124 -0.0479240 0.9968558
1769789496.716635 -0.0844881 -0.0703914 0.1078951 -0.0133802 0.0470684 -0.0508551 0.9975066
1769789496.816630 -0.0858580 -0.0714765 0.1095552 -0.0042312 0.0370337 -0.0522023 0.9979407
1769789497.016637 -0.0865015 -0.0654094 0.1016847 0.0170907 0.0107109 -0.0564767 0.9982002
1769789497.316631 -0.1019898 -0.0907278 0.0928374 0.0210568 -0.0107921 -0.0500655 0.9984656
1769789497.416643 -0.1038416 -0.0709914 0.0857407 0.0223511 -0.0063053 -0.0500966 0.9984744
1769789497.583296 -0.0720283 -0.0627163 0.0682868 -0.0211807 -0.0106655 -0.0336883 0.9991511
1769789497.749961 -0.0393047 -0.0057270 -0.0010875 -0.0164171 -0.0193044 -0.0081659 0.9996455
1769789497.849962 -0.0451521 -0.0249317 -0.0170501 -0.0283254 -0.0194432 -0.0030580 0.9994050
1769789498.016631 -0.0841491 -0.0606804 -0.0094290 -0.0419000 -0.0136679 -0.0051763 0.9990149
1769789498.216624 -0.0924624 -0.0698761 -0.0046517 -0.0413586 -0.0113249 -0.0065585 0.9990587
1769789498.550005 -0.0973146 -0.0776464 0.0142726 -0.0173204 -0.0094368 -0.0070646 0.9997805
1769789498.883312 -0.1014070 -0.0791447 0.0168389 0.0096010 -0.0084583 -0.0054744 0.9999032
1769789499.183300 -0.1043903 -0.0782261 0.0097939 0.0203575 -0.0093298 -0.0055147 0.9997340
1769789499.749957 -0.1107392 -0.0634198 0.0056717 0.0296714 -0.0130452 -0.0040022 0.9994666
1769789500.149968 -0.1079375 -0.0472533 0.0252457 0.0256407 -0.0156766 -0.0043080 0.9995390
1769789500.583298 -0.1135439 -0.0400622 0.0155866 0.0133891 -0.0175434 -0.0014883 0.9997553
1769789500.849967 -0.1088907 -0.0244604 0.0311824 0.0063689 -0.0187634 -0.0010663 0.9998031
1769789501.116651 -0.1139564 0.0741390 0.0243964 0.0086896 -0.0184036 -0.0018258 0.9997912
1769789501.283288 -0.1145761 0.1362400 0.0248086 0.0106159 -0.0184219 -0.0161042 0.9996442
1769789501.449995 -0.1256425 0.1960988 0.0221642 0.0125802 -0.0179161 -0.0771866 0.9967763
1769789501.649984 -0.1326051 0.2643769 0.0408970 0.0145752 -0.0177316 -0.1454563 0.9890984
1769789502.016644 -0.1369859 0.3760556 0.0389058 0.0196384 -0.0160576 -0.2473353 0.9685978
1769789502.183310 -0.1300300 0.4183706 0.0261514 0.0222281 -0.0142695 -0.2797624 0.9597059
1769789502.316648 -0.1215143 0.4452197 0.0248859 0.0240922 -0.0128607 -0.3010196 0.9532268
1769789502.549986 -0.0961795 0.4741173 0.0406803 0.0248808 -0.0119434 -0.3275396 0.9444343
1769789502.816642 -0.0618319 0.4860451 0.0296286 0.0258369 -0.0128324 -0.3408696 0.9396679
1769789503.083309 -0.0149683 0.4661231 0.0428958 0.0249521 -0.0143574 -0.3368312 0.9411249
1769789503.383320 0.0504565 0.4178517 0.0371859 0.0237828 -0.0154362 -0.3057951 0.9516751
1769789503.483315 0.0764221 0.3929536 0.0464282 0.0232251 -0.0164588 -0.2874592 0.9573698
1769789503.549978 0.0941688 0.3756760 0.0420277 0.0230072 -0.0168461 -0.2712842 0.9620768
1769789503.649992 0.1254083 0.3465806 0.0349510 0.0227614 -0.0176996 -0.2418975 0.9698734
1769789503.749977 0.1624591 0.3142514 0.0366110 0.0220373 -0.0205564 -0.2067481 0.9779300
1769789503.816639 0.1809753 0.2924377 0.0464605 0.0210949 -0.0204130 -0.1892644 0.9814873
1769789503.916651 0.2229704 0.2569702 0.0408901 0.0200453 -0.0240074 -0.1619096 0.9863099
1769789503.983308 0.2315689 0.2361765 0.0450648 0.0217341 -0.0202617 -0.1531418 0.9877574
1769789504.016646 0.2380670 0.2297923 0.0503320 0.0244092 -0.0192065 -0.1502601 0.9881585
1769789504.049977 0.2450272 0.2198558 0.0466707 0.0263804 -0.0179233 -0.1496056 0.9882312
1769789504.216650 0.2484842 0.2077378 0.0315116 0.0444156 -0.0061071 -0.1493391 0.9877691
1769789504.316652 0.2390264 0.2227585 0.0166090 0.0621411 0.0090569 -0.1545223 0.9859916
1769789504.349981 0.2360966 0.2259267 0.0249460 0.0679409 0.0147415 -0.1540982 0.9856067
1769789504.516637 0.2502663 0.2113532 -0.0134160 0.0860420 0.0296703 -0.1513779 0.9842770
1769789504.616643 0.2607932 0.2010183 -0.0245644 0.0932440 0.0422826 -0.1503310 0.9833201
1769789504.816638 0.2731858 0.1910365 -0.0120650 0.1031646 0.0766348 -0.1486442 0.9805045
1769789505.116643 0.2757813 0.1743898 0.0283409 0.0979447 0.1198448 -0.1605515 0.9748166
1769789505.183313 0.3168074 0.1572206 -0.0037314 0.0833951 0.1071986 -0.1510049 0.9791585
1769789505.249983 0.3334616 0.1493488 -0.0056724 0.0562653 0.0977796 -0.1383084 0.9839432
1769789505.383314 0.3725217 0.1763306 0.0121762 0.0310415 0.0760351 -0.1185431 0.9895467
1769789505.650013 0.4594313 0.0957845 0.0297423 -0.0197424 0.0363441 -0.0845793 0.9955580
1769789505.916638 0.5500002 0.0159041 0.0193925 -0.0363920 0.0085173 -0.0492217 0.9980884
1769789506.216639 0.6412550 -0.0843843 -0.0043218 -0.0311753 -0.0103324 -0.0213656 0.9992322
1769789506.383306 0.6819633 -0.1293207 0.0077363 -0.0203526 -0.0154919 -0.0144649 0.9995682
1769789506.583306 0.7331750 -0.1605115 -0.0068428 -0.0071799 -0.0226403 -0.0071450 0.9996924
1769789506.949972 0.8095859 -0.1634822 -0.0084961 0.0093338 -0.0310338 0.0032992 0.9994693
1769789507.616655 0.8895966 -0.0384478 0.0047854 0.0313840 -0.0371827 0.0073183 0.9987888
1769789507.883305 0.9173994 0.0691795 0.0156757 0.0425165 -0.0385239 0.0079593 0.9983211
1769789508.149976 0.9266214 0.1751104 0.0251811 0.0500127 -0.0392648 0.0043635 0.9979669
1769789508.449970 0.9518812 0.3090686 -0.0036913 0.0578070 -0.0424043 -0.0049251 0.9974147
1769789508.716640 0.9612791 0.3444771 0.0071173 0.0540100 -0.0443244 0.0006928 0.9975560
1769789509.016634 0.9520698 0.3665710 0.0055692 0.0439651 -0.0439174 0.0021408 0.9980650
1769789509.249978 1.0347915 0.4976391 0.0942461 0.0627778 -0.0593518 0.0067710 0.9962382
1769789509.416646 1.0323092 0.5139082 0.1038867 0.0593615 -0.0604009 0.0044520 0.9963976
1769789509.683312 1.0300434 0.5365919 0.0836952 0.0569292 -0.0645152 0.0179875 0.9961292
1769789509.949965 1.0065843 0.5690410 0.0530633 0.0551457 -0.0656662 0.0101088 0.9962654
1769789510.116633 0.9841353 0.5791609 0.0345338 0.0519136 -0.0639032 0.0047287 0.9965937
1769789510.383312 0.9539390 0.5882589 0.0140742 0.0481152 -0.0638375 -0.0014401 0.9967987
1769789510.683303 0.9083745 0.5853427 -0.0112029 0.0462963 -0.0617806 -0.0076107 0.9969864
1769789510.849985 0.8790557 0.5678170 -0.0389425 0.0431880 -0.0597273 -0.0101423 0.9972284
1769789510.983319 0.8455465 0.5505195 -0.0522579 0.0413386 -0.0554309 -0.0125280 0.9975278
1769789511.083313 0.8276321 0.5310327 -0.0552071 0.0394841 -0.0549636 -0.0126951 0.9976266
1769789511.183319 0.8117563 0.5113548 -0.0699423 0.0383099 -0.0553601 -0.0119364 0.9976599
1769789511.249967 0.8007159 0.4991831 -0.0777829 0.0375620 -0.0550325 -0.0114430 0.9977122
1769789511.383314 0.7627780 0.4716222 -0.0746948 0.0351610 -0.0511500 -0.0166228 0.9979334
1769789511.449965 0.7503344 0.4620920 -0.0902339 0.0362876 -0.0511742 -0.0154259 0.9979111
1769789511.516633 0.7377205 0.4504624 -0.1073735 0.0373072 -0.0509818 -0.0127086 0.9979216
1769789511.549964 0.7317364 0.4474092 -0.1110057 0.0387877 -0.0510201 -0.0119961 0.9978721
1769789511.683296 0.7176751 0.4184384 -0.1480841 0.0409350 -0.0530624 -0.0054732 0.9977368
1769789511.749962 0.7083396 0.4063914 -0.1657894 0.0435976 -0.0539528 -0.0023416 0.9975885
1769789511.783309 0.7072426 0.4060954 -0.1684651 0.0464103 -0.0552028 -0.0005037 0.9973959
1769789511.816630 0.7064463 0.3972693 -0.1722843 0.0470247 -0.0564205 0.0001260 0.9972991
1769789511.849963 0.6938847 0.3951254 -0.1803965 0.0495622 -0.0559927 0.0002946 0.9972003
1769789511.983299 0.3977891 0.2532487 -0.1493648 0.0358068 -0.0113172 -0.0100755 0.9992439
1769789512.049971 0.3850926 0.2409412 -0.1607096 0.0425410 -0.0125361 -0.0075018 0.9989879
1769789512.083305 0.3858288 0.2367186 -0.1608292 0.0461781 -0.0143835 -0.0052043 0.9988161
1769789512.116635 0.3861595 0.2362520 -0.1637420 0.0506338 -0.0168955 -0.0039258 0.9985667
1769789512.283358 0.3676820 0.2218285 -0.1614918 0.0628719 -0.0202268 -0.0160834 0.9976870
1769789512.383310 0.3715839 0.2229616 -0.1764103 0.0775999 -0.0262953 -0.0084606 0.9966019
1769789512.449974 0.3675967 0.2243497 -0.1844634 0.0865398 -0.0303728 -0.0070103 0.9957606
1769789512.549968 0.3554744 0.2092976 -0.1640736 0.0912148 -0.0385024 -0.0137746 0.9949913
1769789512.616632 0.3499595 0.2126371 -0.1665786 0.1030977 -0.0461152 -0.0116191 0.9935337
1769789512.683305 0.3470521 0.2381279 -0.1679672 0.1198573 -0.0551685 -0.0115860 0.9911894
1769789512.816639 0.3691610 0.1991465 -0.1831166 0.1201981 -0.0852849 -0.0084611 0.9890437
1769789512.849983 0.3669332 0.2066843 -0.1813529 0.1257724 -0.0906394 -0.0095794 0.9878634
1769789512.983309 0.3560098 0.2180826 -0.1865936 0.1370459 -0.1070399 -0.0066976 0.9847416
1769789513.116646 0.3421897 0.1777637 -0.1896658 0.1219174 -0.1134797 -0.0069646 0.9860071
1769789513.149964 0.3393661 0.1783503 -0.1888902 0.1175520 -0.1131447 -0.0020644 0.9865980
1769789513.183302 0.3500840 0.1914330 -0.1780790 0.1095067 -0.1154243 0.0051689 0.9872481
1769789513.216634 0.3547384 0.1957274 -0.1602598 0.0974597 -0.1153677 0.0089190 0.9884899
1769789513.249967 0.3541719 0.1979506 -0.1457883 0.0853982 -0.1133962 0.0074338 0.9898450
1769789513.349967 0.3462749 0.1808444 -0.1531857 0.0568547 -0.1052214 0.0142188 0.9927204
1769789513.816636 0.3243349 0.1593756 -0.1355292 0.0105613 -0.0856955 0.0091295 0.9962236
1769789514.483299 0.3110745 0.1347576 -0.1490628 0.0461830 -0.0735196 0.0045892 0.9962133
1769789515.516628 0.2930407 0.1666506 -0.1408582 0.0613181 -0.0720593 0.0049882 0.9955012
1769789515.849968 0.2895605 0.1791111 -0.1246793 0.0549550 -0.0737912 0.0054498 0.9957435
1769789516.183307 0.2746968 0.1844631 -0.2005931 0.0439052 -0.0726012 0.0080832 0.9963614
1769789516.416688 0.2731183 0.2003636 -0.1943395 0.0375648 -0.0736867 0.0070225 0.9965490
1769789516.583296 0.2665047 0.2023908 -0.2003274 0.0318599 -0.0729833 0.0062235 0.9968047
1769789516.616626 0.2677735 0.2113368 -0.2053069 0.0315976 -0.0731132 0.0063865 0.9968025
1769789516.816634 0.2680489 0.2920634 -0.1854263 0.0344371 -0.0733932 0.0063167 0.9966883
1769789517.149961 0.2438903 0.4069204 -0.1622098 0.0435432 -0.0703079 -0.1045469 0.9910756
1769789517.549957 0.2392508 0.5301572 -0.1669204 0.0538162 -0.0651100 -0.2207147 0.9716735
1769789517.949970 0.2570272 0.6185995 -0.1353519 0.0621264 -0.0583434 -0.2961126 0.9513431
1769789518.283308 0.2972062 0.6503030 -0.1305668 0.0648020 -0.0578673 -0.3230104 0.9423993
1769789518.549984 0.3403333 0.6493441 -0.1358840 0.0659188 -0.0590192 -0.3272245 0.9407952
1769789518.816623 0.3967996 0.6171607 -0.1194288 0.0643131 -0.0631947 -0.3101976 0.9463867
1769789518.983343 0.4433450 0.5846345 -0.1358785 0.0617851 -0.0664685 -0.2855009 0.9540722
1769789519.116624 0.4741230 0.5378869 -0.1567038 0.0539412 -0.0657997 -0.2643654 0.9606621
1769789519.283296 0.5553617 0.4973671 -0.0786615 0.0534009 -0.0863252 -0.1905221 0.9764208
1769789519.349957 0.5675901 0.4736503 -0.0750106 0.0497187 -0.0841340 -0.1759117 0.9795431
1769789519.416640 0.5832579 0.4515169 -0.0760702 0.0475412 -0.0833938 -0.1612894 0.9822276
1769789519.449969 0.5893454 0.4408752 -0.0724132 0.0467319 -0.0817391 -0.1539715 0.9835790
1769789519.583295 0.6030242 0.3907924 -0.0730570 0.0442675 -0.0739634 -0.1404464 0.9863288
1769789519.649958 0.6127279 0.3859830 -0.0732329 0.0534915 -0.0687559 -0.1351794 0.9869843
1769789519.716631 0.6232706 0.3803389 -0.0720154 0.0634555 -0.0635666 -0.1331767 0.9870140
1769789519.883304 0.5785905 0.3449767 -0.0508805 0.0839969 -0.0358941 -0.1321636 0.9870101
1769789520.016629 0.5710095 0.3130425 -0.0480843 0.0991691 -0.0144819 -0.1321855 0.9861454
1769789520.149960 0.5272065 0.3368531 0.0669864 0.1271036 0.0200637 -0.1261414 0.9836313
1769789520.249965 0.5625601 0.3317481 0.0464519 0.1351280 0.0254201 -0.1179762 0.9834510
1769789520.449955 0.5996982 0.3209924 0.0151965 0.1424337 0.0506002 -0.1113125 0.9822229
1769789520.716627 0.6259446 0.3008359 -0.0133194 0.1362799 0.0758058 -0.1148432 0.9810669
1769789520.783290 0.6462369 0.3088004 -0.0144924 0.1199952 0.0681597 -0.1037871 0.9849790
1769789522.216629 1.0704788 -0.0457181 -0.0925953 0.0180171 -0.0774760 0.0232030 0.9965613
1769789522.416625 1.1036481 -0.0513760 -0.0896812 0.0265821 -0.0806080 0.0284862 0.9959841
1769789523.016631 1.1649561 0.0277542 -0.0620188 0.0472792 -0.0849656 0.0334227 0.9947002
1769789523.283301 1.1805286 0.0902180 -0.0481879 0.0536364 -0.0856529 0.0335244 0.9943153
1769789523.449960 1.1861731 0.1322509 -0.0420160 0.0560927 -0.0863175 0.0313324 0.9941937
1769789523.683292 1.1945968 0.2071357 -0.0334345 0.0615950 -0.0869521 0.0323150 0.9937812
1769789523.983296 1.1778424 0.3261432 -0.0036677 0.0704876 -0.0838564 0.0287174 0.9935668
1769789524.516625 1.1511621 0.4091836 -0.0295411 0.0619755 -0.0811615 0.0314271 0.9942757
1769789524.816627 1.1213309 0.4455248 -0.0265263 0.0574071 -0.0785100 0.0347541 0.9946521
1769789525.116621 1.1090878 0.4866986 -0.0181605 0.0538599 -0.0800106 0.0337640 0.9947650
1769789525.349951 1.0750260 0.5240045 -0.0165771 0.0523622 -0.0767518 0.0257539 0.9953412
1769789525.649972 0.9984470 0.5739345 0.0144651 0.0546763 -0.0662041 0.0165952 0.9961687
1769789525.949977 0.9593486 0.5860928 -0.0027185 0.0497035 -0.0644431 0.0056145 0.9966670
1769789526.249982 0.9144322 0.5795413 -0.0343498 0.0462661 -0.0618282 -0.0010923 0.9970133
1769789526.449974 0.8789309 0.5665441 -0.0557871 0.0455077 -0.0589148 -0.0026028 0.9972218
1769789526.683304 0.8997771 0.5358805 -0.0930013 0.0477341 -0.0710401 0.0114062 0.9962654
1769789526.783315 0.8861907 0.5191414 -0.1035075 0.0470662 -0.0710091 0.0109982 0.9963039
1769789526.849979 0.8766046 0.5064153 -0.1117650 0.0464690 -0.0710635 0.0106139 0.9963323
1769789527.016638 0.8558726 0.4670520 -0.1414078 0.0458997 -0.0721727 0.0123741 0.9962586
1769789527.049970 0.8512262 0.4587162 -0.1455143 0.0448712 -0.0716150 0.0118027 0.9963527
1769789527.183313 0.8367606 0.4205361 -0.1763621 0.0429887 -0.0729481 0.0143407 0.9963056
1769789527.283310 0.8333010 0.4051953 -0.2089502 0.0462595 -0.0759192 0.0188329 0.9958623
1769789527.416646 0.8299921 0.3848504 -0.2262115 0.0517203 -0.0791393 0.0255502 0.9951931
1769789527.516635 0.8117235 0.3798160 -0.2431578 0.0600001 -0.0787418 0.0238988 0.9948007
1769789527.583316 0.8075014 0.3733302 -0.2419968 0.0658551 -0.0799027 0.0210234 0.9944027
1769789527.649969 0.8009438 0.3671916 -0.2369839 0.0730395 -0.0805542 0.0225064 0.9938157
1769789527.716640 0.8002844 0.3703981 -0.2325289 0.0816564 -0.0833029 0.0225005 0.9929183
1769789527.749968 0.7989756 0.3665389 -0.2350780 0.0844567 -0.0844637 0.0214370 0.9926094
1769789527.849979 0.7904580 0.3613311 -0.2429516 0.0938710 -0.0864418 0.0179177 0.9916627
1769789527.949987 0.7842088 0.3577143 -0.2342941 0.1052907 -0.0895370 0.0167634 0.9902606
1769789528.016660 0.7805737 0.3570988 -0.2415877 0.1138489 -0.0922101 0.0161859 0.9890772
1769789528.116639 0.7739709 0.3465464 -0.2331365 0.1216196 -0.1011809 0.0168512 0.9872625
1769789528.216640 0.7645601 0.3619392 -0.2380445 0.1397502 -0.1106098 0.0084096 0.9839536
1769789528.316649 0.7485076 0.3599145 -0.2343720 0.1517629 -0.1215068 0.0023656 0.9809172
1769789528.449979 0.7366467 0.3692464 -0.2478314 0.1681963 -0.1400434 -0.0016483 0.9757537
1769789528.583303 0.7257868 0.3746902 -0.2604651 0.1751620 -0.1549099 -0.0050412 0.9722633
1769789528.749971 0.7082648 0.3423763 -0.2781983 0.1512493 -0.1570875 0.0045530 0.9759234
1769789528.816636 0.7163433 0.3466384 -0.2672744 0.1267243 -0.1581194 0.0038007 0.9792470
1769789528.849970 0.7265406 0.3430256 -0.2578337 0.1149465 -0.1596474 0.0054214 0.9804441
1769789528.949968 0.7237478 0.3332120 -0.2556964 0.0891690 -0.1541726 0.0031184 0.9840071
1769789529.116647 0.7907786 0.3783741 -0.2522919 0.0827392 -0.1698596 0.0222847 0.9817359
1769789529.383303 0.7027900 0.2358605 -0.2581539 0.0232340 -0.1361724 0.0119705 0.9903404
1769789529.616636 0.6953428 0.2227650 -0.2489892 0.0281886 -0.1304182 0.0122084 0.9909831
1769789529.916640 0.6959332 0.2188002 -0.2344290 0.0505829 -0.1243475 0.0157412 0.9908236
1769789530.216645 0.6936789 0.2245037 -0.2228767 0.0645972 -0.1216061 0.0168673 0.9903306
1769789530.483315 0.6911076 0.2251381 -0.2283017 0.0712794 -0.1205275 0.0195485 0.9899547
1769789530.816637 0.6879510 0.2307258 -0.2286970 0.0745481 -0.1214988 0.0196198 0.9895937
1769789531.116643 0.6865596 0.2315962 -0.2359009 0.0701178 -0.1224472 0.0213082 0.9897657
1769789531.283305 0.6865128 0.2391059 -0.2284699 0.0689893 -0.1231327 0.0195534 0.9897962
1769789531.450007 0.6844769 0.2362573 -0.2373967 0.0636703 -0.1238955 0.0200641 0.9900472
1769789531.583318 0.6867508 0.2416609 -0.2369742 0.0602106 -0.1255583 0.0207509 0.9900400
1769789531.716634 0.6795554 0.2425671 -0.2414946 0.0553928 -0.1244569 0.0195824 0.9904841
1769789531.849976 0.6765788 0.2579765 -0.2395095 0.0539215 -0.1246998 0.0190555 0.9905450
1769789531.983312 0.6767687 0.2655854 -0.2454094 0.0497934 -0.1254175 0.0198481 0.9906549
1769789532.183320 0.6656176 0.2711739 -0.2855596 0.0414659 -0.1224920 0.0211336 0.9913777
1769789532.449972 0.6427075 0.4078244 -0.3716358 0.0633036 -0.1120661 -0.0157183 0.9915578
1769789532.716634 0.6199370 0.5010918 -0.3302967 0.0735753 -0.1068922 -0.1111427 0.9852959
1769789532.983304 0.6165826 0.5936366 -0.3194461 0.0866147 -0.1038044 -0.1909738 0.9722405
1769789533.249975 0.6215440 0.6689757 -0.3212512 0.0958585 -0.0955303 -0.2561492 0.9571169
1769789533.549998 0.5494751 0.7079437 -0.2823863 0.0965375 -0.0802953 -0.3038850 0.9443977
1769789533.683329 0.4796383 0.7152493 -0.2545117 0.0942766 -0.0682344 -0.3219657 0.9395713
1769789533.849998 0.3846987 0.7256891 -0.2288648 0.0918054 -0.0547180 -0.3355241 0.9359494
1769789533.983358 0.3224770 0.7180617 -0.2137928 0.0873673 -0.0462565 -0.3415059 0.9346662
1769789534.149997 0.2731672 0.7072604 -0.1982948 0.0833881 -0.0357120 -0.3443120 0.9344625
1769789534.416673 0.2984448 0.6730053 -0.1996104 0.0808486 -0.0341840 -0.3291917 0.9401743
1769789534.583334 0.3240535 0.6358753 -0.2066209 0.0747890 -0.0281437 -0.3042270 0.9492421
1769789534.716676 0.4096684 0.6086054 -0.2109549 0.0795575 -0.0440785 -0.2753413 0.9570344
1769789534.816673 0.4612009 0.5739066 -0.2224925 0.0769375 -0.0514145 -0.2463760 0.9647466
1769789535.016668 0.5849758 0.4999688 -0.2348180 0.0724361 -0.0699193 -0.1805517 0.9783994
1769789535.149995 0.6747378 0.4643327 -0.2206881 0.0756647 -0.0823565 -0.1480941 0.9826294
1769789535.283330 0.7277688 0.4420792 -0.1880091 0.0855167 -0.0834243 -0.1360213 0.9834762
1769789535.316661 0.7440720 0.4320250 -0.1812961 0.0883109 -0.0834161 -0.1348505 0.9833912
1769789535.349994 0.7605821 0.4229585 -0.1631781 0.0910475 -0.0833320 -0.1319834 0.9835377
1769789535.383336 0.7761765 0.4239361 -0.1546189 0.0966744 -0.0827211 -0.1279075 0.9835909
1769789535.416667 0.7899023 0.4132338 -0.1432572 0.0998026 -0.0814984 -0.1303788 0.9830559
1769789535.583340 0.7871749 0.3996810 -0.1543264 0.1160124 -0.0639077 -0.1238861 0.9834171
1769789535.616670 0.8194798 0.3996856 -0.1407341 0.1202014 -0.0646103 -0.1218701 0.9831200
1769789535.650002 0.8120183 0.3880860 -0.1274627 0.1238545 -0.0593709 -0.1233489 0.9828124
1769789535.683331 0.8023162 0.3725387 -0.1071763 0.1256000 -0.0533032 -0.1249241 0.9827397
1769789535.750012 0.7980803 0.3584948 -0.0687282 0.1324238 -0.0416890 -0.1218135 0.9827958
1769789535.816671 0.8007315 0.3344628 -0.0708860 0.1339318 -0.0312167 -0.1203611 0.9831587
1769789535.883351 0.8020882 0.3206507 -0.0447908 0.1379658 -0.0194497 -0.1169434 0.9833165
1769789535.983328 0.7772113 0.2660346 -0.0307373 0.1348261 0.0024846 -0.1099882 0.9847428
1769789536.116667 0.8023236 0.2366943 -0.0578052 0.1356772 0.0199083 -0.1000329 0.9854891
1769789536.216667 0.8175532 0.2122453 -0.0562607 0.1301346 0.0322159 -0.0989343 0.9860219
1769789536.383326 0.8595152 0.2113914 -0.0655311 0.1074612 0.0282936 -0.0973892 0.9890232
1769789536.483333 0.8709075 0.1795557 -0.0793759 0.0636695 0.0104645 -0.0880876 0.9940208
1769789536.616662 0.8911352 0.1407596 -0.0910708 0.0314873 -0.0142631 -0.0629924 0.9974152
1769789536.816665 0.9281668 0.0967257 -0.1188731 -0.0011744 -0.0410498 -0.0318981 0.9986471
1769789536.983327 0.9700903 0.0649958 -0.1139512 -0.0137560 -0.0569866 -0.0110434 0.9982191
1769789537.149991 1.0204757 0.0322156 -0.1156533 -0.0165107 -0.0704105 0.0070085 0.9973568
1769789537.250002 1.0463610 0.0168638 -0.1091840 -0.0145414 -0.0763406 0.0149067 0.9968643
1769789537.349998 1.0603836 0.0069722 -0.1075703 -0.0093028 -0.0787294 0.0208994 0.9966335
1769789537.616667 1.0632522 -0.0045668 -0.1216001 0.0117452 -0.0768666 0.0206106 0.9967592
1769789537.883327 1.1018211 -0.0212888 -0.1205579 0.0262234 -0.0804565 0.0263731 0.9960641
1769789538.149995 1.1264644 -0.0130231 -0.0918162 0.0356764 -0.0833786 0.0295721 0.9954399
1769789538.449991 1.1673419 0.0214824 -0.1050728 0.0450831 -0.0860137 0.0309110 0.9947933
1769789538.816665 1.1815491 0.0859439 -0.0756081 0.0535189 -0.0856397 0.0315393 0.9943877
1769789539.116668 1.1819825 0.1140911 -0.0821874 0.0505328 -0.0843260 0.0339773 0.9945759
1769789539.383331 1.1790687 0.2079419 -0.0721008 0.0578099 -0.0831765 0.0343314 0.9942641
1769789539.550003 1.1725689 0.2688368 -0.0622439 0.0612297 -0.0820762 0.0314597 0.9942458
1769789539.683323 1.1714381 0.3176626 -0.0541167 0.0636813 -0.0822299 0.0330654 0.9940270
1769789539.816679 1.1617253 0.3707798 -0.0456122 0.0674196 -0.0810313 0.0326511 0.9938926
1769789539.949998 1.1542032 0.3878585 -0.0565028 0.0650558 -0.0800332 0.0322444 0.9941443
1769789540.083334 1.1488234 0.4064561 -0.0556323 0.0622064 -0.0798595 0.0317706 0.9943559
1769789540.216665 1.1472123 0.4213614 -0.0502522 0.0595928 -0.0805886 0.0327654 0.9944248
1769789540.383348 1.1406101 0.4388030 -0.0532792 0.0560163 -0.0809805 0.0328555 0.9945979
1769789540.516680 1.1360314 0.4499203 -0.0590036 0.0534089 -0.0817764 0.0353575 0.9945903
1769789540.616675 1.1305778 0.4614640 -0.0613012 0.0521624 -0.0824825 0.0359886 0.9945756
1769789540.716679 1.1265124 0.4695381 -0.0652525 0.0498656 -0.0830943 0.0356091 0.9946561
1769789540.850012 1.1167370 0.4924585 -0.0696912 0.0501144 -0.0831545 0.0339504 0.9946966
1769789540.916685 1.1099175 0.5037171 -0.0708423 0.0500381 -0.0830091 0.0335592 0.9947258
1769789540.983345 1.1024722 0.5150467 -0.0719768 0.0501362 -0.0825917 0.0323493 0.9947957
1769789541.050010 1.0947255 0.5243759 -0.0759349 0.0502256 -0.0827209 0.0316917 0.9948016
1769789541.116683 1.0863858 0.5323787 -0.0785390 0.0498514 -0.0822077 0.0308227 0.9948903
1769789541.183344 1.0782887 0.5402946 -0.0832580 0.0495632 -0.0820594 0.0282102 0.9949945
1769789541.250016 1.0689933 0.5439422 -0.0876207 0.0482678 -0.0812164 0.0261696 0.9951831
1769789541.350008 1.0577486 0.5505943 -0.0952159 0.0476171 -0.0809990 0.0238847 0.9952896
1769789541.450024 1.0452907 0.5554714 -0.1021355 0.0468738 -0.0805189 0.0225397 0.9953952
1769789541.516675 1.0366865 0.5581651 -0.1058154 0.0465560 -0.0804397 0.0216907 0.9954354
1769789541.616686 1.0232048 0.5585757 -0.1134437 0.0454160 -0.0802359 0.0200097 0.9955397
1769789541.750022 1.0072948 0.5561978 -0.1133678 0.0450828 -0.0811588 0.0196466 0.9954872
1769789541.916678 0.9843272 0.5487539 -0.1372900 0.0447408 -0.0799089 0.0195391 0.9956059
1769789542.050021 0.9636800 0.5391596 -0.1510679 0.0447506 -0.0787984 0.0196551 0.9956917
1769789542.150010 0.9509231 0.5260835 -0.1565734 0.0440525 -0.0798417 0.0197827 0.9956372
1769789542.283348 0.9296857 0.5039242 -0.1698711 0.0429809 -0.0791159 0.0205409 0.9957266
1769789542.383341 0.9156413 0.4846393 -0.1831814 0.0421886 -0.0792296 0.0220270 0.9957197
1769789542.450017 0.9057090 0.4682431 -0.1924734 0.0409295 -0.0793758 0.0216733 0.9957684
1769789542.550021 0.8901452 0.4415922 -0.2035117 0.0397096 -0.0793577 0.0221696 0.9958082
1769789542.583341 0.8839163 0.4334238 -0.2087017 0.0393603 -0.0787070 0.0220010 0.9958775
1769789542.683351 0.8667234 0.4046872 -0.2216685 0.0382158 -0.0782122 0.0231759 0.9959344
1769789542.850006 0.8320242 0.3515758 -0.2349438 0.0365496 -0.0760051 0.0251445 0.9961200
1769789542.916680 0.8214538 0.3320914 -0.2474178 0.0368367 -0.0759248 0.0249263 0.9961211
1769789542.983340 0.8093421 0.3139969 -0.2611516 0.0375186 -0.0753287 0.0256192 0.9961233
1769789543.116682 0.7768375 0.2690733 -0.2608030 0.0419230 -0.0734840 0.0244511 0.9961149
1769789543.183351 0.7610510 0.2491683 -0.2594222 0.0466909 -0.0730165 0.0234858 0.9959604
1769789543.250014 0.7466756 0.2339129 -0.2568887 0.0521057 -0.0725149 0.0232527 0.9957339
1769789543.316674 0.7352652 0.2150179 -0.2716606 0.0564681 -0.0731328 0.0245381 0.9954200
1769789543.416677 0.7258229 0.1949647 -0.2836082 0.0643006 -0.0762313 0.0254560 0.9946890
1769789543.516680 0.7141809 0.1729472 -0.2931183 0.0732530 -0.0789692 0.0242780 0.9938856
1769789543.683353 0.7042952 0.1339438 -0.3294564 0.0873507 -0.0888831 0.0240358 0.9919133
1769789543.750032 0.6901136 0.1095426 -0.3094741 0.0919017 -0.0939531 0.0225761 0.9910687
1769789543.816684 0.6886814 0.0866376 -0.3192270 0.0968181 -0.1022940 0.0220907 0.9897850
1769789543.850008 0.6855735 0.0835628 -0.3043015 0.1007226 -0.1062963 0.0188988 0.9890394
1769789543.883344 0.6815954 0.0755264 -0.3170542 0.1040354 -0.1106054 0.0188586 0.9882244
1769789543.950016 0.6948733 0.0650221 -0.2935775 0.1107486 -0.1235603 0.0169399 0.9859923
1769789544.016675 0.7083895 0.0328791 -0.3026559 0.1127666 -0.1351585 0.0166043 0.9842460
1769789544.050010 0.7273995 0.0248593 -0.3086580 0.1144491 -0.1424699 0.0165029 0.9830216
1769789544.083342 0.7249125 0.0209425 -0.3057139 0.1157479 -0.1469954 0.0162578 0.9822069
1769789544.116674 0.7235933 0.0234518 -0.3162241 0.1176530 -0.1511004 0.0164640 0.9813539
1769789544.150015 0.7238153 0.0253451 -0.3018799 0.1191840 -0.1557733 0.0167622 0.9804330
1769789544.216683 0.7246079 0.0253538 -0.3074284 0.1188056 -0.1620337 0.0199332 0.9794044
1769789544.283339 0.7213714 0.0277326 -0.3117356 0.1173212 -0.1645663 0.0234377 0.9790834
1769789544.316672 0.7228610 0.0297283 -0.3045895 0.1151143 -0.1647406 0.0257100 0.9792590
1769789544.350011 0.7216512 0.0356372 -0.2902713 0.1048212 -0.1640813 0.0267028 0.9804983
1769789544.383346 0.7211429 0.0400853 -0.2546551 0.0920213 -0.1647728 0.0264776 0.9816725
1769789544.416681 0.7207845 0.0430305 -0.2229954 0.0797167 -0.1642536 0.0239925 0.9828990
1769789544.483342 0.7267191 0.0605075 -0.1526186 0.0634837 -0.1641577 0.0186247 0.9842130
1769789544.583351 0.7148985 0.0268090 -0.1806647 0.0358700 -0.1550403 0.0145740 0.9871492
1769789544.750004 0.6918733 -0.0240304 -0.2212519 0.0035207 -0.1428842 0.0113121 0.9896685
1769789544.883339 0.6733391 -0.0629354 -0.2450047 -0.0115334 -0.1357209 0.0100016 0.9906295
1769789544.983342 0.6836805 -0.0697443 -0.2525500 -0.0121423 -0.1358340 0.0185561 0.9904835
1769789545.116687 0.6734661 -0.0733799 -0.2462225 -0.0118059 -0.1308154 0.0096994 0.9912890
1769789545.816673 0.6675766 -0.0680210 -0.2199393 0.0297852 -0.1186149 0.0109125 0.9924335
1769789547.083344 0.6569225 -0.0402034 -0.2160504 0.0304469 -0.1212467 0.0126170 0.9920751
1769789547.583342 0.6518576 -0.0352612 -0.2298887 0.0140084 -0.1227676 0.0124728 0.9922582
1769789547.850011 0.6465647 0.0685479 -0.2302651 0.0181688 -0.1225741 0.0116127 0.9922251
1769789548.116719 0.6390617 0.1694376 -0.2271462 0.0257155 -0.1217705 -0.0238301 0.9919389
1769789548.383337 0.6246783 0.2641853 -0.2415472 0.0395044 -0.1196242 -0.1168280 0.9851298
1769789548.783360 0.6178255 0.3849368 -0.2360527 0.0558779 -0.1130148 -0.2298152 0.9650339
1769789548.983365 0.6266533 0.4318574 -0.2290797 0.0618553 -0.1103362 -0.2692011 0.9547411
1769789549.150020 0.6388425 0.4610626 -0.2191193 0.0658601 -0.1073875 -0.2938368 0.9475180
1769789549.350011 0.6567711 0.4823786 -0.2063527 0.0682951 -0.1066284 -0.3128691 0.9413177
1769789549.550008 0.6908228 0.4936773 -0.2260070 0.0703338 -0.1067972 -0.3227159 0.9378176
1769789549.716672 0.7147786 0.4884983 -0.2118035 0.0706706 -0.1072838 -0.3243481 0.9371735
1769789549.950010 0.7609113 0.4634760 -0.2111938 0.0679026 -0.1089907 -0.3127202 0.9411250
1769789550.116681 0.7984767 0.4329342 -0.1975548 0.0648348 -0.1111571 -0.2936097 0.9472243
1769789550.283345 0.8402258 0.3889233 -0.1835583 0.0595815 -0.1141060 -0.2631627 0.9561251
1769789550.350010 0.8625435 0.3704322 -0.1858624 0.0574237 -0.1158690 -0.2453980 0.9607584
1769789550.416670 0.8852301 0.3523166 -0.1876905 0.0552613 -0.1169566 -0.2249508 0.9657456
1769789550.483336 0.9128800 0.3336577 -0.1865662 0.0533309 -0.1196858 -0.2021569 0.9705482
1769789550.550006 0.9315125 0.3131615 -0.1952953 0.0515475 -0.1185760 -0.1855064 0.9740996
1769789550.650004 0.9713100 0.2843691 -0.2170782 0.0505490 -0.1186411 -0.1642087 0.9779595
1769789550.783349 1.0098150 0.2525893 -0.2297782 0.0567466 -0.1151469 -0.1473281 0.9807220
1769789550.983353 1.0436541 0.2205151 -0.2468190 0.0828970 -0.0985309 -0.1462807 0.9808271
1769789551.116688 1.0513715 0.2112662 -0.2400980 0.1037867 -0.0803611 -0.1441127 0.9808170
1769789551.283343 1.0620567 0.2118129 -0.2370967 0.1341095 -0.0565734 -0.1388161 0.9795633
1769789551.416677 1.0771151 0.2111876 -0.2521497 0.1530473 -0.0326125 -0.1358556 0.9782925
1769789551.550008 1.1364233 0.1655253 -0.2715644 0.1555679 -0.0209025 -0.1288025 0.9791689
1769789551.683343 1.1788971 0.1087158 -0.2398265 0.1530079 -0.0040736 -0.1236261 0.9804533
1769789551.816681 1.2306395 0.0553913 -0.2008298 0.1468909 0.0054680 -0.1206471 0.9817522
1769789551.916676 1.2603331 0.0260378 -0.2026111 0.1369823 0.0054076 -0.1198844 0.9832773
1769789551.950033 1.2626358 0.0269344 -0.2004862 0.1256071 0.0039722 -0.1190489 0.9849033
1769789552.050003 1.2895170 0.0298555 -0.2156876 0.0888528 -0.0153344 -0.1165662 0.9890816
1769789552.216669 1.3313661 0.0075222 -0.2107906 0.0490253 -0.0463599 -0.0878145 0.9938490
1769789552.383338 1.3578355 -0.0172948 -0.2127023 0.0216406 -0.0678376 -0.0612840 0.9955772
1769789552.616676 1.4164113 -0.0417925 -0.1900478 0.0080601 -0.0914335 -0.0284961 0.9953707
1769789552.916672 1.4555207 -0.0580091 -0.1899800 0.0172044 -0.1040592 -0.0105609 0.9943662
1769789553.150001 1.4701231 -0.0568348 -0.2073492 0.0389415 -0.1043149 -0.0056008 0.9937659
1769789553.483341 1.4928920 -0.0539822 -0.2168636 0.0621887 -0.1052694 -0.0004984 0.9924972
1769789553.916690 1.5176501 -0.0557970 -0.2165780 0.0727787 -0.1061777 0.0079205 0.9916486
1769789554.350009 1.5427300 0.0024578 -0.1937927 0.0819861 -0.1058394 0.0069806 0.9909731
1769789554.616673 1.5470057 0.0205130 -0.1877614 0.0798151 -0.1049894 0.0106330 0.9912082
1769789554.883333 1.5527638 0.0511444 -0.1818620 0.0768761 -0.1045726 0.0116671 0.9914729
1769789555.083333 1.5523010 0.0778584 -0.1763534 0.0740014 -0.1038688 0.0123767 0.9917570
1769789555.283342 1.5508478 0.1148506 -0.1737893 0.0721605 -0.1032945 0.0120660 0.9919564
1769789555.583366 1.5497394 0.1532719 -0.1656042 0.0661260 -0.1035401 0.0133656 0.9923347
1769789555.850023 1.5400382 0.1976943 -0.1655232 0.0624960 -0.1031847 0.0125366 0.9926178
1769789556.150018 1.5394802 0.2211465 -0.1659380 0.0558261 -0.1070299 0.0174357 0.9925342
1769789556.383358 1.5226864 0.2604944 -0.1720807 0.0543333 -0.1066009 0.0139758 0.9927179
1769789556.550016 1.5042461 0.2875226 -0.1774482 0.0539098 -0.1050830 0.0096880 0.9929539
1769789556.716716 1.4829462 0.3131863 -0.1866728 0.0542727 -0.1037705 0.0062745 0.9930996
1769789556.916696 1.4563895 0.3305930 -0.1996410 0.0528174 -0.1019937 0.0019480 0.9933800
1769789557.083360 1.4353546 0.3396575 -0.2077942 0.0518750 -0.1007065 -0.0006296 0.9935627
1769789557.283364 1.4078408 0.3408394 -0.2200032 0.0503129 -0.0999833 -0.0028646 0.9937121
1769789557.483374 1.3811527 0.3344737 -0.2364846 0.0497717 -0.0992076 -0.0036696 0.9938145
1769789557.616695 1.3653048 0.3251702 -0.2540402 0.0492054 -0.0989937 -0.0043437 0.9938613
1769789557.850025 1.3284544 0.2954446 -0.2761504 0.0484272 -0.0991176 -0.0026872 0.9938930
1769789557.983368 1.3083582 0.2689002 -0.2948938 0.0464295 -0.0990484 -0.0022447 0.9939963
1769789558.116694 1.2910215 0.2363456 -0.3144644 0.0443929 -0.0995146 -0.0002047 0.9940453
1769789558.250022 1.2722567 0.2014674 -0.3383898 0.0427920 -0.0992988 0.0025848 0.9941338
1769789558.450025 1.2483418 0.1753526 -0.3577093 0.0467976 -0.0988549 0.0020791 0.9939987
1769789558.650022 1.2420822 0.1402698 -0.4113677 0.0572445 -0.1038725 0.0134691 0.9928505
1769789558.750023 1.2398701 0.1225443 -0.4431343 0.0666991 -0.1070018 0.0202895 0.9918116
1769789558.850018 1.2422681 0.1079710 -0.4682270 0.0770989 -0.1111663 0.0264133 0.9904545
1769789558.950021 1.2380434 0.0969419 -0.4834828 0.0888070 -0.1164610 0.0316877 0.9887093
1769789559.083364 1.2428595 0.0930522 -0.5022332 0.1061436 -0.1247875 0.0405873 0.9856543
1769789559.183364 1.2499907 0.1057092 -0.5092682 0.1233174 -0.1309593 0.0480898 0.9825120
1769789559.316691 1.2396958 0.0907945 -0.5146112 0.1341162 -0.1403965 0.0391086 0.9801899
1769789559.416744 1.2043375 0.0573425 -0.5157623 0.1374791 -0.1423898 0.0232552 0.9799408
1769789559.483356 1.2011350 0.0558336 -0.5156926 0.1448066 -0.1518412 0.0217878 0.9774971
1769789559.550017 1.2168840 0.0752066 -0.5212173 0.1582913 -0.1671915 0.0228750 0.9728657
1769789559.683362 1.2348295 0.0345330 -0.5540829 0.1527238 -0.1913896 0.0182469 0.9693877
1769789559.750026 1.2317679 0.0319538 -0.5551949 0.1537293 -0.1988884 0.0198766 0.9676858
1769789559.783401 1.2286516 0.0322436 -0.5497169 0.1543531 -0.2019997 0.0212493 0.9669124
1769789559.816705 1.2281867 0.0317174 -0.5486757 0.1539301 -0.2043392 0.0232998 0.9664410
1769789559.916717 1.2182078 0.0111169 -0.5614219 0.1415642 -0.2032932 0.0158378 0.9687005
1769789559.950052 1.2175149 0.0135974 -0.5480732 0.1305754 -0.2035401 0.0188374 0.9701375
1769789559.983376 1.2182244 0.0109108 -0.5457612 0.1169504 -0.2023105 0.0185665 0.9721360
1769789560.016706 1.2189419 0.0273247 -0.5174114 0.1096365 -0.2021130 0.0210160 0.9729792
1769789560.083349 1.2208195 0.0241649 -0.5179031 0.0925175 -0.1995623 0.0237796 0.9752179
1769789560.316695 1.2819116 0.1057971 -0.5471251 0.0877714 -0.2093059 0.0555159 0.9723195
1769789560.583350 1.3177973 0.1818374 -0.5623531 0.1011789 -0.2158097 0.0716651 0.9685314
1769789560.883349 1.3071923 0.1953868 -0.5637298 0.1140606 -0.2065049 0.0692502 0.9693041
1769789561.716691 1.3096782 0.1945866 -0.5703893 0.1429234 -0.1957383 0.0770306 0.9671224
1769789562.550014 1.3159612 0.0691980 -0.6055574 0.0964215 -0.1900190 0.0965302 0.9722539
1769789562.850029 1.2962242 0.2110908 -0.5916091 0.1326559 -0.1882912 0.0700863 0.9705858
1769789563.050015 1.2976706 0.2490762 -0.5887072 0.1326673 -0.1878018 0.0689856 0.9707579
1769789563.250025 1.2897700 0.2823366 -0.5798828 0.1323481 -0.1869816 0.0698280 0.9708995
1769789563.516680 1.3013933 0.3281474 -0.5637074 0.1326448 -0.1872436 0.0701716 0.9707838
1769789563.716698 1.3137355 0.3575453 -0.5440489 0.1329378 -0.1877564 0.0701115 0.9706490
1769789563.983363 1.3274782 0.3858031 -0.5290544 0.1327835 -0.1879040 0.0696860 0.9706722
1769789564.250022 1.3435055 0.4073894 -0.5163392 0.1327737 -0.1878293 0.0690475 0.9707336
1769789564.550035 1.3645749 0.4202320 -0.5039052 0.1323915 -0.1885901 0.0689363 0.9706462
1769789564.850013 1.3866539 0.4251436 -0.4941055 0.1321002 -0.1890110 0.0694724 0.9705658
1769789565.183344 1.4073858 0.4235767 -0.4841986 0.1323307 -0.1897546 0.0694129 0.9703935
1769789565.383343 1.4197465 0.4200263 -0.4821481 0.1317580 -0.1899159 0.0691651 0.9704576
1769789565.650018 1.4304566 0.4148548 -0.4761788 0.1324120 -0.1899824 0.0689792 0.9703688
1769789565.950019 1.4420315 0.4100278 -0.4752867 0.1326502 -0.1907679 0.0683007 0.9702302
1769789566.216678 1.4498805 0.4056983 -0.4739408 0.1332962 -0.1915953 0.0680553 0.9699958
1769789566.550014 1.4573919 0.4014611 -0.4694591 0.1330868 -0.1926933 0.0680417 0.9698080
1769789567.050014 1.4645948 0.3989449 -0.4647352 0.1317400 -0.1938858 0.0675041 0.9697918
1769789568.283358 1.4653565 0.3989026 -0.4641654 0.1323088 -0.1945917 0.0675607 0.9695690
1769789568.650031 1.4713593 0.4016071 -0.4487903 0.1332978 -0.1955990 0.0670140 0.9692687
1769789569.216718 1.4715031 0.3990334 -0.4612970 0.1324960 -0.1953277 0.0672933 0.9694141
1769789569.850006 1.4654652 0.3973688 -0.4822748 0.1312904 -0.1940998 0.0693580 0.9696791
