1769789487216623104.000000 0.000000000 0.000000000 0.000000000 -0.000000000 -0.000000000 -0.000000000 1.000000000
1769789488516617216.000000 -0.001666113 0.001638048 -0.002388417 0.000388110 -0.000114381 0.001128301 0.999999285
1769789488583292416.000000 -0.000556349 0.001480352 -0.000178629 0.000359556 -0.000294053 0.001316746 0.999999046
1769789488749969664.000000 -0.001752166 0.000456789 -0.000524880 0.000263823 -0.000237325 0.001416350 0.999998927
1769789488883281664.000000 -0.002780636 -0.000403219 -0.003065983 0.000182287 -0.000034333 0.001828553 0.999998331
1769789489083285504.000000 -0.003859898 -0.003568208 -0.006171991 -0.000372454 -0.000047982 0.002477284 0.999996901
1769789489516621056.000000 -0.008232120 -0.004171656 -0.012741190 -0.001274536 0.000105194 0.001724273 0.999997735
1769789489816617216.000000 0.000151433 -0.002204129 0.003238042 0.000393366 -0.001412991 0.000423879 0.999998868
1769789490749953792.000000 0.008170996 -0.000905891 0.032993965 0.004087268 0.000815350 0.001154552 0.999990642
1769789491249962240.000000 0.013594508 -0.001162551 0.038101997 0.005600415 0.003892350 0.000171507 0.999976754
1769789491616618496.000000 0.018399110 0.003650382 0.055175304 0.007204506 0.007955384 -0.000269982 0.999942362
1769789492049950464.000000 0.023783680 0.002472433 0.071234986 0.006820234 0.014742479 -0.001009446 0.999867618
1769789492349948416.000000 -0.005174578 -0.056927316 0.119575262 -0.018746709 0.030854087 -0.017002141 0.999203444
1769789492549964288.000000 -0.020071561 -0.078917310 0.133612558 -0.028294764 0.041635878 -0.017080292 0.998586059
1769789492683323136.000000 -0.033466935 -0.098747313 0.144353703 -0.036728039 0.049937222 -0.017325077 0.997926474
1769789492783302656.000000 -0.045089383 -0.104016133 0.146560386 -0.040005747 0.055701565 -0.020643463 0.997432053
1769789492883284480.000000 -0.055949591 -0.120136134 0.154921919 -0.047158714 0.061831731 -0.023348881 0.996698439
1769789492983283712.000000 -0.064879544 -0.127902225 0.161614120 -0.052260160 0.067608319 -0.027069597 0.995974541
1769789493083295232.000000 -0.061769053 -0.123932712 0.170184270 -0.054515108 0.069613032 -0.030235037 0.995624423
1769789493249963008.000000 -0.059298560 -0.110726334 0.179564044 -0.057468303 0.073418334 -0.035715591 0.995003283
1769789493416635136.000000 -0.045983385 -0.085242331 0.190308839 -0.058063611 0.075701058 -0.041046228 0.994591951
1769789493583304960.000000 -0.034849368 -0.067381829 0.202012658 -0.060151737 0.078389831 -0.044445142 0.994113445
1769789493783305984.000000 -0.022158565 -0.041675005 0.215300083 -0.061980039 0.081696227 -0.049121466 0.993514597
1769789493983308032.000000 -0.011297894 -0.019164633 0.223220482 -0.064531237 0.085008979 -0.053334393 0.992856801
1769789494183298816.000000 -0.000821511 0.004688804 0.230428368 -0.067236692 0.085076720 -0.058306452 0.992391825
1769789494283297792.000000 0.003955942 0.015118002 0.232492283 -0.067987278 0.085432343 -0.059660327 0.992229640
1769789494449966592.000000 0.010979475 0.033139654 0.237042159 -0.069183201 0.085312217 -0.063100331 0.991944492
1769789494649962752.000000 0.016118815 0.053540505 0.239025369 -0.070400134 0.085221224 -0.067999057 0.991542876
1769789494916638976.000000 0.017268261 0.071416952 0.239955440 -0.070760988 0.085304022 -0.071552821 0.991259933
1769789495383297280.000000 0.000263566 0.076235794 0.232777193 -0.069628015 0.081857048 -0.073604278 0.991480589
1769789495616636160.000000 -0.015844433 0.060711551 0.224037245 -0.067478478 0.080143310 -0.071606092 0.991915464
1769789495783306496.000000 -0.034960683 0.039495192 0.214160025 -0.065895475 0.080073915 -0.067869887 0.992290080
1769789495916638720.000000 -0.051508483 0.018865883 0.201485395 -0.063684911 0.078586139 -0.063972063 0.992812216
1769789496016625664.000000 -0.054172598 0.011822324 0.190851495 -0.060376409 0.076427497 -0.062205285 0.993299603
1769789496183304960.000000 -0.075593285 -0.026175497 0.167359009 -0.055974800 0.073546894 -0.053214639 0.994296670
1769789496316629504.000000 -0.075049110 -0.059528921 0.156107917 -0.052230492 0.068365768 -0.049761061 0.995048702
1769789496449965312.000000 -0.078495823 -0.062218476 0.132714599 -0.039780144 0.062870175 -0.047349118 0.996103883
1769789496583311872.000000 -0.078736685 -0.066006847 0.127755225 -0.027253993 0.056912422 -0.047923986 0.996855795
1769789496716635136.000000 -0.084488064 -0.070391372 0.107895106 -0.013380195 0.047068357 -0.050855082 0.997506559
1769789496816630272.000000 -0.085857980 -0.071476512 0.109555222 -0.004231250 0.037033722 -0.052202336 0.997940660
1769789497016637440.000000 -0.086501464 -0.065409444 0.101684704 0.017090714 0.010710921 -0.056476686 0.998200178
1769789497316631296.000000 -0.101989813 -0.090727806 0.092837408 0.021056812 -0.010792074 -0.050065536 0.998465598
1769789497416642560.000000 -0.103841625 -0.070991419 0.085740700 0.022351075 -0.006305279 -0.050096627 0.998474360
1769789497583296000.000000 -0.072028294 -0.062716328 0.068286769 -0.021180682 -0.010665487 -0.033688337 0.999151051
1769789497749961472.000000 -0.039304677 -0.005727018 -0.001087546 -0.016417086 -0.019304398 -0.008165892 0.999645531
1769789497849962240.000000 -0.045152053 -0.024931733 -0.017050074 -0.028325399 -0.019443223 -0.003058035 0.999404967
1769789498016630784.000000 -0.084149107 -0.060680430 -0.009428970 -0.041900024 -0.013667925 -0.005176253 0.999014914
1769789498216624128.000000 -0.092462376 -0.069876067 -0.004651659 -0.041358631 -0.011324947 -0.006558496 0.999058664
1769789498550004736.000000 -0.097314596 -0.077646367 0.014272563 -0.017320422 -0.009436827 -0.007064628 0.999780536
1769789498883312384.000000 -0.101406962 -0.079144694 0.016838931 0.009601043 -0.008458312 -0.005474403 0.999903202
1769789499183300352.000000 -0.104390346 -0.078226052 0.009793883 0.020357538 -0.009329750 -0.005514746 0.999734044
1769789499749957120.000000 -0.110739172 -0.063419804 0.005671698 0.029671410 -0.013045201 -0.004002236 0.999466598
1769789500149967616.000000 -0.107937507 -0.047253262 0.025245748 0.025640739 -0.015676605 -0.004308000 0.999539018
1769789500583298560.000000 -0.113543853 -0.040062185 0.015586600 0.013389074 -0.017543411 -0.001488307 0.999755323
1769789500849967360.000000 -0.108890660 -0.024460379 0.031182442 0.006368867 -0.018763440 -0.001066277 0.999803126
1769789501116651008.000000 -0.113956444 0.074139006 0.024396364 0.008689569 -0.018403597 -0.001825774 0.999791205
1769789501283288064.000000 -0.114576064 0.136239976 0.024808565 0.010615871 -0.018421896 -0.016104156 0.999644220
1769789501449995008.000000 -0.125642464 0.196098849 0.022164185 0.012580186 -0.017916137 -0.077186622 0.996776342
1769789501649984000.000000 -0.132605061 0.264376909 0.040897008 0.014575223 -0.017731633 -0.145456269 0.989098430
1769789502016643840.000000 -0.136985943 0.376055568 0.038905788 0.019638356 -0.016057597 -0.247335330 0.968597829
1769789502183309824.000000 -0.130029976 0.418370605 0.026151355 0.022228083 -0.014269486 -0.279762357 0.959705889
1769789502316647936.000000 -0.121514291 0.445219725 0.024885850 0.024092183 -0.012860695 -0.301019609 0.953226805
1769789502549985536.000000 -0.096179478 0.474117339 0.040680330 0.024880836 -0.011943391 -0.327539563 0.944434345
1769789502816642048.000000 -0.061831899 0.486045063 0.029628569 0.025836883 -0.012832427 -0.340869606 0.939667881
1769789503083308800.000000 -0.014968298 0.466123074 0.042895794 0.024952101 -0.014357433 -0.336831212 0.941124856
1769789503383319808.000000 0.050456509 0.417851746 0.037185889 0.023782840 -0.015436176 -0.305795133 0.951675057
1769789503483315200.000000 0.076422118 0.392953634 0.046428222 0.023225132 -0.016458765 -0.287459165 0.957369804
1769789503549978368.000000 0.094168767 0.375675976 0.042027682 0.023007168 -0.016846124 -0.271284223 0.962076843
1769789503649992192.000000 0.125408262 0.346580595 0.034950975 0.022761438 -0.017699616 -0.241897479 0.969873369
1769789503749977088.000000 0.162459075 0.314251423 0.036611035 0.022037322 -0.020556426 -0.206748083 0.977930009
1769789503816639232.000000 0.180975288 0.292437732 0.046460513 0.021094872 -0.020412985 -0.189264446 0.981487274
1769789503916651264.000000 0.222970426 0.256970197 0.040890086 0.020045292 -0.024007428 -0.161909595 0.986309886
1769789503983308288.000000 0.231568873 0.236176476 0.045064837 0.021734059 -0.020261679 -0.153141752 0.987757385
1769789504016645632.000000 0.238067031 0.229792312 0.050331995 0.024409179 -0.019206520 -0.150260061 0.988158524
1769789504049977344.000000 0.245027170 0.219855845 0.046670746 0.026380381 -0.017923350 -0.149605647 0.988231242
1769789504216649728.000000 0.248484209 0.207737759 0.031511553 0.044415623 -0.006107085 -0.149339080 0.987769127
1769789504316652288.000000 0.239026353 0.222758472 0.016609043 0.062141098 0.009056915 -0.154522285 0.985991597
1769789504349980928.000000 0.236096621 0.225926667 0.024945971 0.067940868 0.014741526 -0.154098153 0.985606670
1769789504516637440.000000 0.250266254 0.211353153 -0.013416042 0.086042009 0.029670287 -0.151377901 0.984277010
1769789504616643072.000000 0.260793209 0.201018259 -0.024564371 0.093243957 0.042282555 -0.150331035 0.983320057
1769789504816638464.000000 0.273185849 0.191036493 -0.012064979 0.103164554 0.076634780 -0.148644209 0.980504513
1769789505116642816.000000 0.275781333 0.174389780 0.028340859 0.097944684 0.119844779 -0.160551518 0.974816561
1769789505183313152.000000 0.316807449 0.157220572 -0.003731446 0.083395071 0.107198603 -0.151004851 0.979158461
1769789505249982720.000000 0.333461642 0.149348751 -0.005672418 0.056265317 0.097779639 -0.138308391 0.983943164
1769789505383313664.000000 0.372521698 0.176330611 0.012176245 0.031041496 0.076035127 -0.118543118 0.989546716
1769789505650012928.000000 0.459431261 0.095784470 0.029742289 -0.019742411 0.036344081 -0.084579311 0.995557964
1769789505916638208.000000 0.550000191 0.015904080 0.019392530 -0.036391959 0.008517307 -0.049221732 0.998088360
1769789506216638976.000000 0.641255021 -0.084384255 -0.004321849 -0.031175345 -0.010332361 -0.021365557 0.999232173
1769789506383305984.000000 0.681963265 -0.129320741 0.007736251 -0.020352572 -0.015491885 -0.014464864 0.999568164
1769789506583306240.000000 0.733175039 -0.160511479 -0.006842786 -0.007179942 -0.022640288 -0.007145019 0.999692380
1769789506949971712.000000 0.809585869 -0.163482174 -0.008496142 0.009333792 -0.031033788 0.003299208 0.999469340
1769789507616654848.000000 0.889596581 -0.038447831 0.004785422 0.031383950 -0.037182655 0.007318307 0.998788774
1769789507883305216.000000 0.917399406 0.069179505 0.015675707 0.042516530 -0.038523905 0.007959285 0.998321056
1769789508149976576.000000 0.926621437 0.175110355 0.025181083 0.050012670 -0.039264813 0.004363463 0.997966945
1769789508449969664.000000 0.951881170 0.309068590 -0.003691318 0.057806984 -0.042404272 -0.004925115 0.997414708
1769789508716640256.000000 0.961279094 0.344477057 0.007117337 0.054009952 -0.044324372 0.000692827 0.997555971
1769789509016634112.000000 0.952069759 0.366571039 0.005569245 0.043965060 -0.043917373 0.002140810 0.998064995
1769789509249977600.000000 1.034791470 0.497639090 0.094246089 0.062777847 -0.059351765 0.006771007 0.996238172
1769789509416645632.000000 1.032309175 0.513908207 0.103886716 0.059361454 -0.060400877 0.004451967 0.996397555
1769789509683312384.000000 1.030043364 0.536591887 0.083695188 0.056929167 -0.064515196 0.017987536 0.996129215
1769789509949964800.000000 1.006584287 0.569041014 0.053063300 0.055145744 -0.065666176 0.010108778 0.996265411
1769789510116632576.000000 0.984135270 0.579160869 0.034533795 0.051913586 -0.063903190 0.004728688 0.996593714
1769789510383311872.000000 0.953939021 0.588258862 0.014074218 0.048115194 -0.063837484 -0.001440107 0.996798694
1769789510683302656.000000 0.908374488 0.585342705 -0.011202936 0.046296302 -0.061780613 -0.007610681 0.996986449
1769789510849984768.000000 0.879055738 0.567817032 -0.038942534 0.043188013 -0.059727285 -0.010142321 0.997228444
1769789510983318528.000000 0.845546544 0.550519526 -0.052257873 0.041338615 -0.055430945 -0.012528001 0.997527778
1769789511083312384.000000 0.827632070 0.531032681 -0.055207130 0.039484125 -0.054963592 -0.012695073 0.997626603
1769789511183318528.000000 0.811756313 0.511354804 -0.069942318 0.038309872 -0.055360060 -0.011936417 0.997659862
1769789511249966592.000000 0.800715864 0.499183118 -0.077782914 0.037562035 -0.055032507 -0.011443017 0.997712195
1769789511383314176.000000 0.762777984 0.471622229 -0.074694812 0.035160951 -0.051150002 -0.016622776 0.997933388
1769789511449965312.000000 0.750334442 0.462092012 -0.090233900 0.036287569 -0.051174186 -0.015425907 0.997911096
1769789511516633344.000000 0.737720549 0.450462401 -0.107373461 0.037307244 -0.050981753 -0.012708608 0.997921646
1769789511549963776.000000 0.731736422 0.447409183 -0.111005746 0.038787656 -0.051020075 -0.011996131 0.997872055
1769789511683296512.000000 0.717675149 0.418438405 -0.148084104 0.040934984 -0.053062428 -0.005473200 0.997736812
1769789511749961984.000000 0.708339632 0.406391442 -0.165789381 0.043597601 -0.053952832 -0.002341605 0.997588515
1769789511783309312.000000 0.707242608 0.406095445 -0.168465093 0.046410285 -0.055202805 -0.000503724 0.997395873
1769789511816630016.000000 0.706446350 0.397269338 -0.172284335 0.047024701 -0.056420472 0.000126048 0.997299075
1769789511849963264.000000 0.693884730 0.395125389 -0.180396512 0.049562246 -0.055992696 0.000294593 0.997200251
1769789511983299328.000000 0.397789061 0.253248721 -0.149364755 0.035806850 -0.011317206 -0.010075497 0.999243855
1769789512049970688.000000 0.385092556 0.240941167 -0.160709560 0.042541031 -0.012536105 -0.007501783 0.998987913
1769789512083304704.000000 0.385828793 0.236718595 -0.160829186 0.046178073 -0.014383547 -0.005204267 0.998816133
1769789512116634880.000000 0.386159480 0.236252025 -0.163741976 0.050633840 -0.016895525 -0.003925812 0.998566687
1769789512283358208.000000 0.367682040 0.221828505 -0.161491796 0.062871948 -0.020226765 -0.016083440 0.997686982
1769789512383309824.000000 0.371583939 0.222961605 -0.176410288 0.077599905 -0.026295299 -0.008460633 0.996601880
1769789512449973504.000000 0.367596656 0.224349737 -0.184463352 0.086539827 -0.030372798 -0.007010298 0.995760620
1769789512549968384.000000 0.355474383 0.209297553 -0.164073586 0.091214806 -0.038502447 -0.013774607 0.994991302
1769789512616631808.000000 0.349959522 0.212637141 -0.166578591 0.103097700 -0.046115205 -0.011619077 0.993533731
1769789512683304960.000000 0.347052097 0.238127872 -0.167967200 0.119857304 -0.055168509 -0.011585978 0.991189420
1769789512816638720.000000 0.369161010 0.199146524 -0.183116570 0.120198078 -0.085284904 -0.008461103 0.989043653
1769789512849982976.000000 0.366933227 0.206684262 -0.181352869 0.125772372 -0.090639398 -0.009579400 0.987863421
1769789512983309056.000000 0.356009781 0.218082637 -0.186593577 0.137045890 -0.107039884 -0.006697563 0.984741628
1769789513116646144.000000 0.342189729 0.177763686 -0.189665765 0.121917434 -0.113479681 -0.006964598 0.986007094
1769789513149964288.000000 0.339366138 0.178350329 -0.188890219 0.117552049 -0.113144733 -0.002064436 0.986598015
1769789513183302144.000000 0.350084037 0.191433012 -0.178079024 0.109506689 -0.115424305 0.005168890 0.987248123
1769789513216633600.000000 0.354738355 0.195727393 -0.160259828 0.097459689 -0.115367681 0.008918989 0.988489926
1769789513249967360.000000 0.354171872 0.197950646 -0.145788297 0.085398182 -0.113396220 0.007433848 0.989845037
1769789513349966592.000000 0.346274853 0.180844367 -0.153185681 0.056854729 -0.105221361 0.014218762 0.992720425
1769789513816635648.000000 0.324334949 0.159375593 -0.135529190 0.010561348 -0.085695490 0.009129515 0.996223569
1769789514483298560.000000 0.311074495 0.134757563 -0.149062768 0.046183012 -0.073519588 0.004589173 0.996213317
1769789515516627456.000000 0.293040663 0.166650593 -0.140858188 0.061318148 -0.072059326 0.004988170 0.995501220
1769789515849967872.000000 0.289560527 0.179111138 -0.124679267 0.054954991 -0.073791169 0.005449775 0.995743513
1769789516183306752.000000 0.274696767 0.184463054 -0.200593084 0.043905232 -0.072601184 0.008083195 0.996361434
1769789516416688384.000000 0.273118287 0.200363576 -0.194339514 0.037564840 -0.073686674 0.007022522 0.996548951
1769789516583295488.000000 0.266504705 0.202390790 -0.200327381 0.031859890 -0.072983310 0.006223501 0.996804714
1769789516616625664.000000 0.267773539 0.211336806 -0.205306917 0.031597607 -0.073113210 0.006386509 0.996802509
1769789516816633600.000000 0.268048912 0.292063415 -0.185426310 0.034437146 -0.073393241 0.006316699 0.996688306
1769789517149960448.000000 0.243890256 0.406920373 -0.162209794 0.043543216 -0.070307888 -0.104546852 0.991075575
1769789517549957120.000000 0.239250824 0.530157208 -0.166920438 0.053816196 -0.065110035 -0.220714688 0.971673548
1769789517949970432.000000 0.257027209 0.618599534 -0.135351881 0.062126383 -0.058343396 -0.296112597 0.951343119
1769789518283307776.000000 0.297206223 0.650303006 -0.130566835 0.064801961 -0.057867251 -0.323010385 0.942399323
1769789518549984000.000000 0.340333313 0.649344146 -0.135883987 0.065918848 -0.059019152 -0.327224493 0.940795183
1769789518816622848.000000 0.396799564 0.617160738 -0.119428836 0.064313136 -0.063194714 -0.310197562 0.946386695
1769789518983342848.000000 0.443344980 0.584634542 -0.135878474 0.061785117 -0.066468537 -0.285500854 0.954072237
1769789519116623616.000000 0.474122971 0.537886918 -0.156703785 0.053941160 -0.065799728 -0.264365405 0.960662127
1769789519283295744.000000 0.555361688 0.497367054 -0.078661494 0.053400930 -0.086325213 -0.190522105 0.976420820
1769789519349957120.000000 0.567590117 0.473650306 -0.075010575 0.049718715 -0.084134020 -0.175911710 0.979543090
1769789519416639744.000000 0.583257854 0.451516896 -0.076070242 0.047541216 -0.083393782 -0.161289409 0.982227623
1769789519449968640.000000 0.589345396 0.440875202 -0.072413199 0.046731949 -0.081739128 -0.153971478 0.983579040
1769789519583294720.000000 0.603024244 0.390792400 -0.073057048 0.044267520 -0.073963352 -0.140446424 0.986328840
1769789519649957888.000000 0.612727880 0.385982990 -0.073232919 0.053491514 -0.068755865 -0.135179430 0.986984253
1769789519716631296.000000 0.623270631 0.380338877 -0.072015435 0.063455477 -0.063566588 -0.133176729 0.987013996
1769789519883303936.000000 0.578590512 0.344976723 -0.050880536 0.083996877 -0.035894107 -0.132163629 0.987010062
1769789520016629248.000000 0.571009457 0.313042521 -0.048084266 0.099169150 -0.014481856 -0.132185549 0.986145437
1769789520149959680.000000 0.527206540 0.336853057 0.066986442 0.127103567 0.020063659 -0.126141444 0.983631253
1769789520249965056.000000 0.562560081 0.331748068 0.046451919 0.135127991 0.025420081 -0.117976196 0.983451009
1769789520449954560.000000 0.599698246 0.320992440 0.015196549 0.142433748 0.050600182 -0.111312546 0.982222915
1769789520716626944.000000 0.625944614 0.300835878 -0.013319402 0.136279866 0.075805828 -0.114843212 0.981066942
1769789520783289856.000000 0.646236897 0.308800370 -0.014492407 0.119995162 0.068159714 -0.103787087 0.984979033
1769789522216628480.000000 1.070478797 -0.045718115 -0.092595264 0.018017072 -0.077475995 0.023203019 0.996561348
1769789522416625408.000000 1.103648067 -0.051375963 -0.089681238 0.026582101 -0.080608025 0.028486175 0.995984077
1769789523016630528.000000 1.164956093 0.027754202 -0.062018834 0.047279190 -0.084965616 0.033422746 0.994700193
1769789523283301120.000000 1.180528641 0.090218022 -0.048187915 0.053636417 -0.085652865 0.033524424 0.994315267
1769789523449959424.000000 1.186173081 0.132250905 -0.042015951 0.056092657 -0.086317465 0.031332396 0.994193733
1769789523683291904.000000 1.194596767 0.207135707 -0.033434488 0.061595049 -0.086952105 0.032315023 0.993781209
1769789523983296512.000000 1.177842379 0.326143235 -0.003667665 0.070487551 -0.083856389 0.028717380 0.993566811
1769789524516625408.000000 1.151162148 0.409183621 -0.029541090 0.061975513 -0.081161529 0.031427108 0.994275689
1769789524816626688.000000 1.121330857 0.445524782 -0.026526334 0.057407144 -0.078509964 0.034754127 0.994652092
1769789525116621056.000000 1.109087825 0.486698598 -0.018160474 0.053859923 -0.080010615 0.033764046 0.994764984
1769789525349950464.000000 1.075026035 0.524004459 -0.016577082 0.052362174 -0.076751806 0.025753932 0.995341241
1769789525649972224.000000 0.998447001 0.573934495 0.014465143 0.054676279 -0.066204101 0.016595216 0.996168733
1769789525949977344.000000 0.959348559 0.586092830 -0.002718533 0.049703524 -0.064443074 0.005614480 0.996667027
1769789526249981952.000000 0.914432168 0.579541266 -0.034349836 0.046266112 -0.061828211 -0.001092300 0.997013330
1769789526449973760.000000 0.878930867 0.566544056 -0.055787101 0.045507703 -0.058914792 -0.002602752 0.997221828
1769789526683303936.000000 0.899777114 0.535880506 -0.093001343 0.047734067 -0.071040086 0.011406151 0.996265411
1769789526783314944.000000 0.886190653 0.519141436 -0.103507541 0.047066167 -0.071009144 0.010998216 0.996303916
1769789526849978624.000000 0.876604557 0.506415308 -0.111764967 0.046468962 -0.071063451 0.010613897 0.996332288
1769789527016637696.000000 0.855872631 0.467052013 -0.141407758 0.045899730 -0.072172724 0.012374145 0.996258616
1769789527049969920.000000 0.851226211 0.458716244 -0.145514280 0.044871215 -0.071614988 0.011802749 0.996352673
1769789527183312896.000000 0.836760640 0.420536101 -0.176362082 0.042988718 -0.072948083 0.014340685 0.996305645
1769789527283310336.000000 0.833301008 0.405195326 -0.208950236 0.046259485 -0.075919181 0.018832851 0.995862305
1769789527416646144.000000 0.829992056 0.384850353 -0.226211503 0.051720306 -0.079139329 0.025550224 0.995193064
1769789527516634880.000000 0.811723530 0.379815996 -0.243157759 0.060000118 -0.078741759 0.023898825 0.994800746
1769789527583315712.000000 0.807501376 0.373330176 -0.241996825 0.065855101 -0.079902671 0.021023445 0.994402707
1769789527649968896.000000 0.800943792 0.367191613 -0.236983851 0.073039539 -0.080554239 0.022506377 0.993815720
1769789527716640000.000000 0.800284386 0.370398134 -0.232528850 0.081656434 -0.083302937 0.022500508 0.992918253
1769789527749967872.000000 0.798975646 0.366538912 -0.235078022 0.084456675 -0.084463738 0.021436973 0.992609382
1769789527849978624.000000 0.790458024 0.361331135 -0.242951632 0.093870983 -0.086441830 0.017917734 0.991662741
1769789527949986816.000000 0.784208775 0.357714266 -0.234294087 0.105290711 -0.089536965 0.016763441 0.990260601
1769789528016660224.000000 0.780573666 0.357098818 -0.241587743 0.113848947 -0.092210069 0.016185882 0.989077210
1769789528116638720.000000 0.773970902 0.346546382 -0.233136460 0.121619560 -0.101180859 0.016851190 0.987262487
1769789528216640000.000000 0.764560103 0.361939162 -0.238044485 0.139750168 -0.110609785 0.008409555 0.983953595
1769789528316649216.000000 0.748507559 0.359914511 -0.234372020 0.151762933 -0.121506840 0.002365573 0.980917215
1769789528449978624.000000 0.736646712 0.369246423 -0.247831374 0.168196321 -0.140043408 -0.001648341 0.975753665
1769789528583303168.000000 0.725786805 0.374690205 -0.260465056 0.175161988 -0.154909894 -0.005041175 0.972263277
1769789528749971456.000000 0.708264828 0.342376262 -0.278198272 0.151249275 -0.157087520 0.004553040 0.975923419
1769789528816636160.000000 0.716343343 0.346638441 -0.267274439 0.126724333 -0.158119380 0.003800681 0.979247034
1769789528849970432.000000 0.726540565 0.343025625 -0.257833660 0.114946485 -0.159647420 0.005421357 0.980444133
1769789528949968384.000000 0.723747790 0.333211988 -0.255696386 0.089168973 -0.154172629 0.003118385 0.984007120
1769789529116646656.000000 0.790778637 0.378374130 -0.252291948 0.082739227 -0.169859648 0.022284687 0.981735885
1769789529383303168.000000 0.702790022 0.235860452 -0.258153945 0.023234017 -0.136172399 0.011970528 0.990340352
1769789529616635904.000000 0.695342779 0.222765028 -0.248989165 0.028188646 -0.130418181 0.012208430 0.990983069
1769789529916639488.000000 0.695933163 0.218800172 -0.234428957 0.050582860 -0.124347493 0.015741171 0.990823567
1769789530216645120.000000 0.693678856 0.224503666 -0.222876668 0.064597227 -0.121606119 0.016867343 0.990330577
1769789530483315200.000000 0.691107571 0.225138068 -0.228301734 0.071279414 -0.120527528 0.019548506 0.989954650
1769789530816637184.000000 0.687951028 0.230725795 -0.228697017 0.074548140 -0.121498771 0.019619839 0.989593744
1769789531116643072.000000 0.686559618 0.231596231 -0.235900879 0.070117801 -0.122447245 0.021308197 0.989765704
1769789531283304704.000000 0.686512828 0.239105880 -0.228469923 0.068989336 -0.123132721 0.019553421 0.989796162
1769789531450007296.000000 0.684476852 0.236257344 -0.237396672 0.063670315 -0.123895481 0.020064106 0.990047216
1769789531583317504.000000 0.686750829 0.241660938 -0.236974210 0.060210593 -0.125558317 0.020750929 0.990040004
1769789531716633856.000000 0.679555357 0.242567062 -0.241494551 0.055392779 -0.124456942 0.019582378 0.990484059
1769789531849976064.000000 0.676578760 0.257976532 -0.239509493 0.053921528 -0.124699816 0.019055543 0.990544975
1769789531983312128.000000 0.676768661 0.265585393 -0.245409355 0.049793374 -0.125417501 0.019848108 0.990654945
1769789532183320320.000000 0.665617585 0.271173865 -0.285559565 0.041465890 -0.122491963 0.021133572 0.991377711
1769789532449971968.000000 0.642707527 0.407824397 -0.371635795 0.063303605 -0.112066053 -0.015718335 0.991557777
1769789532716634368.000000 0.619937003 0.501091778 -0.330296695 0.073575310 -0.106892236 -0.111142717 0.985295892
1769789532983303424.000000 0.616582632 0.593636632 -0.319446117 0.086614653 -0.103804372 -0.190973788 0.972240508
1769789533249975296.000000 0.621544003 0.668975711 -0.321251184 0.095858455 -0.095530264 -0.256149173 0.957116902
1769789533549997824.000000 0.549475133 0.707943678 -0.282386303 0.096537516 -0.080295272 -0.303885013 0.944397748
1769789533683328768.000000 0.479638338 0.715249300 -0.254511744 0.094276607 -0.068234414 -0.321965665 0.939571261
1769789533849997824.000000 0.384698689 0.725689113 -0.228864849 0.091805406 -0.054718044 -0.335524142 0.935949385
1769789533983358208.000000 0.322477013 0.718061745 -0.213792846 0.087367304 -0.046256516 -0.341505945 0.934666216
1769789534149996800.000000 0.273167193 0.707260370 -0.198294833 0.083388090 -0.035711989 -0.344312042 0.934462547
1769789534416673024.000000 0.298444778 0.673005342 -0.199610442 0.080848567 -0.034184009 -0.329191715 0.940174341
1769789534583334400.000000 0.324053466 0.635875344 -0.206620917 0.074788950 -0.028143652 -0.304226995 0.949242055
1769789534716675584.000000 0.409668356 0.608605444 -0.210954875 0.079557486 -0.044078495 -0.275341272 0.957034409
1769789534816673024.000000 0.461200893 0.573906600 -0.222492471 0.076937489 -0.051414505 -0.246376008 0.964746594
1769789535016668160.000000 0.584975779 0.499968827 -0.234818012 0.072436087 -0.069919311 -0.180551738 0.978399396
1769789535149994496.000000 0.674737811 0.464332730 -0.220688105 0.075664677 -0.082356460 -0.148094058 0.982629359
1769789535283329792.000000 0.727768779 0.442079216 -0.188009053 0.085516684 -0.083424307 -0.136021316 0.983476222
1769789535316660992.000000 0.744072020 0.432024986 -0.181296140 0.088310853 -0.083416142 -0.134850517 0.983391225
1769789535349994240.000000 0.760582089 0.422958493 -0.163178131 0.091047503 -0.083331950 -0.131983414 0.983537734
1769789535383335680.000000 0.776176453 0.423936129 -0.154618934 0.096674398 -0.082721084 -0.127907455 0.983590901
1769789535416666624.000000 0.789902329 0.413233757 -0.143257171 0.099802613 -0.081498392 -0.130378842 0.983055890
1769789535583340032.000000 0.787174940 0.399681032 -0.154326394 0.116012357 -0.063907698 -0.123886064 0.983417094
1769789535616670208.000000 0.819479823 0.399685591 -0.140734091 0.120201401 -0.064610258 -0.121870130 0.983119965
1769789535650002432.000000 0.812018275 0.388086021 -0.127462730 0.123854473 -0.059370890 -0.123348944 0.982812405
1769789535683331584.000000 0.802316189 0.372538686 -0.107176282 0.125600025 -0.053303171 -0.124924056 0.982739747
1769789535750012160.000000 0.798080266 0.358494759 -0.068728216 0.132423818 -0.041688960 -0.121813454 0.982795775
1769789535816670720.000000 0.800731540 0.334462792 -0.070885986 0.133931845 -0.031216703 -0.120361060 0.983158708
1769789535883350784.000000 0.802088201 0.320650727 -0.044790760 0.137965783 -0.019449692 -0.116943426 0.983316541
1769789535983327744.000000 0.777211308 0.266034573 -0.030737277 0.134826124 0.002484554 -0.109988220 0.984742820
1769789536116667136.000000 0.802323639 0.236694306 -0.057805240 0.135677204 0.019908326 -0.100032903 0.985489130
1769789536216666624.000000 0.817553163 0.212245286 -0.056260668 0.130134553 0.032215934 -0.098934315 0.986021876
1769789536383326208.000000 0.859515190 0.211391434 -0.065531097 0.107461162 0.028293619 -0.097389206 0.989023209
1769789536483332608.000000 0.870907485 0.179555684 -0.079375871 0.063669488 0.010464465 -0.088087633 0.994020760
1769789536616661760.000000 0.891135216 0.140759647 -0.091070794 0.031487349 -0.014263140 -0.062992416 0.997415185
1769789536816664576.000000 0.928166807 0.096725658 -0.118873082 -0.001174420 -0.041049831 -0.031898104 0.998647094
1769789536983327488.000000 0.970090330 0.064995766 -0.113951214 -0.013755953 -0.056986623 -0.011043414 0.998219073
1769789537149990656.000000 1.020475745 0.032215573 -0.115653329 -0.016510690 -0.070410527 0.007008470 0.997356832
1769789537250002176.000000 1.046360970 0.016863829 -0.109183982 -0.014541353 -0.076340646 0.014906732 0.996864319
1769789537349998336.000000 1.060383558 0.006972184 -0.107570328 -0.009302790 -0.078729361 0.020899439 0.996633530
1769789537616667392.000000 1.063252211 -0.004566838 -0.121600106 0.011745203 -0.076866575 0.020610612 0.996759176
1769789537883326976.000000 1.101821065 -0.021288820 -0.120557904 0.026223356 -0.080456465 0.026373141 0.996064067
1769789538149995264.000000 1.126464367 -0.013023136 -0.091816194 0.035676360 -0.083378613 0.029572124 0.995439947
1769789538449991168.000000 1.167341948 0.021482358 -0.105072834 0.045083120 -0.086013697 0.030910961 0.994793296
1769789538816665088.000000 1.181549072 0.085943922 -0.075608075 0.053518862 -0.085639700 0.031539306 0.994387686
1769789539116668160.000000 1.181982517 0.114091136 -0.082187414 0.050532788 -0.084326036 0.033977326 0.994575858
1769789539383330560.000000 1.179068685 0.207941949 -0.072100826 0.057809945 -0.083176509 0.034331352 0.994264066
1769789539550002688.000000 1.172568917 0.268836796 -0.062243950 0.061229657 -0.082076244 0.031459697 0.994245827
1769789539683322880.000000 1.171438098 0.317662597 -0.054116666 0.063681312 -0.082229882 0.033065371 0.994026959
1769789539816679168.000000 1.161725283 0.370779753 -0.045612220 0.067419559 -0.081031255 0.032651071 0.993892610
1769789539949998080.000000 1.154203176 0.387858450 -0.056502849 0.065055750 -0.080033220 0.032244351 0.994144261
1769789540083334400.000000 1.148823380 0.406456053 -0.055632330 0.062206436 -0.079859458 0.031770628 0.994355857
1769789540216664832.000000 1.147212267 0.421361446 -0.050252188 0.059592754 -0.080588639 0.032765415 0.994424820
1769789540383347968.000000 1.140610099 0.438802987 -0.053279169 0.056016274 -0.080980487 0.032855548 0.994597852
1769789540516680448.000000 1.136031389 0.449920297 -0.059003599 0.053408947 -0.081776410 0.035357472 0.994590342
1769789540616675072.000000 1.130577803 0.461463988 -0.061301243 0.052162386 -0.082482509 0.035988633 0.994575560
1769789540716679424.000000 1.126512408 0.469538122 -0.065252475 0.049865570 -0.083094344 0.035609148 0.994656086
1769789540850012160.000000 1.116737008 0.492458463 -0.069691226 0.050114408 -0.083154500 0.033950366 0.994696558
1769789540916684544.000000 1.109917521 0.503717065 -0.070842318 0.050038133 -0.083009087 0.033559248 0.994725823
1769789540983345152.000000 1.102472186 0.515046656 -0.071976751 0.050136179 -0.082591675 0.032349337 0.994795740
1769789541050009600.000000 1.094725490 0.524375856 -0.075934872 0.050225567 -0.082720891 0.031691678 0.994801641
1769789541116682752.000000 1.086385846 0.532378674 -0.078538977 0.049851384 -0.082207739 0.030822745 0.994890332
1769789541183343616.000000 1.078288674 0.540294588 -0.083258010 0.049563192 -0.082059368 0.028210184 0.994994462
1769789541250016512.000000 1.068993330 0.543942153 -0.087620728 0.048267789 -0.081216350 0.026169648 0.995183051
1769789541350008064.000000 1.057748556 0.550594330 -0.095215932 0.047617115 -0.080999009 0.023884701 0.995289564
1769789541450024192.000000 1.045290709 0.555471420 -0.102135479 0.046873797 -0.080518872 0.022539673 0.995395184
1769789541516675328.000000 1.036686540 0.558165073 -0.105815351 0.046555992 -0.080439694 0.021690683 0.995435357
1769789541616686080.000000 1.023204803 0.558575690 -0.113443702 0.045416020 -0.080235921 0.020009723 0.995539665
1769789541750021888.000000 1.007294774 0.556197822 -0.113367766 0.045082819 -0.081158772 0.019646602 0.995487213
1769789541916677632.000000 0.984327197 0.548753917 -0.137290046 0.044740815 -0.079908945 0.019539066 0.995605886
1769789542050020608.000000 0.963680029 0.539159596 -0.151067883 0.044750564 -0.078798383 0.019655131 0.995691657
1769789542150010368.000000 0.950923145 0.526083469 -0.156573385 0.044052474 -0.079841651 0.019782707 0.995637178
1769789542283347968.000000 0.929685652 0.503924191 -0.169871107 0.042980909 -0.079115942 0.020540887 0.995726585
1769789542383340800.000000 0.915641308 0.484639257 -0.183181390 0.042188596 -0.079229571 0.022026964 0.995719671
1769789542450016768.000000 0.905709028 0.468243122 -0.192473382 0.040929489 -0.079375774 0.021673312 0.995768368
1769789542550021120.000000 0.890145183 0.441592216 -0.203511700 0.039709579 -0.079357654 0.022169588 0.995808244
1769789542583340800.000000 0.883916318 0.433423758 -0.208701655 0.039360281 -0.078706987 0.022000967 0.995877504
1769789542683351296.000000 0.866723418 0.404687226 -0.221668482 0.038215850 -0.078212187 0.023175867 0.995934367
1769789542850006272.000000 0.832024217 0.351575792 -0.234943807 0.036549639 -0.076005086 0.025144508 0.996120036
1769789542916679680.000000 0.821453750 0.332091391 -0.247417808 0.036836732 -0.075924784 0.024926338 0.996121109
1769789542983340288.000000 0.809342146 0.313996941 -0.261151552 0.037518591 -0.075328700 0.025619153 0.996123314
1769789543116681984.000000 0.776837528 0.269073278 -0.260802984 0.041923050 -0.073484004 0.024451142 0.996114850
1769789543183351040.000000 0.761050999 0.249168321 -0.259422243 0.046690915 -0.073016487 0.023485815 0.995960355
1769789543250014208.000000 0.746675611 0.233912885 -0.256888658 0.052105684 -0.072514892 0.023252716 0.995733917
1769789543316673792.000000 0.735265195 0.215017885 -0.271660626 0.056468114 -0.073132806 0.024538057 0.995419979
1769789543416676864.000000 0.725822866 0.194964722 -0.283608198 0.064300604 -0.076231286 0.025456036 0.994689047
1769789543516679680.000000 0.714180946 0.172947228 -0.293118268 0.073252961 -0.078969225 0.024277985 0.993885577
1769789543683352832.000000 0.704295218 0.133943796 -0.329456389 0.087350704 -0.088883124 0.024035780 0.991913259
1769789543750031616.000000 0.690113604 0.109542556 -0.309474081 0.091901705 -0.093953133 0.022576086 0.991068721
1769789543816683520.000000 0.688681424 0.086637564 -0.319227010 0.096818075 -0.102293983 0.022090662 0.989784956
1769789543850007552.000000 0.685573518 0.083562791 -0.304301500 0.100722559 -0.106296301 0.018898793 0.989039361
1769789543883343872.000000 0.681595385 0.075526394 -0.317054182 0.104035430 -0.110605426 0.018858613 0.988224387
1769789543950015488.000000 0.694873333 0.065022111 -0.293577462 0.110748604 -0.123560309 0.016939878 0.985992253
1769789544016674560.000000 0.708389521 0.032879137 -0.302655935 0.112766579 -0.135158494 0.016604306 0.984246016
1769789544050010112.000000 0.727399528 0.024859291 -0.308657974 0.114449084 -0.142469898 0.016502934 0.983021617
1769789544083341824.000000 0.724912465 0.020942494 -0.305713862 0.115747869 -0.146995410 0.016257811 0.982206941
1769789544116674304.000000 0.723593295 0.023451760 -0.316224068 0.117653005 -0.151100442 0.016464014 0.981353879
1769789544150015232.000000 0.723815322 0.025345061 -0.301879853 0.119183958 -0.155773312 0.016762171 0.980433047
1769789544216683008.000000 0.724607885 0.025353849 -0.307428360 0.118805550 -0.162033677 0.019933179 0.979404449
1769789544283338752.000000 0.721371353 0.027732573 -0.311735600 0.117321193 -0.164566293 0.023437705 0.979083419
1769789544316671488.000000 0.722860992 0.029728275 -0.304589510 0.115114346 -0.164740607 0.025709976 0.979259014
1769789544350010880.000000 0.721651196 0.035637219 -0.290271312 0.104821220 -0.164081275 0.026702777 0.980498254
1769789544383346176.000000 0.721142948 0.040085260 -0.254655063 0.092021346 -0.164772823 0.026477633 0.981672525
1769789544416681216.000000 0.720784485 0.043030463 -0.222995371 0.079716712 -0.164253563 0.023992492 0.982899010
1769789544483342336.000000 0.726719081 0.060507469 -0.152618587 0.063483715 -0.164157748 0.018624667 0.984212995
1769789544583350784.000000 0.714898467 0.026808998 -0.180664688 0.035870019 -0.155040264 0.014574002 0.987149179
1769789544750004224.000000 0.691873312 -0.024030365 -0.221251920 0.003520742 -0.142884150 0.011312090 0.989668489
1769789544883338752.000000 0.673339069 -0.062935367 -0.245004654 -0.011533370 -0.135720924 0.010001617 0.990629494
1769789544983342080.000000 0.683680534 -0.069744289 -0.252550006 -0.012142284 -0.135833994 0.018556111 0.990483463
1769789545116686848.000000 0.673466086 -0.073379904 -0.246222541 -0.011805950 -0.130815402 0.009699391 0.991289020
1769789545816673280.000000 0.667576611 -0.068020999 -0.219939262 0.029785154 -0.118614897 0.010912537 0.992433488
1769789547083344128.000000 0.656922460 -0.040203363 -0.216050431 0.030446902 -0.121246673 0.012616986 0.992075145
1769789547583341824.000000 0.651857555 -0.035261173 -0.229888722 0.014008409 -0.122767627 0.012472794 0.992258191
1769789547850011392.000000 0.646564662 0.068547942 -0.230265081 0.018168777 -0.122574136 0.011612749 0.992225111
1769789548116718848.000000 0.639061749 0.169437602 -0.227146208 0.025715509 -0.121770471 -0.023830125 0.991938949
1769789548383337472.000000 0.624678254 0.264185339 -0.241547152 0.039504390 -0.119624183 -0.116827987 0.985129774
1769789548783359744.000000 0.617825508 0.384936839 -0.236052692 0.055877905 -0.113014773 -0.229815200 0.965033889
1769789548983364864.000000 0.626653314 0.431857407 -0.229079708 0.061855279 -0.110336185 -0.269201070 0.954741120
1769789549150020352.000000 0.638842523 0.461062640 -0.219119295 0.065860063 -0.107387513 -0.293836832 0.947517991
1769789549350010880.000000 0.656771123 0.482378572 -0.206352681 0.068295062 -0.106628425 -0.312869102 0.941317737
1769789549550007552.000000 0.690822780 0.493677318 -0.226006955 0.070333794 -0.106797181 -0.322715938 0.937817633
1769789549716672512.000000 0.714778602 0.488498271 -0.211803496 0.070670620 -0.107283808 -0.324348122 0.937173486
1769789549950009856.000000 0.760911345 0.463476002 -0.211193830 0.067902572 -0.108990729 -0.312720209 0.941125035
1769789550116680960.000000 0.798476696 0.432934225 -0.197554797 0.064834811 -0.111157104 -0.293609738 0.947224319
1769789550283344896.000000 0.840225816 0.388923347 -0.183558330 0.059581541 -0.114105992 -0.263162673 0.956125140
1769789550350010112.000000 0.862543464 0.370432228 -0.185862422 0.057423718 -0.115868978 -0.245398030 0.960758388
1769789550416669696.000000 0.885230124 0.352316618 -0.187690526 0.055261284 -0.116956636 -0.224950805 0.965745568
1769789550483335680.000000 0.912880003 0.333657712 -0.186566234 0.053330928 -0.119685762 -0.202156901 0.970548153
1769789550550006272.000000 0.931512535 0.313161463 -0.195295304 0.051547471 -0.118576050 -0.185506359 0.974099576
1769789550650004224.000000 0.971310019 0.284369051 -0.217078164 0.050549030 -0.118641131 -0.164208680 0.977959454
1769789550783348480.000000 1.009814978 0.252589315 -0.229778171 0.056746606 -0.115146860 -0.147328079 0.980721951
1769789550983352832.000000 1.043654084 0.220515147 -0.246818960 0.082896978 -0.098530926 -0.146280706 0.980827093
1769789551116687872.000000 1.051371455 0.211266160 -0.240097985 0.103786714 -0.080361106 -0.144112721 0.980816960
1769789551283343104.000000 1.062056661 0.211812869 -0.237096682 0.134109497 -0.056573413 -0.138816133 0.979563296
1769789551416676608.000000 1.077115059 0.211187646 -0.252149671 0.153047323 -0.032612532 -0.135855600 0.978292465
1769789551550008320.000000 1.136423349 0.165525302 -0.271564364 0.155567899 -0.020902501 -0.128802463 0.979168892
1769789551683342848.000000 1.178897142 0.108715832 -0.239826471 0.153007850 -0.004073593 -0.123626098 0.980453312
1769789551816681472.000000 1.230639458 0.055391319 -0.200829834 0.146890908 0.005467998 -0.120647117 0.981752217
1769789551916675840.000000 1.260333061 0.026037848 -0.202611089 0.136982337 0.005407641 -0.119884402 0.983277321
1769789551950032640.000000 1.262635827 0.026934430 -0.200486153 0.125607058 0.003972208 -0.119048901 0.984903276
1769789552050002944.000000 1.289517045 0.029855508 -0.215687558 0.088852793 -0.015334425 -0.116566211 0.989081562
1769789552216669184.000000 1.331366062 0.007522210 -0.210790575 0.049025252 -0.046359878 -0.087814458 0.993849039
1769789552383338496.000000 1.357835531 -0.017294787 -0.212702274 0.021640599 -0.067837626 -0.061283983 0.995577216
1769789552616676096.000000 1.416411281 -0.041792471 -0.190047756 0.008060108 -0.091433518 -0.028496101 0.995370746
1769789552916671488.000000 1.455520749 -0.058009129 -0.189980015 0.017204378 -0.104059182 -0.010560923 0.994366229
1769789553150001152.000000 1.470123053 -0.056834776 -0.207349166 0.038941488 -0.104314916 -0.005600794 0.993765891
1769789553483340544.000000 1.492892027 -0.053982224 -0.216863632 0.062188748 -0.105269440 -0.000498374 0.992497206
1769789553916689664.000000 1.517650127 -0.055796966 -0.216578022 0.072778694 -0.106177658 0.007920538 0.991648555
1769789554350008832.000000 1.542729974 0.002457751 -0.193792731 0.081986129 -0.105839424 0.006980583 0.990973055
1769789554616673280.000000 1.547005653 0.020513047 -0.187761411 0.079815142 -0.104989447 0.010633004 0.991208196
1769789554883333120.000000 1.552763820 0.051144440 -0.181861982 0.076876134 -0.104572594 0.011667088 0.991472900
1769789555083333120.000000 1.552301049 0.077858366 -0.176353425 0.074001394 -0.103868783 0.012376674 0.991756976
1769789555283341824.000000 1.550847769 0.114850640 -0.173789322 0.072160468 -0.103294484 0.012065980 0.991956413
1769789555583365632.000000 1.549739361 0.153271943 -0.165604219 0.066125989 -0.103540123 0.013365614 0.992334723
1769789555850022656.000000 1.540038228 0.197694272 -0.165523231 0.062496044 -0.103184730 0.012536559 0.992617786
1769789556150018304.000000 1.539480209 0.221146539 -0.165938020 0.055826146 -0.107029922 0.017435689 0.992534161
1769789556383357440.000000 1.522686362 0.260494381 -0.172080696 0.054333348 -0.106600851 0.013975832 0.992717922
1769789556550016256.000000 1.504246116 0.287522644 -0.177448168 0.053909827 -0.105083033 0.009687964 0.992953897
1769789556716715520.000000 1.482946157 0.313186258 -0.186672822 0.054272663 -0.103770487 0.006274531 0.993099630
1769789556916696320.000000 1.456389546 0.330593050 -0.199640960 0.052817382 -0.101993740 0.001947968 0.993380010
1769789557083360256.000000 1.435354590 0.339657485 -0.207794219 0.051874984 -0.100706473 -0.000629561 0.993562698
1769789557283364096.000000 1.407840848 0.340839446 -0.220003158 0.050312944 -0.099983312 -0.002864626 0.993712127
1769789557483374080.000000 1.381152749 0.334473729 -0.236484602 0.049771748 -0.099207580 -0.003669632 0.993814468
1769789557616695296.000000 1.365304828 0.325170219 -0.254040182 0.049205430 -0.098993689 -0.004343745 0.993861318
1769789557850025216.000000 1.328454375 0.295444608 -0.276150435 0.048427168 -0.099117577 -0.002687213 0.993893027
1769789557983368192.000000 1.308358192 0.268900186 -0.294893771 0.046429459 -0.099048428 -0.002244713 0.993996322
1769789558116694272.000000 1.291021466 0.236345574 -0.314464360 0.044392880 -0.099514626 -0.000204693 0.994045317
1769789558250022400.000000 1.272256732 0.201467380 -0.338389814 0.042792000 -0.099298753 0.002584781 0.994133770
1769789558450024704.000000 1.248341799 0.175352648 -0.357709289 0.046797626 -0.098854870 0.002079144 0.993998706
1769789558650022144.000000 1.242082238 0.140269816 -0.411367685 0.057244465 -0.103872478 0.013469054 0.992850542
1769789558750023424.000000 1.239870071 0.122544326 -0.443134308 0.066699080 -0.107001781 0.020289533 0.991811574
1769789558850017792.000000 1.242268085 0.107970990 -0.468227029 0.077098928 -0.111166276 0.026413303 0.990454495
1769789558950020608.000000 1.238043427 0.096941888 -0.483482838 0.088807032 -0.116460957 0.031687658 0.988709271
1769789559083364608.000000 1.242859483 0.093052164 -0.502233207 0.106143601 -0.124787465 0.040587295 0.985654294
1769789559183363840.000000 1.249990702 0.105709247 -0.509268224 0.123317420 -0.130959287 0.048089806 0.982511997
1769789559316690944.000000 1.239695787 0.090794459 -0.514611244 0.134116217 -0.140396520 0.039108627 0.980189860
1769789559416743424.000000 1.204337478 0.057342473 -0.515762329 0.137479141 -0.142389759 0.023255177 0.979940772
1769789559483355648.000000 1.201135039 0.055833634 -0.515692592 0.144806579 -0.151841164 0.021787759 0.977497101
1769789559550017024.000000 1.216884017 0.075206563 -0.521217287 0.158291250 -0.167191461 0.022875030 0.972865701
1769789559683361792.000000 1.234829545 0.034533020 -0.554082930 0.152723789 -0.191389561 0.018246885 0.969387710
1769789559750026240.000000 1.231767893 0.031953756 -0.555194855 0.153729275 -0.198888376 0.019876650 0.967685759
1769789559783400448.000000 1.228651643 0.032243602 -0.549716949 0.154353097 -0.201999724 0.021249348 0.966912448
1769789559816705024.000000 1.228186727 0.031717446 -0.548675656 0.153930083 -0.204339162 0.023299828 0.966440976
1769789559916716544.000000 1.218207836 0.011116855 -0.561421871 0.141564175 -0.203293160 0.015837776 0.968700469
1769789559950051584.000000 1.217514873 0.013597351 -0.548073173 0.130575359 -0.203540131 0.018837428 0.970137477
1769789559983376384.000000 1.218224406 0.010910833 -0.545761168 0.116950370 -0.202310473 0.018566545 0.972136021
1769789560016705536.000000 1.218941927 0.027324712 -0.517411351 0.109636478 -0.202112988 0.021015989 0.972979188
1769789560083349248.000000 1.220819473 0.024164936 -0.517903149 0.092517510 -0.199562326 0.023779619 0.975217879
1769789560316695296.000000 1.281911612 0.105797127 -0.547125101 0.087771423 -0.209305942 0.055515893 0.972319484
1769789560583349760.000000 1.317797303 0.181837410 -0.562353134 0.101178929 -0.215809733 0.071665071 0.968531430
1769789560883348992.000000 1.307192326 0.195386797 -0.563729823 0.114060625 -0.206504896 0.069250166 0.969304085
1769789561716690688.000000 1.309678197 0.194586560 -0.570389271 0.142923430 -0.195738271 0.077030644 0.967122436
1769789562550014208.000000 1.315961242 0.069198012 -0.605557382 0.096421503 -0.190019026 0.096530177 0.972253859
1769789562850029312.000000 1.296224236 0.211090848 -0.591609061 0.132655933 -0.188291222 0.070086330 0.970585763
1769789563050015232.000000 1.297670603 0.249076158 -0.588707209 0.132667348 -0.187801763 0.068985611 0.970757902
1769789563250024448.000000 1.289770007 0.282336593 -0.579882801 0.132348120 -0.186981574 0.069828033 0.970899522
1769789563516679424.000000 1.301393270 0.328147352 -0.563707411 0.132644847 -0.187243566 0.070171565 0.970783770
1769789563716697600.000000 1.313735485 0.357545257 -0.544048905 0.132937834 -0.187756434 0.070111461 0.970649004
1769789563983362816.000000 1.327478170 0.385803074 -0.529054403 0.132783547 -0.187903956 0.069686010 0.970672250
1769789564250021888.000000 1.343505502 0.407389402 -0.516339242 0.132773727 -0.187829316 0.069047548 0.970733583
1769789564550035200.000000 1.364574909 0.420231998 -0.503905177 0.132391453 -0.188590080 0.068936348 0.970646203
1769789564850012416.000000 1.386653900 0.425143600 -0.494105488 0.132100210 -0.189010993 0.069472395 0.970565796
1769789565183343872.000000 1.407385826 0.423576713 -0.484198570 0.132330731 -0.189754575 0.069412947 0.970393538
1769789565383343360.000000 1.419746518 0.420026302 -0.482148051 0.131757975 -0.189915910 0.069165073 0.970457613
1769789565650018304.000000 1.430456638 0.414854795 -0.476178825 0.132412031 -0.189982399 0.068979181 0.970368803
1769789565950018560.000000 1.442031503 0.410027832 -0.475286722 0.132650211 -0.190767914 0.068300664 0.970230162
1769789566216678400.000000 1.449880481 0.405698270 -0.473940790 0.133296162 -0.191595301 0.068055309 0.969995797
1769789566550014464.000000 1.457391858 0.401461124 -0.469459146 0.133086771 -0.192693323 0.068041742 0.969807982
1769789567050013440.000000 1.464594841 0.398944855 -0.464735240 0.131739959 -0.193885818 0.067504108 0.969791770
1769789568283357952.000000 1.465356469 0.398902565 -0.464165390 0.132308811 -0.194591671 0.067560740 0.969568968
1769789568650031104.000000 1.471359253 0.401607126 -0.448790252 0.133297801 -0.195598975 0.067013957 0.969268739
1769789569216718336.000000 1.471503139 0.399033427 -0.461297035 0.132495999 -0.195327669 0.067293316 0.969414055
1769789569850006016.000000 1.465465188 0.397368789 -0.482274771 0.131290436 -0.194099814 0.069357999 0.969679117
