1770034310273343232.000000 0.000000000 0.000000000 0.000000000 -0.000000000 -0.000000000 -0.000000000 1.000000000
1770034310340009472.000000 -0.000193503 0.000072362 0.000036419 -0.000133654 0.001084830 0.001643401 0.999998033
1770034310373344000.000000 -0.000285643 -0.000009405 -0.000142923 0.000062986 0.000861525 0.001509415 0.999998510
1770034310406676224.000000 -0.000223764 -0.000024687 -0.000198079 -0.000063314 0.000692875 0.001306931 0.999998927
1770034310473344256.000000 -0.000240449 -0.000159187 -0.000343131 -0.000048614 0.000611290 0.000925707 0.999999404
1770034310573343488.000000 -0.000233764 -0.000086118 -0.000087830 -0.000110192 0.000651760 0.001184925 0.999999106
1770034310706676480.000000 -0.000194952 -0.000018063 0.000030719 -0.000146305 0.000589308 0.000571361 0.999999642
1770034311173342464.000000 -0.000099046 -0.000076715 0.000176733 -0.000545250 0.000414798 0.000548693 0.999999642
1770034312440029696.000000 -0.000005114 0.000084756 0.000540367 -0.000342969 0.000443491 -0.000115016 0.999999881
1770034315006693888.000000 -0.000523820 0.000296261 0.000669513 0.002364351 0.007525217 -0.002677719 0.999965310
1770034319806652928.000000 0.000871494 0.000045031 0.002691320 0.004253915 -0.005035165 -0.011746683 0.999909282
1770034320706651392.000000 0.000796887 0.000446793 0.001087877 0.006087334 -0.015204196 0.000386172 0.999865830
1770034323706650368.000000 -0.000179929 0.000085715 0.000407059 0.012415362 0.052010287 -0.031885348 0.998060167
1770034323973316608.000000 -0.000275599 0.000588922 0.001096674 -0.003573169 0.048273683 -0.021135926 0.998604119
1770034324439982592.000000 -0.000974354 0.001377448 0.001788109 0.007977364 0.055014174 -0.013094201 0.998367846
1770034325239981056.000000 -0.001294059 0.000273892 0.000551682 0.010946946 0.062507257 -0.014314619 0.997881830
1770034326373316352.000000 -0.003683038 -0.003583349 -0.002574891 -0.029887136 0.062671565 0.005461311 0.997571707
1770034327139946496.000000 -0.003774011 -0.003900803 -0.001850379 -0.032394975 0.050163589 0.007410585 0.998188019
1770034328573280000.000000 -0.000655547 0.001043879 -0.000261917 0.045923423 -0.022711702 -0.007246036 0.998660505
1770034329073280256.000000 -0.000046042 0.001432166 0.001616625 0.009334843 -0.013516346 -0.004945426 0.999852896
1770034329239945216.000000 0.000418004 0.001798136 0.002130819 0.009547520 -0.014805237 -0.006627929 0.999822855
1770034330439944448.000000 0.001183055 0.001076835 0.001492366 0.014209460 -0.017828586 0.001621240 0.999738753
1770034330739944192.000000 0.000927893 0.000539226 0.001232288 0.005732653 -0.017631991 0.005142812 0.999814868
1770034331173278976.000000 0.000801769 -0.000462614 0.000767305 -0.008377743 -0.014655242 0.000413254 0.999857485
1770034331673277696.000000 -0.000163492 -0.001702263 -0.000573438 -0.025692137 -0.009610305 -0.067610547 0.997334659
1770034333106610176.000000 -0.000887812 0.000077612 -0.000863913 0.023881521 0.044539701 -0.037801407 0.998006523
1770034333239942912.000000 -0.000907900 0.000483249 -0.000150147 0.030804854 0.055143327 -0.036269993 0.997343898
1770034333306609920.000000 -0.001121307 0.000952136 0.000137211 0.034304056 0.060411889 -0.036742415 0.996907055
1770034333439942656.000000 -0.001357077 0.001566086 0.000546867 0.038315613 0.064945266 -0.038717378 0.996401072
1770034333573276416.000000 -0.001859180 0.002445686 0.001218024 0.029455582 0.063560359 -0.034383610 0.996950448
1770034334306609152.000000 -0.003419431 0.004223192 0.003777301 0.019127622 0.066058919 -0.011841089 0.997562110
1770034335173289984.000000 -0.005767631 0.003208385 0.001839131 0.023490686 0.077871896 -0.015776189 0.996561706
1770034335539955712.000000 -0.005694874 0.002218675 0.000896854 0.009797584 0.077502526 -0.016961552 0.996799707
1770034336273289984.000000 -0.006804087 -0.002510916 -0.000729770 -0.023572849 0.076450534 0.005054201 0.996781886
1770034337006622464.000000 -0.005927354 -0.003384737 -0.001468068 -0.029886542 0.060719889 0.008730764 0.997669160
1770034337606621696.000000 -0.003799771 -0.002584899 -0.001139659 -0.011483652 0.038811661 0.004964699 0.999168217
1770034337906621696.000000 -0.002800338 -0.001193690 -0.001411724 0.013934474 0.021628104 -0.003707401 0.999662101
1770034338239953920.000000 -0.001280191 0.000513936 -0.001227167 0.039431781 -0.010404509 -0.009518001 0.999122798
1770034338406621184.000000 -0.000819912 0.001355479 -0.000881039 0.047231529 -0.020990212 -0.007982177 0.998631537
1770034338706621952.000000 0.000581115 0.002464486 0.000591669 0.032431021 -0.021464884 -0.003941690 0.999235690
1770034339439953408.000000 0.001014014 0.001920633 0.002558954 0.018507771 -0.015379841 -0.005921534 0.999692917
1770034339739953408.000000 0.001524847 0.001559675 0.002349224 0.019907717 -0.017309478 -0.002505032 0.999648869
1770034339973288448.000000 0.001582795 0.001365721 0.001966571 0.019282101 -0.019082548 -0.000290620 0.999631941
1770034340306619904.000000 0.001337480 0.000918987 0.001584799 0.013613272 -0.019032937 0.001081182 0.999725580
1770034340706619904.000000 0.001042363 -0.000074462 0.000831909 0.000340626 -0.019106215 0.002807267 0.999813497
1770034341339951872.000000 0.001162959 -0.000900896 -0.001274195 -0.019636707 -0.016013252 -0.026464880 0.999328554
1770034341706618880.000000 -0.000458619 -0.000850744 -0.002427192 -0.030484660 -0.011947967 -0.083558798 0.995964825
1770034342473293824.000000 -0.000660604 -0.000434756 -0.000715050 -0.009040521 0.011507107 -0.043856341 0.998930693
1770034343206624512.000000 -0.001226365 0.001121207 0.000165602 0.035310585 0.060895201 -0.035765763 0.996878028
1770034343373290752.000000 -0.001462507 0.001747791 0.000766174 0.039532922 0.064446427 -0.040194396 0.996327400
1770034343539956736.000000 -0.001789536 0.002339596 0.001537867 0.019713765 0.061550539 -0.032435637 0.997381985
1770034343839956736.000000 -0.002452120 0.003386594 0.002796167 0.008476226 0.061170612 -0.021174429 0.997866690
1770034344173289728.000000 -0.003099808 0.004599946 0.003112639 0.016013643 0.063915089 -0.024745611 0.997519970
1770034344339956480.000000 -0.003268408 0.004864007 0.002808474 0.023360295 0.065839961 -0.026492899 0.997204840
1770034344906623488.000000 -0.004814537 0.003947697 0.001500153 0.025364574 0.073322266 -0.024452617 0.996685803
1770034345339955456.000000 -0.005748935 0.002240121 0.001257345 0.012133975 0.078434259 -0.018242618 0.996678531
1770034345706622976.000000 -0.006934429 -0.000221976 0.000277408 -0.005933814 0.081338137 -0.008346135 0.996634007
1770034346206621696.000000 -0.007081455 -0.002975671 0.000297490 -0.026917515 0.078040920 0.003485537 0.996580601
1770034347606621440.000000 -0.003093356 -0.002423650 -0.001590103 -0.005844626 0.031902086 0.000375361 0.999473870
1770034348006621696.000000 -0.001906836 -0.000416495 -0.001485274 0.029594010 0.001790250 -0.007355413 0.999533355
1770034348439953664.000000 -0.000384159 0.001950845 -0.000086382 0.051258121 -0.022481808 -0.002826492 0.998428404
1770034348673287424.000000 0.000660210 0.002459960 0.001143897 0.025852926 -0.020241017 -0.002236288 0.999458313
1770034349106620672.000000 0.000448336 0.002180988 0.002155612 0.012146130 -0.014589934 -0.006361296 0.999799550
1770034350339941120.000000 0.001207101 0.000577943 0.001181214 0.010078394 -0.019196086 0.002643693 0.999761462
1770034350473277184.000000 0.001130197 0.000334510 0.001096604 0.005408820 -0.018821657 0.004083392 0.999799907
1770034351206608896.000000 0.000795348 -0.002976456 0.000191332 -0.026385026 -0.014188845 -0.010771346 0.999493122
1770034351573274880.000000 0.000150255 -0.004087782 -0.000398451 -0.039587036 -0.013054123 -0.074857734 0.996322632
1770034352239940352.000000 -0.000823909 -0.002127448 -0.001666906 -0.023367122 0.005144366 -0.039515108 0.998932481
1770034354206605312.000000 -0.003337308 0.004649228 0.003278797 0.021840848 0.066647515 -0.024836686 0.997228265
1770034354939938304.000000 -0.005646504 0.003472478 0.000958928 0.022775110 0.076673754 -0.021686403 0.996560156
1770034355239938048.000000 -0.005773134 0.002373472 0.001442371 0.012790391 0.078523375 -0.018945964 0.996650159
1770034355706605824.000000 -0.006958396 -0.000720212 0.000261921 -0.010663374 0.081293181 -0.006218352 0.996613801
1770034356273271808.000000 -0.007241180 -0.003965113 -0.000664855 -0.032246113 0.075384103 0.007189615 0.996607125
1770034356873271296.000000 -0.005849294 -0.003915085 -0.001211137 -0.032064795 0.058447585 0.008413376 0.997739911
1770034358139932416.000000 -0.000831418 0.000990701 -0.000680580 0.044807453 -0.018274326 -0.009786367 0.998780549
1770034358206599680.000000 -0.000760226 0.001112772 -0.000506719 0.046443466 -0.020876927 -0.008251736 0.998668671
