1770034310.273343 0.0000000 0.0000000 0.0000000 -0.0000000 -0.0000000 -0.0000000 1.0000000
1770034310.340009 -0.0001935 0.0000724 0.0000364 -0.0001337 0.0010848 0.0016434 0.9999980
1770034310.373344 -0.0002856 -0.0000094 -0.0001429 0.0000630 0.0008615 0.0015094 0.9999985
1770034310.406676 -0.0002238 -0.0000247 -0.0001981 -0.0000633 0.0006929 0.0013069 0.9999989
1770034310.473344 -0.0002404 -0.0001592 -0.0003431 -0.0000486 0.0006113 0.0009257 0.9999994
1770034310.573344 -0.0002338 -0.0000861 -0.0000878 -0.0001102 0.0006518 0.0011849 0.9999991
1770034310.706676 -0.0001950 -0.0000181 0.0000307 -0.0001463 0.0005893 0.0005714 0.9999996
1770034311.173342 -0.0000990 -0.0000767 0.0001767 -0.0005452 0.0004148 0.0005487 0.9999996
1770034312.440030 -0.0000051 0.0000848 0.0005404 -0.0003430 0.0004435 -0.0001150 0.9999999
1770034315.006694 -0.0005238 0.0002963 0.0006695 0.0023644 0.0075252 -0.0026777 0.9999653
1770034319.806653 0.0008715 0.0000450 0.0026913 0.0042539 -0.0050352 -0.0117467 0.9999093
1770034320.706651 0.0007969 0.0004468 0.0010879 0.0060873 -0.0152042 0.0003862 0.9998658
1770034323.706650 -0.0001799 0.0000857 0.0004071 0.0124154 0.0520103 -0.0318853 0.9980602
1770034323.973317 -0.0002756 0.0005889 0.0010967 -0.0035732 0.0482737 -0.0211359 0.9986041
1770034324.439983 -0.0009744 0.0013774 0.0017881 0.0079774 0.0550142 -0.0130942 0.9983678
1770034325.239981 -0.0012941 0.0002739 0.0005517 0.0109469 0.0625073 -0.0143146 0.9978818
1770034326.373316 -0.0036830 -0.0035833 -0.0025749 -0.0298871 0.0626716 0.0054613 0.9975717
1770034327.139946 -0.0037740 -0.0039008 -0.0018504 -0.0323950 0.0501636 0.0074106 0.9981880
1770034328.573280 -0.0006555 0.0010439 -0.0002619 0.0459234 -0.0227117 -0.0072460 0.9986605
1770034329.073280 -0.0000460 0.0014322 0.0016166 0.0093348 -0.0135163 -0.0049454 0.9998529
1770034329.239945 0.0004180 0.0017981 0.0021308 0.0095475 -0.0148052 -0.0066279 0.9998229
1770034330.439945 0.0011831 0.0010768 0.0014924 0.0142095 -0.0178286 0.0016212 0.9997388
1770034330.739944 0.0009279 0.0005392 0.0012323 0.0057327 -0.0176320 0.0051428 0.9998149
1770034331.173279 0.0008018 -0.0004626 0.0007673 -0.0083777 -0.0146552 0.0004133 0.9998575
1770034331.673278 -0.0001635 -0.0017023 -0.0005734 -0.0256921 -0.0096103 -0.0676105 0.9973347
1770034333.106610 -0.0008878 0.0000776 -0.0008639 0.0238815 0.0445397 -0.0378014 0.9980065
1770034333.239943 -0.0009079 0.0004832 -0.0001501 0.0308049 0.0551433 -0.0362700 0.9973439
1770034333.306610 -0.0011213 0.0009521 0.0001372 0.0343041 0.0604119 -0.0367424 0.9969071
1770034333.439943 -0.0013571 0.0015661 0.0005469 0.0383156 0.0649453 -0.0387174 0.9964011
1770034333.573277 -0.0018592 0.0024457 0.0012180 0.0294556 0.0635604 -0.0343836 0.9969504
1770034334.306609 -0.0034194 0.0042232 0.0037773 0.0191276 0.0660589 -0.0118411 0.9975621
1770034335.173290 -0.0057676 0.0032084 0.0018391 0.0234907 0.0778719 -0.0157762 0.9965617
1770034335.539956 -0.0056949 0.0022187 0.0008969 0.0097976 0.0775025 -0.0169616 0.9967997
1770034336.273290 -0.0068041 -0.0025109 -0.0007298 -0.0235728 0.0764505 0.0050542 0.9967819
1770034337.006623 -0.0059274 -0.0033847 -0.0014681 -0.0298865 0.0607199 0.0087308 0.9976692
1770034337.606622 -0.0037998 -0.0025849 -0.0011397 -0.0114837 0.0388117 0.0049647 0.9991682
1770034337.906622 -0.0028003 -0.0011937 -0.0014117 0.0139345 0.0216281 -0.0037074 0.9996621
1770034338.239954 -0.0012802 0.0005139 -0.0012272 0.0394318 -0.0104045 -0.0095180 0.9991228
1770034338.406621 -0.0008199 0.0013555 -0.0008810 0.0472315 -0.0209902 -0.0079822 0.9986315
1770034338.706622 0.0005811 0.0024645 0.0005917 0.0324310 -0.0214649 -0.0039417 0.9992357
1770034339.439953 0.0010140 0.0019206 0.0025590 0.0185078 -0.0153798 -0.0059215 0.9996929
1770034339.739954 0.0015248 0.0015597 0.0023492 0.0199077 -0.0173095 -0.0025050 0.9996489
1770034339.973289 0.0015828 0.0013657 0.0019666 0.0192821 -0.0190825 -0.0002906 0.9996319
1770034340.306620 0.0013375 0.0009190 0.0015848 0.0136133 -0.0190329 0.0010812 0.9997256
1770034340.706620 0.0010424 -0.0000745 0.0008319 0.0003406 -0.0191062 0.0028073 0.9998135
1770034341.339952 0.0011630 -0.0009009 -0.0012742 -0.0196367 -0.0160133 -0.0264649 0.9993286
1770034341.706619 -0.0004586 -0.0008507 -0.0024272 -0.0304847 -0.0119480 -0.0835588 0.9959648
1770034342.473294 -0.0006606 -0.0004348 -0.0007150 -0.0090405 0.0115071 -0.0438563 0.9989307
1770034343.206625 -0.0012264 0.0011212 0.0001656 0.0353106 0.0608952 -0.0357658 0.9968780
1770034343.373291 -0.0014625 0.0017478 0.0007662 0.0395329 0.0644464 -0.0401944 0.9963274
1770034343.539957 -0.0017895 0.0023396 0.0015379 0.0197138 0.0615505 -0.0324356 0.9973820
1770034343.839957 -0.0024521 0.0033866 0.0027962 0.0084762 0.0611706 -0.0211744 0.9978667
1770034344.173290 -0.0030998 0.0045999 0.0031126 0.0160136 0.0639151 -0.0247456 0.9975200
1770034344.339957 -0.0032684 0.0048640 0.0028085 0.0233603 0.0658400 -0.0264929 0.9972048
1770034344.906624 -0.0048145 0.0039477 0.0015002 0.0253646 0.0733223 -0.0244526 0.9966858
1770034345.339956 -0.0057489 0.0022401 0.0012573 0.0121340 0.0784343 -0.0182426 0.9966785
1770034345.706623 -0.0069344 -0.0002220 0.0002774 -0.0059338 0.0813381 -0.0083461 0.9966340
1770034346.206622 -0.0070815 -0.0029757 0.0002975 -0.0269175 0.0780409 0.0034855 0.9965806
1770034347.606622 -0.0030934 -0.0024236 -0.0015901 -0.0058446 0.0319021 0.0003754 0.9994739
1770034348.006622 -0.0019068 -0.0004165 -0.0014853 0.0295940 0.0017902 -0.0073554 0.9995334
1770034348.439954 -0.0003842 0.0019508 -0.0000864 0.0512581 -0.0224818 -0.0028265 0.9984284
1770034348.673287 0.0006602 0.0024600 0.0011439 0.0258529 -0.0202410 -0.0022363 0.9994583
1770034349.106621 0.0004483 0.0021810 0.0021556 0.0121461 -0.0145899 -0.0063613 0.9997995
1770034350.339941 0.0012071 0.0005779 0.0011812 0.0100784 -0.0191961 0.0026437 0.9997615
1770034350.473277 0.0011302 0.0003345 0.0010966 0.0054088 -0.0188217 0.0040834 0.9997999
1770034351.206609 0.0007953 -0.0029765 0.0001913 -0.0263850 -0.0141888 -0.0107713 0.9994931
1770034351.573275 0.0001503 -0.0040878 -0.0003985 -0.0395870 -0.0130541 -0.0748577 0.9963226
1770034352.239940 -0.0008239 -0.0021274 -0.0016669 -0.0233671 0.0051444 -0.0395151 0.9989325
1770034354.206605 -0.0033373 0.0046492 0.0032788 0.0218408 0.0666475 -0.0248367 0.9972283
1770034354.939938 -0.0056465 0.0034725 0.0009589 0.0227751 0.0766738 -0.0216864 0.9965602
1770034355.239938 -0.0057731 0.0023735 0.0014424 0.0127904 0.0785234 -0.0189460 0.9966502
1770034355.706606 -0.0069584 -0.0007202 0.0002619 -0.0106634 0.0812932 -0.0062184 0.9966138
1770034356.273272 -0.0072412 -0.0039651 -0.0006649 -0.0322461 0.0753841 0.0071896 0.9966071
1770034356.873271 -0.0058493 -0.0039151 -0.0012111 -0.0320648 0.0584476 0.0084134 0.9977399
1770034358.139932 -0.0008314 0.0009907 -0.0006806 0.0448075 -0.0182743 -0.0097864 0.9987805
1770034358.206600 -0.0007602 0.0011128 -0.0005067 0.0464435 -0.0208769 -0.0082517 0.9986687
