1770028628929453568.000000 0.000000000 0.000000000 0.000000000 -0.000000000 -0.000000000 -0.000000000 1.000000000
1770028629196132864.000000 -0.001056906 -0.001332809 -0.002693219 -0.000130006 -0.000090716 -0.000419238 0.999999940
1770028633762840064.000000 0.091001756 -0.009937884 -0.011918103 0.002421916 0.003496087 0.001265276 0.999990165
1770028634096151040.000000 0.120342076 0.017247986 -0.009218495 0.004768487 0.007956556 0.000918548 0.999956548
1770028634362820096.000000 0.141286239 0.048096839 -0.008190318 0.005029106 0.012496794 0.000611756 0.999909103
1770028634596158720.000000 0.157690868 0.076985151 -0.007334099 0.004529538 0.016615992 0.000079604 0.999851704
1770028634896157952.000000 0.172027528 0.115290500 -0.010061118 0.003031211 0.022369819 0.000164909 0.999745190
1770028635196156416.000000 0.179680496 0.143058047 -0.009482507 0.000129741 0.026495019 -0.000515943 0.999648809
1770028635562876928.000000 0.187599063 0.157364547 -0.005952602 -0.000927256 0.027757088 -0.000562938 0.999614120
1770028636362817280.000000 0.173757851 0.089525528 -0.012800472 0.010713023 0.014267340 -0.000113924 0.999840856
1770028638596168192.000000 -0.211957172 -0.247709394 -0.003996007 -0.008270312 0.004194305 0.001941494 0.999955118
1770028638729485824.000000 -0.225856289 -0.217017323 -0.008998803 -0.005197261 0.003791535 0.000777977 0.999979019
1770028638862844160.000000 -0.234653085 -0.178760186 -0.012371424 -0.002759660 0.002991441 0.000316834 0.999991715
1770028639629522688.000000 -0.239854485 0.061429188 -0.018155072 -0.003208193 0.000558269 -0.001209803 0.999993980
1770028639929529088.000000 -0.216986284 0.137655199 -0.021543801 -0.005680835 0.001553992 -0.002210039 0.999980211
1770028640062863360.000000 -0.210911348 0.163932607 -0.023053704 -0.008246626 0.002772775 -0.028812116 0.999547005
1770028642662852864.000000 0.336877584 -0.210098356 0.015414581 -0.038581412 0.040209975 0.002912875 0.998441875
1770028642829523456.000000 0.372749299 -0.228183120 0.017564921 -0.035161123 0.035442468 0.007338102 0.998726070
1770028642996200960.000000 0.402076900 -0.247587785 0.014448240 -0.025817847 0.032759182 0.008231691 0.999095857
1770028643196190464.000000 0.430683583 -0.245061934 0.012003000 -0.015360207 0.030461876 0.008497152 0.999381781
1770028643496195840.000000 0.459283173 -0.212503836 0.007937991 -0.006227850 0.028973827 0.007991523 0.999528825
1770028643796188672.000000 0.476549268 -0.147392064 0.003248910 0.000092910 0.029892733 0.006409247 0.999532580
1770028644096186880.000000 0.480136037 -0.059701942 -0.000652189 0.001717816 0.030544300 0.004613236 0.999521315
1770028644396224256.000000 0.467020124 0.043210227 0.000942708 0.002701242 0.032547627 0.002307304 0.999463856
1770028644662924032.000000 0.449947864 0.111262918 0.000162322 -0.000234660 0.032670379 0.000677653 0.999465942
1770028644929542656.000000 0.421971262 0.181451455 0.001449054 -0.000264957 0.032353707 -0.000242794 0.999476433
1770028645129517056.000000 0.399232060 0.208303690 -0.002830596 -0.001668952 0.030787231 -0.001598853 0.999523282
1770028645362856960.000000 0.370839506 0.218791097 -0.006880305 -0.002949397 0.027731514 -0.002234303 0.999608576
1770028645829518592.000000 0.288179100 0.190974116 -0.009848309 0.002389909 0.023372332 -0.002475282 0.999720931
1770028646162856704.000000 0.227149308 0.141848922 -0.011517260 0.014409528 0.017315149 -0.002540199 0.999743044
1770028648162851584.000000 -0.165498257 -0.286743134 -0.006422408 -0.010991395 -0.007623025 0.003543167 0.999904275
1770028649829531904.000000 -0.216871127 0.138801143 -0.020132197 -0.004748603 0.000440675 -0.002499349 0.999985516
1770028650262854912.000000 -0.188073188 0.202308610 -0.019342516 -0.011861742 0.005064224 -0.078912564 0.996798098
1770028650462849024.000000 -0.155599937 0.205549777 -0.017119329 -0.011075793 0.007467408 -0.078594409 0.996817172
1770028652296178688.000000 0.274274617 -0.174016163 0.003997741 -0.021968311 0.052286848 -0.008607261 0.998353362
1770028656562893312.000000 0.143686458 0.000144683 -0.049629405 0.056243390 -0.019436207 -0.006683339 0.998205543
1770028656729542400.000000 0.110086583 -0.063701935 -0.056734778 0.063265644 -0.039270032 -0.005807281 0.997206926
1770028659862863616.000000 -0.211762130 0.164717093 -0.024444988 -0.007632495 0.001927523 -0.031040490 0.999487162
1770028660196213504.000000 -0.183242992 0.203199938 -0.019496359 -0.012443216 0.005388753 -0.081253536 0.996601224
1770028661029536512.000000 -0.008871550 0.110055923 -0.019282404 0.010023482 0.019871194 -0.037469517 0.999049902
1770028666496204544.000000 0.136505216 -0.012764025 -0.050666284 0.058147587 -0.023657911 -0.006672376 0.998005331
1770028666629541632.000000 0.109306782 -0.063433759 -0.055792671 0.063574545 -0.039448835 -0.005873330 0.997179806
1770028667062896128.000000 0.015902689 -0.190664768 -0.026349109 0.027301813 -0.039468057 0.005482704 0.998832762
1770028670096220160.000000 -0.183445558 0.204017043 -0.020293484 -0.012275245 0.005453576 -0.081495807 0.996583164
1770028670829569536.000000 -0.028020116 0.129934117 -0.016195511 0.002811810 0.015189117 -0.038664695 0.999132812
1770028670996242944.000000 0.001927014 0.096128374 -0.020737266 0.016331209 0.024590202 -0.037288941 0.998868465
1770028671929600768.000000 0.227049470 -0.153537154 -0.011313401 0.000765275 0.064296566 -0.018632170 0.997756600
1770028675296219136.000000 0.333332032 0.214474425 -0.009806730 -0.000852756 0.025301743 -0.002479229 0.999676466
1770028676462906112.000000 0.123694316 -0.044047058 -0.060282327 0.061017137 -0.032186840 -0.006025438 0.997599423
1770028676662883840.000000 0.076534733 -0.116397001 -0.058346689 0.063974172 -0.050031267 -0.004270711 0.996687472
1770028676896216832.000000 0.030917784 -0.184102833 -0.044422779 0.050631352 -0.042000249 0.002634992 0.997830451
1770028677229569536.000000 -0.040365010 -0.222742319 -0.015276009 -0.009325286 -0.024408495 0.004520680 0.999648392
1770028678729560320.000000 -0.138036102 -0.105664738 -0.014585038 -0.001181959 -0.001685289 0.000915312 0.999997497
1770028679396247040.000000 -0.092451245 -0.006778495 -0.016834533 -0.001512185 0.000886465 -0.000730640 0.999998212
