1770028628.929454 0.0000000 0.0000000 0.0000000 -0.0000000 -0.0000000 -0.0000000 1.0000000
1770028629.196133 -0.0010569 -0.0013328 -0.0026932 -0.0001300 -0.0000907 -0.0004192 0.9999999
1770028633.762840 0.0910018 -0.0099379 -0.0119181 0.0024219 0.0034961 0.0012653 0.9999902
1770028634.096151 0.1203421 0.0172480 -0.0092185 0.0047685 0.0079566 0.0009185 0.9999565
1770028634.362820 0.1412862 0.0480968 -0.0081903 0.0050291 0.0124968 0.0006118 0.9999091
1770028634.596159 0.1576909 0.0769852 -0.0073341 0.0045295 0.0166160 0.0000796 0.9998517
1770028634.896158 0.1720275 0.1152905 -0.0100611 0.0030312 0.0223698 0.0001649 0.9997452
1770028635.196157 0.1796805 0.1430580 -0.0094825 0.0001297 0.0264950 -0.0005159 0.9996488
1770028635.562877 0.1875991 0.1573645 -0.0059526 -0.0009273 0.0277571 -0.0005629 0.9996141
1770028636.362817 0.1737579 0.0895255 -0.0128005 0.0107130 0.0142673 -0.0001139 0.9998409
1770028638.596168 -0.2119572 -0.2477094 -0.0039960 -0.0082703 0.0041943 0.0019415 0.9999551
1770028638.729486 -0.2258563 -0.2170173 -0.0089988 -0.0051973 0.0037915 0.0007780 0.9999790
1770028638.862844 -0.2346531 -0.1787602 -0.0123714 -0.0027597 0.0029914 0.0003168 0.9999917
1770028639.629523 -0.2398545 0.0614292 -0.0181551 -0.0032082 0.0005583 -0.0012098 0.9999940
1770028639.929529 -0.2169863 0.1376552 -0.0215438 -0.0056808 0.0015540 -0.0022100 0.9999802
1770028640.062863 -0.2109113 0.1639326 -0.0230537 -0.0082466 0.0027728 -0.0288121 0.9995470
1770028642.662853 0.3368776 -0.2100984 0.0154146 -0.0385814 0.0402100 0.0029129 0.9984419
1770028642.829524 0.3727493 -0.2281831 0.0175649 -0.0351611 0.0354425 0.0073381 0.9987261
1770028642.996201 0.4020769 -0.2475878 0.0144482 -0.0258178 0.0327592 0.0082317 0.9990959
1770028643.196190 0.4306836 -0.2450619 0.0120030 -0.0153602 0.0304619 0.0084972 0.9993818
1770028643.496196 0.4592832 -0.2125038 0.0079380 -0.0062278 0.0289738 0.0079915 0.9995288
1770028643.796189 0.4765493 -0.1473921 0.0032489 0.0000929 0.0298927 0.0064092 0.9995326
1770028644.096187 0.4801360 -0.0597019 -0.0006522 0.0017178 0.0305443 0.0046132 0.9995213
1770028644.396224 0.4670201 0.0432102 0.0009427 0.0027012 0.0325476 0.0023073 0.9994639
1770028644.662924 0.4499479 0.1112629 0.0001623 -0.0002347 0.0326704 0.0006777 0.9994659
1770028644.929543 0.4219713 0.1814515 0.0014491 -0.0002650 0.0323537 -0.0002428 0.9994764
1770028645.129517 0.3992321 0.2083037 -0.0028306 -0.0016690 0.0307872 -0.0015989 0.9995233
1770028645.362857 0.3708395 0.2187911 -0.0068803 -0.0029494 0.0277315 -0.0022343 0.9996086
1770028645.829519 0.2881791 0.1909741 -0.0098483 0.0023899 0.0233723 -0.0024753 0.9997209
1770028646.162857 0.2271493 0.1418489 -0.0115173 0.0144095 0.0173151 -0.0025402 0.9997430
1770028648.162852 -0.1654983 -0.2867431 -0.0064224 -0.0109914 -0.0076230 0.0035432 0.9999043
1770028649.829532 -0.2168711 0.1388011 -0.0201322 -0.0047486 0.0004407 -0.0024993 0.9999855
1770028650.262855 -0.1880732 0.2023086 -0.0193425 -0.0118617 0.0050642 -0.0789126 0.9967981
1770028650.462849 -0.1555999 0.2055498 -0.0171193 -0.0110758 0.0074674 -0.0785944 0.9968172
1770028652.296179 0.2742746 -0.1740162 0.0039977 -0.0219683 0.0522868 -0.0086073 0.9983534
1770028656.562893 0.1436865 0.0001447 -0.0496294 0.0562434 -0.0194362 -0.0066833 0.9982055
1770028656.729542 0.1100866 -0.0637019 -0.0567348 0.0632656 -0.0392700 -0.0058073 0.9972069
1770028659.862864 -0.2117621 0.1647171 -0.0244450 -0.0076325 0.0019275 -0.0310405 0.9994872
1770028660.196213 -0.1832430 0.2031999 -0.0194964 -0.0124432 0.0053888 -0.0812535 0.9966012
1770028661.029536 -0.0088715 0.1100559 -0.0192824 0.0100235 0.0198712 -0.0374695 0.9990499
1770028666.496205 0.1365052 -0.0127640 -0.0506663 0.0581476 -0.0236579 -0.0066724 0.9980053
1770028666.629542 0.1093068 -0.0634338 -0.0557927 0.0635745 -0.0394488 -0.0058733 0.9971798
1770028667.062896 0.0159027 -0.1906648 -0.0263491 0.0273018 -0.0394681 0.0054827 0.9988328
1770028670.096220 -0.1834456 0.2040170 -0.0202935 -0.0122752 0.0054536 -0.0814958 0.9965832
1770028670.829570 -0.0280201 0.1299341 -0.0161955 0.0028118 0.0151891 -0.0386647 0.9991328
1770028670.996243 0.0019270 0.0961284 -0.0207373 0.0163312 0.0245902 -0.0372889 0.9988685
1770028671.929601 0.2270495 -0.1535372 -0.0113134 0.0007653 0.0642966 -0.0186322 0.9977566
1770028675.296219 0.3333320 0.2144744 -0.0098067 -0.0008528 0.0253017 -0.0024792 0.9996765
1770028676.462906 0.1236943 -0.0440471 -0.0602823 0.0610171 -0.0321868 -0.0060254 0.9975994
1770028676.662884 0.0765347 -0.1163970 -0.0583467 0.0639742 -0.0500313 -0.0042707 0.9966875
1770028676.896217 0.0309178 -0.1841028 -0.0444228 0.0506314 -0.0420002 0.0026350 0.9978305
1770028677.229569 -0.0403650 -0.2227423 -0.0152760 -0.0093253 -0.0244085 0.0045207 0.9996484
1770028678.729560 -0.1380361 -0.1056647 -0.0145850 -0.0011820 -0.0016853 0.0009153 0.9999975
1770028679.396247 -0.0924512 -0.0067785 -0.0168345 -0.0015122 0.0008865 -0.0007306 0.9999982
