1769791275.003654 0.0000000 0.0000000 0.0000000 -0.0000000 -0.0000000 -0.0000000 1.0000000
1769791276.070315 0.0036371 -0.0090345 -0.0164079 0.0033673 0.0028135 -0.0037372 0.9999834
1769791276.103664 0.0028330 -0.0122440 -0.0174252 0.0028311 0.0031799 -0.0038276 0.9999836
1769791276.336995 0.0090791 -0.0164616 -0.0214788 0.0038344 0.0041245 -0.0049677 0.9999718
1769791276.570319 0.0180110 -0.0176937 -0.0183596 0.0047342 0.0052886 -0.0057037 0.9999586
1769791276.836976 0.0285447 -0.0237337 -0.0249300 0.0054051 0.0069229 -0.0073355 0.9999346
1769791277.070327 0.0433619 -0.0280979 -0.0255560 0.0062554 0.0078460 -0.0072358 0.9999235
1769791277.336993 0.0630291 -0.0260065 -0.0212727 0.0080347 0.0087379 -0.0073367 0.9999027
1769791277.603647 0.0857010 -0.0303080 -0.0225668 0.0086566 0.0095899 -0.0061089 0.9998979
1769791277.770326 0.0988576 -0.0299849 -0.0204332 0.0092617 0.0109570 -0.0062457 0.9998776
1769791277.936985 0.1159837 -0.0245915 -0.0176200 0.0105083 0.0118064 -0.0067259 0.9998525
1769791278.136984 0.1343291 -0.0188778 -0.0149366 0.0116096 0.0129645 -0.0050456 0.9998358
1769791278.303648 0.1527429 -0.0137976 -0.0120882 0.0117169 0.0133745 -0.0049399 0.9998297
1769791278.503670 0.1728950 -0.0003384 -0.0087204 0.0128746 0.0148030 -0.0047664 0.9997962
1769791278.703644 0.1976585 0.0075448 -0.0098927 0.0138566 0.0161245 -0.0040224 0.9997659
1769791278.870309 0.2155397 0.0196837 -0.0012877 0.0144829 0.0173001 -0.0051737 0.9997321
1769791279.036978 0.2334176 0.0367268 0.0038061 0.0158025 0.0186973 -0.0052013 0.9996868
1769791279.170314 0.2506541 0.0561029 0.0200199 0.0175313 0.0197280 -0.0060251 0.9996336
1769791279.337029 0.2714722 0.0763202 0.0411905 0.0189467 0.0213464 -0.0074627 0.9995648
1769791279.470323 0.2879502 0.0982010 0.0530189 0.0209497 0.0224455 -0.0098326 0.9994802
1769791279.670320 0.2929173 0.1081134 0.0562874 0.0191265 0.0254535 -0.0101978 0.9994410
1769791279.836986 0.3002061 0.1058524 0.0440412 0.0163185 0.0262955 -0.0074222 0.9994935
1769791280.070311 0.3074344 0.1122528 0.0355047 0.0128573 0.0278908 -0.0063202 0.9995083
1769791280.336972 0.3096367 0.1418854 0.0396454 0.0123159 0.0307073 -0.0075351 0.9994242
1769791280.603674 0.3323856 0.2062597 0.0574593 0.0192376 0.0306387 -0.0123192 0.9992695
1769791280.870313 0.3402153 0.2491935 0.0655452 0.0218473 0.0313346 -0.0188661 0.9990920
1769791281.136979 0.3280578 0.2709704 0.0709790 0.0186362 0.0362268 -0.0258429 0.9988356
1769791281.436989 0.3240890 0.2933277 0.0719143 0.0163737 0.0383532 -0.0304461 0.9986661
1769791281.770308 0.3171321 0.3090013 0.0679193 0.0153389 0.0379196 -0.0331994 0.9986114
1769791282.170334 0.2992178 0.3129741 0.0620063 0.0154582 0.0360484 -0.0346146 0.9986308
1769791282.503663 0.2791452 0.2997145 0.0526541 0.0164781 0.0355260 -0.0316325 0.9987321
1769791282.836996 0.2497260 0.2645587 0.0349344 0.0176928 0.0336032 -0.0250926 0.9989636
1769791283.103663 0.2281884 0.2284470 0.0126558 0.0208773 0.0298541 -0.0171379 0.9991893
1769791283.270344 0.2118256 0.1958874 0.0028479 0.0222278 0.0284274 -0.0125238 0.9992702
1769791283.403662 0.1933117 0.1604615 -0.0093318 0.0222159 0.0276023 -0.0090336 0.9993313
1769791283.503672 0.1703687 0.1282776 -0.0131903 0.0204081 0.0287721 -0.0080984 0.9993448
1769791283.636999 0.1527027 0.0977201 -0.0221111 0.0257488 0.0272246 -0.0067231 0.9992750
1769791283.770361 0.1291962 0.0690193 -0.0281837 0.0332571 0.0248140 -0.0063282 0.9991187
1769791283.970333 0.0980005 0.0284395 -0.0240779 0.0492068 0.0187289 -0.0069640 0.9985887
1769791284.203677 0.0863307 0.0106275 -0.0203010 0.0692156 -0.0002854 -0.0105971 0.9975454
1769791284.370326 0.0751197 0.0167360 -0.0252183 0.0857941 -0.0193601 -0.0122624 0.9960493
1769791284.570334 0.0727451 0.0160655 -0.0493292 0.0954692 -0.0437096 -0.0093842 0.9944280
1769791284.870332 -0.1194014 -0.5849792 -0.0425716 -0.0015945 -0.0232651 0.0078326 0.9996974
1769791284.903667 -0.2277052 -0.6916228 -0.0741538 -0.0255603 -0.0115690 0.0065887 0.9995847
1769791285.137007 -0.2424969 -0.7210755 -0.0732221 -0.0707380 -0.0028724 0.0082775 0.9974565
1769791285.403660 -0.2567458 -0.7261784 -0.0833366 -0.0887946 0.0039500 0.0027300 0.9960384
1769791285.970326 -0.2540781 -0.7265865 -0.0681672 -0.0504822 0.0080072 0.0024144 0.9986899
1769791286.803669 -0.2613229 -0.7205467 -0.0533132 -0.0161351 0.0064324 -0.0013002 0.9998483
1769791288.270332 -0.2815326 -0.6998559 -0.0666694 -0.0234750 -0.0047689 0.0034340 0.9997072
1769791288.837009 -0.2873249 -0.6976933 -0.0789555 -0.0408716 -0.0084655 0.0047404 0.9991173
1769791289.270344 -0.3004408 -0.6895377 -0.1030401 -0.0543539 -0.0085169 0.0086483 0.9984480
1769791289.537013 -0.1625030 -0.8649320 0.1919418 -0.0791944 -0.0166489 -0.0421648 0.9958279
1769791289.737011 -0.2699529 -0.4100858 -0.0172513 -0.0446085 -0.0204938 -0.0775572 0.9957786
1769791289.937011 -0.2788026 -0.4026933 -0.0166428 -0.0554837 -0.0233975 -0.1405782 0.9882368
1769791290.103684 -0.2828983 -0.3469599 -0.0279085 -0.0476396 -0.0242743 -0.1883465 0.9806461
1769791290.270343 -0.2804765 -0.3276375 -0.0436058 -0.0503483 -0.0266598 -0.2313800 0.9711939
1769791290.437018 -0.2851363 -0.3033897 -0.0428574 -0.0504978 -0.0279633 -0.2730623 0.9602630
1769791290.770347 -0.2923881 -0.2545867 -0.0354814 -0.0528486 -0.0292776 -0.3347935 0.9403527
1769791291.070344 -0.3087883 -0.1493281 0.0167368 -0.0485951 -0.0234922 -0.3453521 0.9369197
1769791291.370351 -0.4497206 -0.8122779 -0.0267820 -0.1682760 -0.0301582 -0.3757678 0.9108086
1769791291.637017 -0.3713048 -0.7740794 -0.0467856 -0.1543507 -0.0436106 -0.3867877 0.9081130
1769791291.803679 -0.3248221 -0.7691476 -0.0442793 -0.1512153 -0.0489621 -0.3863713 0.9085449
1769791291.937017 -0.2950850 -0.7770296 -0.0354971 -0.1521791 -0.0508302 -0.3814903 0.9103422
1769791292.070355 -0.2688044 -0.7903069 -0.0345426 -0.1526981 -0.0501777 -0.3750537 0.9129623
1769791292.203683 -0.2351185 -0.8057010 -0.0284294 -0.1531285 -0.0509115 -0.3666190 0.9162698
1769791292.337017 -0.1965734 -0.8322852 -0.0219945 -0.1542991 -0.0519999 -0.3542724 0.9208577
1769791292.437017 -0.1706415 -0.8602505 -0.0183888 -0.1567250 -0.0526213 -0.3441292 0.9242529
1769791292.603677 -0.1153337 -0.9079571 0.0007664 -0.1612986 -0.0556106 -0.3244132 0.9304011
1769791292.737013 -0.0757671 -0.9415278 0.0096799 -0.1629536 -0.0518415 -0.2992080 0.9387402
1769791292.903682 -0.0151355 -0.9786348 0.0236659 -0.1610579 -0.0482865 -0.2608223 0.9506317
1769791293.070347 0.0458847 -1.0166625 0.0560524 -0.1610836 -0.0404401 -0.2064192 0.9642654
1769791293.303676 0.1458686 -1.0835408 0.0736211 -0.1581326 -0.0340594 -0.1349895 0.9775540
1769791293.403713 0.1742101 -1.1208751 0.0745343 -0.1561312 -0.0300127 -0.1222147 0.9796866
1769791293.603679 0.2312048 -1.1801124 0.0883380 -0.1410407 -0.0215871 -0.1169004 0.9828407
1769791293.737016 0.2615996 -1.2101446 0.1041211 -0.1279159 -0.0111803 -0.1208325 0.9843333
1769791293.870342 0.2687684 -1.2073996 0.1273488 -0.1129011 0.0050333 -0.1231671 0.9859300
1769791294.003689 0.2641712 -1.2015790 0.1439973 -0.1010858 0.0261300 -0.1322970 0.9856959
1769791294.203674 0.2639681 -1.1924397 0.1667605 -0.0907578 0.0628449 -0.1396332 0.9840305
1769791294.437010 0.2920943 -1.2041528 0.1587993 -0.0943709 0.0855894 -0.1493767 0.9805382
1769791294.603673 0.2378196 -1.1725168 0.2007884 -0.1015307 0.1028267 -0.1510270 0.9779106
1769791294.703673 0.3015092 -1.1710116 0.1515977 -0.1275172 0.0792652 -0.1154511 0.9818999
1769791294.870358 0.3934047 -1.2917154 0.1619893 -0.1738787 0.0527466 -0.0653645 0.9811786
1769791295.170341 0.3647335 -0.7730288 0.0824544 -0.1237656 0.0293287 -0.1003047 0.9867933
1769791295.403695 0.4965261 -1.1250893 0.1931801 -0.1752049 0.0259585 -0.0026196 0.9841862
1769791295.537021 0.5196316 -1.1416615 0.1990677 -0.1664745 0.0233244 0.0079885 0.9857375
1769791295.637007 0.5456637 -1.1443479 0.2034127 -0.1571206 0.0206917 0.0121184 0.9872883
1769791295.737010 0.5493376 -1.1593622 0.2100260 -0.1488144 0.0214059 0.0160304 0.9885035
1769791295.870339 0.5611382 -1.1677834 0.2049734 -0.1382740 0.0206166 0.0194702 0.9899880
1769791296.203674 0.5821386 -1.1615636 0.2125835 -0.1190927 0.0218996 0.0190233 0.9924593
1769791296.737008 0.6065629 -1.1896582 0.2158086 -0.1062455 0.0264831 0.0315446 0.9934865
1769791297.603678 0.6238304 -1.1709250 0.1873305 -0.1079909 0.0335914 0.0342035 0.9929953
1769791297.903660 0.5965331 -1.1558093 0.1703828 -0.1125301 0.0392431 0.0343022 0.9922804
1769791298.503665 0.6606345 -1.0318112 0.1756372 -0.1165627 0.0344628 0.0342043 0.9919958
1769791298.770338 0.5410300 -0.9118567 0.0811149 -0.1076284 0.0478719 0.0244696 0.9927365
1769791298.936998 0.5382797 -0.8462895 0.0694083 -0.1056183 0.0480581 0.0235421 0.9929658
1769791299.137006 0.5244762 -0.7823268 0.0542466 -0.1051819 0.0494496 0.0193482 0.9930343
1769791299.270330 0.5147733 -0.7376938 0.0489970 -0.1045396 0.0497339 0.0174417 0.9931233
1769791299.403666 0.5079250 -0.6761103 0.0283147 -0.0977466 0.0511503 0.0228483 0.9936333
1769791299.503663 0.5030638 -0.6489691 0.0221313 -0.0988096 0.0501066 0.0187164 0.9936678
1769791299.570327 0.4972405 -0.6400287 0.0184277 -0.1006953 0.0498022 0.0159166 0.9935426
1769791299.603674 0.4954876 -0.6355703 0.0181939 -0.1017618 0.0494668 0.0147485 0.9934687
1769791299.703663 0.4846171 -0.6187527 0.0128417 -0.1039239 0.0504954 0.0106408 0.9932456
1769791299.836993 0.4684487 -0.5681472 0.0058830 -0.1001458 0.0527538 0.0114467 0.9935074
1769791300.003668 0.4540432 -0.5305961 -0.0063422 -0.1006524 0.0544980 0.0095463 0.9933821
1769791300.170348 0.4385353 -0.4938469 -0.0199723 -0.0999442 0.0530559 0.0074543 0.9935495
1769791300.303667 0.4208911 -0.4744570 -0.0334866 -0.1013865 0.0535651 0.0051203 0.9933909
1769791300.470326 0.4006152 -0.4416516 -0.0479521 -0.1002890 0.0539533 0.0043272 0.9934850
1769791300.703665 0.3712082 -0.4102670 -0.0508412 -0.1011320 0.0548120 0.0007595 0.9933617
1769791300.870325 0.3462751 -0.3925739 -0.0580466 -0.1015039 0.0560634 -0.0006427 0.9932539
1769791301.203671 0.2962919 -0.3683522 -0.0662200 -0.1005875 0.0569500 -0.0029434 0.9932926
1769791301.470339 0.2633446 -0.3653380 -0.0693514 -0.1027915 0.0567173 -0.0026889 0.9930810
1769791301.703666 0.2357089 -0.3712879 -0.0709477 -0.1033096 0.0552860 -0.0029830 0.9931071
1769791301.870324 0.2062361 -0.3830845 -0.0710676 -0.1035890 0.0568041 -0.0029442 0.9929925
1769791302.103657 0.1773975 -0.4039873 -0.0696507 -0.1027450 0.0545487 0.0004560 0.9932108
1769791302.303668 0.1428689 -0.4329224 -0.0608928 -0.1030770 0.0548038 0.0002240 0.9931625
1769791302.470335 0.1004798 -0.4694009 -0.0400540 -0.1058980 0.0588132 0.0002446 0.9926362
1769791302.570326 0.0845819 -0.4879539 -0.0334324 -0.1061412 0.0588985 0.0001880 0.9926051
1769791302.670333 0.0724437 -0.5019784 -0.0371467 -0.1024614 0.0575641 0.0027459 0.9930663
1769791302.803664 0.0564996 -0.5271069 -0.0395541 -0.0999180 0.0560516 0.0067617 0.9933926
1769791302.936992 0.0091554 -0.5967953 0.0031234 -0.1134816 0.0616364 -0.0017266 0.9916249
1769791303.003658 0.0022739 -0.6089429 -0.0022025 -0.1105292 0.0602336 0.0007825 0.9920457
1769791303.103664 -0.0084613 -0.6319165 -0.0102132 -0.1070514 0.0595311 0.0067568 0.9924467
1769791303.236990 -0.0230386 -0.6656345 -0.0194359 -0.1031242 0.0572822 0.0117362 0.9929484
1769791303.403656 -0.0957530 -0.7800037 0.0371223 -0.1217493 0.0656381 -0.0038313 0.9903808
1769791303.570327 0.0732882 -0.9800086 0.1326951 -0.1571333 0.0267992 0.0587731 0.9854627
1769791303.737002 0.0765507 -0.9235947 0.1233084 -0.1211605 0.0161310 0.0620079 0.9905629
1769791303.836990 0.0714439 -0.8809265 0.1154131 -0.0976213 0.0112387 0.0622140 0.9932136
1769791303.970347 0.0642443 -0.8509022 0.1059607 -0.0721655 0.0014249 0.0584274 0.9956788
1769791304.137005 0.0193537 -0.6631193 0.0783556 0.0019897 -0.0098162 0.0634115 0.9979372
1769791304.270331 0.0153029 -0.6729718 0.0543045 0.0150985 -0.0284672 0.0679610 0.9971675
1769791304.536990 0.0047031 -0.6810584 0.0326482 0.0232875 -0.0549007 0.0838123 0.9946955
1769791304.570330 0.0032345 -0.6811615 0.0340835 0.0227414 -0.0548493 0.0878712 0.9943606
1769791304.603671 0.0026285 -0.6821394 0.0388869 0.0204943 -0.0545541 0.0894776 0.9942825
1769791304.636989 0.0056505 -0.6815550 0.0470233 0.0194799 -0.0538681 0.0905214 0.9942458
1769791304.670354 0.0001456 -0.6706342 0.0689861 0.0129234 -0.0506331 0.0906161 0.9945140
1769791304.703689 0.0022060 -0.6710387 0.0657904 0.0009624 -0.0498557 0.0913150 0.9945728
1769791304.837042 -0.0463152 -0.6276449 0.0596723 -0.0334503 -0.0415095 0.0830253 0.9951205
1769791305.137020 -0.0685424 -0.6100554 0.0919834 -0.0693183 -0.0326440 0.0720296 0.9944552
1769791305.737012 -0.0711571 -0.6192713 0.1203126 -0.0460100 -0.0198537 0.0643031 0.9966715
1769791306.337015 -0.0763859 -0.6180794 0.1240018 -0.0200053 -0.0161753 0.0630652 0.9976778
1769791307.103682 -0.0912331 -0.6105130 0.1231561 -0.0127671 -0.0194282 0.0626004 0.9977679
1769791307.503678 -0.1012441 -0.6104050 0.1152979 -0.0171236 -0.0217441 0.0628473 0.9976394
1769791308.037038 -0.0082210 -0.6766014 0.1031512 -0.0398545 -0.0428641 0.0990827 0.9933564
1769791308.303686 -0.1069662 -0.5800709 0.1291123 -0.0341400 -0.0286845 0.0620132 0.9970788
1769791308.503683 -0.1594308 -0.5803958 0.1285125 -0.0518758 -0.0238985 0.0338783 0.9977926
1769791308.737013 -0.1866695 -0.6113826 0.0468113 -0.0613581 -0.0244810 0.0380503 0.9970898
1769791308.937010 -0.2067258 -0.6012483 0.0476213 -0.0696622 -0.0223996 0.0297803 0.9968744
1769791309.203677 -0.2353246 -0.5883017 0.0538076 -0.0823129 -0.0186081 0.0161254 0.9963024
1769791309.437017 -0.2699197 -0.5841442 0.0534154 -0.0959285 -0.0226737 -0.0668937 0.9928791
1769791309.703676 -0.2740761 -0.5628546 0.0453702 -0.1047825 -0.0334203 -0.1518915 0.9822590
1769791310.070345 -0.2779503 -0.4989485 0.0136321 -0.1028604 -0.0426146 -0.2518869 0.9613307
1769791310.237017 -0.2762291 -0.4737937 0.0023549 -0.1029448 -0.0462731 -0.2886963 0.9507448
1769791310.703680 -0.3162265 -0.3461065 0.0744929 -0.0996899 -0.0474611 -0.3528343 0.9291487
1769791310.903674 -0.2965231 -0.3194539 0.0820170 -0.1004675 -0.0494140 -0.3691884 0.9225857
1769791311.070388 -0.2734143 -0.3004341 0.0763304 -0.0990305 -0.0502335 -0.3810532 0.9178606
1769791311.237023 -0.2498778 -0.2889206 0.0776803 -0.0990110 -0.0510923 -0.3884442 0.9147117
1769791311.403678 -0.2247292 -0.2831770 0.0737364 -0.0983607 -0.0521939 -0.3912624 0.9135178
1769791311.670352 -0.1831962 -0.2899439 0.0792863 -0.0994228 -0.0521750 -0.3891741 0.9142956
1769791311.937009 -0.1327214 -0.3150427 0.0832479 -0.1002246 -0.0510091 -0.3770200 0.9193525
1769791312.070345 -0.1034051 -0.3322476 0.0943863 -0.1008482 -0.0502765 -0.3662155 0.9236819
1769791312.203681 -0.0731671 -0.3504683 0.1056698 -0.1005661 -0.0490373 -0.3533492 0.9287767
1769791312.403686 -0.0264056 -0.3973383 0.1044315 -0.1022328 -0.0463075 -0.3268350 0.9383938
1769791312.537034 0.0103932 -0.4253891 0.1048312 -0.1009826 -0.0434211 -0.3012337 0.9471934
1769791312.637019 0.0393408 -0.4524805 0.1053979 -0.1011635 -0.0411176 -0.2782536 0.9542800
1769791312.770353 0.0819359 -0.4837289 0.1293236 -0.1008075 -0.0375297 -0.2388216 0.9650874
1769791312.937028 0.1405237 -0.5212390 0.1501919 -0.0983018 -0.0321050 -0.1826515 0.9777241
1769791313.103685 0.2040723 -0.5579485 0.1788963 -0.0956608 -0.0300909 -0.1370692 0.9854723
1769791313.203688 0.1922679 -0.5452425 0.1848587 -0.0866865 -0.0216480 -0.1356924 0.9867139
1769791313.303679 0.1808391 -0.5474218 0.1983619 -0.0787169 -0.0120886 -0.1444618 0.9863003
1769791313.403684 0.1535208 -0.5400768 0.1955819 -0.0675018 0.0028289 -0.1587705 0.9850013
1769791313.670345 0.1307610 -0.4694614 0.1976057 -0.0178415 0.0420957 -0.1714529 0.9841309
1769791313.937014 0.0809837 -0.3671153 0.1937515 0.0253417 0.1043022 -0.1883389 0.9762209
1769791314.103682 0.1277181 -0.3704969 0.1640438 0.0307963 0.1175826 -0.1904030 0.9741523
1769791314.303679 0.1198649 -0.4130225 0.1794800 0.0123739 0.1324769 -0.1972644 0.9712794
1769791314.403678 0.1159569 -0.3276137 0.2334334 0.0130284 0.1368108 -0.1844920 0.9731782
1769791314.570346 0.8730103 -0.3451887 0.2617351 -0.0139943 -0.0094957 -0.1281927 0.9916051
1769791314.803677 0.4380195 -1.1299375 0.1693593 -0.1746013 0.0383655 -0.0385161 0.9831373
1769791315.103679 0.4819908 -1.1483903 0.1750545 -0.1797664 0.0278694 -0.0037176 0.9833074
1769791315.337092 0.5209334 -1.1601269 0.1914264 -0.1655402 0.0231407 0.0098614 0.9858822
1769791315.570389 0.5582165 -1.1730517 0.1969317 -0.1433663 0.0204506 0.0190253 0.9892755
1769791315.737020 0.5612997 -1.1740100 0.1928734 -0.1315255 0.0213078 0.0202121 0.9908777
1769791316.370342 0.5839377 -1.1909553 0.1940170 -0.1085906 0.0272177 0.0273605 0.9933372
1769791316.837023 0.6041083 -1.1872703 0.1917664 -0.1054664 0.0301229 0.0323819 0.9934390
1769791317.403692 0.6113119 -1.1663338 0.1835949 -0.1079314 0.0359160 0.0336911 0.9929379
1769791317.770346 0.6024286 -1.1360201 0.1674475 -0.1128915 0.0396969 0.0340163 0.9922311
1769791318.003686 0.5773422 -1.0683197 0.1354370 -0.1099207 0.0433780 0.0293816 0.9925586
1769791318.270349 0.5515513 -1.0535977 0.1281631 -0.1178350 0.0479631 0.0318521 0.9913627
1769791318.403678 0.5481330 -0.9482099 0.0856003 -0.1076868 0.0468042 0.0250406 0.9927668
1769791318.570342 0.5343218 -0.8868114 0.0664871 -0.1054854 0.0487561 0.0230232 0.9929580
1769791318.703680 0.5272639 -0.8450335 0.0576468 -0.1048235 0.0491381 0.0191548 0.9930915
1769791318.870342 0.5257404 -0.7807013 0.0423905 -0.1026776 0.0492290 0.0226855 0.9932367
1769791319.070356 0.5209091 -0.7249248 0.0243407 -0.1011760 0.0480670 0.0201940 0.9935015
1769791319.237010 0.4982480 -0.6626490 0.0178289 -0.1002508 0.0508479 0.0159232 0.9935344
1769791319.437007 0.4838289 -0.6258687 0.0080132 -0.1040219 0.0506910 0.0103169 0.9932288
1769791319.603681 0.4664973 -0.5630057 -0.0199496 -0.0968798 0.0522608 0.0111406 0.9938607
1769791319.770342 0.4482997 -0.5371767 -0.0299775 -0.1016140 0.0543127 0.0064749 0.9933191
1769791319.903673 0.4346077 -0.5142710 -0.0417484 -0.1024010 0.0536630 0.0043265 0.9932853
1769791320.037012 0.4187859 -0.4882484 -0.0440883 -0.1032001 0.0539986 0.0023424 0.9931910
1769791320.370346 0.3779647 -0.4244831 -0.0566129 -0.1009736 0.0551973 0.0012221 0.9933560
1769791320.603690 0.3405809 -0.3972098 -0.0657571 -0.1020267 0.0580204 -0.0023527 0.9930854
1769791320.637062 0.3365313 -0.3930122 -0.0665644 -0.1017892 0.0580218 -0.0016300 0.9931112
1769791320.837018 0.3106590 -0.3810993 -0.0705828 -0.1027383 0.0571028 -0.0025938 0.9930646
1769791321.237024 0.2572514 -0.3672857 -0.0791193 -0.1028982 0.0574728 -0.0045006 0.9930199
1769791321.570357 0.2138099 -0.3780582 -0.0703324 -0.1039738 0.0569583 -0.0036267 0.9929411
1769791321.770357 0.1911345 -0.3929558 -0.0662633 -0.1030463 0.0550471 -0.0005631 0.9931520
1769791322.137022 0.1382634 -0.4399751 -0.0549356 -0.1017039 0.0525609 0.0021376 0.9934229
1769791322.403701 0.0802248 -0.4984745 -0.0336444 -0.1037456 0.0562533 0.0030123 0.9930072
1769791322.703688 0.0049294 -0.6012675 0.0015139 -0.1138679 0.0617412 -0.0019677 0.9915736
1769791322.837032 -0.0077956 -0.6272475 -0.0023691 -0.1094921 0.0599829 0.0038394 0.9921687
1769791322.937019 -0.0192126 -0.6522615 -0.0128835 -0.1058984 0.0589545 0.0094962 0.9925824
1769791323.037018 -0.0212527 -0.6707546 -0.0217895 -0.1010118 0.0550230 0.0130437 0.9932769
1769791323.170349 -0.0987940 -0.7719560 0.0415210 -0.1199988 0.0657217 -0.0059453 0.9905785
1769791323.237033 -0.0963078 -0.7784721 0.0305441 -0.1104691 0.0616108 -0.0031696 0.9919630
1769791323.337039 -0.1081010 -0.7788205 0.0309028 -0.0951971 0.0569859 -0.0039355 0.9938182
1769791323.437016 -0.1113668 -0.7796801 0.0188870 -0.0797270 0.0504123 -0.0022888 0.9955385
1769791323.570352 -0.1227142 -0.6493794 -0.0262783 -0.0405738 0.0397956 -0.0119972 0.9983116
1769791323.670372 -0.1247333 -0.6376653 -0.0297136 -0.0244869 0.0326765 -0.0177748 0.9990079
1769791323.770349 -0.1189102 -0.6057682 -0.0432059 -0.0038149 0.0194890 -0.0183446 0.9996345
1769791323.903702 -0.1206954 -0.5299591 -0.0613471 0.0295506 0.0014709 -0.0104740 0.9995074
1769791324.003693 -0.1340024 -0.4371455 -0.0353511 0.0608833 -0.0099282 -0.0003028 0.9980955
1769791324.103689 -0.1405712 -0.4629941 -0.0355060 0.0607858 -0.0238459 0.0115560 0.9977990
1769791324.203700 -0.1466854 -0.4624482 -0.0430905 0.0638156 -0.0345969 0.0154070 0.9972428
1769791324.237016 -0.1482308 -0.4676782 -0.0488853 0.0633690 -0.0367822 0.0189109 0.9971328
1769791324.303698 -0.1503225 -0.4669172 -0.0418980 0.0620703 -0.0401695 0.0235114 0.9969860
1769791324.370355 -0.1508988 -0.4643887 -0.0237552 0.0601171 -0.0394187 0.0298642 0.9969655
1769791324.470360 -0.1605741 -0.4589378 -0.0075889 0.0393565 -0.0319043 0.0255723 0.9983884
1769791324.503703 -0.1645868 -0.4597073 -0.0035164 0.0265748 -0.0296907 0.0243449 0.9989092
1769791324.537020 -0.1668162 -0.4553058 0.0079455 0.0161400 -0.0279929 0.0242709 0.9991831
1769791324.570348 -0.1648063 -0.4655966 0.0080086 0.0053146 -0.0265511 0.0260161 0.9992948
1769791324.603688 -0.1662744 -0.4538206 0.0200479 -0.0002058 -0.0247480 0.0245277 0.9993928
1769791324.737015 -0.1902874 -0.4691760 -0.0071430 -0.0230533 -0.0184970 0.0210689 0.9993411
1769791325.137017 -0.2044979 -0.4700799 0.0001618 -0.0390069 -0.0091776 0.0128647 0.9991140
1769791325.637020 -0.1999466 -0.4666221 0.0244001 -0.0038168 -0.0011759 0.0094787 0.9999471
1769791326.237017 -0.2057084 -0.4610352 0.0343323 0.0143821 -0.0002840 0.0072396 0.9998704
1769791326.703691 -0.2113922 -0.4611141 0.0293277 0.0202674 -0.0032935 0.0079240 0.9997578
1769791327.303685 -0.2287278 -0.4544790 0.0220479 0.0147585 -0.0063786 0.0072860 0.9998442
1769791327.803701 -0.2344753 -0.4384161 0.0250796 0.0049771 -0.0100647 0.0076367 0.9999079
1769791328.137034 -0.2452316 -0.4334185 0.0122176 -0.0047055 -0.0112736 0.0086053 0.9998884
1769791328.270375 -0.2491602 -0.4321193 0.0063268 -0.0091723 -0.0118795 0.0090811 0.9998462
1769791328.570363 -0.2581378 -0.4222110 -0.0025839 -0.0178864 -0.0122138 0.0103312 0.9997120
1769791328.837039 -0.2659445 -0.4141135 -0.0086553 -0.0267307 -0.0114383 0.0110056 0.9995167
1769791329.070380 -0.2637589 -0.4225601 -0.0122230 -0.0362092 -0.0159617 -0.0176808 0.9990603
1769791329.270360 -0.2724117 -0.3985445 -0.0152255 -0.0416073 -0.0186009 -0.0835199 0.9954634
1769791329.470367 -0.2765325 -0.3717597 -0.0192663 -0.0457258 -0.0225792 -0.1451894 0.9880888
1769791329.637033 -0.2858800 -0.3482034 -0.0236538 -0.0478711 -0.0232958 -0.1939585 0.9795641
1769791329.937033 -0.2959350 -0.3054403 -0.0182281 -0.0509718 -0.0254394 -0.2721213 0.9605752
1769791330.337031 -0.3434758 -0.3149112 0.0081353 -0.0916767 -0.0255582 -0.3245150 0.9410803
1769791330.670369 -0.3317433 -0.2872682 0.0094848 -0.0924706 -0.0291547 -0.3676661 0.9248896
1769791330.903693 -0.2998241 -0.2654703 0.0105782 -0.0891476 -0.0319738 -0.3873937 0.9170368
1769791331.070366 -0.2668433 -0.2398602 0.0130887 -0.0841284 -0.0359838 -0.3963007 0.9135498
1769791331.203694 -0.2348777 -0.2341586 0.0171522 -0.0818560 -0.0399308 -0.3987755 0.9125148
1769791331.303702 -0.2160622 -0.2332127 0.0222004 -0.0815555 -0.0408859 -0.3987863 0.9124947
1769791331.470363 -0.1774461 -0.2376332 0.0478885 -0.0815828 -0.0440262 -0.3935745 0.9146066
1769791331.603719 -0.1444516 -0.2505271 0.0611008 -0.0820751 -0.0464489 -0.3872343 0.9171454
1769791331.737028 -0.1179954 -0.2688220 0.0601903 -0.0833465 -0.0459217 -0.3783679 0.9207509
1769791331.870370 -0.0872849 -0.2947631 0.0540838 -0.0843113 -0.0455986 -0.3669751 0.9252792
1769791332.003700 -0.0558509 -0.3162257 0.0797865 -0.0861254 -0.0459139 -0.3519748 0.9309071
1769791332.203734 0.0011495 -0.3709530 0.1004874 -0.0906345 -0.0462985 -0.3195068 0.9421026
1769791332.303702 0.0391133 -0.4141438 0.1138599 -0.0963180 -0.0505423 -0.2999951 0.9477190
1769791332.470380 0.1310484 -0.5114240 0.1428384 -0.1101555 -0.0634238 -0.2545054 0.9586815
1769791332.570368 0.1757148 -0.5620303 0.1654349 -0.1179856 -0.0647951 -0.2184643 0.9665166
1769791332.737046 0.1910219 -0.5515846 0.1741865 -0.1040846 -0.0437175 -0.1682013 0.9792668
1769791332.837033 0.2010280 -0.5440370 0.1807227 -0.0941210 -0.0315101 -0.1419734 0.9848817
1769791333.003694 0.1894149 -0.5408586 0.1943386 -0.0821955 -0.0185477 -0.1380474 0.9868348
1769791333.103729 0.2053786 -0.5413202 0.2251222 -0.0703137 -0.0117945 -0.1357877 0.9881693
1769791333.270360 0.1770240 -0.5446090 0.2159097 -0.0545057 0.0093394 -0.1536544 0.9865760
1769791333.437028 0.1365702 -0.5045278 0.1882295 -0.0263221 0.0379815 -0.1735984 0.9837317
1769791333.570371 0.1186406 -0.4459291 0.1750767 0.0001638 0.0672765 -0.1807354 0.9812281
1769791333.637045 0.1112834 -0.4097822 0.1826082 0.0130656 0.0830173 -0.1855688 0.9790310
1769791333.737030 0.1260053 -0.3998724 0.1787078 0.0213099 0.0968721 -0.1867242 0.9773923
1769791333.870371 0.1312259 -0.4020595 0.1878506 0.0219217 0.1163015 -0.1940297 0.9738305
1769791334.037035 0.1196019 -0.4182326 0.2052826 0.0121203 0.1321296 -0.2033728 0.9700693
1769791334.137025 0.1003724 -0.4557751 0.1899969 -0.0106342 0.1316967 -0.1996862 0.9709111
1769791334.270362 0.1499396 -0.4272516 0.1384483 -0.0334684 0.1053001 -0.1554653 0.9816427
1769791334.470362 0.3366250 -0.6695808 0.0294436 -0.0847602 0.0564218 -0.0931631 0.9904307
1769791334.670355 0.4021541 -0.7090500 0.0451316 -0.1025457 0.0386760 -0.0620913 0.9920349
1769791334.870363 0.4698371 -0.7475654 0.0616888 -0.1054975 0.0254178 -0.0363947 0.9934282
1769791335.070404 0.4614624 -0.3683790 0.0263565 -0.0267591 0.0286038 -0.0524336 0.9978560
1769791335.270368 0.4683261 -0.3766969 0.0131927 -0.0080714 0.0266982 -0.0510143 0.9983084
1769791335.603699 0.4863553 -0.3875299 -0.0016375 0.0138427 0.0247152 -0.0484251 0.9984251
1769791335.937084 0.5419421 -0.3994116 0.0234006 0.0276031 0.0209851 -0.0444144 0.9984113
1769791336.203723 0.5443176 -0.4046597 0.0095927 0.0331364 0.0232093 -0.0415604 0.9983166
1769791336.537047 0.5530464 -0.4034368 0.0024433 0.0338046 0.0242351 -0.0386191 0.9983879
1769791337.070368 0.5903926 -0.3773744 0.0120262 0.0354592 0.0267123 -0.0355540 0.9983812
1769791337.337039 0.6033283 -0.3468789 0.0157480 0.0342815 0.0282222 -0.0360276 0.9983638
1769791337.703703 0.6100806 -0.3105641 0.0143453 0.0292628 0.0309439 -0.0346798 0.9984906
1769791337.937076 0.6117818 -0.2688141 0.0119782 0.0272274 0.0322384 -0.0371011 0.9984202
1769791338.103708 0.6182523 -0.2178605 0.0039684 0.0280850 0.0326291 -0.0392389 0.9983020
1769791338.237036 0.6215647 -0.1739432 0.0035205 0.0288565 0.0331257 -0.0419212 0.9981546
1769791338.370371 0.6233154 -0.1313967 0.0045990 0.0293792 0.0340474 -0.0433009 0.9980494
1769791338.503701 0.6246253 -0.0805845 0.0039622 0.0312604 0.0341691 -0.0463595 0.9978507
1769791338.603708 0.6268111 -0.0423400 0.0059006 0.0331770 0.0344956 -0.0472111 0.9977377
1769791338.670372 0.6264063 -0.0233363 0.0077618 0.0326854 0.0343836 -0.0487449 0.9976840
1769791338.770375 0.6254355 0.0126548 0.0052642 0.0341848 0.0345462 -0.0508539 0.9975228
1769791338.870413 0.6271278 0.0659721 0.0089930 0.0400151 0.0349381 -0.0502402 0.9973235
1769791338.937030 0.6231048 0.0793988 0.0061870 0.0386083 0.0356947 -0.0529467 0.9972121
1769791339.037030 0.6175306 0.1249265 0.0099477 0.0426706 0.0364759 -0.0543450 0.9969430
1769791339.137039 0.6122729 0.1387091 0.0090266 0.0386053 0.0370377 -0.0592607 0.9968079
1769791339.237030 0.6058196 0.1572647 0.0083402 0.0357574 0.0382460 -0.0624533 0.9966736
1769791339.370368 0.6009182 0.2098710 0.0072720 0.0399173 0.0389441 -0.0630082 0.9964537
1769791339.437035 0.5949128 0.2282656 0.0029068 0.0396932 0.0408306 -0.0643817 0.9962993
1769791339.570372 0.5830656 0.2571215 -0.0063051 0.0377609 0.0418635 -0.0674717 0.9961271
1769791339.670378 0.5714700 0.2810327 -0.0079434 0.0374090 0.0429774 -0.0696643 0.9959420
1769791339.737037 0.5635200 0.2929970 -0.0134845 0.0364492 0.0434876 -0.0711693 0.9958490
1769791339.870368 0.5482273 0.3142752 -0.0169342 0.0342346 0.0451332 -0.0749412 0.9955776
1769791340.003699 0.5353695 0.3380490 -0.0193516 0.0336726 0.0455490 -0.0768765 0.9954303
1769791340.170361 0.5180838 0.3656749 -0.0217565 0.0326481 0.0459861 -0.0786840 0.9953031
1769791340.303711 0.4997166 0.3840101 -0.0235174 0.0316451 0.0474686 -0.0800697 0.9951553
1769791340.470368 0.4796494 0.4069535 -0.0257379 0.0316948 0.0482036 -0.0813335 0.9950160
1769791340.637029 0.4546852 0.4247155 -0.0267915 0.0323275 0.0482349 -0.0825832 0.9948911
1769791340.770364 0.4386497 0.4312687 -0.0324103 0.0309986 0.0484501 -0.0823604 0.9949415
1769791340.937030 0.4183868 0.4408992 -0.0338729 0.0304078 0.0484230 -0.0821786 0.9949760
1769791341.170364 0.3827532 0.4423629 -0.0391156 0.0294877 0.0490602 -0.0825848 0.9949389
1769791341.370370 0.3469682 0.4347906 -0.0466419 0.0286406 0.0501038 -0.0814845 0.9950023
1769791341.603710 0.3116806 0.4196284 -0.0481415 0.0297017 0.0470581 -0.0799978 0.9952406
1769791341.937069 0.2618745 0.3974096 -0.0316316 0.0367363 0.0415389 -0.0763430 0.9955384
1769791342.070387 0.2420079 0.3791572 -0.0441811 0.0388288 0.0394467 -0.0728077 0.9958089
1769791342.337037 0.1362722 0.2975521 -0.0297488 0.0306104 0.0510763 -0.0751409 0.9953935
1769791342.503701 0.1202137 0.2771470 -0.0540561 0.0381710 0.0451814 -0.0677115 0.9959502
1769791342.637035 0.1294307 0.2762873 -0.0595467 0.0501221 0.0335085 -0.0659394 0.9960005
1769791342.870368 0.0948373 0.2244835 -0.1030611 0.0578747 0.0290875 -0.0555114 0.9963548
1769791343.070376 -0.1736294 -0.2550555 -0.0417975 -0.0348563 0.0721701 -0.0535144 0.9953456
1769791343.370357 -0.1365712 -0.1706969 -0.0533834 0.0280588 0.0430501 -0.0480044 0.9975244
1769791343.603691 -0.1271407 -0.1016824 -0.0598341 0.0743041 0.0150990 -0.0429166 0.9961973
1769791343.803691 -0.1501665 -0.0143257 -0.1106420 0.1133160 -0.0135889 -0.0490086 0.9922565
1769791343.903689 -0.1545712 -0.0150274 -0.1279750 0.1172862 -0.0275160 -0.0461302 0.9916445
1769791344.170366 -0.1641187 -0.0158849 -0.1374801 0.1124303 -0.0355435 -0.0280315 0.9926280
1769791344.203691 -0.1677558 -0.0255796 -0.1171817 0.1002055 -0.0315725 -0.0282948 0.9940631
1769791344.270362 -0.1686401 -0.0317000 -0.1046087 0.0754606 -0.0274398 -0.0294169 0.9963370
1769791344.370364 -0.1722234 -0.0281202 -0.0762794 0.0516805 -0.0210869 -0.0332715 0.9978865
1769791344.770358 -0.1673541 -0.0270349 0.0003409 0.0197028 -0.0086989 -0.0340255 0.9991888
1769791345.437024 -0.1947244 -0.0492835 -0.0170414 0.0520957 0.0025009 -0.0479738 0.9974860
1769791346.237032 -0.2057156 -0.0418262 -0.0189478 0.0730078 0.0006094 -0.0503659 0.9960586
1769791347.137023 -0.2188290 -0.0272235 -0.0161583 0.0680416 -0.0051908 -0.0502590 0.9964023
1769791347.637026 -0.2239029 -0.0158542 -0.0132384 0.0569057 -0.0075489 -0.0489939 0.9971482
1769791347.837025 -0.2293036 -0.0109385 -0.0149727 0.0506403 -0.0079609 -0.0494683 0.9974594
1769791348.103691 -0.2394706 -0.0021173 -0.0266648 0.0426333 -0.0076203 -0.0489887 0.9978600
1769791348.537050 -0.2527511 0.0092625 -0.0420478 0.0282638 -0.0070102 -0.0463829 0.9984992
1769791348.837032 -0.2729933 -0.0058100 -0.0713789 0.0142347 -0.0069004 -0.0782515 0.9968082
1769791349.103691 -0.2814409 0.0339252 -0.0691125 0.0069114 -0.0055415 -0.1628085 0.9866180
1769791349.303694 -0.2847196 0.0607444 -0.0740124 0.0023041 -0.0050012 -0.2230271 0.9747967
1769791349.437027 -0.2857373 0.0807349 -0.0726246 -0.0000061 -0.0043181 -0.2598150 0.9656488
1769791349.670393 -0.2802997 0.1188227 -0.0838426 -0.0027351 -0.0044175 -0.3152518 0.9489939
1769791349.937039 -0.3000777 0.1709473 -0.0420767 -0.0046351 -0.0011208 -0.3675517 0.9299909
1769791350.170358 -0.2786161 0.2123778 -0.0662950 -0.0048627 -0.0009608 -0.3951002 0.9186246
1769791350.370353 -0.2560560 0.2400279 -0.0587339 -0.0051300 -0.0018641 -0.4148020 0.9098954
1769791350.637053 -0.2189655 0.2697503 -0.0574334 -0.0043235 -0.0000701 -0.4361002 0.8998878
1769791350.903725 -0.1817091 0.2792283 -0.0607182 -0.0041797 -0.0010926 -0.4441273 0.8959534
1769791351.137064 -0.1418491 0.2710501 -0.0479532 -0.0043540 -0.0024573 -0.4428786 0.8965676
1769791351.403726 -0.0925040 0.2435890 -0.0432896 -0.0045005 -0.0035860 -0.4325679 0.9015830
1769791351.670381 -0.0425781 0.1997637 -0.0485484 -0.0042695 -0.0033288 -0.4121680 0.9110918
1769791351.870382 0.0026636 0.1533806 -0.0456463 -0.0042973 -0.0048274 -0.3881581 0.9215701
1769791352.037050 0.0423146 0.1077440 -0.0412774 -0.0040633 -0.0055177 -0.3608007 0.9326178
1769791352.170398 0.0786529 0.0679585 -0.0355581 -0.0033430 -0.0065446 -0.3304844 0.9437829
1769791352.303717 0.1190469 0.0226905 -0.0310712 -0.0027609 -0.0080737 -0.2910850 0.9566591
1769791352.403718 0.1516139 -0.0099993 -0.0273584 -0.0011061 -0.0089997 -0.2567148 0.9664447
1769791352.437045 0.1587216 -0.0189241 -0.0254879 -0.0008173 -0.0082565 -0.2476558 0.9688125
1769791352.603714 0.2094010 -0.0682966 -0.0150072 0.0021909 -0.0091967 -0.2041221 0.9788998
1769791352.637047 0.2115208 -0.0747476 -0.0095668 0.0037713 -0.0071609 -0.1998912 0.9797847
1769791352.703716 0.2269768 -0.0957861 -0.0061845 0.0074609 -0.0060918 -0.1937763 0.9809985
1769791352.770380 0.2414448 -0.1203870 -0.0130785 0.0122682 -0.0045760 -0.1920872 0.9812905
1769791352.903723 0.3376584 -0.1550558 0.1424394 0.0246328 -0.0128622 -0.1692916 0.9851742
1769791353.003714 0.3290163 -0.1526883 0.1120579 0.0384689 -0.0012881 -0.1733606 0.9841060
1769791353.203712 0.2955899 -0.1108874 0.0905842 0.0718121 0.0314084 -0.1884353 0.9789528
1769791353.370382 0.2721066 -0.0543636 0.1082102 0.0979157 0.0685219 -0.1989640 0.9726924
1769791353.503728 0.2388263 -0.0787544 0.1157390 0.0951608 0.1007656 -0.1996379 0.9700183
1769791353.570381 0.2282360 -0.0644047 0.1374182 0.1003726 0.1160948 -0.2019701 0.9672928
1769791353.803738 0.2278999 -0.1202565 0.1337729 0.0806849 0.1356482 -0.2110049 0.9646587
1769791353.903715 0.2420633 -0.1307311 0.1342027 0.0646555 0.1276321 -0.2021585 0.9688455
1769791353.937055 0.2514308 -0.1411593 0.1277367 0.0507790 0.1213424 -0.1929129 0.9723591
1769791354.103721 0.2523756 -0.1679312 0.1101988 0.0074154 0.1002497 -0.1605113 0.9819018
1769791354.470408 0.3842396 -0.2888572 0.0344039 -0.0368912 0.0493874 -0.0909614 0.9939446
1769791354.770390 0.4666022 -0.3598656 0.0224313 -0.0314135 0.0289563 -0.0598018 0.9972956
1769791354.937050 0.5018820 -0.4044036 0.0299586 -0.0204810 0.0225719 -0.0498871 0.9982897
1769791355.170382 0.5078589 -0.4136420 0.0140916 -0.0012725 0.0211846 -0.0475456 0.9986436
1769791355.503716 0.5191610 -0.4246483 0.0031124 0.0168285 0.0211504 -0.0433398 0.9986947
1769791355.803728 0.5285580 -0.4307189 -0.0011252 0.0265605 0.0226866 -0.0401946 0.9985811
1769791356.070384 0.5534434 -0.4258641 0.0092223 0.0319354 0.0228497 -0.0392039 0.9984593
1769791356.337045 0.5652632 -0.4220786 0.0054216 0.0326989 0.0236894 -0.0366523 0.9985120
1769791356.637057 0.5794284 -0.4087656 0.0082039 0.0337230 0.0258984 -0.0354962 0.9984648
1769791356.903718 0.5913749 -0.3925241 0.0145212 0.0323111 0.0275716 -0.0343990 0.9985052
1769791357.137053 0.5964784 -0.3778533 0.0136012 0.0292871 0.0293426 -0.0330234 0.9985944
1769791357.437055 0.6031682 -0.3408790 0.0098930 0.0259989 0.0315110 -0.0329481 0.9986218
1769791357.737049 0.6168978 -0.2532314 0.0098894 0.0279686 0.0319041 -0.0370837 0.9984111
1769791358.003711 0.6242127 -0.1713876 0.0052877 0.0290150 0.0329353 -0.0415173 0.9981732
1769791358.270386 0.6246353 -0.0812979 0.0046954 0.0312115 0.0342276 -0.0476974 0.9977872
1769791358.537064 0.6246763 0.0150401 0.0052062 0.0345374 0.0347146 -0.0519032 0.9974508
1769791358.837068 0.6145427 0.1346703 0.0106130 0.0422554 0.0369610 -0.0575832 0.9967610
1769791359.270413 0.5897752 0.2455246 0.0042336 0.0392696 0.0421710 -0.0666864 0.9961087
1769791359.470403 0.5834916 0.2807432 -0.0154588 0.0379415 0.0399991 -0.0725873 0.9958372
1769791359.537076 0.5744512 0.2927095 -0.0212905 0.0367582 0.0408436 -0.0741791 0.9957299
1769791359.737072 0.5581192 0.3285420 -0.0207458 0.0357043 0.0413603 -0.0767144 0.9955549
1769791362.470392 0.1110796 0.2487436 -0.0608570 0.0482880 0.0347549 -0.0617335 0.9963179
1769791362.637057 0.0412158 0.1692409 -0.0764385 0.0434418 0.0446703 -0.0490621 0.9968502
1769791362.737062 0.0147697 0.1305829 -0.0853731 0.0469561 0.0447274 -0.0467752 0.9967982
1769791362.803730 0.0010165 0.1146539 -0.0942412 0.0523438 0.0433521 -0.0464407 0.9966062
1769791362.903726 -0.0189281 0.0868969 -0.0987781 0.0592413 0.0407362 -0.0448531 0.9964032
1769791363.003729 -0.0399847 0.0714157 -0.0939315 0.0685676 0.0376012 -0.0474392 0.9958083
1769791363.037058 -0.0444080 0.0686644 -0.0973153 0.0718877 0.0357813 -0.0482996 0.9955998
1769791363.203724 -0.0526656 0.0614205 -0.0584430 0.0905841 0.0252005 -0.0501084 0.9943081
1769791363.303730 -0.0631374 0.0715381 -0.0500722 0.1031288 0.0158157 -0.0572747 0.9928917
1769791363.370389 -0.0672525 0.0778320 -0.0508768 0.1112250 0.0074182 -0.0594422 0.9919882
1769791363.503733 -0.0767761 0.0642140 -0.0652934 0.1188248 -0.0112242 -0.0540312 0.9913805
1769791363.570391 -0.0784041 0.0610024 -0.0737182 0.1227657 -0.0217497 -0.0526050 0.9908019
1769791363.637056 -0.0876960 0.0625946 -0.0805195 0.1259024 -0.0292574 -0.0517310 0.9902608
1769791363.670392 -0.0868418 0.0604859 -0.0826788 0.1265262 -0.0338211 -0.0500308 0.9901233
1769791363.770388 -0.0938639 0.0618746 -0.0896014 0.1272232 -0.0422942 -0.0448694 0.9899557
1769791363.837058 -0.0948269 0.0601449 -0.0820660 0.1252756 -0.0447335 -0.0387880 0.9903537
1769791363.870392 -0.0951911 0.0581477 -0.0737439 0.1237427 -0.0442916 -0.0360845 0.9906684
1769791363.903733 -0.0965550 0.0542434 -0.0709419 0.1223148 -0.0429308 -0.0346213 0.9909579
1769791363.937066 -0.0939105 0.0538247 -0.0599003 0.1211234 -0.0410344 -0.0344005 0.9911922
1769791363.970390 -0.1002553 0.0441856 -0.0260758 0.1081280 -0.0366814 -0.0374412 0.9927542
1769791364.070392 -0.1007982 0.0455765 -0.0167240 0.0752301 -0.0299695 -0.0381500 0.9959854
1769791364.103729 -0.1055797 0.0436433 -0.0192480 0.0677204 -0.0278625 -0.0385266 0.9965708
1769791364.237066 -0.1305087 0.0187422 -0.0504371 0.0422487 -0.0193723 -0.0404912 0.9980983
1769791364.470403 -0.1472144 0.0073776 -0.0822692 0.0205269 -0.0115281 -0.0450068 0.9987093
1769791365.070396 -0.1426005 0.0026368 -0.0434655 0.0447567 -0.0021237 -0.0508098 0.9977027
1769791365.570392 -0.1421007 0.0059634 -0.0398344 0.0641035 -0.0002974 -0.0522436 0.9965748
1769791367.303730 -0.1536223 0.0256833 -0.0444304 0.0572360 0.0013099 -0.0506310 0.9970751
1769791368.003732 -0.1589187 0.0350798 -0.0543078 0.0423290 0.0045487 -0.0492920 0.9978767
1769791368.503727 -0.1584197 0.0398712 -0.0650543 0.0328888 0.0074199 -0.0478228 0.9982867
1769791369.037054 -0.1711336 0.0330800 -0.0901679 0.0226356 0.0126614 -0.0455715 0.9986243
1769791369.603804 -0.1183445 0.0729928 -0.0739109 0.0220023 0.0125062 -0.0476434 0.9985437
1769791370.503731 -0.0438553 0.0850960 -0.0526839 0.0219800 0.0114673 -0.0476750 0.9985552
1769791371.237054 -0.0004349 0.0681437 -0.0477755 0.0216778 0.0094830 -0.0470813 0.9986108
1769791371.870393 0.0234570 0.0512689 -0.0431502 0.0213557 0.0081785 -0.0470054 0.9986328
1769791372.437072 0.0358562 0.0451954 -0.0317168 0.0214568 0.0060928 -0.0474092 0.9986265
1769791372.937053 0.0442706 0.0359209 -0.0161174 0.0195128 0.0037969 -0.0479244 0.9986532
