1769791275003653632.000000 0.000000000 0.000000000 0.000000000 -0.000000000 -0.000000000 -0.000000000 1.000000000
1769791276070314752.000000 0.003637078 -0.009034543 -0.016407881 0.003367297 0.002813531 -0.003737204 0.999983370
1769791276103663872.000000 0.002833012 -0.012244014 -0.017425157 0.002831125 0.003179854 -0.003827587 0.999983609
1769791276336995328.000000 0.009079098 -0.016461624 -0.021478783 0.003834430 0.004124514 -0.004967735 0.999971807
1769791276570318592.000000 0.018010978 -0.017693749 -0.018359588 0.004734181 0.005288645 -0.005703664 0.999958575
1769791276836975616.000000 0.028544709 -0.023733709 -0.024930011 0.005405063 0.006922916 -0.007335512 0.999934554
1769791277070326784.000000 0.043361865 -0.028097929 -0.025555972 0.006255388 0.007845988 -0.007235802 0.999923468
1769791277336993280.000000 0.063029140 -0.026006503 -0.021272736 0.008034704 0.008737896 -0.007336700 0.999902666
1769791277603646976.000000 0.085701033 -0.030307967 -0.022566814 0.008656627 0.009589861 -0.006108913 0.999897897
1769791277770326016.000000 0.098857567 -0.029984888 -0.020433150 0.009261725 0.010956997 -0.006245750 0.999877572
1769791277936984832.000000 0.115983702 -0.024591547 -0.017620033 0.010508286 0.011806384 -0.006725906 0.999852479
1769791278136984320.000000 0.134329140 -0.018877752 -0.014936579 0.011609635 0.012964495 -0.005045601 0.999835849
1769791278303647488.000000 0.152742893 -0.013797611 -0.012088219 0.011716879 0.013374535 -0.004939856 0.999829710
1769791278503670528.000000 0.172894955 -0.000338430 -0.008720431 0.012874569 0.014802961 -0.004766429 0.999796212
1769791278703643648.000000 0.197658479 0.007544846 -0.009892656 0.013856570 0.016124478 -0.004022362 0.999765873
1769791278870308608.000000 0.215539679 0.019683696 -0.001287665 0.014482887 0.017300135 -0.005173733 0.999732077
1769791279036978176.000000 0.233417600 0.036726784 0.003806083 0.015802527 0.018697320 -0.005201301 0.999686778
1769791279170313984.000000 0.250654131 0.056102883 0.020019932 0.017531311 0.019728012 -0.006025119 0.999633551
1769791279337028864.000000 0.271472245 0.076320171 0.041190460 0.018946668 0.021346405 -0.007462729 0.999564767
1769791279470322944.000000 0.287950248 0.098201044 0.053018879 0.020949665 0.022445502 -0.009832585 0.999480188
1769791279670319616.000000 0.292917252 0.108113386 0.056287374 0.019126497 0.025453502 -0.010197800 0.999441028
1769791279836985856.000000 0.300206125 0.105852395 0.044041153 0.016318461 0.026295546 -0.007422196 0.999493480
1769791280070310912.000000 0.307434410 0.112252839 0.035504662 0.012857303 0.027890837 -0.006320241 0.999508321
1769791280336972544.000000 0.309636742 0.141885400 0.039645370 0.012315906 0.030707318 -0.007535051 0.999424160
1769791280603673600.000000 0.332385600 0.206259727 0.057459299 0.019237572 0.030638680 -0.012319202 0.999269485
1769791280870312704.000000 0.340215296 0.249193475 0.065545224 0.021847272 0.031334642 -0.018866062 0.999092042
1769791281136978688.000000 0.328057826 0.270970434 0.070978992 0.018636247 0.036226839 -0.025842872 0.998835564
1769791281436988928.000000 0.324089020 0.293327689 0.071914330 0.016373741 0.038353201 -0.030446073 0.998666108
1769791281770308096.000000 0.317132145 0.309001267 0.067919284 0.015338914 0.037919629 -0.033199362 0.998611391
1769791282170334464.000000 0.299217761 0.312974125 0.062006339 0.015458223 0.036048423 -0.034614604 0.998630762
1769791282503663360.000000 0.279145241 0.299714535 0.052654125 0.016478097 0.035526037 -0.031632531 0.998732090
1769791282836995840.000000 0.249725997 0.264558703 0.034934383 0.017692797 0.033603232 -0.025092604 0.998963594
1769791283103663104.000000 0.228188396 0.228447005 0.012655795 0.020877335 0.029854093 -0.017137891 0.999189258
1769791283270343424.000000 0.211825609 0.195887357 0.002847867 0.022227837 0.028427400 -0.012523842 0.999270201
1769791283403662336.000000 0.193311706 0.160461485 -0.009331784 0.022215908 0.027602343 -0.009033562 0.999331295
1769791283503671552.000000 0.170368716 0.128277555 -0.013190271 0.020408079 0.028772082 -0.008098375 0.999344826
1769791283636998656.000000 0.152702704 0.097720131 -0.022111112 0.025748810 0.027224615 -0.006723095 0.999275029
1769791283770360832.000000 0.129196241 0.069019310 -0.028183719 0.033257123 0.024814043 -0.006328240 0.999118745
1769791283970333184.000000 0.098000459 0.028439470 -0.024077857 0.049206760 0.018728919 -0.006963999 0.998588741
1769791284203676672.000000 0.086330742 0.010627511 -0.020300994 0.069215596 -0.000285446 -0.010597115 0.997545421
1769791284370325504.000000 0.075119741 0.016736034 -0.025218293 0.085794054 -0.019360118 -0.012262361 0.996049345
1769791284570333696.000000 0.072745092 0.016065497 -0.049329180 0.095469236 -0.043709595 -0.009384203 0.994428039
1769791284870331904.000000 -0.119401440 -0.584979236 -0.042571634 -0.001594547 -0.023265071 0.007832624 0.999697387
1769791284903666688.000000 -0.227705181 -0.691622794 -0.074153826 -0.025560277 -0.011569016 0.006588719 0.999584675
1769791285137006848.000000 -0.242496923 -0.721075535 -0.073222123 -0.070737951 -0.002872417 0.008277535 0.997456491
1769791285403659776.000000 -0.256745756 -0.726178408 -0.083336614 -0.088794582 0.003949994 0.002729972 0.996038377
1769791285970326272.000000 -0.254078060 -0.726586461 -0.068167247 -0.050482213 0.008007169 0.002414358 0.998689950
1769791286803668992.000000 -0.261322856 -0.720546722 -0.053313170 -0.016135089 0.006432357 -0.001300228 0.999848306
1769791288270331904.000000 -0.281532586 -0.699855924 -0.066669352 -0.023475027 -0.004768923 0.003433980 0.999707162
1769791288837009152.000000 -0.287324935 -0.697693348 -0.078955539 -0.040871643 -0.008465509 0.004740442 0.999117315
1769791289270344192.000000 -0.300440848 -0.689537704 -0.103040121 -0.054353926 -0.008516890 0.008648263 0.998447955
1769791289537012736.000000 -0.162502989 -0.864932001 0.191941842 -0.079194441 -0.016648881 -0.042164784 0.995827913
1769791289737010944.000000 -0.269952893 -0.410085797 -0.017251337 -0.044608463 -0.020493845 -0.077557184 0.995778620
1769791289937010688.000000 -0.278802603 -0.402693272 -0.016642794 -0.055483744 -0.023397479 -0.140578181 0.988236785
1769791290103683584.000000 -0.282898337 -0.346959949 -0.027908485 -0.047639646 -0.024274275 -0.188346535 0.980646133
1769791290270343168.000000 -0.280476481 -0.327637494 -0.043605752 -0.050348256 -0.026659826 -0.231380031 0.971193910
1769791290437018368.000000 -0.285136282 -0.303389728 -0.042857420 -0.050497789 -0.027963314 -0.273062348 0.960262954
1769791290770346752.000000 -0.292388052 -0.254586667 -0.035481431 -0.052848630 -0.029277610 -0.334793508 0.940352678
1769791291070344448.000000 -0.308788270 -0.149328053 0.016736768 -0.048595116 -0.023492150 -0.345352113 0.936919689
1769791291370351360.000000 -0.449720562 -0.812277913 -0.026782023 -0.168276027 -0.030158170 -0.375767827 0.910808563
1769791291637017600.000000 -0.371304750 -0.774079442 -0.046785586 -0.154350728 -0.043610595 -0.386787713 0.908113003
1769791291803678976.000000 -0.324822128 -0.769147575 -0.044279344 -0.151215300 -0.048962135 -0.386371344 0.908544898
1769791291937017088.000000 -0.295084953 -0.777029634 -0.035497092 -0.152179137 -0.050830230 -0.381490260 0.910342216
1769791292070354688.000000 -0.268804431 -0.790306866 -0.034542628 -0.152698055 -0.050177678 -0.375053674 0.912962317
1769791292203682560.000000 -0.235118508 -0.805700958 -0.028429400 -0.153128475 -0.050911460 -0.366618991 0.916269779
1769791292337016832.000000 -0.196573406 -0.832285225 -0.021994472 -0.154299125 -0.051999874 -0.354272425 0.920857668
1769791292437016832.000000 -0.170641512 -0.860250533 -0.018388756 -0.156725049 -0.052621312 -0.344129235 0.924252868
1769791292603677184.000000 -0.115333699 -0.907957077 0.000766356 -0.161298558 -0.055610627 -0.324413180 0.930401146
1769791292737013248.000000 -0.075767085 -0.941527843 0.009679865 -0.162953645 -0.051841464 -0.299208015 0.938740194
1769791292903682560.000000 -0.015135497 -0.978634834 0.023665851 -0.161057934 -0.048286460 -0.260822296 0.950631678
1769791293070347264.000000 0.045884699 -1.016662478 0.056052424 -0.161083624 -0.040440083 -0.206419215 0.964265406
1769791293303675648.000000 0.145868599 -1.083540797 0.073621109 -0.158132568 -0.034059443 -0.134989485 0.977554023
1769791293403712512.000000 0.174210146 -1.120875120 0.074534297 -0.156131193 -0.030012717 -0.122214690 0.979686618
1769791293603678976.000000 0.231204778 -1.180112362 0.088338047 -0.141040668 -0.021587124 -0.116900355 0.982840717
1769791293737016320.000000 0.261599571 -1.210144639 0.104121059 -0.127915874 -0.011180283 -0.120832540 0.984333336
1769791293870341888.000000 0.268768400 -1.207399607 0.127348781 -0.112901062 0.005033253 -0.123167090 0.985929966
1769791294003689216.000000 0.264171183 -1.201578975 0.143997267 -0.101085775 0.026129995 -0.132297009 0.985695899
1769791294203674368.000000 0.263968080 -1.192439675 0.166760489 -0.090757772 0.062844947 -0.139633164 0.984030545
1769791294437010176.000000 0.292094320 -1.204152822 0.158799291 -0.094370894 0.085589416 -0.149376661 0.980538249
1769791294603672832.000000 0.237819567 -1.172516823 0.200788409 -0.101530716 0.102826744 -0.151026994 0.977910578
1769791294703672576.000000 0.301509172 -1.171011567 0.151597708 -0.127517238 0.079265185 -0.115451135 0.981899917
1769791294870358272.000000 0.393404692 -1.291715384 0.161989316 -0.173878655 0.052746587 -0.065364510 0.981178641
1769791295170341120.000000 0.364733487 -0.773028791 0.082454421 -0.123765610 0.029328737 -0.100304686 0.986793280
1769791295403695360.000000 0.496526062 -1.125089288 0.193180144 -0.175204873 0.025958518 -0.002619618 0.984186232
1769791295537020672.000000 0.519631624 -1.141661525 0.199067727 -0.166474506 0.023324367 0.007988507 0.985737503
1769791295637007104.000000 0.545663714 -1.144347906 0.203412652 -0.157120556 0.020691728 0.012118394 0.987288296
1769791295737010176.000000 0.549337566 -1.159362197 0.210025981 -0.148814440 0.021405863 0.016030390 0.988503456
1769791295870339328.000000 0.561138213 -1.167783380 0.204973429 -0.138274014 0.020616613 0.019470161 0.989987969
1769791296203673856.000000 0.582138598 -1.161563635 0.212583452 -0.119092718 0.021899637 0.019023340 0.992459297
1769791296737007872.000000 0.606562853 -1.189658165 0.215808600 -0.106245458 0.026483061 0.031544629 0.993486524
1769791297603677952.000000 0.623830438 -1.170925021 0.187330529 -0.107990876 0.033591393 0.034203522 0.992995322
1769791297903660032.000000 0.596533060 -1.155809283 0.170382753 -0.112530090 0.039243128 0.034302175 0.992280364
1769791298503664640.000000 0.660634458 -1.031811237 0.175637245 -0.116562739 0.034462810 0.034204323 0.991995752
1769791298770338304.000000 0.541029990 -0.911856651 0.081114918 -0.107628383 0.047871947 0.024469599 0.992736459
1769791298936998400.000000 0.538279712 -0.846289456 0.069408350 -0.105618335 0.048058089 0.023542129 0.992965758
1769791299137005824.000000 0.524476230 -0.782326818 0.054246619 -0.105181873 0.049449608 0.019348172 0.993034303
1769791299270330112.000000 0.514773309 -0.737693787 0.048996966 -0.104539558 0.049733907 0.017441748 0.993123293
1769791299403666176.000000 0.507925034 -0.676110268 0.028314698 -0.097746581 0.051150303 0.022848271 0.993633330
1769791299503662848.000000 0.503063798 -0.648969054 0.022131281 -0.098809585 0.050106592 0.018716356 0.993667781
1769791299570326528.000000 0.497240484 -0.640028715 0.018427731 -0.100695267 0.049802233 0.015916619 0.993542612
1769791299603674368.000000 0.495487601 -0.635570347 0.018193852 -0.101761848 0.049466845 0.014748503 0.993468702
1769791299703662848.000000 0.484617144 -0.618752658 0.012841675 -0.103923902 0.050495420 0.010640812 0.993245602
1769791299836993024.000000 0.468448699 -0.568147242 0.005882979 -0.100145809 0.052753847 0.011446676 0.993507385
1769791300003667712.000000 0.454043239 -0.530596077 -0.006342216 -0.100652404 0.054498035 0.009546294 0.993382096
1769791300170347776.000000 0.438535333 -0.493846864 -0.019972255 -0.099944204 0.053055920 0.007454305 0.993549526
1769791300303666944.000000 0.420891076 -0.474457026 -0.033486612 -0.101386495 0.053565077 0.005120271 0.993390858
1769791300470325760.000000 0.400615185 -0.441651613 -0.047952075 -0.100288987 0.053953342 0.004327188 0.993485034
1769791300703665152.000000 0.371208221 -0.410266966 -0.050841238 -0.101131998 0.054812044 0.000759454 0.993361652
1769791300870324736.000000 0.346275121 -0.392573893 -0.058046605 -0.101503894 0.056063410 -0.000642686 0.993253946
1769791301203671040.000000 0.296291947 -0.368352205 -0.066220030 -0.100587510 0.056950014 -0.002943387 0.993292570
1769791301470339328.000000 0.263344586 -0.365337998 -0.069351375 -0.102791511 0.056717291 -0.002688859 0.993080974
1769791301703666176.000000 0.235708877 -0.371287882 -0.070947714 -0.103309609 0.055285994 -0.002982992 0.993107140
1769791301870323968.000000 0.206236109 -0.383084536 -0.071067564 -0.103589036 0.056804106 -0.002944189 0.992992461
1769791302103656960.000000 0.177397490 -0.403987348 -0.069650725 -0.102744982 0.054548748 0.000455951 0.993210793
1769791302303668480.000000 0.142868876 -0.432922423 -0.060892813 -0.103076987 0.054803830 0.000223991 0.993162453
1769791302470334464.000000 0.100479841 -0.469400913 -0.040053952 -0.105898045 0.058813222 0.000244565 0.992636204
1769791302570326272.000000 0.084581852 -0.487953931 -0.033432409 -0.106141195 0.058898550 0.000188008 0.992605150
1769791302670333440.000000 0.072443686 -0.501978397 -0.037146665 -0.102461368 0.057564102 0.002745898 0.993066251
1769791302803664384.000000 0.056499638 -0.527106941 -0.039554067 -0.099918030 0.056051578 0.006761681 0.993392646
1769791302936991744.000000 0.009155370 -0.596795321 0.003123369 -0.113481618 0.061636396 -0.001726586 0.991624892
1769791303003657984.000000 0.002273868 -0.608942866 -0.002202549 -0.110529169 0.060233638 0.000782538 0.992045701
1769791303103663872.000000 -0.008461300 -0.631916463 -0.010213217 -0.107051350 0.059531067 0.006756768 0.992446661
1769791303236989952.000000 -0.023038587 -0.665634453 -0.019435860 -0.103124179 0.057282180 0.011736184 0.992948353
1769791303403655680.000000 -0.095752977 -0.780003667 0.037122272 -0.121749252 0.065638103 -0.003831290 0.990380824
1769791303570326528.000000 0.073288187 -0.980008602 0.132695109 -0.157133251 0.026799165 0.058773115 0.985462666
1769791303737002496.000000 0.076550685 -0.923594654 0.123308368 -0.121160530 0.016131025 0.062007945 0.990562916
1769791303836990464.000000 0.071443900 -0.880926490 0.115413092 -0.097621292 0.011238665 0.062214043 0.993213594
1769791303970347520.000000 0.064244322 -0.850902200 0.105960652 -0.072165459 0.001424897 0.058427367 0.995678842
1769791304137005056.000000 0.019353690 -0.663119316 0.078355640 0.001989677 -0.009816176 0.063411482 0.997937202
1769791304270330880.000000 0.015302903 -0.672971785 0.054304477 0.015098548 -0.028467206 0.067961000 0.997167468
1769791304536989952.000000 0.004703150 -0.681058407 0.032648221 0.023287490 -0.054900665 0.083812304 0.994695485
1769791304570329600.000000 0.003234510 -0.681161523 0.034083478 0.022741437 -0.054849342 0.087871224 0.994360626
1769791304603671296.000000 0.002628474 -0.682139397 0.038886916 0.020494295 -0.054554120 0.089477628 0.994282484
1769791304636988672.000000 0.005650544 -0.681554973 0.047023345 0.019479934 -0.053868119 0.090521440 0.994245768
1769791304670353920.000000 0.000145603 -0.670634151 0.068986110 0.012923448 -0.050633110 0.090616062 0.994513988
1769791304703688704.000000 0.002205975 -0.671038687 0.065790445 0.000962369 -0.049855661 0.091314957 0.994572818
1769791304837041664.000000 -0.046315167 -0.627644897 0.059672333 -0.033450317 -0.041509490 0.083025336 0.995120525
1769791305137020160.000000 -0.068542428 -0.610055447 0.091983356 -0.069318324 -0.032644019 0.072029620 0.994455159
1769791305737011712.000000 -0.071157120 -0.619271338 0.120312601 -0.046009962 -0.019853693 0.064303093 0.996671498
1769791306337014784.000000 -0.076385871 -0.618079364 0.124001779 -0.020005299 -0.016175266 0.063065186 0.997677803
1769791307103682304.000000 -0.091233067 -0.610513031 0.123156078 -0.012767075 -0.019428203 0.062600367 0.997767866
1769791307503677952.000000 -0.101244107 -0.610405028 0.115297869 -0.017123619 -0.021744059 0.062847309 0.997639358
1769791308037037824.000000 -0.008220959 -0.676601410 0.103151187 -0.039854519 -0.042864081 0.099082671 0.993356407
1769791308303686144.000000 -0.106966227 -0.580070853 0.129112333 -0.034139980 -0.028684473 0.062013157 0.997078776
1769791308503683328.000000 -0.159430832 -0.580395818 0.128512546 -0.051875755 -0.023898544 0.033878304 0.997792602
1769791308737013248.000000 -0.186669499 -0.611382604 0.046811264 -0.061358113 -0.024480976 0.038050268 0.997089803
1769791308937010176.000000 -0.206725791 -0.601248264 0.047621343 -0.069662191 -0.022399589 0.029780295 0.996874392
1769791309203676672.000000 -0.235324576 -0.588301659 0.053807568 -0.082312904 -0.018608104 0.016125420 0.996302366
1769791309437016832.000000 -0.269919723 -0.584144235 0.053415444 -0.095928475 -0.022673674 -0.066893741 0.992879093
1769791309703676416.000000 -0.274076104 -0.562854588 0.045370195 -0.104782492 -0.033420254 -0.151891500 0.982258976
1769791310070345216.000000 -0.277950317 -0.498948514 0.013632130 -0.102860361 -0.042614602 -0.251886904 0.961330712
1769791310237016576.000000 -0.276229084 -0.473793715 0.002354922 -0.102944754 -0.046273142 -0.288696259 0.950744808
1769791310703680256.000000 -0.316226542 -0.346106470 0.074492902 -0.099689931 -0.047461137 -0.352834284 0.929148734
1769791310903673856.000000 -0.296523124 -0.319453895 0.082017019 -0.100467451 -0.049414005 -0.369188428 0.922585726
1769791311070387968.000000 -0.273414254 -0.300434113 0.076330408 -0.099030487 -0.050233532 -0.381053239 0.917860568
1769791311237022976.000000 -0.249877825 -0.288920641 0.077680349 -0.099011019 -0.051092282 -0.388444185 0.914711714
1769791311403678464.000000 -0.224729195 -0.283177018 0.073736370 -0.098360687 -0.052193943 -0.391262352 0.913517773
1769791311670352384.000000 -0.183196232 -0.289943933 0.079286307 -0.099422760 -0.052175045 -0.389174074 0.914295554
1769791311937009408.000000 -0.132721394 -0.315042675 0.083247945 -0.100224636 -0.051009078 -0.377020031 0.919352531
1769791312070345472.000000 -0.103405118 -0.332247645 0.094386347 -0.100848198 -0.050276462 -0.366215467 0.923681855
1769791312203681536.000000 -0.073167108 -0.350468308 0.105669804 -0.100566059 -0.049037263 -0.353349239 0.928776681
1769791312403685632.000000 -0.026405595 -0.397338301 0.104431488 -0.102232829 -0.046307512 -0.326835036 0.938393831
1769791312537033728.000000 0.010393232 -0.425389081 0.104831211 -0.100982562 -0.043421119 -0.301233679 0.947193444
1769791312637018880.000000 0.039340798 -0.452480495 0.105397940 -0.101163536 -0.041117597 -0.278253585 0.954279959
1769791312770353152.000000 0.081935927 -0.483728915 0.129323602 -0.100807488 -0.037529729 -0.238821641 0.965087354
1769791312937027584.000000 0.140523717 -0.521238983 0.150191858 -0.098301843 -0.032105017 -0.182651490 0.977724135
1769791313103685376.000000 0.204072282 -0.557948470 0.178896293 -0.095660828 -0.030090891 -0.137069196 0.985472262
1769791313203688192.000000 0.192267939 -0.545242548 0.184858710 -0.086686522 -0.021647997 -0.135692418 0.986713946
1769791313303679488.000000 0.180839136 -0.547421813 0.198361918 -0.078716941 -0.012088619 -0.144461825 0.986300290
1769791313403683584.000000 0.153520837 -0.540076792 0.195581913 -0.067501776 0.002828852 -0.158770457 0.985001266
1769791313670345216.000000 0.130760968 -0.469461352 0.197605655 -0.017841464 0.042095684 -0.171452910 0.984130859
1769791313937014016.000000 0.080983713 -0.367115319 0.193751454 0.025341727 0.104302235 -0.188338876 0.976220906
1769791314103681536.000000 0.127718091 -0.370496929 0.164043814 0.030796256 0.117582649 -0.190403014 0.974152267
1769791314303679232.000000 0.119864918 -0.413022518 0.179480046 0.012373923 0.132476896 -0.197264373 0.971279383
1769791314403678208.000000 0.115956903 -0.327613652 0.233433440 0.013028421 0.136810765 -0.184491992 0.973178208
1769791314570346240.000000 0.873010337 -0.345188677 0.261735141 -0.013994320 -0.009495662 -0.128192723 0.991605103
1769791314803677440.000000 0.438019544 -1.129937530 0.169359326 -0.174601257 0.038365491 -0.038516130 0.983137310
1769791315103678720.000000 0.481990844 -1.148390293 0.175054535 -0.179766431 0.027869403 -0.003717629 0.983307421
1769791315337092352.000000 0.520933390 -1.160126925 0.191426396 -0.165540159 0.023140687 0.009861446 0.985882223
1769791315570389248.000000 0.558216512 -1.173051715 0.196931705 -0.143366307 0.020450557 0.019025350 0.989275455
1769791315737020416.000000 0.561299741 -1.174010038 0.192873418 -0.131525517 0.021307757 0.020212065 0.990877688
1769791316370341888.000000 0.583937705 -1.190955281 0.194016993 -0.108590573 0.027217714 0.027360488 0.993337154
1769791316837022976.000000 0.604108274 -1.187270284 0.191766396 -0.105466418 0.030122919 0.032381877 0.993438959
1769791317403692544.000000 0.611311853 -1.166333795 0.183594942 -0.107931383 0.035915975 0.033691123 0.992937922
1769791317770346496.000000 0.602428615 -1.136020064 0.167447507 -0.112891540 0.039696895 0.034016322 0.992231131
1769791318003686400.000000 0.577342212 -1.068319678 0.135436952 -0.109920651 0.043378003 0.029381648 0.992558599
1769791318270348800.000000 0.551551342 -1.053597689 0.128163129 -0.117834963 0.047963146 0.031852096 0.991362691
1769791318403678464.000000 0.548133016 -0.948209882 0.085600346 -0.107686847 0.046804246 0.025040563 0.992766798
1769791318570341888.000000 0.534321785 -0.886811435 0.066487074 -0.105485380 0.048756059 0.023023186 0.992958009
1769791318703679744.000000 0.527263880 -0.845033467 0.057646818 -0.104823530 0.049138118 0.019154832 0.993091464
1769791318870341632.000000 0.525740385 -0.780701339 0.042390469 -0.102677591 0.049229011 0.022685478 0.993236721
1769791319070355712.000000 0.520909071 -0.724924803 0.024340704 -0.101175964 0.048066985 0.020193972 0.993501484
1769791319237010432.000000 0.498248041 -0.662649035 0.017828884 -0.100250825 0.050847873 0.015923178 0.993534446
1769791319437007104.000000 0.483828932 -0.625868678 0.008013242 -0.104021922 0.050691042 0.010316949 0.993228793
1769791319603681024.000000 0.466497332 -0.563005745 -0.019949602 -0.096879847 0.052260771 0.011140642 0.993860662
1769791319770341632.000000 0.448299736 -0.537176669 -0.029977527 -0.101613984 0.054312699 0.006474909 0.993319094
1769791319903672576.000000 0.434607655 -0.514271021 -0.041748382 -0.102400973 0.053663049 0.004326507 0.993285298
1769791320037011712.000000 0.418785930 -0.488248408 -0.044088278 -0.103200085 0.053998608 0.002342428 0.993191004
1769791320370345984.000000 0.377964735 -0.424483091 -0.056612935 -0.100973561 0.055197332 0.001222125 0.993355989
1769791320603689984.000000 0.340580881 -0.397209823 -0.065757141 -0.102026716 0.058020353 -0.002352715 0.993085444
1769791320637062400.000000 0.336531252 -0.393012196 -0.066564374 -0.101789199 0.058021832 -0.001629979 0.993111193
1769791320837018368.000000 0.310658991 -0.381099313 -0.070582807 -0.102738261 0.057102788 -0.002593819 0.993064642
1769791321237024256.000000 0.257251382 -0.367285699 -0.079119302 -0.102898233 0.057472847 -0.004500618 0.993019938
1769791321570356992.000000 0.213809922 -0.378058195 -0.070332415 -0.103973813 0.056958329 -0.003626669 0.992941141
1769791321770357248.000000 0.191134453 -0.392955810 -0.066263266 -0.103046291 0.055047099 -0.000563146 0.993152022
1769791322137022464.000000 0.138263434 -0.439975083 -0.054935627 -0.101703882 0.052560870 0.002137573 0.993422925
1769791322403700480.000000 0.080224849 -0.498474538 -0.033644386 -0.103745587 0.056253303 0.003012271 0.993007243
1769791322703687936.000000 0.004929362 -0.601267517 0.001513899 -0.113867924 0.061741199 -0.001967694 0.991573632
1769791322837031936.000000 -0.007795571 -0.627247512 -0.002369072 -0.109492145 0.059982873 0.003839445 0.992168725
1769791322937018880.000000 -0.019212628 -0.652261496 -0.012883539 -0.105898425 0.058954455 0.009496243 0.992582381
1769791323037018368.000000 -0.021252746 -0.670754611 -0.021789519 -0.101011835 0.055023018 0.013043673 0.993276894
1769791323170349056.000000 -0.098793998 -0.771956027 0.041521031 -0.119998813 0.065721653 -0.005945309 0.990578473
1769791323237032960.000000 -0.096307755 -0.778472126 0.030544102 -0.110469066 0.061610784 -0.003169608 0.991963029
1769791323337038848.000000 -0.108101010 -0.778820455 0.030902822 -0.095197111 0.056985930 -0.003935545 0.993818223
1769791323437016064.000000 -0.111366823 -0.779680073 0.018887041 -0.079727024 0.050412320 -0.002288815 0.995538533
1769791323570351872.000000 -0.122714192 -0.649379373 -0.026278280 -0.040573843 0.039795570 -0.011997175 0.998311639
1769791323670371584.000000 -0.124733329 -0.637665272 -0.029713603 -0.024486871 0.032676466 -0.017774830 0.999007881
1769791323770348544.000000 -0.118910164 -0.605768204 -0.043205906 -0.003814933 0.019488955 -0.018344555 0.999634504
1769791323903702016.000000 -0.120695390 -0.529959142 -0.061347134 0.029550608 0.001470875 -0.010473980 0.999507368
1769791324003692544.000000 -0.134002373 -0.437145472 -0.035351124 0.060883321 -0.009928207 -0.000302847 0.998095453
1769791324103688960.000000 -0.140571237 -0.462994099 -0.035505965 0.060785793 -0.023845907 0.011556024 0.997799039
1769791324203699968.000000 -0.146685421 -0.462448210 -0.043090455 0.063815646 -0.034596939 0.015407016 0.997242808
1769791324237015808.000000 -0.148230821 -0.467678189 -0.048885308 0.063369021 -0.036782227 0.018910887 0.997132838
1769791324303697664.000000 -0.150322482 -0.466917217 -0.041897982 0.062070258 -0.040169477 0.023511382 0.996985972
1769791324370355456.000000 -0.150898844 -0.464388728 -0.023755169 0.060117070 -0.039418653 0.029864246 0.996965528
1769791324470360320.000000 -0.160574123 -0.458937794 -0.007588896 0.039356492 -0.031904276 0.025572302 0.998388350
1769791324503702784.000000 -0.164586842 -0.459707350 -0.003516356 0.026574822 -0.029690653 0.024344923 0.998909175
1769791324537019648.000000 -0.166816220 -0.455305755 0.007945474 0.016140044 -0.027992889 0.024270941 0.999183059
1769791324570347520.000000 -0.164806262 -0.465596557 0.008008558 0.005314637 -0.026551107 0.026016146 0.999294758
1769791324603688192.000000 -0.166274443 -0.453820646 0.020047862 -0.000205776 -0.024748027 0.024527684 0.999392807
1769791324737014528.000000 -0.190287426 -0.469175965 -0.007143041 -0.023053331 -0.018497039 0.021068860 0.999341071
1769791325137017088.000000 -0.204497874 -0.470079929 0.000161764 -0.039006867 -0.009177551 0.012864738 0.999113977
1769791325637019904.000000 -0.199946627 -0.466622084 0.024400136 -0.003816776 -0.001175898 0.009478672 0.999947131
1769791326237016576.000000 -0.205708355 -0.461035192 0.034332313 0.014382137 -0.000283988 0.007239569 0.999870360
1769791326703690752.000000 -0.211392224 -0.461114079 0.029327678 0.020267377 -0.003293452 0.007923953 0.999757767
1769791327303685376.000000 -0.228727832 -0.454479009 0.022047896 0.014758456 -0.006378592 0.007286042 0.999844193
1769791327803701248.000000 -0.234475330 -0.438416064 0.025079630 0.004977137 -0.010064675 0.007636739 0.999907851
1769791328137034496.000000 -0.245231628 -0.433418512 0.012217644 -0.004705541 -0.011273632 0.008605283 0.999888361
1769791328270375168.000000 -0.249160230 -0.432119340 0.006326830 -0.009172310 -0.011879541 0.009081102 0.999846160
1769791328570362880.000000 -0.258137763 -0.422211021 -0.002583927 -0.017886430 -0.012213800 0.010331151 0.999712050
1769791328837038592.000000 -0.265944451 -0.414113522 -0.008655307 -0.026730711 -0.011438278 0.011005627 0.999516666
1769791329070379776.000000 -0.263758928 -0.422560066 -0.012223046 -0.036209159 -0.015961666 -0.017680846 0.999060333
1769791329270359808.000000 -0.272411674 -0.398544550 -0.015225542 -0.041607324 -0.018600915 -0.083519913 0.995463371
1769791329470367232.000000 -0.276532501 -0.371759713 -0.019266341 -0.045725800 -0.022579197 -0.145189360 0.988088787
1769791329637033472.000000 -0.285879970 -0.348203361 -0.023653841 -0.047871053 -0.023295792 -0.193958536 0.979564071
1769791329937032704.000000 -0.295935035 -0.305440336 -0.018228125 -0.050971769 -0.025439363 -0.272121251 0.960575223
1769791330337031168.000000 -0.343475759 -0.314911246 0.008135276 -0.091676749 -0.025558161 -0.324515015 0.941080332
1769791330670369024.000000 -0.331743300 -0.287268221 0.009484848 -0.092470586 -0.029154718 -0.367666125 0.924889624
1769791330903693312.000000 -0.299824059 -0.265470296 0.010578209 -0.089147627 -0.031973798 -0.387393653 0.917036831
1769791331070365952.000000 -0.266843259 -0.239860162 0.013088735 -0.084128350 -0.035983793 -0.396300673 0.913549840
1769791331203693824.000000 -0.234877735 -0.234158561 0.017152179 -0.081855997 -0.039930757 -0.398775458 0.912514806
1769791331303701760.000000 -0.216062233 -0.233212709 0.022200435 -0.081555463 -0.040885899 -0.398786277 0.912494719
1769791331470363392.000000 -0.177446112 -0.237633154 0.047888532 -0.081582792 -0.044026166 -0.393574506 0.914606571
1769791331603718912.000000 -0.144451573 -0.250527143 0.061100770 -0.082075089 -0.046448894 -0.387234300 0.917145431
1769791331737027840.000000 -0.117995366 -0.268821985 0.060190320 -0.083346471 -0.045921694 -0.378367901 0.920750916
1769791331870369792.000000 -0.087284893 -0.294763148 0.054083753 -0.084311277 -0.045598570 -0.366975129 0.925279200
1769791332003699712.000000 -0.055850916 -0.316225737 0.079786457 -0.086125396 -0.045913942 -0.351974815 0.930907130
1769791332203734272.000000 0.001149539 -0.370953023 0.100487366 -0.090634495 -0.046298485 -0.319506794 0.942102551
1769791332303702016.000000 0.039113272 -0.414143771 0.113859929 -0.096317984 -0.050542321 -0.299995095 0.947718978
1769791332470380288.000000 0.131048352 -0.511424005 0.142838389 -0.110155523 -0.063423760 -0.254505426 0.958681464
1769791332570368000.000000 0.175714821 -0.562030256 0.165434927 -0.117985621 -0.064795077 -0.218464300 0.966516614
1769791332737046528.000000 0.191021934 -0.551584601 0.174186528 -0.104084596 -0.043717522 -0.168201253 0.979266822
1769791332837032704.000000 0.201027974 -0.544036984 0.180722713 -0.094120979 -0.031510107 -0.141973391 0.984881699
1769791333003694336.000000 0.189414874 -0.540858567 0.194338605 -0.082195498 -0.018547729 -0.138047397 0.986834764
1769791333103729152.000000 0.205378577 -0.541320205 0.225122184 -0.070313707 -0.011794481 -0.135787725 0.988169312
1769791333270360576.000000 0.177023962 -0.544608951 0.215909719 -0.054505724 0.009339443 -0.153654411 0.986576021
1769791333437028352.000000 0.136570230 -0.504527807 0.188229457 -0.026322123 0.037981525 -0.173598379 0.983731747
1769791333570371072.000000 0.118640646 -0.445929110 0.175076678 0.000163774 0.067276537 -0.180735379 0.981228113
1769791333637045504.000000 0.111283429 -0.409782171 0.182608202 0.013065648 0.083017334 -0.185568765 0.979030967
1769791333737029888.000000 0.126005337 -0.399872422 0.178707764 0.021309910 0.096872121 -0.186724171 0.977392316
1769791333870370560.000000 0.131225884 -0.402059495 0.187850580 0.021921717 0.116301470 -0.194029689 0.973830521
1769791334037035008.000000 0.119601943 -0.418232590 0.205282599 0.012120261 0.132129639 -0.203372777 0.970069289
1769791334137024768.000000 0.100372404 -0.455775052 0.189996868 -0.010634208 0.131696731 -0.199686214 0.970911086
1769791334270362368.000000 0.149939597 -0.427251607 0.138448343 -0.033468414 0.105300136 -0.155465290 0.981642663
1769791334470361600.000000 0.336624980 -0.669580817 0.029443637 -0.084760159 0.056421801 -0.093163110 0.990430713
1769791334670355200.000000 0.402154118 -0.709050000 0.045131572 -0.102545716 0.038676005 -0.062091339 0.992034912
1769791334870362880.000000 0.469837099 -0.747565448 0.061688773 -0.105497472 0.025417758 -0.036394749 0.993428230
1769791335070404352.000000 0.461462408 -0.368378997 0.026356483 -0.026759118 0.028603841 -0.052433584 0.997855961
1769791335270367744.000000 0.468326092 -0.376696944 0.013192676 -0.008071358 0.026698237 -0.051014334 0.998308361
1769791335603699456.000000 0.486355275 -0.387529880 -0.001637532 0.013842668 0.024715193 -0.048425108 0.998425066
1769791335937083904.000000 0.541942060 -0.399411619 0.023400595 0.027603112 0.020985074 -0.044414382 0.998411298
1769791336203723520.000000 0.544317603 -0.404659688 0.009592665 0.033136353 0.023209268 -0.041560438 0.998316646
1769791336537046784.000000 0.553046405 -0.403436810 0.002443315 0.033804558 0.024235088 -0.038619086 0.998387933
1769791337070367488.000000 0.590392590 -0.377374351 0.012026176 0.035459235 0.026712274 -0.035553966 0.998381197
1769791337337039104.000000 0.603328347 -0.346878946 0.015747966 0.034281489 0.028222211 -0.036027603 0.998363793
1769791337703703040.000000 0.610080600 -0.310564101 0.014345265 0.029262761 0.030943930 -0.034679774 0.998490632
1769791337937075968.000000 0.611781776 -0.268814087 0.011978229 0.027227448 0.032238439 -0.037101086 0.998420179
1769791338103708160.000000 0.618252277 -0.217860505 0.003968363 0.028084990 0.032629147 -0.039238852 0.998302042
1769791338237036032.000000 0.621564686 -0.173943207 0.003520514 0.028856499 0.033125713 -0.041921228 0.998154640
1769791338370370816.000000 0.623315394 -0.131396711 0.004599015 0.029379195 0.034047414 -0.043300893 0.998049438
1769791338503701504.000000 0.624625266 -0.080584526 0.003962213 0.031260420 0.034169115 -0.046359453 0.997850716
1769791338603707648.000000 0.626811147 -0.042340010 0.005900599 0.033177000 0.034495562 -0.047211137 0.997737706
1769791338670372608.000000 0.626406312 -0.023336271 0.007761757 0.032685380 0.034383573 -0.048744932 0.997684002
1769791338770375168.000000 0.625435472 0.012654774 0.005264198 0.034184825 0.034546230 -0.050853886 0.997522831
1769791338870412800.000000 0.627127767 0.065972134 0.008993013 0.040015098 0.034938082 -0.050240159 0.997323453
1769791338937030400.000000 0.623104811 0.079398766 0.006187038 0.038608309 0.035694674 -0.052946743 0.997212112
1769791339037030400.000000 0.617530644 0.124926507 0.009947672 0.042670604 0.036475889 -0.054344978 0.996942997
1769791339137039104.000000 0.612272918 0.138709113 0.009026635 0.038605325 0.037037682 -0.059260681 0.996807933
1769791339237030144.000000 0.605819583 0.157264709 0.008340245 0.035757445 0.038245965 -0.062453289 0.996673584
1769791339370368512.000000 0.600918233 0.209870994 0.007272026 0.039917313 0.038944077 -0.063008204 0.996453702
1769791339437034752.000000 0.594912827 0.228265584 0.002906830 0.039693240 0.040830597 -0.064381666 0.996299326
1769791339570371840.000000 0.583065629 0.257121474 -0.006305145 0.037760884 0.041863520 -0.067471743 0.996127069
1769791339670378496.000000 0.571470022 0.281032711 -0.007943437 0.037409015 0.042977359 -0.069664270 0.995941997
1769791339737036800.000000 0.563520014 0.292997032 -0.013484467 0.036449205 0.043487553 -0.071169287 0.995849013
1769791339870367744.000000 0.548227251 0.314275235 -0.016934160 0.034234580 0.045133233 -0.074941188 0.995577633
1769791340003698944.000000 0.535369515 0.338048995 -0.019351576 0.033672627 0.045548957 -0.076876469 0.995430291
1769791340170361088.000000 0.518083751 0.365674883 -0.021756489 0.032648087 0.045986131 -0.078684025 0.995303094
1769791340303711232.000000 0.499716610 0.384010136 -0.023517421 0.031645142 0.047468614 -0.080069728 0.995155334
1769791340470368512.000000 0.479649425 0.406953543 -0.025737863 0.031694803 0.048203558 -0.081333481 0.995015979
1769791340637029376.000000 0.454685211 0.424715459 -0.026791513 0.032327484 0.048234902 -0.082583174 0.994891107
1769791340770364160.000000 0.438649744 0.431268722 -0.032410260 0.030998591 0.048450071 -0.082360417 0.994941473
1769791340937029888.000000 0.418386757 0.440899163 -0.033872925 0.030407751 0.048423037 -0.082178555 0.994976044
1769791341170363648.000000 0.382753164 0.442362934 -0.039115600 0.029487671 0.049060151 -0.082584754 0.994938850
1769791341370370048.000000 0.346968204 0.434790581 -0.046641935 0.028640579 0.050103784 -0.081484474 0.995002329
1769791341603710208.000000 0.311680645 0.419628352 -0.048141509 0.029701695 0.047058053 -0.079997823 0.995240569
1769791341937068800.000000 0.261874467 0.397409558 -0.031631574 0.036736306 0.041538890 -0.076343000 0.995538414
1769791342070387456.000000 0.242007911 0.379157215 -0.044181086 0.038828846 0.039446708 -0.072807670 0.995808899
1769791342337036544.000000 0.136272237 0.297552079 -0.029748797 0.030610416 0.051076271 -0.075140908 0.995393455
1769791342503700736.000000 0.120213725 0.277146965 -0.054056101 0.038171031 0.045181435 -0.067711480 0.995950222
1769791342637035264.000000 0.129430696 0.276287287 -0.059546694 0.050122086 0.033508491 -0.065939397 0.996000528
1769791342870367744.000000 0.094837330 0.224483550 -0.103061050 0.057874717 0.029087471 -0.055511437 0.996354818
1769791343070375936.000000 -0.173629418 -0.255055457 -0.041797485 -0.034856252 0.072170064 -0.053514425 0.995345592
1769791343370356736.000000 -0.136571243 -0.170696869 -0.053383436 0.028058808 0.043050107 -0.048004389 0.997524440
1769791343603690752.000000 -0.127140746 -0.101682365 -0.059834063 0.074304089 0.015098982 -0.042916611 0.996197343
1769791343803690752.000000 -0.150166482 -0.014325721 -0.110642038 0.113315970 -0.013588897 -0.049008589 0.992256522
1769791343903689216.000000 -0.154571220 -0.015027428 -0.127975002 0.117286190 -0.027516026 -0.046130236 0.991644502
1769791344170365952.000000 -0.164118737 -0.015884912 -0.137480050 0.112430282 -0.035543542 -0.028031504 0.992627978
1769791344203690752.000000 -0.167755827 -0.025579575 -0.117181726 0.100205511 -0.031572465 -0.028294802 0.994063139
1769791344270362112.000000 -0.168640137 -0.031699985 -0.104608692 0.075460620 -0.027439825 -0.029416898 0.996336997
1769791344370363648.000000 -0.172223404 -0.028120240 -0.076279379 0.051680505 -0.021086920 -0.033271540 0.997886539
1769791344770357504.000000 -0.167354122 -0.027034892 0.000340872 0.019702815 -0.008698950 -0.034025524 0.999188840
1769791345437024000.000000 -0.194724426 -0.049283534 -0.017041437 0.052095670 0.002500939 -0.047973756 0.997485995
1769791346237031936.000000 -0.205715626 -0.041826211 -0.018947769 0.073007762 0.000609402 -0.050365880 0.996058643
1769791347137023232.000000 -0.218829021 -0.027223542 -0.016158322 0.068041630 -0.005190835 -0.050259035 0.996402264
1769791347637026048.000000 -0.223902926 -0.015854239 -0.013238380 0.056905694 -0.007548917 -0.048993856 0.997148156
1769791347837025280.000000 -0.229303613 -0.010938482 -0.014972719 0.050640304 -0.007960867 -0.049468290 0.997459352
1769791348103691008.000000 -0.239470616 -0.002117272 -0.026664840 0.042633273 -0.007620289 -0.048988689 0.997859955
1769791348537050368.000000 -0.252751112 0.009262484 -0.042047817 0.028263770 -0.007010223 -0.046382938 0.998499215
1769791348837031680.000000 -0.272993296 -0.005810022 -0.071378902 0.014234690 -0.006900418 -0.078251533 0.996808171
1769791349103690752.000000 -0.281440914 0.033925228 -0.069112547 0.006911360 -0.005541469 -0.162808508 0.986617982
1769791349303694080.000000 -0.284719586 0.060744405 -0.074012429 0.002304130 -0.005001165 -0.223027080 0.974796712
1769791349437027328.000000 -0.285737336 0.080734916 -0.072624646 -0.000006141 -0.004318137 -0.259815037 0.965648770
1769791349670392832.000000 -0.280299693 0.118822701 -0.083842605 -0.002735142 -0.004417512 -0.315251797 0.948993862
1769791349937039104.000000 -0.300077736 0.170947343 -0.042076692 -0.004635117 -0.001120759 -0.367551684 0.929990888
1769791350170358272.000000 -0.278616071 0.212377846 -0.066294983 -0.004862683 -0.000960818 -0.395100236 0.918624640
1769791350370352640.000000 -0.256056011 0.240027919 -0.058733907 -0.005129977 -0.001864095 -0.414801955 0.909895360
1769791350637052672.000000 -0.218965501 0.269750267 -0.057433449 -0.004323466 -0.000070075 -0.436100155 0.899887800
1769791350903725056.000000 -0.181709126 0.279228270 -0.060718194 -0.004179707 -0.001092569 -0.444127262 0.895953357
1769791351137063936.000000 -0.141849145 0.271050096 -0.047953233 -0.004354017 -0.002457259 -0.442878634 0.896567643
1769791351403725824.000000 -0.092503972 0.243588984 -0.043289624 -0.004500496 -0.003586001 -0.432567924 0.901582956
1769791351670380544.000000 -0.042578097 0.199763656 -0.048548415 -0.004269508 -0.003328839 -0.412167966 0.911091805
1769791351870382080.000000 0.002663607 0.153380573 -0.045646314 -0.004297342 -0.004827410 -0.388158083 0.921570122
1769791352037049600.000000 0.042314559 0.107743956 -0.041277438 -0.004063348 -0.005517723 -0.360800683 0.932617784
1769791352170397952.000000 0.078652948 0.067958534 -0.035558145 -0.003342997 -0.006544587 -0.330484390 0.943782866
1769791352303717376.000000 0.119046882 0.022690486 -0.031071246 -0.002760857 -0.008073669 -0.291085005 0.956659138
1769791352403717632.000000 0.151613921 -0.009999258 -0.027358437 -0.001106060 -0.008999683 -0.256714821 0.966444671
1769791352437044736.000000 0.158721566 -0.018924147 -0.025487857 -0.000817262 -0.008256537 -0.247655824 0.968812525
1769791352603714048.000000 0.209400967 -0.068296634 -0.015007246 0.002190947 -0.009196653 -0.204122052 0.978899777
1769791352637046784.000000 0.211520761 -0.074747570 -0.009566779 0.003771290 -0.007160861 -0.199891225 0.979784727
1769791352703715840.000000 0.226976767 -0.095786080 -0.006184487 0.007460908 -0.006091797 -0.193776339 0.980998456
1769791352770380288.000000 0.241444752 -0.120386966 -0.013078463 0.012268170 -0.004576048 -0.192087233 0.981290519
1769791352903723264.000000 0.337658405 -0.155055776 0.142439395 0.024632839 -0.012862211 -0.169291571 0.985174179
1769791353003714304.000000 0.329016328 -0.152688280 0.112057880 0.038468946 -0.001288095 -0.173360631 0.984106004
1769791353203712000.000000 0.295589894 -0.110887401 0.090584204 0.071812131 0.031408411 -0.188435331 0.978952825
1769791353370381568.000000 0.272106618 -0.054363642 0.108210243 0.097915657 0.068521857 -0.198964044 0.972692430
1769791353503727872.000000 0.238826260 -0.078754432 0.115739040 0.095160820 0.100765601 -0.199637935 0.970018268
1769791353570381312.000000 0.228236049 -0.064404681 0.137418151 0.100372560 0.116094753 -0.201970145 0.967292845
1769791353803737600.000000 0.227899879 -0.120256498 0.133772939 0.080684930 0.135648191 -0.211004868 0.964658737
1769791353903714560.000000 0.242063299 -0.130731121 0.134202719 0.064655527 0.127632082 -0.202158481 0.968845546
1769791353937055232.000000 0.251430839 -0.141159311 0.127736747 0.050778955 0.121342413 -0.192912877 0.972359121
1769791354103720960.000000 0.252375633 -0.167931184 0.110198811 0.007415414 0.100249656 -0.160511255 0.981901824
1769791354470408448.000000 0.384239584 -0.288857222 0.034403883 -0.036891226 0.049387384 -0.090961374 0.993944645
1769791354770389760.000000 0.466602236 -0.359865606 0.022431292 -0.031413529 0.028956294 -0.059801780 0.997295618
1769791354937049600.000000 0.501881957 -0.404403597 0.029958632 -0.020480990 0.022571934 -0.049887069 0.998289704
1769791355170381824.000000 0.507858872 -0.413642049 0.014091554 -0.001272486 0.021184612 -0.047545630 0.998643577
1769791355503715840.000000 0.519161046 -0.424648285 0.003112411 0.016828535 0.021150362 -0.043339837 0.998694718
1769791355803728128.000000 0.528558016 -0.430718929 -0.001125167 0.026560500 0.022686645 -0.040194552 0.998581111
1769791356070384128.000000 0.553443372 -0.425864071 0.009222316 0.031935416 0.022849740 -0.039203878 0.998459339
1769791356337045248.000000 0.565263212 -0.422078580 0.005421645 0.032698918 0.023689386 -0.036652334 0.998512030
1769791356637057024.000000 0.579428375 -0.408765644 0.008203899 0.033723015 0.025898440 -0.035496157 0.998464823
1769791356903718400.000000 0.591374874 -0.392524064 0.014521163 0.032311108 0.027571628 -0.034398966 0.998505175
1769791357137052416.000000 0.596478403 -0.377853274 0.013601235 0.029287098 0.029342601 -0.033023395 0.998594403
1769791357437055232.000000 0.603168190 -0.340878963 0.009892959 0.025998905 0.031511050 -0.032948148 0.998621821
1769791357737049088.000000 0.616897821 -0.253231436 0.009889396 0.027968634 0.031904060 -0.037083678 0.998411119
1769791358003710976.000000 0.624212682 -0.171387568 0.005287675 0.029015008 0.032935265 -0.041517265 0.998173177
1769791358270385664.000000 0.624635279 -0.081297860 0.004695380 0.031211514 0.034227628 -0.047697447 0.997787178
1769791358537064192.000000 0.624676287 0.015040103 0.005206167 0.034537368 0.034714557 -0.051903248 0.997450829
1769791358837067520.000000 0.614542723 0.134670302 0.010613020 0.042255428 0.036960978 -0.057583202 0.996761024
1769791359270413312.000000 0.589775205 0.245524585 0.004233585 0.039269634 0.042170983 -0.066686362 0.996108651
1769791359470403072.000000 0.583491564 0.280743182 -0.015458839 0.037941545 0.039999079 -0.072587341 0.995837152
1769791359537076480.000000 0.574451208 0.292709529 -0.021290453 0.036758199 0.040843576 -0.074179091 0.995729923
1769791359737071872.000000 0.558119178 0.328541964 -0.020745769 0.035704322 0.041360270 -0.076714419 0.995554864
1769791362470392576.000000 0.111079566 0.248743609 -0.060857009 0.048288040 0.034754921 -0.061733495 0.996317923
1769791362637057024.000000 0.041215811 0.169240907 -0.076438501 0.043441784 0.044670284 -0.049062133 0.996850193
1769791362737061376.000000 0.014769736 0.130582899 -0.085373074 0.046956126 0.044727445 -0.046775233 0.996798217
1769791362803729664.000000 0.001016485 0.114653856 -0.094241172 0.052343849 0.043352149 -0.046440732 0.996606231
1769791362903726336.000000 -0.018928058 0.086896941 -0.098778054 0.059241273 0.040736239 -0.044853069 0.996403158
1769791363003728640.000000 -0.039984703 0.071415670 -0.093931518 0.068567559 0.037601173 -0.047439195 0.995808303
1769791363037058048.000000 -0.044408042 0.068664372 -0.097315289 0.071887746 0.035781279 -0.048299551 0.995599806
1769791363203724032.000000 -0.052665565 0.061420508 -0.058443040 0.090584077 0.025200484 -0.050108433 0.994308114
1769791363303729664.000000 -0.063137397 0.071538143 -0.050072219 0.103128821 0.015815675 -0.057274666 0.992891669
1769791363370388992.000000 -0.067252509 0.077832028 -0.050876759 0.111224964 0.007418169 -0.059442181 0.991988242
1769791363503733504.000000 -0.076776147 0.064213984 -0.065293357 0.118824810 -0.011224180 -0.054031249 0.991380513
1769791363570391296.000000 -0.078404121 0.061002437 -0.073718153 0.122765750 -0.021749742 -0.052604966 0.990801871
1769791363637056000.000000 -0.087695964 0.062594637 -0.080519542 0.125902429 -0.029257447 -0.051730979 0.990260839
1769791363670391552.000000 -0.086841770 0.060485903 -0.082678825 0.126526222 -0.033821106 -0.050030816 0.990123332
1769791363770388480.000000 -0.093863919 0.061874591 -0.089601435 0.127223238 -0.042294197 -0.044869378 0.989955664
1769791363837057792.000000 -0.094826922 0.060144931 -0.082066044 0.125275642 -0.044733539 -0.038787961 0.990353703
1769791363870392320.000000 -0.095191091 0.058147684 -0.073743910 0.123742700 -0.044291634 -0.036084540 0.990668416
1769791363903732736.000000 -0.096555002 0.054243393 -0.070941895 0.122314818 -0.042930808 -0.034621291 0.990957856
1769791363937065728.000000 -0.093910471 0.053824678 -0.059900302 0.121123359 -0.041034445 -0.034400508 0.991192162
1769791363970389760.000000 -0.100255258 0.044185590 -0.026075810 0.108127959 -0.036681443 -0.037441250 0.992754221
1769791364070391808.000000 -0.100798219 0.045576483 -0.016724044 0.075230129 -0.029969459 -0.038149957 0.995985389
1769791364103729152.000000 -0.105579704 0.043643337 -0.019247964 0.067720369 -0.027862452 -0.038526561 0.996570826
1769791364237065984.000000 -0.130508661 0.018742176 -0.050437093 0.042248651 -0.019372344 -0.040491231 0.998098314
1769791364470402816.000000 -0.147214442 0.007377580 -0.082269222 0.020526882 -0.011528077 -0.045006834 0.998709261
1769791365070395648.000000 -0.142600521 0.002636767 -0.043465536 0.044756696 -0.002123651 -0.050809849 0.997702718
1769791365570391808.000000 -0.142100677 0.005963388 -0.039834406 0.064103514 -0.000297352 -0.052243646 0.996574759
1769791367303730176.000000 -0.153622255 0.025683323 -0.044430397 0.057236023 0.001309892 -0.050631039 0.997075140
1769791368003731712.000000 -0.158918679 0.035079788 -0.054307777 0.042329021 0.004548664 -0.049292024 0.997876704
1769791368503726848.000000 -0.158419669 0.039871234 -0.065054297 0.032888804 0.007419919 -0.047822841 0.998286664
1769791369037053952.000000 -0.171133593 0.033080049 -0.090167888 0.022635564 0.012661381 -0.045571476 0.998624325
1769791369603803904.000000 -0.118344471 0.072992794 -0.073910922 0.022002332 0.012506235 -0.047643427 0.998543739
1769791370503731456.000000 -0.043855347 0.085095987 -0.052683871 0.021979958 0.011467283 -0.047674991 0.998555243
1769791371237054208.000000 -0.000434927 0.068143658 -0.047775488 0.021677773 0.009482956 -0.047081288 0.998610795
1769791371870393088.000000 0.023456974 0.051268883 -0.043150179 0.021355655 0.008178480 -0.047005396 0.998632848
1769791372437072128.000000 0.035856232 0.045195408 -0.031716771 0.021456817 0.006092759 -0.047409162 0.998626471
1769791372937053184.000000 0.044270612 0.035920896 -0.016117403 0.019512774 0.003796898 -0.047924414 0.998653173
