1769782055083926272.000000 0.000000000 0.000000000 0.000000000 -0.000000000 -0.000000000 -0.000000000 1.000000000
1769782055117259520.000000 -0.000101471 0.000276324 -0.000390249 0.000264242 0.000209314 0.000289847 0.999999881
1769782055150592512.000000 -0.000676873 0.000188230 -0.001773865 0.000328388 0.000454875 0.000269304 0.999999821
1769782055250593280.000000 -0.000473480 0.000092395 -0.001576009 0.000453188 0.000223020 0.000991980 0.999999404
1769782055450592512.000000 -0.000550767 0.000192444 -0.001848373 0.000403109 0.000157405 0.000876197 0.999999523
1769782055650592256.000000 -0.000897932 0.000369124 -0.001927365 0.000635263 0.000583020 -0.000990364 0.999999166
1769782055850592256.000000 -0.000502717 0.000571756 -0.001536095 0.000590485 -0.000343720 -0.001034349 0.999999225
1769782056017259264.000000 -0.000575985 0.000192830 -0.003013290 0.000358181 0.000196216 0.000191756 0.999999881
1769782064817268992.000000 -0.001858117 0.000133073 -0.003069485 0.000251607 0.014631697 -0.003700621 0.999886096
1769782064983934976.000000 -0.002238773 -0.000316694 -0.003339572 -0.002197884 0.018611673 -0.003098964 0.999819577
1769782065017268992.000000 -0.002259254 -0.000178293 -0.003037908 -0.002629479 0.019917034 -0.003332207 0.999792635
1769782065750637312.000000 -0.003414301 -0.002847800 -0.002600687 -0.023383398 0.036976330 0.000177573 0.999042511
1769782065783968768.000000 -0.003463660 -0.003189561 -0.003048942 -0.023997864 0.037464526 0.000743373 0.999009550
1769782066150636288.000000 -0.003882189 -0.003456245 -0.003170869 -0.028370969 0.040075526 0.002993250 0.998789310
1769782066317302016.000000 -0.003792166 -0.003558847 -0.002728656 -0.027956301 0.039213285 0.000879196 0.998839319
1769782066550636544.000000 -0.003752436 -0.002941458 -0.003252394 -0.022474675 0.036193479 -0.000655976 0.999091804
1769782066583968256.000000 -0.003253059 -0.002928215 -0.002721417 -0.021755015 0.035250343 -0.000153289 0.999141693
1769782066650635520.000000 -0.003440123 -0.002766002 -0.003112517 -0.018686349 0.034059837 -0.000463981 0.999244988
1769782066683967744.000000 -0.003333089 -0.002719413 -0.003095259 -0.017188855 0.033343941 -0.001071863 0.999295592
1769782066750636288.000000 -0.003522717 -0.002284317 -0.003776071 -0.014221639 0.031825460 -0.001463166 0.999391198
1769782066817301760.000000 -0.003292649 -0.001802098 -0.003750405 -0.011276791 0.029268578 -0.001961862 0.999506056
1769782066850635776.000000 -0.003598680 -0.002141196 -0.003868655 -0.009425561 0.028833278 -0.001686540 0.999538362
1769782066950635264.000000 -0.002995681 -0.000896834 -0.004031482 -0.003240020 0.026013365 -0.003309953 0.999650896
1769782066983969024.000000 -0.003014939 -0.000473605 -0.002991495 -0.000795224 0.025602866 -0.002014048 0.999669850
1769782067150635776.000000 -0.002696375 0.001065171 -0.003899343 0.011994825 0.021558350 -0.005014093 0.999683082
1769782067183968000.000000 -0.001913866 0.001729801 -0.002827804 0.013975166 0.020883394 -0.004703744 0.999673188
1769782067317301760.000000 -0.001254463 0.002109671 -0.002375993 0.023587251 0.017316187 -0.003082677 0.999567032
1769782067350636032.000000 -0.001504761 0.002241038 -0.003476520 0.025043784 0.015960459 -0.003343303 0.999553382
1769782067383967488.000000 -0.001513774 0.003183527 -0.003922080 0.028371364 0.015194267 -0.002803837 0.999478042
1769782067417302272.000000 -0.001841666 0.003577285 -0.004580864 0.030114224 0.014358803 -0.002635223 0.999439895
1769782067483967488.000000 -0.000977430 0.003279003 -0.003472632 0.031412262 0.011593817 -0.002011680 0.999437273
1769782067517301248.000000 -0.000812833 0.003803550 -0.004834491 0.027877873 0.010066113 -0.002770589 0.999556839
1769782067617300992.000000 -0.001058736 0.003250425 -0.002197971 0.013941099 0.007863721 -0.003596625 0.999865472
1769782067650634752.000000 -0.000922714 0.003348967 -0.002069959 0.012327881 0.006031443 -0.002892058 0.999901652
1769782067783967488.000000 -0.000772633 0.003718397 -0.002489627 0.007842843 0.001962090 -0.003109114 0.999962509
1769782068017301504.000000 -0.000738285 0.003747811 -0.000780248 0.010085071 -0.002787826 -0.003750150 0.999938250
1769782068117300992.000000 0.000105022 0.004827924 -0.001465878 0.016463814 -0.006831644 -0.005506128 0.999825954
1769782068283967232.000000 0.000300884 0.004626014 -0.000977554 0.025351422 -0.010006850 -0.003019681 0.999623954
1769782068350634752.000000 0.000000529 0.004498215 -0.002689659 0.026575983 -0.010846027 -0.001444708 0.999586940
1769782068383966720.000000 0.000545419 0.004816440 -0.001631993 0.027114265 -0.011148455 -0.001975306 0.999568224
1769782068583966720.000000 0.000564859 0.004557470 -0.002321023 0.030365102 -0.014844158 -0.000652669 0.999428451
1769782068783966464.000000 0.000680439 0.004124643 -0.003290343 0.028021887 -0.019743972 0.000524669 0.999412179
1769782068917299968.000000 0.003179969 0.003481087 -0.000749656 0.023431227 -0.021560093 0.003281068 0.999487579
1769782069017300736.000000 0.001599868 0.003314741 -0.003173588 0.019541861 -0.022543870 0.002732531 0.999551117
1769782069183967232.000000 0.001900748 0.001625271 -0.001533451 0.010292067 -0.024896655 0.002796355 0.999633193
1769782069250634240.000000 0.001073130 0.000283320 -0.001739316 0.006174547 -0.024624867 0.004908490 0.999665678
1769782069317300224.000000 0.001210435 0.000045766 -0.001703863 0.001841777 -0.025300005 0.002503534 0.999675095
1769782069350633984.000000 0.000994894 0.000548534 -0.004279538 0.000048566 -0.026796635 0.001503744 0.999639809
1769782069517300480.000000 0.001063499 -0.001375915 -0.002129199 -0.010212580 -0.025061456 0.004934523 0.999621630
1769782069683965952.000000 0.001004203 -0.002362249 -0.002806957 -0.020382900 -0.024094833 0.004118768 0.999493420
1769782070183965952.000000 0.000590950 -0.005048545 -0.002965728 -0.038619686 -0.017285371 -0.072205879 0.996491909
1769782070283965952.000000 0.000156646 -0.004613394 -0.003357449 -0.039015267 -0.013945736 -0.075394355 0.996292651
1769782070350633472.000000 -0.000287532 -0.004585200 -0.003422821 -0.038024515 -0.010697739 -0.068084747 0.996897280
1769782070550633984.000000 -0.001167808 -0.003619464 -0.003540791 -0.032494750 -0.000187629 -0.049022216 0.998268962
1769782070583965184.000000 -0.001698329 -0.003205866 -0.003681250 -0.030948712 0.002139147 -0.046235804 0.998448730
1769782070617298944.000000 -0.001509657 -0.003287360 -0.003440605 -0.029418608 0.002556096 -0.042575642 0.998656750
1769782070650632960.000000 -0.001515718 -0.003206009 -0.003679841 -0.028882725 0.004336937 -0.042093471 0.998686671
1769782070683965184.000000 -0.001983159 -0.003128957 -0.003532241 -0.027088728 0.006202414 -0.039192688 0.998845220
1769782070850632960.000000 -0.001907868 -0.002545198 -0.003234937 -0.017914210 0.013284088 -0.036497779 0.999084830
1769782070883966208.000000 -0.002021801 -0.002846200 -0.002879928 -0.015785379 0.015351846 -0.036196556 0.999102056
1769782070917298432.000000 -0.002150580 -0.002283356 -0.002937362 -0.011632228 0.017749147 -0.036581479 0.999105394
1769782070950632192.000000 -0.002419740 -0.002273950 -0.003318734 -0.009509745 0.020658461 -0.036929540 0.999059081
1769782070983965696.000000 -0.002702641 -0.002076709 -0.003672468 -0.005042621 0.023553591 -0.036720686 0.999035239
1769782071017299712.000000 -0.002588751 -0.001375186 -0.003259291 0.000159528 0.025665728 -0.036993310 0.998985887
1769782071050633472.000000 -0.002486145 -0.000873285 -0.002457745 0.004282095 0.028670654 -0.038377799 0.998842776
1769782071083965440.000000 -0.002684805 -0.001288652 -0.002766991 0.006270600 0.031917855 -0.038811594 0.998716950
1769782071117299200.000000 -0.003170538 -0.000612893 -0.003871713 0.011342062 0.036321893 -0.036645152 0.998603642
1769782071150632960.000000 -0.002749482 -0.000919961 -0.002590909 0.012222423 0.039479185 -0.037945677 0.998424828
1769782071383964928.000000 -0.002933468 0.000842285 -0.001764942 0.028625062 0.064854458 -0.044573326 0.996487677
1769782071450632448.000000 -0.002109657 0.000343460 -0.002671948 0.030622907 0.068300031 -0.047086753 0.996082425
1769782071617299200.000000 -0.002612806 0.002098452 -0.000766545 0.034140784 0.071426362 -0.052323464 0.995487273
1769782071817298944.000000 -0.003813152 0.002881506 -0.000985145 0.009108999 0.067089632 -0.040537473 0.996881485
1769782071850632704.000000 -0.003543668 0.002749857 -0.000690953 0.007262107 0.066316694 -0.038227223 0.997039616
1769782071950632192.000000 -0.004612787 0.003878498 -0.001578943 0.004990200 0.066676088 -0.036765855 0.997084618
1769782072017298688.000000 -0.005609714 0.003724908 -0.002484016 0.004373280 0.068707131 -0.033901915 0.997051060
1769782072050632192.000000 -0.005290442 0.003807533 -0.000689853 0.005127206 0.069615893 -0.033074297 0.997012258
1769782072317297920.000000 -0.005430823 0.004729994 0.001782609 0.015269963 0.073801182 -0.032929987 0.996612191
1769782072550659328.000000 -0.006243157 0.004802536 0.001286020 0.022039553 0.077677995 -0.035871167 0.996089160
1769782072650658816.000000 -0.006710238 0.003964926 -0.000313809 0.021214105 0.078104079 -0.036200389 0.996061921
1769782072683991296.000000 -0.006128738 0.004466950 0.001117999 0.022381654 0.078007527 -0.033936091 0.996123612
1769782072817325568.000000 -0.006581990 0.004158745 0.001176837 0.021808797 0.081221841 -0.034900457 0.995846093
1769782072850658816.000000 -0.007184453 0.003894281 0.000256006 0.021146584 0.081788294 -0.033077277 0.995876253
1769782072983992320.000000 -0.007793331 0.003422180 -0.000362991 0.018255841 0.085099824 -0.030126533 0.995749533
1769782073117325312.000000 -0.008463643 0.002150237 -0.000844537 0.011221753 0.086569399 -0.026665274 0.995825708
1769782073183991808.000000 -0.008764310 0.001514254 -0.000944993 0.006919643 0.087204173 -0.025858097 0.995830774
1769782073283991040.000000 -0.008723566 0.000349339 -0.000474865 0.000349395 0.088025548 -0.023097988 0.995850325
1769782073417325312.000000 -0.009240648 -0.000771271 -0.001630025 -0.008050231 0.087794639 -0.021818906 0.995867074
1769782073483991552.000000 -0.009219763 -0.001391123 -0.001139759 -0.012533336 0.088314004 -0.021035068 0.995791674
1769782073817324800.000000 -0.008505933 -0.005430913 -0.000868732 -0.035781287 0.084676296 -0.015364543 0.995647311
1769782073883991296.000000 -0.009007378 -0.005845260 -0.002638741 -0.038860880 0.082776263 -0.013578672 0.995717585
1769782074117324288.000000 -0.008460712 -0.007490855 -0.003151076 -0.048531003 0.077200919 -0.009887261 0.995784640
1769782074317324288.000000 -0.007790293 -0.008191992 -0.003761872 -0.051449943 0.069800548 -0.007270080 0.996206760
1769782074483991296.000000 -0.007115112 -0.008088722 -0.003947539 -0.050553136 0.063164324 -0.006846262 0.996698439
1769782074717324800.000000 -0.005641118 -0.007105396 -0.004097794 -0.043047499 0.051978722 -0.008363420 0.997684956
1769782074783990016.000000 -0.005525863 -0.006538347 -0.005446101 -0.039460786 0.048536558 -0.006415043 0.998021007
1769782074850657792.000000 -0.004693175 -0.006329452 -0.005017991 -0.036223955 0.044542953 -0.008567514 0.998313785
1769782074883990784.000000 -0.004430085 -0.006065567 -0.003717467 -0.034886282 0.043163560 -0.008257584 0.998424590
1769782074950656768.000000 -0.003999558 -0.005421704 -0.005173568 -0.029632363 0.039264146 -0.009072695 0.998748183
1769782074983990016.000000 -0.004074524 -0.005275330 -0.005540831 -0.027787440 0.037523422 -0.009611297 0.998863101
1769782075017324288.000000 -0.004028880 -0.004725432 -0.005305438 -0.023362173 0.036400259 -0.009033883 0.999023378
1769782075050657536.000000 -0.003806418 -0.004935071 -0.005182400 -0.020682903 0.034214471 -0.009152606 0.999158561
1769782075117323776.000000 -0.003196806 -0.004146410 -0.004995150 -0.014205413 0.029293671 -0.012168489 0.999395847
1769782075150657536.000000 -0.003102325 -0.004186720 -0.004734442 -0.010696420 0.027481321 -0.011091314 0.999503553
1769782075417324288.000000 -0.002569871 -0.002543775 -0.004498918 0.017482493 0.006817211 -0.018514974 0.999652505
1769782075450657792.000000 -0.002623467 -0.002267702 -0.004566843 0.020124225 0.004156990 -0.019578848 0.999597132
1769782075483989760.000000 -0.002621273 -0.002110591 -0.004035075 0.023004696 0.000655573 -0.020233864 0.999530375
1769782075517323776.000000 -0.002230026 -0.001771288 -0.004188061 0.026127774 -0.003377823 -0.019553490 0.999461651
1769782075650656768.000000 -0.002063313 -0.000954558 -0.004398540 0.033704299 -0.014312513 -0.020985672 0.999109030
1769782075717323776.000000 -0.001562965 -0.000270493 -0.005141809 0.037655428 -0.019246124 -0.017299464 0.998955667
1769782075750657792.000000 -0.001673641 -0.000313995 -0.003655571 0.037304506 -0.018170040 -0.018012905 0.998976350
1769782075783990016.000000 -0.001337358 0.000312932 -0.003572019 0.039052136 -0.018478148 -0.015096311 0.998952270
1769782076183990272.000000 -0.000145771 0.001754848 -0.004457683 0.007449104 -0.015996059 -0.014694892 0.999736309
1769782076217323520.000000 -0.000402559 0.001904728 -0.003087644 0.006327121 -0.013530414 -0.014092394 0.999789119
1769782076650656256.000000 0.001154783 0.002454137 -0.003585963 0.018806273 -0.017563922 -0.012257975 0.999593675
1769782076850656512.000000 0.001793266 0.002210390 -0.002406867 0.020156965 -0.020098513 -0.012803650 0.999512792
1769782076883989248.000000 0.001337443 0.002015750 -0.004728785 0.018484380 -0.019240439 -0.011673205 0.999575853
1769782077217322496.000000 0.002385136 0.000107194 -0.002834680 0.008293983 -0.024849575 -0.012859962 0.999574065
1769782077250656512.000000 0.002906760 -0.000521309 -0.003543953 0.005418178 -0.026000071 -0.014721106 0.999538898
1769782078017322240.000000 0.001654331 -0.007024591 -0.005763945 -0.041737333 -0.020940490 -0.007400542 0.998881757
1769782078050655488.000000 0.001908197 -0.007434120 -0.005169419 -0.044325251 -0.020161357 -0.009154386 0.998771727
1769782078483988224.000000 0.000589379 -0.009302032 -0.005360711 -0.056343023 -0.014425883 -0.086972989 0.994511485
1769782078517321472.000000 0.000761300 -0.009266664 -0.004978610 -0.056540057 -0.013382907 -0.086518995 0.994554460
1769782078550655488.000000 0.000416845 -0.009092081 -0.005087711 -0.055889014 -0.011587212 -0.085393779 0.994711041
1769782078617321216.000000 0.000271560 -0.009124636 -0.005272478 -0.055472635 -0.008919747 -0.078142829 0.995357692
1769782078650655232.000000 0.000012270 -0.009091847 -0.005005701 -0.055171881 -0.007002217 -0.073358558 0.995753765
1769782078817321728.000000 -0.000660523 -0.008268336 -0.005220389 -0.050101873 0.000538418 -0.059139013 0.996991515
1769782078917321216.000000 -0.001139549 -0.007539875 -0.004445273 -0.045611296 0.007120550 -0.052718785 0.997541785
1769782078950654464.000000 -0.001519764 -0.007410038 -0.005547239 -0.044248696 0.008387479 -0.050931457 0.997686207
1769782079117321472.000000 -0.001709913 -0.006936401 -0.005293357 -0.034398276 0.017237978 -0.050830320 0.997965932
1769782079183987968.000000 -0.002109708 -0.006221078 -0.004670550 -0.027220966 0.023005415 -0.050951127 0.998064995
1769782079250656000.000000 -0.002514950 -0.005787474 -0.004569015 -0.019705560 0.028076163 -0.050678570 0.998125792
1769782079350654720.000000 -0.002505875 -0.005409512 -0.004120899 -0.010141676 0.035623487 -0.051023670 0.998010397
1769782079450654976.000000 -0.002720865 -0.005054134 -0.004549291 -0.003275861 0.046718907 -0.053409424 0.997473836
1769782079483986944.000000 -0.002347707 -0.004670756 -0.004327650 -0.000381517 0.049926795 -0.053605068 0.997313261
1769782079783987200.000000 -0.002580649 -0.002482192 -0.003738770 0.016303636 0.073271520 -0.063475065 0.995156467
1769782080317341184.000000 -0.004777869 -0.000027789 -0.001607549 -0.015500610 0.071168393 -0.047249801 0.996223986
1769782080684007424.000000 -0.006835829 0.001358646 -0.001054963 0.003759565 0.080046579 -0.042968638 0.995857477
1769782080984007424.000000 -0.007448158 0.000955422 -0.001171718 0.005180728 0.084312640 -0.047155485 0.995309472
1769782081050674688.000000 -0.008598278 0.000841073 -0.002953764 0.004718730 0.085579515 -0.046322946 0.995242715
1769782081250675200.000000 -0.007820130 -0.000335124 -0.001043333 0.000403180 0.087716766 -0.039419882 0.995365143
1769782081317340672.000000 -0.007962079 -0.001022353 -0.000605866 -0.003048219 0.088989981 -0.037975568 0.995303690
1769782081384006656.000000 -0.008928208 -0.001290723 -0.003014512 -0.006932802 0.089465722 -0.039909530 0.995165825
1769782081417341184.000000 -0.008945982 -0.001296264 -0.002700659 -0.008128624 0.090779990 -0.037836745 0.995118737
1769782081617339904.000000 -0.009118330 -0.004357598 -0.001216097 -0.022532735 0.092947751 -0.031548832 0.994915903
1769782082017340416.000000 -0.010560750 -0.008793811 -0.003038424 -0.049234450 0.092341185 -0.020923881 0.994289339
1769782082684006144.000000 -0.008347726 -0.011904999 -0.003614632 -0.068165429 0.071666077 -0.013358025 0.995007098
1769782082784006656.000000 -0.007667184 -0.011818005 -0.003013303 -0.066371277 0.067478769 -0.013230785 0.995422721
1769782082817339904.000000 -0.008048450 -0.011684524 -0.004561908 -0.065918922 0.066205926 -0.014455714 0.995521247
1769782083150673408.000000 -0.005462470 -0.009783519 -0.006175290 -0.050866947 0.049161669 -0.016119128 0.997364461
1769782083184006400.000000 -0.005407490 -0.009678524 -0.005733354 -0.048324872 0.047776420 -0.014140417 0.997588217
1769782083250674432.000000 -0.004961592 -0.008409932 -0.007621168 -0.042120881 0.042360850 -0.019272121 0.998028040
1769782083284005632.000000 -0.004814811 -0.008205535 -0.006443516 -0.038226739 0.041575123 -0.017681476 0.998247266
1769782083317339392.000000 -0.004358840 -0.008953529 -0.005948523 -0.037344836 0.038771093 -0.018711271 0.998374760
1769782083350673152.000000 -0.004408457 -0.008241604 -0.006588531 -0.034469645 0.037457950 -0.021983759 0.998461545
1769782083450672640.000000 -0.003665440 -0.007545911 -0.005624419 -0.021167386 0.030249966 -0.021671768 0.999083221
1769782083550672896.000000 -0.003421278 -0.007077816 -0.005319224 -0.010779400 0.023266211 -0.024172483 0.999378920
1769782083584005632.000000 -0.003552097 -0.006827850 -0.005419083 -0.006929762 0.020271359 -0.022306347 0.999521613
1769782083617338880.000000 -0.003313264 -0.006766979 -0.005195824 -0.004774452 0.016601248 -0.024807084 0.999543011
1769782083750674944.000000 -0.002859759 -0.006100316 -0.004869999 0.007011719 0.002101440 -0.024992835 0.999660850
1769782083784005888.000000 -0.003371767 -0.005252795 -0.005538990 0.010768631 0.000053122 -0.024328234 0.999646068
1769782083817339392.000000 -0.003159037 -0.005387323 -0.005379647 0.012114529 -0.003719211 -0.025713192 0.999589026
1769782085450671872.000000 0.002048342 -0.003289888 -0.004321814 -0.007945525 -0.021909961 -0.014248018 0.999626875
1769782086350671360.000000 0.000793534 -0.011753337 -0.006200057 -0.064512201 -0.014954659 -0.024174754 0.997511983
1769782086717336320.000000 0.000301225 -0.013030553 -0.005672856 -0.075169608 -0.011620038 -0.091266647 0.992917359
1769782086817337856.000000 -0.000467415 -0.013134195 -0.005875529 -0.074831881 -0.007124558 -0.087870888 0.993291557
1769782086850671104.000000 -0.000629907 -0.012535332 -0.006283895 -0.073783241 -0.006131747 -0.084732756 0.993649244
1769782086950669824.000000 -0.000594804 -0.012650493 -0.005347154 -0.072545193 -0.001065486 -0.074637920 0.994567871
1769782086984003328.000000 -0.001173764 -0.012456816 -0.005748849 -0.071202219 0.001657126 -0.071405195 0.994901419
1769782087050671104.000000 -0.001299320 -0.012138663 -0.006012368 -0.069934301 0.004317418 -0.067023039 0.995288134
1769782087084003328.000000 -0.001595019 -0.011977900 -0.006404876 -0.068588652 0.005717251 -0.064800397 0.995521903
1769782087150671104.000000 -0.001616194 -0.011570239 -0.006430236 -0.065268859 0.008969503 -0.059706368 0.996039510
1769782087417337344.000000 -0.002674332 -0.010091770 -0.006187537 -0.047285698 0.024782810 -0.056725163 0.996961474
1769782087450670592.000000 -0.003297089 -0.009725582 -0.007659175 -0.043667719 0.027766576 -0.055713974 0.997104883
1769782087517337088.000000 -0.003266224 -0.009162756 -0.006692447 -0.035953835 0.032604154 -0.058142699 0.997127771
1769782087650670080.000000 -0.002526582 -0.008410765 -0.004822375 -0.022824176 0.043762635 -0.062800281 0.996804953
1769782088317346048.000000 -0.003278341 -0.003705339 -0.003748168 -0.028008044 0.070610605 -0.067208610 0.994843066
1769782088617345280.000000 -0.004492647 -0.002530433 -0.002929005 -0.031872917 0.074494123 -0.060151711 0.994895279
1769782089184012032.000000 -0.006636256 -0.001543678 -0.001796979 -0.010229328 0.084869578 -0.053351145 0.994910121
1769782089250680832.000000 -0.006815415 -0.001384364 -0.002379728 -0.009616376 0.085761353 -0.055513725 0.994721472
1769782089917345024.000000 -0.009898400 -0.005901438 -0.004583210 -0.037562650 0.096181214 -0.043063469 0.993722200
1769782090250680320.000000 -0.009989579 -0.009512514 -0.005643495 -0.060728334 0.093939178 -0.038160473 0.992991090
1769782090384011264.000000 -0.009733191 -0.010326108 -0.004940805 -0.068659991 0.092002988 -0.037093718 0.992695987
1769782090450678784.000000 -0.009690520 -0.010882382 -0.005566104 -0.071206689 0.091180414 -0.034332387 0.992691815
1769782090517344768.000000 -0.009613132 -0.011452815 -0.005444628 -0.074178450 0.088979021 -0.034270249 0.992676079
1769782090684010496.000000 -0.009372089 -0.012078983 -0.005982078 -0.079425767 0.083908252 -0.032696668 0.992764771
1769782090984011776.000000 -0.007876646 -0.012504681 -0.006259223 -0.079603344 0.072226137 -0.028270859 0.993804574
1769782091084010496.000000 -0.007271950 -0.012400021 -0.006739441 -0.077529952 0.067376353 -0.028820632 0.994293213
1769782091117344256.000000 -0.007188038 -0.012129721 -0.007488365 -0.076476544 0.065637141 -0.030016128 0.994455695
1769782091217344768.000000 -0.006481059 -0.011903400 -0.006401244 -0.072660819 0.061439201 -0.028206188 0.995062828
1769782091350678272.000000 -0.005501737 -0.011318684 -0.007240425 -0.066156052 0.053819939 -0.030295238 0.995896101
1769782091417344768.000000 -0.004583957 -0.010692619 -0.007446916 -0.062229916 0.049168136 -0.029306512 0.996419132
1769782091450677760.000000 -0.004717445 -0.011046140 -0.007429848 -0.060791589 0.048241772 -0.031878121 0.996474266
1769782091484009728.000000 -0.004758797 -0.010336184 -0.007647836 -0.057142936 0.046735127 -0.031607591 0.996770561
1769782091517344768.000000 -0.004941411 -0.010191076 -0.007912018 -0.053826123 0.045670062 -0.029373990 0.997072816
1769782091550678272.000000 -0.004439036 -0.009898370 -0.007707837 -0.051172972 0.042970769 -0.030753046 0.997290909
1769782091584010240.000000 -0.004180240 -0.009583899 -0.007191409 -0.047313903 0.040637825 -0.031977106 0.997540712
1769782091684009472.000000 -0.004069786 -0.008642962 -0.007911633 -0.036756318 0.035055164 -0.034306318 0.998119831
1769782091784010496.000000 -0.003726266 -0.008321205 -0.007261430 -0.024153896 0.027636474 -0.034535836 0.998729229
1769782091850677760.000000 -0.003277537 -0.008437883 -0.005858858 -0.019287456 0.021875339 -0.036194019 0.998919189
1769782091884010240.000000 -0.002840346 -0.008026395 -0.005268741 -0.016410701 0.017776366 -0.035900168 0.999062479
1769782091917343488.000000 -0.003064779 -0.008167114 -0.006143463 -0.013459709 0.013899877 -0.035860874 0.999169469
1769782092117344256.000000 -0.002870078 -0.007032862 -0.006709167 0.000412026 -0.004964108 -0.036640082 0.999316156
1769782092284009984.000000 -0.002143127 -0.006625824 -0.004179435 0.006433456 -0.010034607 -0.026259875 0.999584079
1769782092317343232.000000 -0.002062956 -0.006351785 -0.004511696 0.006972976 -0.009037739 -0.028852006 0.999518514
1769782092650676992.000000 -0.001656214 -0.004989170 -0.004773907 -0.026195357 -0.005232081 -0.028066471 0.999249101
1769782092784010240.000000 -0.001676984 -0.004433027 -0.004501844 -0.025639476 -0.004920098 -0.027408402 0.999283373
1769782093750678272.000000 0.000961601 -0.006139559 -0.005446468 -0.026607104 -0.015574716 -0.028105663 0.999129415
1769782094250677248.000000 0.001164230 -0.010767736 -0.007257093 -0.060131155 -0.015761193 -0.029521003 0.997629404
1769782094284009216.000000 0.000910153 -0.011111625 -0.005505333 -0.062317055 -0.015232260 -0.028710922 0.997527063
1769782095117342464.000000 -0.002265606 -0.014107823 -0.007998697 -0.087690584 0.002344968 -0.090953022 0.991984129
1769782095384007680.000000 -0.002704737 -0.013276144 -0.006104139 -0.079670213 0.015889686 -0.071147107 0.994152069
1769782095450675712.000000 -0.003304303 -0.012508134 -0.005974118 -0.074932918 0.020748373 -0.064649537 0.994874358
1769782095617340928.000000 -0.004506221 -0.011802736 -0.005657899 -0.064007416 0.033025112 -0.065692239 0.995237112
1769782095650674944.000000 -0.004158748 -0.011357920 -0.005521667 -0.059990581 0.034151327 -0.067895673 0.995301485
1769782095817350400.000000 -0.004487720 -0.009885637 -0.005125185 -0.041245103 0.047603983 -0.071544118 0.995446682
1769782096117350144.000000 -0.004088769 -0.008466899 -0.004836095 -0.019167162 0.075068310 -0.073048055 0.994314551
1769782096317349888.000000 -0.004482844 -0.006851620 -0.003959607 -0.009390042 0.084471375 -0.079326928 0.993218899
1769782096350683904.000000 -0.004718284 -0.006933645 -0.003821289 -0.011700228 0.084860295 -0.077823892 0.993280053
1769782096417350400.000000 -0.005071055 -0.006567459 -0.003558719 -0.023565287 0.083637156 -0.072921328 0.993545175
1769782096617349120.000000 -0.005546303 -0.005223178 -0.000980431 -0.040154390 0.083739750 -0.065463848 0.993523896
1769782097217349888.000000 -0.008446095 -0.002761853 0.000109703 -0.022219539 0.095780738 -0.056934267 0.993524432
1769782097584015360.000000 -0.010209280 -0.003809473 0.000746851 -0.021135025 0.104922891 -0.053028710 0.992840648
1769782097817348608.000000 -0.010953761 -0.004841093 -0.001116802 -0.029599749 0.106809117 -0.051981401 0.992478549
1769782097984015360.000000 -0.012345354 -0.006736525 -0.001639710 -0.039866995 0.110686272 -0.045359280 0.992018998
1769782098050682112.000000 -0.012373406 -0.006947670 -0.002068636 -0.043791659 0.110681772 -0.048495054 0.991705656
1769782098250684160.000000 -0.012033137 -0.009559910 -0.001114865 -0.059271336 0.110580519 -0.045661889 0.991046846
1769782098350682624.000000 -0.012410432 -0.010949302 -0.002408147 -0.065992847 0.109954059 -0.043140784 0.990804672
1769782098517348608.000000 -0.012488570 -0.012757928 -0.002205117 -0.077196233 0.108889602 -0.038456745 0.990305424
1769782098950681088.000000 -0.011696197 -0.015887490 -0.003076053 -0.094720066 0.098107323 -0.030867495 0.990176916
1769782098984014848.000000 -0.011582710 -0.015971052 -0.002993036 -0.095374398 0.096796878 -0.029916340 0.990272224
1769782099284014336.000000 -0.010104451 -0.015988927 -0.003983545 -0.094163559 0.083815828 -0.030290185 0.991559744
1769782099317347840.000000 -0.009769843 -0.015821313 -0.003967152 -0.093052775 0.082676388 -0.029711479 0.991777718
1769782099350682112.000000 -0.009780061 -0.015606765 -0.004744092 -0.091808923 0.080833480 -0.030115722 0.992033362
1769782099384014080.000000 -0.009805369 -0.015631644 -0.004270074 -0.090972237 0.080503158 -0.029211720 0.992164314
1769782099450681600.000000 -0.009816956 -0.015462361 -0.003554186 -0.087743968 0.079362802 -0.027374899 0.992599189
1769782099650681344.000000 -0.008482204 -0.014514156 -0.004620327 -0.078800097 0.068562433 -0.028198101 0.994130135
1769782099684014336.000000 -0.008278054 -0.014200548 -0.004703480 -0.076228648 0.066652924 -0.029029744 0.994436443
1769782099917347840.000000 -0.007525503 -0.013221587 -0.004572249 -0.056264859 0.053645547 -0.032905057 0.996430457
1769782100050681088.000000 -0.007419811 -0.012646243 -0.003995238 -0.042116810 0.045167152 -0.034356188 0.997499764
1769782101250682880.000000 -0.003983290 -0.006983319 -0.003180715 -0.032453500 0.012108085 -0.027366567 0.999025166
1769782101717345792.000000 -0.003406276 -0.008030761 -0.003316663 -0.034618963 0.011729967 -0.025606312 0.999003649
1769782101884013056.000000 -0.003400870 -0.008781499 -0.003487505 -0.039425634 0.012270357 -0.025747137 0.998815358
1769782101917346560.000000 -0.003368332 -0.008975920 -0.003417592 -0.040566716 0.012545669 -0.025644990 0.998768926
1769782102084012800.000000 -0.003484325 -0.009897311 -0.003569184 -0.046610799 0.013539944 -0.025902687 0.998485446
1769782102117346816.000000 -0.003625202 -0.010042707 -0.003567098 -0.047690164 0.014565133 -0.025598507 0.998427927
1769782102684012288.000000 -0.004650650 -0.012404289 -0.003472468 -0.064508878 0.023010502 -0.026611777 0.997296810
1769782102950678784.000000 -0.005041823 -0.012783001 -0.003471781 -0.067207567 0.027053377 -0.026294744 0.997025549
1769782103217346304.000000 -0.005406055 -0.012825817 -0.003347966 -0.067547023 0.030326955 -0.028029725 0.996861100
1769782103250682624.000000 -0.005453487 -0.012782522 -0.003347216 -0.067438379 0.030705087 -0.028024370 0.996856987
1769782104917368320.000000 -0.005966640 -0.012348233 -0.002868492 -0.064786710 0.034097880 -0.031225333 0.996827483
1769782105150702080.000000 -0.006002885 -0.012359723 -0.003015836 -0.064728297 0.034100574 -0.031313952 0.996828377
1769782105417369088.000000 -0.006009754 -0.012335840 -0.003029382 -0.064535931 0.034075838 -0.031107102 0.996848166
1769782105484034304.000000 -0.005899305 -0.012380670 -0.003040801 -0.064672299 0.033818755 -0.031321574 0.996841431
