1769782055.083926 0.0000000 0.0000000 0.0000000 -0.0000000 -0.0000000 -0.0000000 1.0000000
1769782055.117260 -0.0001015 0.0002763 -0.0003902 0.0002642 0.0002093 0.0002898 0.9999999
1769782055.150593 -0.0006769 0.0001882 -0.0017739 0.0003284 0.0004549 0.0002693 0.9999998
1769782055.250593 -0.0004735 0.0000924 -0.0015760 0.0004532 0.0002230 0.0009920 0.9999994
1769782055.450593 -0.0005508 0.0001924 -0.0018484 0.0004031 0.0001574 0.0008762 0.9999995
1769782055.650592 -0.0008979 0.0003691 -0.0019274 0.0006353 0.0005830 -0.0009904 0.9999992
1769782055.850592 -0.0005027 0.0005718 -0.0015361 0.0005905 -0.0003437 -0.0010343 0.9999992
1769782056.017259 -0.0005760 0.0001928 -0.0030133 0.0003582 0.0001962 0.0001918 0.9999999
1769782064.817269 -0.0018581 0.0001331 -0.0030695 0.0002516 0.0146317 -0.0037006 0.9998861
1769782064.983935 -0.0022388 -0.0003167 -0.0033396 -0.0021979 0.0186117 -0.0030990 0.9998196
1769782065.017269 -0.0022593 -0.0001783 -0.0030379 -0.0026295 0.0199170 -0.0033322 0.9997926
1769782065.750637 -0.0034143 -0.0028478 -0.0026007 -0.0233834 0.0369763 0.0001776 0.9990425
1769782065.783969 -0.0034637 -0.0031896 -0.0030489 -0.0239979 0.0374645 0.0007434 0.9990095
1769782066.150636 -0.0038822 -0.0034562 -0.0031709 -0.0283710 0.0400755 0.0029933 0.9987893
1769782066.317302 -0.0037922 -0.0035588 -0.0027287 -0.0279563 0.0392133 0.0008792 0.9988393
1769782066.550637 -0.0037524 -0.0029415 -0.0032524 -0.0224747 0.0361935 -0.0006560 0.9990918
1769782066.583968 -0.0032531 -0.0029282 -0.0027214 -0.0217550 0.0352503 -0.0001533 0.9991417
1769782066.650635 -0.0034401 -0.0027660 -0.0031125 -0.0186863 0.0340598 -0.0004640 0.9992450
1769782066.683968 -0.0033331 -0.0027194 -0.0030953 -0.0171889 0.0333439 -0.0010719 0.9992956
1769782066.750636 -0.0035227 -0.0022843 -0.0037761 -0.0142216 0.0318255 -0.0014632 0.9993912
1769782066.817302 -0.0032926 -0.0018021 -0.0037504 -0.0112768 0.0292686 -0.0019619 0.9995061
1769782066.850636 -0.0035987 -0.0021412 -0.0038687 -0.0094256 0.0288333 -0.0016865 0.9995384
1769782066.950635 -0.0029957 -0.0008968 -0.0040315 -0.0032400 0.0260134 -0.0033100 0.9996509
1769782066.983969 -0.0030149 -0.0004736 -0.0029915 -0.0007952 0.0256029 -0.0020140 0.9996698
1769782067.150636 -0.0026964 0.0010652 -0.0038993 0.0119948 0.0215583 -0.0050141 0.9996831
1769782067.183968 -0.0019139 0.0017298 -0.0028278 0.0139752 0.0208834 -0.0047037 0.9996732
1769782067.317302 -0.0012545 0.0021097 -0.0023760 0.0235873 0.0173162 -0.0030827 0.9995670
1769782067.350636 -0.0015048 0.0022410 -0.0034765 0.0250438 0.0159605 -0.0033433 0.9995534
1769782067.383967 -0.0015138 0.0031835 -0.0039221 0.0283714 0.0151943 -0.0028038 0.9994780
1769782067.417302 -0.0018417 0.0035773 -0.0045809 0.0301142 0.0143588 -0.0026352 0.9994399
1769782067.483968 -0.0009774 0.0032790 -0.0034726 0.0314123 0.0115938 -0.0020117 0.9994373
1769782067.517301 -0.0008128 0.0038036 -0.0048345 0.0278779 0.0100661 -0.0027706 0.9995568
1769782067.617301 -0.0010587 0.0032504 -0.0021980 0.0139411 0.0078637 -0.0035966 0.9998655
1769782067.650635 -0.0009227 0.0033490 -0.0020700 0.0123279 0.0060314 -0.0028921 0.9999017
1769782067.783967 -0.0007726 0.0037184 -0.0024896 0.0078428 0.0019621 -0.0031091 0.9999625
1769782068.017302 -0.0007383 0.0037478 -0.0007802 0.0100851 -0.0027878 -0.0037501 0.9999382
1769782068.117301 0.0001050 0.0048279 -0.0014659 0.0164638 -0.0068316 -0.0055061 0.9998260
1769782068.283967 0.0003009 0.0046260 -0.0009776 0.0253514 -0.0100068 -0.0030197 0.9996240
1769782068.350635 0.0000005 0.0044982 -0.0026897 0.0265760 -0.0108460 -0.0014447 0.9995869
1769782068.383967 0.0005454 0.0048164 -0.0016320 0.0271143 -0.0111485 -0.0019753 0.9995682
1769782068.583967 0.0005649 0.0045575 -0.0023210 0.0303651 -0.0148442 -0.0006527 0.9994285
1769782068.783967 0.0006804 0.0041246 -0.0032903 0.0280219 -0.0197440 0.0005247 0.9994122
1769782068.917300 0.0031800 0.0034811 -0.0007497 0.0234312 -0.0215601 0.0032811 0.9994876
1769782069.017301 0.0015999 0.0033147 -0.0031736 0.0195419 -0.0225439 0.0027325 0.9995511
1769782069.183967 0.0019007 0.0016253 -0.0015335 0.0102921 -0.0248967 0.0027964 0.9996332
1769782069.250634 0.0010731 0.0002833 -0.0017393 0.0061745 -0.0246249 0.0049085 0.9996657
1769782069.317300 0.0012104 0.0000458 -0.0017039 0.0018418 -0.0253000 0.0025035 0.9996751
1769782069.350634 0.0009949 0.0005485 -0.0042795 0.0000486 -0.0267966 0.0015037 0.9996398
1769782069.517300 0.0010635 -0.0013759 -0.0021292 -0.0102126 -0.0250615 0.0049345 0.9996216
1769782069.683966 0.0010042 -0.0023622 -0.0028070 -0.0203829 -0.0240948 0.0041188 0.9994934
1769782070.183966 0.0005909 -0.0050485 -0.0029657 -0.0386197 -0.0172854 -0.0722059 0.9964919
1769782070.283966 0.0001566 -0.0046134 -0.0033574 -0.0390153 -0.0139457 -0.0753944 0.9962927
1769782070.350633 -0.0002875 -0.0045852 -0.0034228 -0.0380245 -0.0106977 -0.0680847 0.9968973
1769782070.550634 -0.0011678 -0.0036195 -0.0035408 -0.0324947 -0.0001876 -0.0490222 0.9982690
1769782070.583965 -0.0016983 -0.0032059 -0.0036813 -0.0309487 0.0021391 -0.0462358 0.9984487
1769782070.617299 -0.0015097 -0.0032874 -0.0034406 -0.0294186 0.0025561 -0.0425756 0.9986567
1769782070.650633 -0.0015157 -0.0032060 -0.0036798 -0.0288827 0.0043369 -0.0420935 0.9986867
1769782070.683965 -0.0019832 -0.0031290 -0.0035322 -0.0270887 0.0062024 -0.0391927 0.9988452
1769782070.850633 -0.0019079 -0.0025452 -0.0032349 -0.0179142 0.0132841 -0.0364978 0.9990848
1769782070.883966 -0.0020218 -0.0028462 -0.0028799 -0.0157854 0.0153518 -0.0361966 0.9991021
1769782070.917299 -0.0021506 -0.0022834 -0.0029374 -0.0116322 0.0177491 -0.0365815 0.9991054
1769782070.950632 -0.0024197 -0.0022740 -0.0033187 -0.0095097 0.0206585 -0.0369295 0.9990591
1769782070.983966 -0.0027026 -0.0020767 -0.0036725 -0.0050426 0.0235536 -0.0367207 0.9990352
1769782071.017300 -0.0025888 -0.0013752 -0.0032593 0.0001595 0.0256657 -0.0369933 0.9989859
1769782071.050633 -0.0024861 -0.0008733 -0.0024577 0.0042821 0.0286707 -0.0383778 0.9988428
1769782071.083966 -0.0026848 -0.0012887 -0.0027670 0.0062706 0.0319179 -0.0388116 0.9987170
1769782071.117299 -0.0031705 -0.0006129 -0.0038717 0.0113421 0.0363219 -0.0366452 0.9986036
1769782071.150633 -0.0027495 -0.0009200 -0.0025909 0.0122224 0.0394792 -0.0379457 0.9984248
1769782071.383965 -0.0029335 0.0008423 -0.0017649 0.0286251 0.0648545 -0.0445733 0.9964877
1769782071.450632 -0.0021097 0.0003435 -0.0026719 0.0306229 0.0683000 -0.0470868 0.9960824
1769782071.617299 -0.0026128 0.0020985 -0.0007665 0.0341408 0.0714264 -0.0523235 0.9954873
1769782071.817299 -0.0038132 0.0028815 -0.0009851 0.0091090 0.0670896 -0.0405375 0.9968815
1769782071.850633 -0.0035437 0.0027499 -0.0006910 0.0072621 0.0663167 -0.0382272 0.9970396
1769782071.950632 -0.0046128 0.0038785 -0.0015789 0.0049902 0.0666761 -0.0367659 0.9970846
1769782072.017299 -0.0056097 0.0037249 -0.0024840 0.0043733 0.0687071 -0.0339019 0.9970511
1769782072.050632 -0.0052904 0.0038075 -0.0006899 0.0051272 0.0696159 -0.0330743 0.9970123
1769782072.317298 -0.0054308 0.0047300 0.0017826 0.0152700 0.0738012 -0.0329300 0.9966122
1769782072.550659 -0.0062432 0.0048025 0.0012860 0.0220396 0.0776780 -0.0358712 0.9960892
1769782072.650659 -0.0067102 0.0039649 -0.0003138 0.0212141 0.0781041 -0.0362004 0.9960619
1769782072.683991 -0.0061287 0.0044669 0.0011180 0.0223817 0.0780075 -0.0339361 0.9961236
1769782072.817326 -0.0065820 0.0041587 0.0011768 0.0218088 0.0812218 -0.0349005 0.9958461
1769782072.850659 -0.0071845 0.0038943 0.0002560 0.0211466 0.0817883 -0.0330773 0.9958763
1769782072.983992 -0.0077933 0.0034222 -0.0003630 0.0182558 0.0850998 -0.0301265 0.9957495
1769782073.117325 -0.0084636 0.0021502 -0.0008445 0.0112218 0.0865694 -0.0266653 0.9958257
1769782073.183992 -0.0087643 0.0015143 -0.0009450 0.0069196 0.0872042 -0.0258581 0.9958308
1769782073.283991 -0.0087236 0.0003493 -0.0004749 0.0003494 0.0880255 -0.0230980 0.9958503
1769782073.417325 -0.0092406 -0.0007713 -0.0016300 -0.0080502 0.0877946 -0.0218189 0.9958671
1769782073.483992 -0.0092198 -0.0013911 -0.0011398 -0.0125333 0.0883140 -0.0210351 0.9957917
1769782073.817325 -0.0085059 -0.0054309 -0.0008687 -0.0357813 0.0846763 -0.0153645 0.9956473
1769782073.883991 -0.0090074 -0.0058453 -0.0026387 -0.0388609 0.0827763 -0.0135787 0.9957176
1769782074.117324 -0.0084607 -0.0074909 -0.0031511 -0.0485310 0.0772009 -0.0098873 0.9957846
1769782074.317324 -0.0077903 -0.0081920 -0.0037619 -0.0514499 0.0698005 -0.0072701 0.9962068
1769782074.483991 -0.0071151 -0.0080887 -0.0039475 -0.0505531 0.0631643 -0.0068463 0.9966984
1769782074.717325 -0.0056411 -0.0071054 -0.0040978 -0.0430475 0.0519787 -0.0083634 0.9976850
1769782074.783990 -0.0055259 -0.0065383 -0.0054461 -0.0394608 0.0485366 -0.0064150 0.9980210
1769782074.850658 -0.0046932 -0.0063295 -0.0050180 -0.0362240 0.0445430 -0.0085675 0.9983138
1769782074.883991 -0.0044301 -0.0060656 -0.0037175 -0.0348863 0.0431636 -0.0082576 0.9984246
1769782074.950657 -0.0039996 -0.0054217 -0.0051736 -0.0296324 0.0392641 -0.0090727 0.9987482
1769782074.983990 -0.0040745 -0.0052753 -0.0055408 -0.0277874 0.0375234 -0.0096113 0.9988631
1769782075.017324 -0.0040289 -0.0047254 -0.0053054 -0.0233622 0.0364003 -0.0090339 0.9990234
1769782075.050658 -0.0038064 -0.0049351 -0.0051824 -0.0206829 0.0342145 -0.0091526 0.9991586
1769782075.117324 -0.0031968 -0.0041464 -0.0049952 -0.0142054 0.0292937 -0.0121685 0.9993958
1769782075.150658 -0.0031023 -0.0041867 -0.0047344 -0.0106964 0.0274813 -0.0110913 0.9995036
1769782075.417324 -0.0025699 -0.0025438 -0.0044989 0.0174825 0.0068172 -0.0185150 0.9996525
1769782075.450658 -0.0026235 -0.0022677 -0.0045668 0.0201242 0.0041570 -0.0195788 0.9995971
1769782075.483990 -0.0026213 -0.0021106 -0.0040351 0.0230047 0.0006556 -0.0202339 0.9995304
1769782075.517324 -0.0022300 -0.0017713 -0.0041881 0.0261278 -0.0033778 -0.0195535 0.9994617
1769782075.650657 -0.0020633 -0.0009546 -0.0043985 0.0337043 -0.0143125 -0.0209857 0.9991090
1769782075.717324 -0.0015630 -0.0002705 -0.0051418 0.0376554 -0.0192461 -0.0172995 0.9989557
1769782075.750658 -0.0016736 -0.0003140 -0.0036556 0.0373045 -0.0181700 -0.0180129 0.9989763
1769782075.783990 -0.0013374 0.0003129 -0.0035720 0.0390521 -0.0184781 -0.0150963 0.9989523
1769782076.183990 -0.0001458 0.0017548 -0.0044577 0.0074491 -0.0159961 -0.0146949 0.9997363
1769782076.217324 -0.0004026 0.0019047 -0.0030876 0.0063271 -0.0135304 -0.0140924 0.9997891
1769782076.650656 0.0011548 0.0024541 -0.0035860 0.0188063 -0.0175639 -0.0122580 0.9995937
1769782076.850657 0.0017933 0.0022104 -0.0024069 0.0201570 -0.0200985 -0.0128037 0.9995128
1769782076.883989 0.0013374 0.0020157 -0.0047288 0.0184844 -0.0192404 -0.0116732 0.9995759
1769782077.217323 0.0023851 0.0001072 -0.0028347 0.0082940 -0.0248496 -0.0128600 0.9995741
1769782077.250657 0.0029068 -0.0005213 -0.0035440 0.0054182 -0.0260001 -0.0147211 0.9995389
1769782078.017322 0.0016543 -0.0070246 -0.0057639 -0.0417373 -0.0209405 -0.0074005 0.9988818
1769782078.050655 0.0019082 -0.0074341 -0.0051694 -0.0443253 -0.0201614 -0.0091544 0.9987717
1769782078.483988 0.0005894 -0.0093020 -0.0053607 -0.0563430 -0.0144259 -0.0869730 0.9945115
1769782078.517322 0.0007613 -0.0092667 -0.0049786 -0.0565401 -0.0133829 -0.0865190 0.9945545
1769782078.550656 0.0004168 -0.0090921 -0.0050877 -0.0558890 -0.0115872 -0.0853938 0.9947110
1769782078.617321 0.0002716 -0.0091246 -0.0052725 -0.0554726 -0.0089197 -0.0781428 0.9953577
1769782078.650655 0.0000123 -0.0090918 -0.0050057 -0.0551719 -0.0070022 -0.0733586 0.9957538
1769782078.817322 -0.0006605 -0.0082683 -0.0052204 -0.0501019 0.0005384 -0.0591390 0.9969915
1769782078.917321 -0.0011395 -0.0075399 -0.0044453 -0.0456113 0.0071206 -0.0527188 0.9975418
1769782078.950655 -0.0015198 -0.0074100 -0.0055472 -0.0442487 0.0083875 -0.0509315 0.9976862
1769782079.117321 -0.0017099 -0.0069364 -0.0052934 -0.0343983 0.0172380 -0.0508303 0.9979659
1769782079.183988 -0.0021097 -0.0062211 -0.0046706 -0.0272210 0.0230054 -0.0509511 0.9980650
1769782079.250656 -0.0025150 -0.0057875 -0.0045690 -0.0197056 0.0280762 -0.0506786 0.9981258
1769782079.350655 -0.0025059 -0.0054095 -0.0041209 -0.0101417 0.0356235 -0.0510237 0.9980104
1769782079.450655 -0.0027209 -0.0050541 -0.0045493 -0.0032759 0.0467189 -0.0534094 0.9974738
1769782079.483987 -0.0023477 -0.0046708 -0.0043276 -0.0003815 0.0499268 -0.0536051 0.9973133
1769782079.783987 -0.0025806 -0.0024822 -0.0037388 0.0163036 0.0732715 -0.0634751 0.9951565
1769782080.317341 -0.0047779 -0.0000278 -0.0016075 -0.0155006 0.0711684 -0.0472498 0.9962240
1769782080.684007 -0.0068358 0.0013586 -0.0010550 0.0037596 0.0800466 -0.0429686 0.9958575
1769782080.984007 -0.0074482 0.0009554 -0.0011717 0.0051807 0.0843126 -0.0471555 0.9953095
1769782081.050675 -0.0085983 0.0008411 -0.0029538 0.0047187 0.0855795 -0.0463229 0.9952427
1769782081.250675 -0.0078201 -0.0003351 -0.0010433 0.0004032 0.0877168 -0.0394199 0.9953651
1769782081.317341 -0.0079621 -0.0010224 -0.0006059 -0.0030482 0.0889900 -0.0379756 0.9953037
1769782081.384007 -0.0089282 -0.0012907 -0.0030145 -0.0069328 0.0894657 -0.0399095 0.9951658
1769782081.417341 -0.0089460 -0.0012963 -0.0027007 -0.0081286 0.0907800 -0.0378367 0.9951187
1769782081.617340 -0.0091183 -0.0043576 -0.0012161 -0.0225327 0.0929478 -0.0315488 0.9949159
1769782082.017340 -0.0105608 -0.0087938 -0.0030384 -0.0492344 0.0923412 -0.0209239 0.9942893
1769782082.684006 -0.0083477 -0.0119050 -0.0036146 -0.0681654 0.0716661 -0.0133580 0.9950071
1769782082.784007 -0.0076672 -0.0118180 -0.0030133 -0.0663713 0.0674788 -0.0132308 0.9954227
1769782082.817340 -0.0080484 -0.0116845 -0.0045619 -0.0659189 0.0662059 -0.0144557 0.9955212
1769782083.150673 -0.0054625 -0.0097835 -0.0061753 -0.0508669 0.0491617 -0.0161191 0.9973645
1769782083.184006 -0.0054075 -0.0096785 -0.0057334 -0.0483249 0.0477764 -0.0141404 0.9975882
1769782083.250674 -0.0049616 -0.0084099 -0.0076212 -0.0421209 0.0423608 -0.0192721 0.9980280
1769782083.284006 -0.0048148 -0.0082055 -0.0064435 -0.0382267 0.0415751 -0.0176815 0.9982473
1769782083.317339 -0.0043588 -0.0089535 -0.0059485 -0.0373448 0.0387711 -0.0187113 0.9983748
1769782083.350673 -0.0044085 -0.0082416 -0.0065885 -0.0344696 0.0374580 -0.0219838 0.9984615
1769782083.450673 -0.0036654 -0.0075459 -0.0056244 -0.0211674 0.0302500 -0.0216718 0.9990832
1769782083.550673 -0.0034213 -0.0070778 -0.0053192 -0.0107794 0.0232662 -0.0241725 0.9993789
1769782083.584006 -0.0035521 -0.0068278 -0.0054191 -0.0069298 0.0202714 -0.0223063 0.9995216
1769782083.617339 -0.0033133 -0.0067670 -0.0051958 -0.0047745 0.0166012 -0.0248071 0.9995430
1769782083.750675 -0.0028598 -0.0061003 -0.0048700 0.0070117 0.0021014 -0.0249928 0.9996608
1769782083.784006 -0.0033718 -0.0052528 -0.0055390 0.0107686 0.0000531 -0.0243282 0.9996461
1769782083.817339 -0.0031590 -0.0053873 -0.0053796 0.0121145 -0.0037192 -0.0257132 0.9995890
1769782085.450672 0.0020483 -0.0032899 -0.0043218 -0.0079455 -0.0219100 -0.0142480 0.9996269
1769782086.350671 0.0007935 -0.0117533 -0.0062001 -0.0645122 -0.0149547 -0.0241748 0.9975120
1769782086.717336 0.0003012 -0.0130306 -0.0056729 -0.0751696 -0.0116200 -0.0912666 0.9929174
1769782086.817338 -0.0004674 -0.0131342 -0.0058755 -0.0748319 -0.0071246 -0.0878709 0.9932916
1769782086.850671 -0.0006299 -0.0125353 -0.0062839 -0.0737832 -0.0061317 -0.0847328 0.9936492
1769782086.950670 -0.0005948 -0.0126505 -0.0053472 -0.0725452 -0.0010655 -0.0746379 0.9945679
1769782086.984003 -0.0011738 -0.0124568 -0.0057488 -0.0712022 0.0016571 -0.0714052 0.9949014
1769782087.050671 -0.0012993 -0.0121387 -0.0060124 -0.0699343 0.0043174 -0.0670230 0.9952881
1769782087.084003 -0.0015950 -0.0119779 -0.0064049 -0.0685887 0.0057173 -0.0648004 0.9955219
1769782087.150671 -0.0016162 -0.0115702 -0.0064302 -0.0652689 0.0089695 -0.0597064 0.9960395
1769782087.417337 -0.0026743 -0.0100918 -0.0061875 -0.0472857 0.0247828 -0.0567252 0.9969615
1769782087.450671 -0.0032971 -0.0097256 -0.0076592 -0.0436677 0.0277666 -0.0557140 0.9971049
1769782087.517337 -0.0032662 -0.0091628 -0.0066924 -0.0359538 0.0326042 -0.0581427 0.9971278
1769782087.650670 -0.0025266 -0.0084108 -0.0048224 -0.0228242 0.0437626 -0.0628003 0.9968050
1769782088.317346 -0.0032783 -0.0037053 -0.0037482 -0.0280080 0.0706106 -0.0672086 0.9948431
1769782088.617345 -0.0044926 -0.0025304 -0.0029290 -0.0318729 0.0744941 -0.0601517 0.9948953
1769782089.184012 -0.0066363 -0.0015437 -0.0017970 -0.0102293 0.0848696 -0.0533511 0.9949101
1769782089.250681 -0.0068154 -0.0013844 -0.0023797 -0.0096164 0.0857614 -0.0555137 0.9947215
1769782089.917345 -0.0098984 -0.0059014 -0.0045832 -0.0375626 0.0961812 -0.0430635 0.9937222
1769782090.250680 -0.0099896 -0.0095125 -0.0056435 -0.0607283 0.0939392 -0.0381605 0.9929911
1769782090.384011 -0.0097332 -0.0103261 -0.0049408 -0.0686600 0.0920030 -0.0370937 0.9926960
1769782090.450679 -0.0096905 -0.0108824 -0.0055661 -0.0712067 0.0911804 -0.0343324 0.9926918
1769782090.517345 -0.0096131 -0.0114528 -0.0054446 -0.0741784 0.0889790 -0.0342702 0.9926761
1769782090.684011 -0.0093721 -0.0120790 -0.0059821 -0.0794258 0.0839083 -0.0326967 0.9927648
1769782090.984012 -0.0078766 -0.0125047 -0.0062592 -0.0796033 0.0722261 -0.0282709 0.9938046
1769782091.084011 -0.0072720 -0.0124000 -0.0067394 -0.0775300 0.0673764 -0.0288206 0.9942932
1769782091.117344 -0.0071880 -0.0121297 -0.0074884 -0.0764765 0.0656371 -0.0300161 0.9944557
1769782091.217345 -0.0064811 -0.0119034 -0.0064012 -0.0726608 0.0614392 -0.0282062 0.9950628
1769782091.350678 -0.0055017 -0.0113187 -0.0072404 -0.0661561 0.0538199 -0.0302952 0.9958961
1769782091.417345 -0.0045840 -0.0106926 -0.0074469 -0.0622299 0.0491681 -0.0293065 0.9964191
1769782091.450678 -0.0047174 -0.0110461 -0.0074298 -0.0607916 0.0482418 -0.0318781 0.9964743
1769782091.484010 -0.0047588 -0.0103362 -0.0076478 -0.0571429 0.0467351 -0.0316076 0.9967706
1769782091.517345 -0.0049414 -0.0101911 -0.0079120 -0.0538261 0.0456701 -0.0293740 0.9970728
1769782091.550678 -0.0044390 -0.0098984 -0.0077078 -0.0511730 0.0429708 -0.0307530 0.9972909
1769782091.584010 -0.0041802 -0.0095839 -0.0071914 -0.0473139 0.0406378 -0.0319771 0.9975407
1769782091.684010 -0.0040698 -0.0086430 -0.0079116 -0.0367563 0.0350552 -0.0343063 0.9981198
1769782091.784010 -0.0037263 -0.0083212 -0.0072614 -0.0241539 0.0276365 -0.0345358 0.9987292
1769782091.850678 -0.0032775 -0.0084379 -0.0058589 -0.0192875 0.0218753 -0.0361940 0.9989192
1769782091.884010 -0.0028403 -0.0080264 -0.0052687 -0.0164107 0.0177764 -0.0359002 0.9990625
1769782091.917343 -0.0030648 -0.0081671 -0.0061435 -0.0134597 0.0138999 -0.0358609 0.9991695
1769782092.117344 -0.0028701 -0.0070329 -0.0067092 0.0004120 -0.0049641 -0.0366401 0.9993162
1769782092.284010 -0.0021431 -0.0066258 -0.0041794 0.0064335 -0.0100346 -0.0262599 0.9995841
1769782092.317343 -0.0020630 -0.0063518 -0.0045117 0.0069730 -0.0090377 -0.0288520 0.9995185
1769782092.650677 -0.0016562 -0.0049892 -0.0047739 -0.0261954 -0.0052321 -0.0280665 0.9992491
1769782092.784010 -0.0016770 -0.0044330 -0.0045018 -0.0256395 -0.0049201 -0.0274084 0.9992834
1769782093.750678 0.0009616 -0.0061396 -0.0054465 -0.0266071 -0.0155747 -0.0281057 0.9991294
1769782094.250677 0.0011642 -0.0107677 -0.0072571 -0.0601312 -0.0157612 -0.0295210 0.9976294
1769782094.284009 0.0009102 -0.0111116 -0.0055053 -0.0623171 -0.0152323 -0.0287109 0.9975271
1769782095.117342 -0.0022656 -0.0141078 -0.0079987 -0.0876906 0.0023450 -0.0909530 0.9919841
1769782095.384008 -0.0027047 -0.0132761 -0.0061041 -0.0796702 0.0158897 -0.0711471 0.9941521
1769782095.450676 -0.0033043 -0.0125081 -0.0059741 -0.0749329 0.0207484 -0.0646495 0.9948744
1769782095.617341 -0.0045062 -0.0118027 -0.0056579 -0.0640074 0.0330251 -0.0656922 0.9952371
1769782095.650675 -0.0041587 -0.0113579 -0.0055217 -0.0599906 0.0341513 -0.0678957 0.9953015
1769782095.817350 -0.0044877 -0.0098856 -0.0051252 -0.0412451 0.0476040 -0.0715441 0.9954467
1769782096.117350 -0.0040888 -0.0084669 -0.0048361 -0.0191672 0.0750683 -0.0730481 0.9943146
1769782096.317350 -0.0044828 -0.0068516 -0.0039596 -0.0093900 0.0844714 -0.0793269 0.9932189
1769782096.350684 -0.0047183 -0.0069336 -0.0038213 -0.0117002 0.0848603 -0.0778239 0.9932801
1769782096.417350 -0.0050711 -0.0065675 -0.0035587 -0.0235653 0.0836372 -0.0729213 0.9935452
1769782096.617349 -0.0055463 -0.0052232 -0.0009804 -0.0401544 0.0837398 -0.0654638 0.9935239
1769782097.217350 -0.0084461 -0.0027619 0.0001097 -0.0222195 0.0957807 -0.0569343 0.9935244
1769782097.584015 -0.0102093 -0.0038095 0.0007469 -0.0211350 0.1049229 -0.0530287 0.9928406
1769782097.817349 -0.0109538 -0.0048411 -0.0011168 -0.0295997 0.1068091 -0.0519814 0.9924785
1769782097.984015 -0.0123454 -0.0067365 -0.0016397 -0.0398670 0.1106863 -0.0453593 0.9920190
1769782098.050682 -0.0123734 -0.0069477 -0.0020686 -0.0437917 0.1106818 -0.0484951 0.9917057
1769782098.250684 -0.0120331 -0.0095599 -0.0011149 -0.0592713 0.1105805 -0.0456619 0.9910468
1769782098.350682 -0.0124104 -0.0109493 -0.0024081 -0.0659928 0.1099541 -0.0431408 0.9908047
1769782098.517349 -0.0124886 -0.0127579 -0.0022051 -0.0771962 0.1088896 -0.0384567 0.9903054
1769782098.950681 -0.0116962 -0.0158875 -0.0030761 -0.0947201 0.0981073 -0.0308675 0.9901769
1769782098.984015 -0.0115827 -0.0159711 -0.0029930 -0.0953744 0.0967969 -0.0299163 0.9902722
1769782099.284014 -0.0101045 -0.0159889 -0.0039835 -0.0941636 0.0838158 -0.0302902 0.9915597
1769782099.317348 -0.0097698 -0.0158213 -0.0039672 -0.0930528 0.0826764 -0.0297115 0.9917777
1769782099.350682 -0.0097801 -0.0156068 -0.0047441 -0.0918089 0.0808335 -0.0301157 0.9920334
1769782099.384014 -0.0098054 -0.0156316 -0.0042701 -0.0909722 0.0805032 -0.0292117 0.9921643
1769782099.450682 -0.0098170 -0.0154624 -0.0035542 -0.0877440 0.0793628 -0.0273749 0.9925992
1769782099.650681 -0.0084822 -0.0145142 -0.0046203 -0.0788001 0.0685624 -0.0281981 0.9941301
1769782099.684014 -0.0082781 -0.0142005 -0.0047035 -0.0762286 0.0666529 -0.0290297 0.9944364
1769782099.917348 -0.0075255 -0.0132216 -0.0045722 -0.0562649 0.0536455 -0.0329051 0.9964305
1769782100.050681 -0.0074198 -0.0126462 -0.0039952 -0.0421168 0.0451672 -0.0343562 0.9974998
1769782101.250683 -0.0039833 -0.0069833 -0.0031807 -0.0324535 0.0121081 -0.0273666 0.9990252
1769782101.717346 -0.0034063 -0.0080308 -0.0033167 -0.0346190 0.0117300 -0.0256063 0.9990036
1769782101.884013 -0.0034009 -0.0087815 -0.0034875 -0.0394256 0.0122704 -0.0257471 0.9988154
1769782101.917346 -0.0033683 -0.0089759 -0.0034176 -0.0405667 0.0125457 -0.0256450 0.9987689
1769782102.084013 -0.0034843 -0.0098973 -0.0035692 -0.0466108 0.0135399 -0.0259027 0.9984854
1769782102.117347 -0.0036252 -0.0100427 -0.0035671 -0.0476902 0.0145651 -0.0255985 0.9984279
1769782102.684012 -0.0046506 -0.0124043 -0.0034725 -0.0645089 0.0230105 -0.0266118 0.9972968
1769782102.950679 -0.0050418 -0.0127830 -0.0034718 -0.0672076 0.0270534 -0.0262947 0.9970255
1769782103.217346 -0.0054061 -0.0128258 -0.0033480 -0.0675470 0.0303270 -0.0280297 0.9968611
1769782103.250683 -0.0054535 -0.0127825 -0.0033472 -0.0674384 0.0307051 -0.0280244 0.9968570
1769782104.917368 -0.0059666 -0.0123482 -0.0028685 -0.0647867 0.0340979 -0.0312253 0.9968275
1769782105.150702 -0.0060029 -0.0123597 -0.0030158 -0.0647283 0.0341006 -0.0313140 0.9968284
1769782105.417369 -0.0060098 -0.0123358 -0.0030294 -0.0645359 0.0340758 -0.0311071 0.9968482
1769782105.484034 -0.0058993 -0.0123807 -0.0030408 -0.0646723 0.0338188 -0.0313216 0.9968414
