1769791780.589397 0.0000000 0.0000000 0.0000000 -0.0000000 -0.0000000 -0.0000000 1.0000000
1769791781.756077 -0.0117912 0.0033909 0.0026276 0.0055357 0.0049043 -0.0039475 0.9999648
1769791781.789395 -0.0134362 0.0025605 0.0020612 0.0053590 0.0055894 -0.0039424 0.9999623
1769791782.156074 -0.0075898 0.0038858 0.0081631 0.0071361 0.0068651 -0.0046776 0.9999400
1769791782.356061 -0.0009559 0.0034567 0.0133780 0.0079465 0.0074686 -0.0048698 0.9999287
1769791782.589409 0.0151065 -0.0056733 0.0089138 0.0078406 0.0063405 -0.0046546 0.9999384
1769791782.856071 0.0321810 -0.0098836 0.0152259 0.0083041 0.0063724 -0.0033477 0.9999396
1769791783.022727 0.0442544 -0.0118631 0.0176494 0.0091882 0.0064108 -0.0034454 0.9999313
1769791783.289402 0.0644083 -0.0170971 0.0205407 0.0095013 0.0063412 -0.0027719 0.9999309
1769791783.622744 0.0884418 -0.0141591 0.0327235 0.0117482 0.0078660 -0.0027811 0.9998962
1769791783.989405 0.1254415 -0.0128169 0.0286726 0.0136575 0.0089277 -0.0031784 0.9998618
1769791784.356062 0.1589888 -0.0018533 0.0401975 0.0149993 0.0110958 -0.0035187 0.9998198
1769791784.489398 0.1732505 0.0091456 0.0432864 0.0165291 0.0117668 -0.0039596 0.9997863
1769791784.622729 0.1852344 0.0142226 0.0491241 0.0166858 0.0124681 -0.0033866 0.9997773
1769791784.889396 0.2050269 0.0210619 0.0597841 0.0181387 0.0161423 -0.0031900 0.9997001
1769791785.289402 0.2347348 0.0482077 0.0662691 0.0194053 0.0198404 -0.0042707 0.9996057
1769791785.722728 0.2565909 0.0570851 0.0593815 0.0163346 0.0251720 -0.0022029 0.9995472
1769791785.856069 0.2622399 0.0547047 0.0577669 0.0137343 0.0265958 -0.0009352 0.9995515
1769791786.122729 0.2570523 0.0257592 0.0387579 0.0033940 0.0304971 0.0025288 0.9995259
1769791786.322735 0.2579223 0.0207210 0.0278174 -0.0032985 0.0316213 0.0004523 0.9994944
1769791786.556070 0.2694123 0.0381967 0.0232210 -0.0052196 0.0314573 -0.0006030 0.9994913
1769791786.689393 0.2597830 0.0448316 0.0157136 -0.0067957 0.0338895 0.0002747 0.9994025
1769791786.856058 0.2746306 0.0534335 0.0142757 -0.0080670 0.0322637 0.0002352 0.9994468
1769791787.089435 0.2834774 0.0710651 0.0175308 -0.0098519 0.0320002 -0.0008000 0.9994390
1769791787.356099 0.3105636 0.1161557 0.0439963 -0.0060889 0.0304017 -0.0047692 0.9995078
1769791787.556099 0.3194203 0.1388227 0.0571483 -0.0047397 0.0301891 -0.0071831 0.9995072
1769791787.822767 0.3191260 0.1597423 0.0661686 -0.0040398 0.0302107 -0.0101083 0.9994843
1769791788.189436 0.3106943 0.1707357 0.0708288 -0.0022438 0.0271805 -0.0111211 0.9995662
1769791788.522772 0.2933048 0.1621664 0.0634539 -0.0030934 0.0276552 -0.0110360 0.9995518
1769791788.756100 0.2789928 0.1437910 0.0522686 -0.0022378 0.0260140 -0.0063784 0.9996387
1769791788.989453 0.2527987 0.1170686 0.0376410 -0.0004252 0.0266959 -0.0014444 0.9996425
1769791789.122792 0.2396338 0.0922441 0.0240056 -0.0009792 0.0257897 0.0027363 0.9996632
1769791789.256102 0.2232852 0.0659111 0.0181290 -0.0010433 0.0256790 0.0049549 0.9996575
1769791789.389431 0.2063485 0.0376417 0.0046625 -0.0006879 0.0254804 0.0072786 0.9996486
1769791789.522779 0.1841706 0.0062006 -0.0017903 -0.0006426 0.0261740 0.0080046 0.9996251
1769791789.656097 0.1546267 -0.0252916 -0.0165020 0.0004693 0.0277474 0.0088761 0.9995755
1769791789.889444 0.1154391 -0.0701502 -0.0298551 0.0127882 0.0259158 0.0085704 0.9995456
1769791790.089438 0.0854920 -0.0556459 -0.0365847 0.0348546 0.0216557 0.0015752 0.9991565
1769791790.256105 0.0590815 -0.1125941 -0.0467830 0.0462710 0.0137531 0.0019567 0.9988323
1769791790.389465 0.1264234 -0.2732727 -0.0728234 0.0452005 -0.0056244 -0.0106340 0.9989055
1769791790.489462 0.1160966 -0.2767195 -0.0911638 0.0527421 -0.0173662 -0.0102212 0.9984049
1769791790.556106 0.1147618 -0.2734066 -0.0901284 0.0587777 -0.0259154 -0.0125712 0.9978555
1769791790.656107 0.1064309 -0.2714211 -0.1042979 0.0647061 -0.0372494 -0.0129139 0.9971253
1769791790.789438 0.2604615 -0.3943155 -0.0838341 0.0530681 -0.0639392 -0.0062381 0.9965223
1769791790.989432 0.0691762 -0.2626130 -0.0176917 0.0459465 -0.0385596 -0.0058038 0.9981826
1769791791.056100 0.0757644 -0.2928797 -0.0764328 0.0200686 -0.0358684 -0.0080834 0.9991223
1769791791.156111 0.1334779 -0.5039592 -0.0626051 -0.0271469 -0.0378563 -0.0032651 0.9989091
1769791791.389442 0.1294047 -0.4990948 -0.0020571 -0.0571663 -0.0318635 -0.0090949 0.9978147
1769791791.522799 0.1031681 -0.5292906 -0.0539615 -0.0673414 -0.0268708 -0.0132209 0.9972805
1769791791.789442 0.1032971 -0.5151677 -0.0050077 -0.0586942 -0.0233141 -0.0194589 0.9978141
1769791793.622767 0.3229756 -0.6635038 0.0270267 -0.0053311 -0.0562659 -0.0124286 0.9983243
1769791794.356095 0.3149297 -0.6348108 0.0342644 -0.0161906 -0.0610789 -0.0145722 0.9978952
1769791794.889435 0.3015425 -0.6142308 0.0207344 -0.0308425 -0.0625473 -0.0146632 0.9974576
1769791795.356097 0.1093979 -0.4974075 -0.0161851 -0.0332707 -0.0425195 -0.0122216 0.9984667
1769791795.889434 -0.0902626 -0.0996373 -0.0422757 -0.0076446 -0.0262679 -0.1060927 0.9939799
1769791796.156110 -0.0933904 -0.0608966 -0.0479441 -0.0129474 -0.0276343 -0.1834062 0.9825634
1769791796.389435 -0.1145461 0.0188755 -0.0217354 -0.0126110 -0.0248050 -0.2426116 0.9697244
1769791796.622767 -0.1066666 0.0805751 -0.0103805 -0.0121975 -0.0256949 -0.2910797 0.9562759
1769791796.822772 -0.1349304 0.1101457 -0.0628069 -0.0193122 -0.0226014 -0.3235060 0.9457591
1769791797.056098 -0.1031827 0.1552851 -0.0208649 -0.0131894 -0.0225660 -0.3604826 0.9323997
1769791797.322764 -0.1000644 0.1732470 -0.0188736 -0.0155403 -0.0202170 -0.3923487 0.9194630
1769791797.556112 -0.1052820 0.1722506 -0.0417784 -0.0187532 -0.0171862 -0.4062665 0.9134005
1769791797.822780 -0.0924269 0.1629975 -0.0240950 -0.0232586 -0.0181840 -0.4128045 0.9103410
1769791798.056104 -0.0916444 0.1639320 -0.0273227 -0.0246300 -0.0140846 -0.4108416 0.9112651
1769791798.256099 -0.0856791 0.1596042 -0.0244969 -0.0247439 -0.0110549 -0.4017610 0.9153435
1769791798.389430 -0.0715581 0.1538593 -0.0308842 -0.0234095 -0.0100990 -0.3917199 0.9197312
1769791798.589449 -0.0599316 0.1484479 -0.0081457 -0.0212014 -0.0054866 -0.3741505 0.9271094
1769791798.822782 -0.0249839 0.1139407 0.0381445 -0.0212164 0.0000882 -0.3466468 0.9377558
1769791798.989433 -0.0228796 0.1002086 0.0197365 -0.0174634 0.0033577 -0.3124236 0.9497765
1769791799.089457 -0.0030764 0.1043097 0.0208681 -0.0120989 0.0027002 -0.2906080 0.9567619
1769791799.189439 -0.0138981 0.0911169 0.0401237 -0.0127319 0.0110263 -0.2583129 0.9659145
1769791799.256100 0.0049252 0.0967935 0.0764919 -0.0087381 0.0128786 -0.2400098 0.9706457
1769791799.322776 0.0068224 0.0866196 0.0615920 -0.0064750 0.0160484 -0.2253859 0.9741158
1769791799.389429 0.0104714 0.0712935 0.0419380 -0.0041348 0.0181378 -0.2114384 0.9772143
1769791799.522763 0.0010287 0.1447509 0.0980011 0.0245386 0.0363429 -0.1891847 0.9809619
1769791799.689428 -0.0395292 0.2334910 0.1528914 0.0672528 0.0674048 -0.1899788 0.9771600
1769791799.856115 -0.0584123 0.2910615 0.2105410 0.1077842 0.0983091 -0.1879211 0.9712897
1769791800.056122 -0.0781842 0.3545998 0.2728885 0.1572106 0.1383517 -0.1723319 0.9625204
1769791800.156093 0.1202581 0.0880552 0.1613612 0.0965596 0.0780584 -0.1467896 0.9813439
1769791800.222769 0.0815252 0.0915205 0.1458418 0.1031286 0.1027165 -0.1359763 0.9799614
1769791800.322771 0.0975800 0.0943319 0.1476137 0.1097933 0.1166722 -0.1330452 0.9780757
1769791800.489434 0.0837748 0.0803143 0.2243803 0.1072035 0.1518985 -0.1409781 0.9723988
1769791800.756107 0.1612530 0.0445905 0.2339257 0.0991648 0.1532466 -0.1287594 0.9747322
1769791800.889433 0.1839416 0.0072241 0.1717425 0.0437988 0.1270428 -0.1120810 0.9845708
1769791801.056096 0.2077097 -0.0041565 0.2337166 0.0150961 0.1128428 -0.0915347 0.9892725
1769791801.222778 0.2627425 -0.0532554 0.2207447 -0.0052856 0.0915582 -0.0615187 0.9938836
1769791801.456100 0.3199355 -0.0616637 0.2210875 -0.0054858 0.0753610 -0.0326772 0.9966057
1769791801.656095 0.3541959 -0.0953593 0.1946844 0.0017253 0.0656880 -0.0183905 0.9976693
1769791801.822762 0.3643313 -0.1186198 0.1753124 0.0140464 0.0638049 -0.0152734 0.9977466
1769791802.022760 0.3989774 -0.1261176 0.1836525 0.0293852 0.0587100 -0.0152286 0.9977263
1769791802.189432 0.4609614 -0.1410524 0.1680306 0.0373819 0.0474887 -0.0149026 0.9980608
1769791802.389430 0.4651574 -0.1370076 0.1538055 0.0464865 0.0477145 -0.0166862 0.9976392
1769791802.689435 0.4869752 -0.1563115 0.1613522 0.0550209 0.0486810 -0.0101553 0.9972461
1769791802.922771 0.4983164 -0.1645232 0.1560574 0.0571646 0.0495978 -0.0081709 0.9970986
1769791803.322842 0.5024014 -0.1476544 0.1679663 0.0607185 0.0551049 -0.0047442 0.9966214
1769791803.689482 0.5246448 -0.1273867 0.1766663 0.0613197 0.0569885 -0.0016511 0.9964886
1769791804.022817 0.5376897 -0.0935690 0.1847953 0.0596589 0.0587381 -0.0000002 0.9964892
1769791804.256147 0.5382174 -0.0578273 0.1881215 0.0592696 0.0608485 -0.0001203 0.9963858
1769791804.556149 0.5439369 -0.0259180 0.1972700 0.0557089 0.0623385 0.0036234 0.9964925
1769791804.856148 0.5524731 0.0117947 0.2057212 0.0521745 0.0618832 0.0081221 0.9966857
1769791805.056159 0.5370629 0.0628585 0.1986214 0.0500958 0.0648801 0.0024741 0.9966318
1769791805.222846 0.5309310 0.1138894 0.2132225 0.0525177 0.0666902 -0.0015899 0.9963894
1769791805.389486 0.5376911 0.1256349 0.2088452 0.0477892 0.0648520 0.0015912 0.9967487
1769791805.589485 0.5378672 0.1409124 0.2143546 0.0433920 0.0639095 0.0055822 0.9969963
1769791805.756150 0.5295627 0.1980867 0.2157659 0.0470656 0.0646546 0.0023264 0.9967945
1769791805.922837 0.5363926 0.2409881 0.2707093 0.0517297 0.0666511 0.0027459 0.9964307
1769791806.056160 0.5139269 0.2663133 0.2922696 0.0487533 0.0722789 0.0013149 0.9961913
1769791806.222821 0.4904191 0.2987958 0.2942069 0.0464823 0.0753747 -0.0049219 0.9960592
1769791806.356146 0.4664944 0.3288540 0.2912355 0.0471594 0.0784555 -0.0094010 0.9957572
1769791806.489482 0.4614486 0.3389349 0.2847758 0.0423289 0.0770973 -0.0103678 0.9960707
1769791806.589480 0.4387842 0.3714378 0.2874221 0.0463656 0.0799021 -0.0159167 0.9955966
1769791806.756160 0.4184274 0.3975282 0.2907861 0.0456955 0.0814215 -0.0188833 0.9954526
1769791806.889488 0.3964851 0.4115278 0.2823832 0.0440465 0.0840078 -0.0186986 0.9953156
1769791807.022824 0.3764767 0.4255284 0.2791590 0.0437169 0.0849823 -0.0205075 0.9952117
1769791807.122820 0.3667302 0.4333443 0.2778613 0.0428781 0.0847525 -0.0218379 0.9952395
1769791807.289483 0.3431571 0.4438883 0.2755959 0.0432143 0.0839654 -0.0215683 0.9952975
1769791807.389479 0.3344492 0.4498385 0.2718192 0.0430191 0.0829105 -0.0216120 0.9953935
1769791807.522816 0.3126166 0.4513431 0.2617944 0.0411279 0.0842771 -0.0216358 0.9953581
1769791807.722834 0.2847560 0.4477992 0.2593223 0.0397907 0.0848104 -0.0200213 0.9954010
1769791807.856164 0.2731183 0.4412395 0.2653475 0.0387295 0.0829600 -0.0194410 0.9956102
1769791807.989500 0.2508899 0.4347574 0.2437939 0.0386638 0.0832726 -0.0179454 0.9956148
1769791808.156156 0.2253264 0.4233119 0.2282959 0.0400606 0.0823767 -0.0152097 0.9956796
1769791808.256147 0.2112204 0.4145748 0.2330071 0.0409895 0.0819075 -0.0138694 0.9957001
1769791808.322822 0.2006551 0.4068042 0.2277279 0.0412986 0.0820095 -0.0119328 0.9957040
1769791808.456152 0.1842895 0.3937137 0.2180627 0.0438710 0.0794303 -0.0091432 0.9958326
1769791808.556144 0.1731004 0.3834956 0.2116192 0.0462885 0.0773285 -0.0054065 0.9959159
1769791808.589483 0.1691264 0.3783476 0.2072152 0.0466509 0.0766934 -0.0044519 0.9959528
1769791808.622811 0.1654621 0.3730966 0.2048218 0.0470981 0.0757750 -0.0037931 0.9960048
1769791808.756148 0.1481923 0.3502627 0.1922787 0.0492292 0.0742167 0.0019951 0.9960243
1769791808.822843 0.1392523 0.3405831 0.1839497 0.0511898 0.0732307 0.0050611 0.9959876
1769791808.856148 0.1366533 0.3353443 0.1814847 0.0519874 0.0724563 0.0063979 0.9959952
1769791808.922813 0.1297033 0.3270613 0.1745799 0.0536020 0.0707195 0.0077297 0.9960250
1769791809.022823 0.1161622 0.3149724 0.1636776 0.0580143 0.0695891 0.0114063 0.9958221
1769791809.056147 0.1148603 0.3056393 0.1579006 0.0582234 0.0683889 0.0138445 0.9958621
1769791809.089500 0.1127048 0.2984381 0.1519832 0.0589771 0.0675168 0.0160210 0.9958447
1769791809.122817 0.1056553 0.2937919 0.1492504 0.0603816 0.0679760 0.0177400 0.9957001
1769791809.156159 0.1021595 0.2874136 0.1466297 0.0610263 0.0671822 0.0184868 0.9957011
1769791809.189481 0.1000444 0.2862699 0.1405489 0.0636981 0.0657039 0.0193598 0.9956158
1769791809.289496 0.0917206 0.2635890 0.1277040 0.0659858 0.0641811 0.0258560 0.9954186
1769791809.356156 0.0801601 0.2481984 0.1118989 0.0681386 0.0630514 0.0297331 0.9952375
1769791809.389495 0.0724800 0.2611243 0.1088200 0.0738253 0.0630662 0.0275941 0.9948925
1769791809.422810 0.0695741 0.2375992 0.1025298 0.0709962 0.0627442 0.0311393 0.9950141
1769791809.489481 0.0590588 0.2314038 0.0842326 0.0768062 0.0614729 0.0321969 0.9946282
1769791809.589479 0.0466785 0.1482931 0.0696713 0.0643656 0.0609870 0.0216368 0.9958261
1769791809.656154 0.0473456 0.1348910 0.0512052 0.0713201 0.0566736 0.0243733 0.9955438
1769791809.756159 0.1101309 0.1497531 -0.2312172 0.0877804 0.0186296 0.0320268 0.9954506
1769791809.789478 0.1131666 0.1522167 -0.2435314 0.0920321 0.0152761 0.0327332 0.9951006
1769791809.889483 0.0763891 0.1288517 -0.2863420 0.0978964 0.0149016 0.0262878 0.9947377
1769791809.989491 0.0533301 0.0803186 -0.2883717 0.0996213 0.0145776 0.0255120 0.9945915
1769791810.056155 -0.0509994 -0.0479184 -0.2902906 0.0659110 0.0381332 -0.0175167 0.9969428
1769791810.189483 0.1941675 -0.2184824 -0.0403496 0.0635108 -0.0086792 -0.0151691 0.9978281
1769791810.289485 0.2134632 -0.2638956 -0.0306478 0.0666279 -0.0245956 -0.0116055 0.9974072
1769791810.356148 0.1327542 -0.2589372 -0.0327419 0.0736728 -0.0257199 -0.0087689 0.9969122
1769791810.489479 0.1221405 -0.2616781 -0.0361983 0.0823509 -0.0441006 -0.0101281 0.9955757
1769791810.522814 0.1403165 -0.2725680 -0.0641544 0.0823898 -0.0517437 -0.0044608 0.9952461
1769791810.556159 0.1342638 -0.2796994 -0.0544286 0.0820911 -0.0554240 -0.0040607 0.9950743
1769791810.589485 0.1317816 -0.2840506 -0.0839359 0.0816251 -0.0576140 -0.0033811 0.9949907
1769791810.622816 0.1394808 -0.2793271 -0.0569310 0.0829938 -0.0630018 0.0002941 0.9945565
1769791810.656159 0.1382215 -0.2854068 -0.0731102 0.0814506 -0.0651078 0.0031786 0.9945434
1769791810.789502 0.1363757 -0.2818522 -0.0576790 0.0781741 -0.0643317 0.0120800 0.9947886
1769791810.822822 0.1112567 -0.2688451 -0.0254973 0.0723754 -0.0569079 0.0066792 0.9957302
1769791810.856151 0.1064985 -0.2701971 -0.0329826 0.0609380 -0.0538891 0.0058730 0.9966685
1769791810.889480 0.1016892 -0.2664352 -0.0192026 0.0492113 -0.0517069 0.0039171 0.9974414
1769791810.922863 0.0907452 -0.2723136 -0.0326940 0.0382956 -0.0477611 -0.0010246 0.9981239
1769791811.056182 -0.0534361 -0.0824462 0.0067946 0.0313494 -0.0276464 -0.0032473 0.9991208
1769791811.122858 -0.0751898 -0.1005597 0.0146892 0.0194397 -0.0226207 -0.0059696 0.9995373
1769791811.156186 -0.0887243 -0.1205646 -0.0074566 0.0124790 -0.0201676 -0.0114111 0.9996536
1769791811.222881 -0.1009973 -0.1367159 -0.0175434 0.0040324 -0.0174907 -0.0086390 0.9998016
1769791811.389514 -0.1337812 -0.1745066 -0.0177561 -0.0075301 -0.0104012 -0.0098036 0.9998695
1769791811.589504 -0.1802244 -0.2322371 -0.0237163 -0.0078756 -0.0012878 -0.0095554 0.9999225
1769791811.722838 -0.1825639 -0.2348474 -0.0318859 0.0020724 0.0011465 -0.0113008 0.9999334
1769791811.989501 -0.1864693 -0.2352074 -0.0310207 0.0207319 0.0043539 -0.0163552 0.9996418
1769791812.222836 -0.1854349 -0.2555546 -0.0427665 0.0282977 0.0048950 -0.0121215 0.9995140
1769791812.756166 -0.1967620 -0.2340205 -0.0396718 0.0430700 0.0042756 -0.0174128 0.9989111
1769791813.356168 -0.1873216 -0.2261469 -0.0056031 0.0453327 -0.0013211 -0.0159052 0.9988445
1769791813.822845 -0.1921924 -0.2180525 -0.0065255 0.0384289 -0.0047624 -0.0169822 0.9991057
1769791814.156169 -0.1944412 -0.2175011 -0.0011746 0.0304804 -0.0064508 -0.0156296 0.9993924
1769791814.522873 -0.2102909 -0.2189591 -0.0330047 0.0195454 -0.0076994 -0.0134520 0.9996888
1769791814.789501 -0.2168640 -0.2200962 -0.0395450 0.0097297 -0.0083157 -0.0127435 0.9998369
1769791814.989502 -0.2242066 -0.1880974 -0.0356655 0.0057261 -0.0080113 -0.0145563 0.9998456
1769791815.122839 -0.2276253 -0.1574185 -0.0365001 0.0042587 -0.0073128 -0.0141767 0.9998637
1769791815.322848 -0.2235665 -0.1085411 -0.0317394 0.0029702 -0.0078370 -0.0130393 0.9998799
1769791815.556174 -0.2274211 -0.0562644 -0.0317447 -0.0006091 -0.0105077 -0.0781190 0.9968885
1769791815.822838 -0.2311419 0.0071733 -0.0321710 -0.0026047 -0.0104034 -0.1565268 0.9876155
1769791815.989513 -0.2287095 0.0324573 -0.0318388 -0.0075909 -0.0115130 -0.2012635 0.9794400
1769791816.189501 -0.2682371 0.0573432 0.0424619 -0.0082242 -0.0132085 -0.2716069 0.9622825
1769791816.422832 -0.2877503 0.0835161 0.0687832 -0.0127482 -0.0119382 -0.3321251 0.9430737
1769791816.756165 -0.2944486 0.1373157 0.0590455 -0.0188527 -0.0037781 -0.3754092 0.9266598
1769791817.022833 -0.2645533 0.1753539 0.0829399 -0.0194286 -0.0056066 -0.4007222 0.9159765
1769791817.322836 -0.2208588 0.2073586 0.0705102 -0.0176478 -0.0034537 -0.4223739 0.9062433
1769791817.656170 -0.1666630 0.2172734 0.0684618 -0.0164979 -0.0065831 -0.4286343 0.9033034
1769791817.956164 -0.1131927 0.1992075 0.0720768 -0.0154782 -0.0081111 -0.4211277 0.9068330
1769791818.256168 -0.0324542 0.1627057 0.0879047 -0.0121854 -0.0129501 -0.4021662 0.9153940
1769791818.456173 0.0049543 0.0982724 0.0928603 -0.0184504 -0.0126958 -0.3750508 0.9267337
1769791818.689505 0.0821328 0.0495570 0.0828204 -0.0123597 -0.0167266 -0.3358369 0.9416906
1769791818.889504 0.1263031 -0.0317881 0.0839692 -0.0176322 -0.0159719 -0.2843909 0.9584132
1769791818.989514 0.1426332 -0.0632746 0.0826598 -0.0170541 -0.0120832 -0.2527340 0.9673100
1769791819.089506 0.1582357 -0.1185094 0.0935359 -0.0232413 -0.0080879 -0.2209515 0.9749743
1769791819.222856 0.1825392 -0.1374631 0.0710213 -0.0141618 -0.0025416 -0.1903955 0.9816020
1769791819.389538 0.2486544 -0.1985341 0.0058726 -0.0038420 -0.0040462 -0.1740596 0.9847193
1769791819.556229 0.3030398 -0.2441104 0.0191944 0.0130129 -0.0000206 -0.1663945 0.9859734
1769791819.722842 0.3422154 -0.3398052 -0.0422080 0.0162933 0.0133497 -0.1485546 0.9886799
1769791819.856185 0.3699901 -0.3773685 -0.0465438 0.0283392 0.0258311 -0.1466263 0.9884484
1769791819.956173 0.4043529 -0.4058727 -0.0400231 0.0328892 0.0372868 -0.1459236 0.9880457
1769791820.189520 0.6265994 -0.3283044 0.1231875 0.0618447 0.0614004 -0.1209375 0.9888273
1769791820.356182 0.6568418 -0.3855692 0.1019479 0.0505759 0.0763773 -0.1253623 0.9878729
1769791820.522862 0.7173695 -0.4423472 0.0151016 0.0314379 0.0623821 -0.1109752 0.9913651
1769791820.722847 0.7398994 -0.4133791 0.0944863 -0.0129566 0.0408149 -0.0783994 0.9960020
1769791820.889513 0.8005612 -0.4568236 0.1112266 -0.0419528 0.0169476 -0.0492756 0.9977598
1769791821.089505 0.8676003 -0.4875228 0.1317146 -0.0569538 -0.0027405 -0.0162186 0.9982413
1769791821.389515 0.9532701 -0.5401711 0.1363225 -0.0534990 -0.0193618 0.0190860 0.9981978
1769791821.722846 0.9578162 -0.5530203 0.1470775 -0.0281454 -0.0192297 0.0102108 0.9993667
1769791821.989514 1.0102385 -0.5793383 0.1728541 -0.0137863 -0.0232259 0.0201784 0.9994316
1769791822.589527 1.0179714 -0.5699729 0.1462024 0.0081476 -0.0175784 0.0222905 0.9995638
1769791823.322854 1.0445551 -0.5460418 0.1488962 0.0106158 -0.0123114 0.0273930 0.9994926
1769791823.722845 1.0638144 -0.4700067 0.1593784 0.0127734 -0.0110075 0.0189199 0.9996788
1769791823.956181 1.0625091 -0.4423566 0.1433363 0.0104856 -0.0094825 0.0198336 0.9997033
1769791824.322839 1.0672965 -0.4173453 0.1464507 0.0028314 -0.0080861 0.0246119 0.9996604
1769791824.722847 1.0560991 -0.2757808 0.1471657 0.0085558 -0.0049283 0.0178513 0.9997919
1769791824.822837 1.0533932 -0.2710737 0.1469624 0.0045527 -0.0046659 0.0166720 0.9998398
1769791825.022855 1.0569725 -0.2628992 0.1522775 -0.0021454 -0.0047398 0.0225802 0.9997315
1769791825.289525 1.0414973 -0.1910325 0.1435602 -0.0009248 -0.0038222 0.0183226 0.9998244
1769791825.456176 1.0318340 -0.1254241 0.1402849 0.0038330 -0.0035328 0.0152907 0.9998695
1769791825.589504 1.0222521 -0.1107512 0.1363546 -0.0010217 -0.0029002 0.0090909 0.9999540
1769791825.689509 1.0120845 -0.0956303 0.1285483 -0.0037531 -0.0020209 0.0044789 0.9999809
1769791825.856172 0.9957451 -0.0722321 0.1141038 -0.0083963 0.0005090 -0.0024846 0.9999616
1769791826.022840 0.9787929 -0.0425345 0.1026048 -0.0099702 0.0004787 -0.0070867 0.9999251
1769791826.156174 0.9665139 -0.0266960 0.0942001 -0.0132141 0.0003897 -0.0111398 0.9998506
1769791826.322851 0.9470411 -0.0024481 0.0888762 -0.0155834 0.0015108 -0.0145336 0.9997718
1769791826.422863 0.9387863 0.0104474 0.0869218 -0.0168386 0.0012428 -0.0163770 0.9997233
1769791826.489521 0.9281422 0.0174774 0.0817794 -0.0180250 0.0022642 -0.0180613 0.9996718
1769791826.589533 0.9203795 0.0291505 0.0760598 -0.0185503 0.0014486 -0.0193238 0.9996402
1769791826.756202 0.9029019 0.0428413 0.0702904 -0.0211166 0.0013409 -0.0210844 0.9995538
1769791826.956197 0.8796244 0.0583524 0.0603113 -0.0217292 0.0002462 -0.0239821 0.9994762
1769791827.122876 0.8581560 0.0686247 0.0473223 -0.0210760 0.0001262 -0.0247603 0.9994712
1769791827.289537 0.8350531 0.0734712 0.0379037 -0.0220508 0.0015098 -0.0243761 0.9994585
1769791827.456199 0.8200166 0.0693110 0.0226647 -0.0229254 -0.0001683 -0.0239492 0.9994503
1769791827.656213 0.7947182 0.0648283 0.0175120 -0.0228740 -0.0011423 -0.0238871 0.9994523
1769791827.822864 0.7759582 0.0538713 0.0168660 -0.0231971 -0.0026626 -0.0215453 0.9994952
1769791827.922856 0.7675834 0.0436747 0.0130731 -0.0229280 -0.0046726 -0.0191420 0.9995430
1769791828.022855 0.7530465 0.0308437 0.0011044 -0.0231178 -0.0051126 -0.0178706 0.9995599
1769791828.089526 0.7421662 0.0214916 -0.0091363 -0.0230262 -0.0053008 -0.0164935 0.9995848
1769791828.256192 0.7249221 -0.0004840 -0.0096327 -0.0219182 -0.0086378 -0.0127750 0.9996408
1769791828.289527 0.7196813 -0.0022072 -0.0077303 -0.0208050 -0.0086709 -0.0110247 0.9996852
1769791828.456185 0.6947516 -0.0331273 -0.0309034 -0.0195336 -0.0096501 -0.0069031 0.9997388
1769791828.522852 0.6875978 -0.0417512 -0.0330375 -0.0182985 -0.0101452 -0.0048570 0.9997693
1769791828.689528 0.6730439 -0.0664194 -0.0475249 -0.0135343 -0.0141271 0.0007233 0.9998084
1769791828.722858 0.6725263 -0.0744313 -0.0550203 -0.0126129 -0.0151778 0.0039342 0.9997975
1769791828.822860 0.6568112 -0.0945121 -0.0605536 -0.0111446 -0.0151932 0.0067166 0.9997999
1769791828.856183 0.6505413 -0.1021712 -0.0686125 -0.0105512 -0.0149636 0.0072595 0.9998060
1769791828.922852 0.6473254 -0.1138604 -0.0813850 -0.0074407 -0.0168832 0.0122550 0.9997547
1769791828.956190 0.6436460 -0.1193224 -0.0844397 -0.0064191 -0.0170227 0.0134906 0.9997435
1769791829.056189 0.6257321 -0.1461951 -0.1004723 -0.0049242 -0.0163867 0.0172401 0.9997050
1769791829.089524 0.6153230 -0.1501168 -0.1062960 -0.0032671 -0.0153098 0.0180678 0.9997143
1769791829.222858 0.4928100 -0.2047330 0.0473291 -0.0160297 0.0077213 -0.0034755 0.9998357
1769791829.289518 0.4830692 -0.2295092 0.0387076 -0.0153559 0.0061012 -0.0053783 0.9998490
1769791829.422873 0.4847491 -0.1960811 0.0250930 0.0072644 -0.0064307 -0.0090078 0.9999124
1769791829.556183 0.4689409 -0.2409911 0.0437098 0.0156653 -0.0113712 -0.0060530 0.9997943
1769791829.656197 0.4528435 -0.2674915 0.0388644 0.0244012 -0.0130716 0.0012510 0.9996160
1769791829.722866 0.4399604 -0.2741232 0.0260872 0.0321240 -0.0150627 -0.0040328 0.9993622
1769791829.856191 0.4154472 -0.2924584 0.0097281 0.0446614 -0.0210478 -0.0077258 0.9987506
1769791829.922854 0.4054895 -0.3078455 0.0093373 0.0497903 -0.0277601 -0.0082393 0.9983398
1769791829.989526 0.3870529 -0.3189242 0.0116275 0.0559561 -0.0341766 -0.0090016 0.9978076
1769791830.022853 0.3898146 -0.3318536 0.0288944 0.0583757 -0.0383563 -0.0107923 0.9974992
1769791830.122851 0.2432951 -0.3450871 -0.0131764 0.0648171 -0.0391312 -0.0073906 0.9971023
1769791830.156185 0.2418873 -0.3602202 -0.0294185 0.0648757 -0.0443678 -0.0064178 0.9968859
1769791830.189528 0.2416117 -0.3453499 -0.0336574 0.0699311 -0.0486411 -0.0091399 0.9963233
1769791830.222862 0.2382886 -0.3496727 -0.0243694 0.0717368 -0.0537258 -0.0077426 0.9959455
1769791830.256191 0.2417029 -0.3552818 -0.0328968 0.0725973 -0.0590485 -0.0059862 0.9955938
1769791830.289531 0.2493884 -0.3678660 -0.0487288 0.0716924 -0.0652898 -0.0018301 0.9952859
1769791830.422890 0.2370062 -0.3678892 -0.0653471 0.0728234 -0.0754464 0.0018782 0.9944853
1769791830.456182 0.2299550 -0.3664211 -0.0562175 0.0723823 -0.0747920 0.0033793 0.9945630
1769791830.489527 0.2423971 -0.3781927 -0.0818434 0.0690703 -0.0770021 0.0101698 0.9945836
1769791830.522885 0.2294081 -0.3703207 -0.0803092 0.0694091 -0.0744184 0.0095289 0.9947630
1769791830.556190 0.2241269 -0.3683510 -0.0708808 0.0684104 -0.0708070 0.0076474 0.9951120
1769791830.656202 0.1529988 -0.2943722 -0.0168106 0.0422940 -0.0561627 0.0025887 0.9975221
1769791830.689541 0.2020529 -0.3560051 -0.0324004 0.0253258 -0.0597005 0.0015058 0.9978939
1769791830.722857 0.2126577 -0.3702355 -0.0160739 0.0159279 -0.0595605 0.0030376 0.9980930
1769791830.789522 0.2087317 -0.3827228 -0.0151007 0.0006006 -0.0563111 0.0017809 0.9984115
1769791830.956184 0.2159502 -0.4728927 -0.0596375 -0.0320179 -0.0509373 -0.0040671 0.9981802
1769791831.089528 0.1723386 -0.4770464 -0.0349953 -0.0408435 -0.0441494 -0.0065136 0.9981685
1769791832.089522 0.3328621 -0.6720622 0.0264021 -0.0144570 -0.0502787 -0.0128993 0.9985473
1769791832.156181 0.3315235 -0.6693975 0.0280420 -0.0121094 -0.0503388 -0.0130094 0.9985741
1769791832.256181 0.3322996 -0.6708957 0.0248479 -0.0102566 -0.0508578 -0.0129303 0.9985695
1769791832.656183 0.3254116 -0.6710154 0.0238979 -0.0050128 -0.0525940 -0.0125126 0.9985250
1769791833.222846 0.3217615 -0.6688772 0.0216522 -0.0063397 -0.0573145 -0.0123294 0.9982599
1769791833.656189 0.3166554 -0.6651763 0.0138521 -0.0139426 -0.0599717 -0.0123430 0.9980264
1769791834.056207 0.3100486 -0.6595703 0.0060116 -0.0236466 -0.0621540 -0.0124902 0.9977083
1769791834.456213 0.3069771 -0.6619408 0.0030862 -0.0371013 -0.0634046 -0.0120976 0.9972247
1769791834.722887 0.0952000 -0.4702061 -0.0206622 -0.0246569 -0.0415716 -0.0121211 0.9987577
1769791834.889550 -0.0760146 -0.3257473 -0.0412008 -0.0143870 -0.0238050 -0.0118116 0.9995434
1769791835.022881 -0.0698641 -0.2807703 -0.0233692 -0.0141284 -0.0240627 -0.0119352 0.9995394
1769791835.156213 -0.0754482 -0.2477835 -0.0473025 -0.0149967 -0.0249994 -0.0253401 0.9992537
1769791835.322895 -0.0864086 -0.1843312 -0.0502445 -0.0137680 -0.0262822 -0.0777641 0.9965302
1769791835.522876 -0.0972260 -0.1041171 -0.0466976 -0.0128555 -0.0258922 -0.1432248 0.9892679
1769791835.689545 -0.0991942 -0.0574657 -0.0427365 -0.0132973 -0.0264699 -0.1893138 0.9814698
1769791835.822898 -0.0956861 -0.0173675 -0.0452347 -0.0127061 -0.0269189 -0.2222215 0.9745417
1769791836.156214 -0.0889191 0.0689397 -0.0463892 -0.0119420 -0.0273468 -0.2936484 0.9554476
1769791836.422904 -0.0741796 0.1280421 -0.0491864 -0.0110166 -0.0274658 -0.3374320 0.9408846
1769791836.689549 -0.0481371 0.1777800 -0.0641642 -0.0091501 -0.0280157 -0.3683819 0.9292073
1769791836.956219 -0.0253855 0.2070056 -0.0360769 -0.0115855 -0.0271436 -0.3956936 0.9179083
1769791837.222885 0.0138342 0.2289564 -0.0455698 -0.0093300 -0.0270521 -0.4085162 0.9123024
1769791837.522883 0.0556144 0.2279495 -0.0413062 -0.0097761 -0.0272131 -0.4097897 0.9117216
1769791837.822878 0.1076991 0.2131753 -0.0365763 -0.0075419 -0.0264798 -0.3978424 0.9170406
1769791838.089547 0.1615906 0.1714002 -0.0163941 -0.0081366 -0.0273073 -0.3755011 0.9263839
1769791838.256217 0.1909270 0.1406947 -0.0203748 -0.0083364 -0.0255067 -0.3569765 0.9337279
1769791838.456228 0.2449070 0.0880641 -0.0007307 -0.0093804 -0.0270648 -0.3207463 0.9467319
1769791838.689556 0.3089897 0.0219504 -0.0026014 -0.0080114 -0.0269501 -0.2585389 0.9655916
1769791838.922887 0.3721258 -0.0631243 -0.0091110 -0.0091986 -0.0258389 -0.1894085 0.9815152
1769791839.056213 0.4109815 -0.1064424 -0.0112224 -0.0060310 -0.0250751 -0.1625922 0.9863563
1769791839.222891 0.4543763 -0.1460267 0.0051225 0.0081694 -0.0207315 -0.1557244 0.9875492
1769791839.356207 0.4798150 -0.1831476 -0.0012617 0.0215122 -0.0111517 -0.1553643 0.9875600
1769791839.522878 0.5267833 -0.2241835 0.0094485 0.0379742 0.0009209 -0.1525371 0.9875675
1769791839.622875 0.5550011 -0.2479547 0.0168304 0.0472084 0.0097580 -0.1502151 0.9874774
1769791839.789567 0.5560991 -0.2503597 0.0864211 0.0593635 0.0403576 -0.1476019 0.9864385
1769791839.922904 0.6327333 -0.2545028 0.1727911 0.0665309 0.0563294 -0.1485498 0.9850551
1769791840.122882 0.6141248 -0.2955553 0.2020301 0.0579737 0.0851494 -0.1528903 0.9828597
1769791840.222874 0.6347420 -0.3031678 0.2254152 0.0546013 0.0861974 -0.1514140 0.9831900
1769791840.322873 0.6428964 -0.3102568 0.1813689 0.0283339 0.0759607 -0.1398310 0.9868508
1769791840.389551 0.6712482 -0.3293307 0.1665200 0.0076743 0.0604188 -0.1206373 0.9908266
1769791840.589554 0.7399803 -0.3517623 0.1753558 -0.0281031 0.0306071 -0.0856086 0.9954620
1769791840.922873 0.8314738 -0.4293509 0.1702120 -0.0556764 0.0009987 -0.0377531 0.9977344
1769791841.222886 0.8716122 -0.4476254 0.1664715 -0.0414525 -0.0086533 -0.0202397 0.9988980
1769791841.522877 0.9218528 -0.4896463 0.1682704 -0.0171701 -0.0144288 -0.0061542 0.9997295
1769791841.822875 0.9525356 -0.4918146 0.1504847 -0.0001792 -0.0157399 -0.0075921 0.9998473
1769791842.189583 0.9651947 -0.4964064 0.1410397 0.0116862 -0.0130948 -0.0063673 0.9998257
1769791842.689569 0.9921636 -0.4948482 0.1440494 0.0154784 -0.0113431 -0.0027905 0.9998119
1769791843.056232 1.0088623 -0.4756140 0.1392077 0.0175119 -0.0086576 -0.0000477 0.9998091
1769791843.422915 1.0198104 -0.4398904 0.1393685 0.0159702 -0.0061907 -0.0001040 0.9998533
1769791843.722901 1.0334191 -0.4031420 0.1453362 0.0137814 -0.0055426 0.0002005 0.9998897
1769791843.956247 1.0442698 -0.3781591 0.1472595 0.0103331 -0.0056970 0.0029077 0.9999261
1769791844.222923 1.0468380 -0.3469371 0.1442624 0.0050435 -0.0047918 0.0030425 0.9999712
1769791844.556230 1.0328885 -0.2762322 0.1333971 0.0015320 -0.0019652 -0.0013077 0.9999961
1769791844.922916 1.0426804 -0.2167474 0.1387864 -0.0030784 -0.0037840 0.0048486 0.9999764
1769791845.122896 1.0349368 -0.2012713 0.1226020 -0.0080392 -0.0039141 0.0103223 0.9999068
1769791845.389607 1.0185068 -0.1448128 0.1135971 -0.0114056 -0.0032214 0.0045899 0.9999192
1769791845.656243 0.9906147 -0.0886380 0.1106406 -0.0143025 0.0012093 -0.0057156 0.9998807
1769791845.956232 0.9587511 -0.0267438 0.1013521 -0.0157585 0.0013831 -0.0131918 0.9997879
1769791846.222899 0.9321168 0.0151922 0.0912096 -0.0172351 0.0015768 -0.0168720 0.9997079
1769791846.522908 0.8999455 0.0458030 0.0833844 -0.0202568 0.0018393 -0.0212508 0.9995673
1769791847.089566 0.8343691 0.0723357 0.0437361 -0.0223964 -0.0003619 -0.0244767 0.9994494
1769791847.322893 0.8029466 0.0691710 0.0346846 -0.0228441 -0.0000175 -0.0246248 0.9994357
1769791847.389578 0.7971334 0.0674066 0.0331998 -0.0225277 -0.0012336 -0.0242111 0.9994522
1769791847.422893 0.7932034 0.0629789 0.0305386 -0.0234573 -0.0013581 -0.0232722 0.9994530
1769791848.056234 0.7134673 -0.0055739 -0.0139261 -0.0216310 -0.0078163 -0.0124580 0.9996579
1769791848.256231 0.6838741 -0.0405704 -0.0304102 -0.0192173 -0.0084311 -0.0055946 0.9997641
1769791848.356237 0.6716334 -0.0570818 -0.0348940 -0.0178126 -0.0096285 -0.0039506 0.9997872
1769791848.422899 0.6639782 -0.0666692 -0.0421578 -0.0156276 -0.0110017 -0.0025997 0.9998140
1769791848.489587 0.6586866 -0.0810358 -0.0518116 -0.0146264 -0.0120872 0.0010135 0.9998195
1769791848.589568 0.6470882 -0.1002537 -0.0615054 -0.0124471 -0.0131677 0.0056337 0.9998199
1769791848.656227 0.6318613 -0.1194777 -0.0646965 -0.0126057 -0.0126297 0.0057130 0.9998245
1769791848.789568 0.6079992 -0.1466767 -0.0716270 -0.0092231 -0.0120962 0.0087345 0.9998462
1769791848.856227 0.5978456 -0.1644197 -0.0833313 -0.0081599 -0.0125536 0.0110375 0.9998270
1769791848.922914 0.5861999 -0.1834757 -0.0877566 -0.0073899 -0.0126946 0.0113391 0.9998279
1769791848.956240 0.5834334 -0.1890231 -0.0918976 -0.0058935 -0.0138249 0.0105833 0.9998311
1769791849.056244 0.5529976 -0.2250003 -0.1113046 -0.0037900 -0.0117784 0.0063706 0.9999031
1769791849.222891 0.5093619 -0.2871146 -0.1015789 0.0038216 -0.0103900 0.0015385 0.9999375
1769791849.389619 0.4752475 -0.3379675 -0.1126466 0.0150951 -0.0137704 0.0003335 0.9997912
1769791849.522942 0.4519397 -0.3753825 -0.1280563 0.0251374 -0.0174284 0.0000622 0.9995321
1769791849.722951 0.4353836 -0.4238765 -0.0526624 0.0408838 -0.0366089 -0.0025363 0.9984898
1769791849.822944 0.4257877 -0.4154907 -0.0576575 0.0509294 -0.0492426 -0.0090394 0.9974466
1769791849.856292 0.4150999 -0.4106416 -0.0534421 0.0554286 -0.0517448 -0.0095322 0.9970754
1769791849.889611 0.4059193 -0.4095864 -0.0625924 0.0586632 -0.0550801 -0.0106407 0.9967003
1769791849.989602 0.4096258 -0.3994973 -0.0237161 0.0672761 -0.0713582 -0.0095527 0.9951335
1769791850.022932 0.4178960 -0.4121338 -0.0305270 0.0670743 -0.0784118 -0.0081975 0.9946283
1769791850.056266 0.4217522 -0.4177412 -0.0468785 0.0676508 -0.0827166 -0.0070560 0.9942493
1769791850.089601 0.4239075 -0.4226305 -0.0237072 0.0672987 -0.0878705 -0.0035613 0.9938496
1769791850.122937 0.4148975 -0.4222353 -0.0405429 0.0666185 -0.0899313 -0.0000769 0.9937174
1769791850.156269 0.3969874 -0.4032460 -0.0193705 0.0707261 -0.0895368 -0.0022812 0.9934666
1769791850.256276 0.3962176 -0.4080291 -0.0297283 0.0663830 -0.0922442 0.0078339 0.9934903
1769791850.289609 0.3933289 -0.4109011 -0.0296463 0.0644678 -0.0906425 0.0087424 0.9937562
1769791850.322934 0.3984567 -0.4087741 -0.0343677 0.0639469 -0.0892746 0.0096541 0.9939052
1769791850.356265 0.3803345 -0.3991746 0.0109510 0.0540252 -0.0838874 0.0065442 0.9949881
1769791850.389607 0.3812176 -0.3943895 0.0127373 0.0431491 -0.0822756 0.0061974 0.9956558
1769791850.422937 0.3756666 -0.4015176 0.0446316 0.0294369 -0.0801607 0.0050762 0.9963343
1769791850.522943 0.3662439 -0.4248176 0.0278017 0.0010076 -0.0738931 -0.0016000 0.9972644
1769791850.589628 0.3607694 -0.4358611 0.0427632 -0.0112508 -0.0712438 -0.0024510 0.9973925
1769791850.622936 0.3603883 -0.4500894 0.0456357 -0.0181291 -0.0710288 -0.0037793 0.9973024
1769791850.656278 0.5859721 -0.5320722 0.0626188 -0.0320398 -0.0935709 -0.0051764 0.9950835
1769791850.722949 0.5693995 -0.5488340 0.0643007 -0.0416857 -0.0899965 -0.0071103 0.9950439
1769791850.889611 0.5281920 -0.6071193 0.0593622 -0.0571995 -0.0822352 -0.0098340 0.9949216
1769791851.056288 0.4892185 -0.6649360 0.0620651 -0.0615075 -0.0751645 -0.0112337 0.9952090
1769791851.156273 0.4873131 -0.6706086 0.0700252 -0.0559698 -0.0731506 -0.0117327 0.9956800
1769791851.322940 0.4972970 -0.6619732 0.0627181 -0.0405841 -0.0710232 -0.0125088 0.9965702
1769791851.422939 0.4877313 -0.6767207 0.0567829 -0.0356291 -0.0687999 -0.0123051 0.9969181
1769791851.456289 0.4831904 -0.6816658 0.0510416 -0.0341316 -0.0678863 -0.0125684 0.9970298
1769791851.589619 0.4618946 -0.7043361 0.0378954 -0.0289354 -0.0646534 -0.0117401 0.9974191
1769791851.689612 0.4447444 -0.7111515 0.0521454 -0.0252577 -0.0629599 -0.0122186 0.9976216
1769791852.856308 0.1909539 -0.6351247 0.0043239 -0.0010359 -0.0416500 -0.0136911 0.9990379
1769791852.956268 0.1903533 -0.6359535 0.0055468 -0.0023072 -0.0427722 -0.0138092 0.9989868
1769791853.222934 0.1859662 -0.6346942 0.0032226 -0.0066220 -0.0442290 -0.0131855 0.9989125
1769791853.322942 0.1855454 -0.6358292 -0.0000594 -0.0086413 -0.0453461 -0.0126450 0.9988539
1769791853.422937 0.1849381 -0.6334744 0.0016243 -0.0106217 -0.0457618 -0.0124240 0.9988187
1769791853.589612 0.1833968 -0.6299645 -0.0025280 -0.0142735 -0.0470729 -0.0121646 0.9987154
1769791853.889601 0.1769148 -0.6320129 -0.0065107 -0.0232924 -0.0482745 -0.0119771 0.9984907
1769791854.089612 0.1742674 -0.6320307 -0.0125391 -0.0297962 -0.0489766 -0.0114661 0.9982895
1769791854.422939 0.1706473 -0.6239777 -0.0230581 -0.0401832 -0.0494434 -0.0112735 0.9979046
1769791854.589597 0.1545472 -0.6060223 -0.0297857 -0.0440963 -0.0479709 -0.0100994 0.9978238
1769791854.756282 0.1551525 -0.5671876 -0.0453749 -0.0456994 -0.0479960 -0.0114080 0.9977363
1769791854.989605 0.1458436 -0.5229797 -0.0443276 -0.0480691 -0.0514152 -0.0489056 0.9963203
1769791855.256269 0.1295596 -0.4613662 -0.0374074 -0.0485481 -0.0543925 -0.1297868 0.9888579
1769791855.556268 0.1287608 -0.4108640 -0.0417019 -0.0503636 -0.0594401 -0.2133102 0.9738733
1769791855.622942 0.1185288 -0.3997891 -0.0509409 -0.0515330 -0.0582614 -0.2324976 0.9694817
1769791855.822940 0.1258359 -0.3474877 -0.0543233 -0.0490489 -0.0609888 -0.2766026 0.9577920
1769791856.056269 0.1397407 -0.2939349 -0.0657548 -0.0467990 -0.0636806 -0.3190200 0.9444474
1769791856.122933 0.1428340 -0.2814441 -0.0634643 -0.0468657 -0.0642269 -0.3300447 0.9406110
1769791856.289608 0.1512134 -0.2521075 -0.0540192 -0.0460197 -0.0650118 -0.3523462 0.9324740
1769791856.356264 0.1557246 -0.2438486 -0.0632896 -0.0460480 -0.0649823 -0.3601390 0.9294928
1769791856.389620 0.1594353 -0.2392913 -0.0673289 -0.0456383 -0.0653609 -0.3638362 0.9280455
1769791856.589611 0.1848500 -0.2104056 -0.0880189 -0.0429895 -0.0664477 -0.3821452 0.9207072
1769791856.922952 0.2238741 -0.1758686 -0.0780676 -0.0407747 -0.0653690 -0.4041113 0.9114595
1769791857.356277 0.2900182 -0.1778059 -0.0691547 -0.0406712 -0.0670792 -0.4046181 0.9111149
1769791857.689618 0.3464879 -0.2095125 -0.0463757 -0.0422299 -0.0656226 -0.3879170 0.9183849
1769791857.922956 0.3848116 -0.2461117 -0.0306699 -0.0435198 -0.0627305 -0.3673143 0.9269580
1769791858.089615 0.4178170 -0.2736383 -0.0224610 -0.0432543 -0.0607442 -0.3456080 0.9354113
1769791858.222953 0.4452305 -0.3072079 -0.0205101 -0.0442247 -0.0592701 -0.3229209 0.9435324
1769791858.389615 0.4803117 -0.3606403 -0.0305856 -0.0462251 -0.0571122 -0.2825700 0.9564286
1769791858.489633 0.5114809 -0.3936160 -0.0232837 -0.0471904 -0.0550940 -0.2501719 0.9654800
1769791858.556279 0.5302814 -0.4121495 -0.0179089 -0.0469559 -0.0540857 -0.2285578 0.9708920
1769791858.622947 0.5453888 -0.4355623 -0.0259670 -0.0473456 -0.0520044 -0.2094322 0.9752908
1769791858.689616 0.5698283 -0.4485636 -0.0082509 -0.0460525 -0.0522983 -0.1908462 0.9791434
1769791858.756280 0.5897776 -0.4749182 -0.0058044 -0.0476955 -0.0518417 -0.1739899 0.9822246
1769791858.822952 0.5998927 -0.4950271 -0.0260683 -0.0443938 -0.0493195 -0.1651632 0.9840314
1769791858.889616 0.6196932 -0.5043425 -0.0190366 -0.0375415 -0.0481342 -0.1611470 0.9850408
1769791858.956283 0.6346884 -0.5231558 -0.0039603 -0.0318582 -0.0457045 -0.1603070 0.9854937
1769791859.022944 0.6523212 -0.5475302 -0.0157815 -0.0258235 -0.0427247 -0.1573658 0.9862778
1769791859.089616 0.6722333 -0.5695205 -0.0213297 -0.0200669 -0.0393839 -0.1560574 0.9867585
1769791859.222945 0.7065513 -0.6025808 -0.0013382 -0.0073606 -0.0299731 -0.1532186 0.9877102
1769791859.322959 0.7357128 -0.6439743 -0.0016215 -0.0001208 -0.0240901 -0.1493868 0.9884853
1769791859.356285 0.7422125 -0.6464368 -0.0096259 0.0034995 -0.0206067 -0.1489559 0.9886229
1769791859.422957 0.7545598 -0.6509885 0.0137617 0.0093068 -0.0116348 -0.1481866 0.9888472
1769791859.489614 0.7665193 -0.6631122 0.0365907 0.0127240 -0.0016442 -0.1488043 0.9887834
1769791859.556291 0.7881202 -0.6816476 0.0478235 0.0145574 0.0068718 -0.1453632 0.9892474
1769791859.622945 0.7918990 -0.6994016 0.0644653 0.0134078 0.0183308 -0.1478625 0.9887472
1769791859.756289 0.7967517 -0.7145319 0.1012006 0.0134553 0.0401776 -0.1517678 0.9875076
1769791859.856278 0.8234081 -0.7500323 0.1145704 0.0078167 0.0475894 -0.1516945 0.9872502
1769791859.989614 0.8815219 -0.7867544 0.1346864 -0.0007950 0.0449248 -0.1514010 0.9874507
1769791860.056320 0.8825699 -0.8074079 0.1268115 -0.0198330 0.0392762 -0.1459166 0.9883180
1769791860.222947 0.9272224 -0.8008926 0.1063672 -0.0621888 0.0113823 -0.1109491 0.9918131
1769791860.423016 0.9747819 -0.8132331 0.1554465 -0.0934932 -0.0086802 -0.0795400 0.9923997
1769791860.689612 1.0502666 -0.8627898 0.1780423 -0.1109931 -0.0281816 -0.0427852 0.9924998
1769791860.756277 1.0644139 -0.8706217 0.1853884 -0.1105606 -0.0305914 -0.0346954 0.9927924
1769791860.922962 1.0876921 -0.8660334 0.1962602 -0.1006944 -0.0349719 -0.0255206 0.9939750
1769791861.122953 1.1128978 -0.8598494 0.2059954 -0.0795637 -0.0377594 -0.0189694 0.9959338
1769791861.489614 1.1912980 -0.9345718 0.2316898 -0.0615676 -0.0458821 -0.0033202 0.9970422
1769791861.789609 1.2288765 -0.9677035 0.2501151 -0.0527361 -0.0479034 0.0022065 0.9974564
1769791862.389624 1.2965705 -0.9452592 0.2873836 -0.0422846 -0.0502463 0.0071201 0.9978160
1769791862.956275 1.3168541 -0.8982754 0.2813466 -0.0380730 -0.0453934 0.0059239 0.9982258
1769791863.456276 1.3471951 -0.8372959 0.2692213 -0.0409540 -0.0449295 0.0081322 0.9981173
1769791863.722949 1.3513119 -0.7636970 0.2675759 -0.0394325 -0.0437720 0.0036146 0.9982565
1769791864.022941 1.3615291 -0.6670696 0.2611889 -0.0367936 -0.0437709 0.0039667 0.9983560
1769791864.222941 1.3572185 -0.5972004 0.2468607 -0.0351896 -0.0422801 -0.0011501 0.9984853
1769791864.356279 1.3573691 -0.5581845 0.2392935 -0.0352068 -0.0426005 -0.0041631 0.9984630
1769791864.456276 1.3553711 -0.5266992 0.2393130 -0.0346978 -0.0421741 -0.0066209 0.9984857
1769791864.556275 1.3509704 -0.4988919 0.2382697 -0.0351149 -0.0414722 -0.0087601 0.9984840
1769791864.622951 1.3480926 -0.4859038 0.2373915 -0.0362589 -0.0413971 -0.0122249 0.9984098
1769791864.756284 1.3405383 -0.4472650 0.2346216 -0.0366058 -0.0401074 -0.0166698 0.9983855
1769791864.889614 1.3345766 -0.4028924 0.2257874 -0.0350329 -0.0395426 -0.0177108 0.9984465
1769791865.022977 1.3230484 -0.3795800 0.2203381 -0.0377928 -0.0385212 -0.0252257 0.9982242
1769791865.156287 1.3057359 -0.3621854 0.2119464 -0.0421175 -0.0351342 -0.0321443 0.9979772
1769791865.322938 1.2924672 -0.3308020 0.2031287 -0.0445610 -0.0334060 -0.0389347 0.9976885
1769791865.522938 1.2756867 -0.2768831 0.1968703 -0.0437598 -0.0321277 -0.0406158 0.9976990
1769791865.656308 1.2626867 -0.2495263 0.1850853 -0.0440621 -0.0316774 -0.0438653 0.9975625
1769791865.789648 1.2505159 -0.2314404 0.1654066 -0.0455001 -0.0306902 -0.0484227 0.9973180
1769791865.956310 1.2324184 -0.2095469 0.1469390 -0.0476625 -0.0296795 -0.0524067 0.9970461
1769791866.189644 1.2099133 -0.1759821 0.1407512 -0.0479695 -0.0298246 -0.0546852 0.9969047
1769791866.322988 1.1951965 -0.1648420 0.1301532 -0.0494941 -0.0294843 -0.0565276 0.9967375
1769791866.556320 1.1691147 -0.1466225 0.1145804 -0.0488604 -0.0311248 -0.0583321 0.9966149
1769791866.756319 1.1480439 -0.1404736 0.1001511 -0.0510582 -0.0311422 -0.0620960 0.9962767
1769791866.922995 1.1272882 -0.1390068 0.0893011 -0.0511591 -0.0306025 -0.0588344 0.9964862
1769791867.122987 1.1022588 -0.1415403 0.0776392 -0.0514350 -0.0312309 -0.0583035 0.9964837
1769791867.322981 1.0758998 -0.1529591 0.0689039 -0.0517175 -0.0321087 -0.0561207 0.9965665
1769791867.456321 1.0581686 -0.1642874 0.0596980 -0.0515436 -0.0327870 -0.0543677 0.9966506
1769791867.589652 1.0390922 -0.1762674 0.0511352 -0.0503283 -0.0335429 -0.0515520 0.9968372
1769791867.689646 1.0249277 -0.1913535 0.0482793 -0.0508383 -0.0345659 -0.0489683 0.9969066
1769791867.789642 1.0130421 -0.2066420 0.0373486 -0.0501731 -0.0358472 -0.0459222 0.9970400
1769791867.956320 0.9898984 -0.2343950 0.0291499 -0.0492023 -0.0370510 -0.0407923 0.9972675
1769791868.023022 0.9791633 -0.2455767 0.0214182 -0.0482373 -0.0372795 -0.0394357 0.9973606
1769791868.156313 0.9643161 -0.2687221 0.0110010 -0.0464423 -0.0396706 -0.0348252 0.9975252
1769791868.222980 0.9560357 -0.2805457 0.0093901 -0.0450585 -0.0404225 -0.0319507 0.9976547
1769791868.256342 0.9544547 -0.2850838 0.0074227 -0.0438844 -0.0411003 -0.0296720 0.9977497
1769791868.322978 0.9461901 -0.3024925 0.0043870 -0.0440507 -0.0422246 -0.0271901 0.9977662
1769791868.389657 0.9372492 -0.3157262 0.0019249 -0.0427380 -0.0423884 -0.0238909 0.9979008
1769791868.456328 0.9295004 -0.3266593 -0.0164896 -0.0399001 -0.0430059 -0.0211153 0.9980544
1769791868.489681 0.9272472 -0.3352478 -0.0198373 -0.0392578 -0.0436800 -0.0189198 0.9980947
1769791868.622993 0.8799024 -0.3513922 -0.0078567 -0.0336733 -0.0384759 -0.0149744 0.9985797
1769791868.689667 0.8689107 -0.3641660 -0.0140068 -0.0311482 -0.0386292 -0.0126479 0.9986880
1769791868.722991 0.8600339 -0.3716469 -0.0166473 -0.0303639 -0.0380501 -0.0135535 0.9987225
1769791868.789658 0.8498028 -0.3893456 -0.0262035 -0.0278435 -0.0386499 -0.0141961 0.9987639
1769791868.822983 0.8396268 -0.3968108 -0.0324570 -0.0252924 -0.0380444 -0.0144772 0.9988510
1769791868.922979 0.8197957 -0.4083795 -0.0071653 -0.0151499 -0.0397786 -0.0133315 0.9990047
1769791868.989646 0.8091975 -0.4277220 -0.0143924 -0.0102277 -0.0415462 -0.0123226 0.9990082
1769791869.122983 0.7815557 -0.4611619 -0.0157610 -0.0005431 -0.0444081 -0.0130575 0.9989280
1769791869.256313 0.7603734 -0.4973885 -0.0106652 0.0088647 -0.0495777 -0.0127762 0.9986492
1769791869.322985 0.7521830 -0.5113926 -0.0144345 0.0155538 -0.0520855 -0.0123439 0.9984452
1769791869.422994 0.7411988 -0.5361905 0.0094497 0.0234259 -0.0608715 -0.0119615 0.9977990
1769791869.556312 0.7326119 -0.5748478 0.0167931 0.0309780 -0.0782207 -0.0075863 0.9964258
1769791869.622972 0.7190487 -0.5828041 0.0179284 0.0371104 -0.0863616 -0.0104774 0.9955173
1769791869.689651 0.7163864 -0.5733826 0.0342788 0.0441717 -0.0969721 -0.0100000 0.9942561
1769791869.722987 0.7147352 -0.5753180 0.0437676 0.0460266 -0.1022145 -0.0089782 0.9936565
1769791869.822987 0.7109141 -0.5724507 0.0590870 0.0512811 -0.1158018 -0.0047802 0.9919361
1769791869.856319 0.7118563 -0.5747367 0.0533096 0.0515124 -0.1196161 -0.0033506 0.9914773
1769791869.889638 0.7106674 -0.5740591 0.0587385 0.0516725 -0.1227043 -0.0008827 0.9910968
1769791869.922990 0.7102891 -0.5734953 0.0473525 0.0515051 -0.1244406 0.0009661 0.9908889
1769791869.956309 0.7087349 -0.5766933 0.0542726 0.0500606 -0.1259384 0.0034669 0.9907681
1769791869.989649 0.7072136 -0.5769441 0.0546364 0.0486997 -0.1260578 0.0060808 0.9908081
1769791870.089648 0.7051199 -0.5764619 0.0563972 0.0445505 -0.1215557 0.0097134 0.9915368
1769791870.122981 0.6994357 -0.5831813 0.0714071 0.0312594 -0.1181116 0.0080494 0.9924756
1769791870.156308 0.6966388 -0.5896317 0.0783663 0.0174488 -0.1163386 0.0073885 0.9930289
1769791870.189637 0.6959828 -0.5808377 0.0844261 0.0074219 -0.1146187 0.0053328 0.9933676
1769791870.222979 0.6917676 -0.5924792 0.0798898 -0.0045998 -0.1119450 0.0033060 0.9936983
1769791870.356313 0.6712745 -0.6064411 0.0437415 -0.0309364 -0.1031864 -0.0014051 0.9941798
1769791870.522971 0.6357043 -0.6551710 0.0141469 -0.0552900 -0.0948021 -0.0062863 0.9939397
1769791870.689643 0.5973327 -0.6981550 0.0253885 -0.0675511 -0.0877445 -0.0096663 0.9938030
1769791870.822974 0.5743531 -0.7317998 0.0261755 -0.0697910 -0.0831521 -0.0105739 0.9940338
1769791870.956310 0.5501553 -0.7614547 0.0371311 -0.0671758 -0.0785579 -0.0110693 0.9945821
1769791871.189638 0.5163977 -0.8060750 0.0390175 -0.0558079 -0.0711247 -0.0101842 0.9958529
1769791871.356305 0.5156789 -0.8051890 0.0395977 -0.0472354 -0.0696361 -0.0103417 0.9963999
1769791871.489683 0.5153265 -0.8036999 0.0416546 -0.0414490 -0.0689205 -0.0105771 0.9967046
1769791872.122980 0.5149901 -0.8032357 0.0408895 -0.0306027 -0.0682346 -0.0100688 0.9971491
1769791872.656311 0.5130103 -0.8030470 0.0358036 -0.0310856 -0.0687197 -0.0091355 0.9971098
1769791873.022970 0.5111265 -0.8024795 0.0333800 -0.0363748 -0.0686710 -0.0090081 0.9969353
1769791873.256304 0.5105591 -0.8011023 0.0340086 -0.0404749 -0.0683858 -0.0091674 0.9967954
1769791873.522973 0.5092190 -0.8006927 0.0300956 -0.0460825 -0.0677215 -0.0090551 0.9965983
1769791873.823009 0.5088674 -0.8011065 0.0296892 -0.0528119 -0.0665031 -0.0090775 0.9963462
1769791874.089666 0.5073225 -0.7996063 0.0258354 -0.0586250 -0.0654654 -0.0094497 0.9960864
1769791874.256331 0.5045497 -0.8023521 0.0201117 -0.0628643 -0.0640838 -0.0094518 0.9959177
1769791874.622994 0.5051109 -0.7992832 0.0159931 -0.0696042 -0.0618672 -0.0091715 0.9956121
1769791874.889669 0.5272915 -0.7610446 0.0134925 -0.0698743 -0.0624742 -0.0092731 0.9955544
1769791875.322998 0.5665057 -0.7047221 0.0159594 -0.0691975 -0.0628917 -0.0105771 0.9955624
1769791875.823001 0.6140854 -0.6712315 0.0201700 -0.0699767 -0.0640821 -0.0101190 0.9954368
1769791876.556331 0.6792977 -0.6565923 0.0352589 -0.0703948 -0.0656442 -0.0099013 0.9953077
1769791877.122995 0.7151823 -0.6711963 0.0367678 -0.0712483 -0.0661251 -0.0099779 0.9952143
1769791877.656335 0.7458174 -0.6800761 0.0494421 -0.0714099 -0.0685639 -0.0097006 0.9950405
1769791878.089668 0.7642322 -0.7002226 0.0383339 -0.0726317 -0.0701345 -0.0108575 0.9948306
1769791878.556328 0.7814289 -0.7146496 0.0305921 -0.0741112 -0.0718075 -0.0098147 0.9946129
1769791878.722992 0.7932152 -0.7297506 0.0099241 -0.0765304 -0.0727648 -0.0077487 0.9943784
1769791878.889679 0.7974782 -0.7410874 -0.0137682 -0.0776479 -0.0719271 -0.0076726 0.9943533
1769791879.023000 0.8023823 -0.7460614 -0.0221186 -0.0779093 -0.0725886 -0.0089278 0.9942743
1769791879.189667 0.8103182 -0.7548116 -0.0402477 -0.0782411 -0.0732992 -0.0106728 0.9941789
1769791879.689721 0.8111427 -0.7460003 -0.0217844 -0.0776173 -0.0744563 -0.0098744 0.9941501
1769791881.156358 0.8034948 -0.7370378 -0.0050038 -0.0769649 -0.0742736 -0.0086672 0.9942257
1769791882.289683 0.8127193 -0.7453265 -0.0110321 -0.0782473 -0.0758028 -0.0088293 0.9940087
