1769791780589397248.000000 0.000000000 0.000000000 0.000000000 -0.000000000 -0.000000000 -0.000000000 1.000000000
1769791781756076544.000000 -0.011791237 0.003390947 0.002627626 0.005535659 0.004904269 -0.003947490 0.999964833
1769791781789394688.000000 -0.013436179 0.002560541 0.002061212 0.005358965 0.005589412 -0.003942407 0.999962270
1769791782156073472.000000 -0.007589795 0.003885820 0.008163126 0.007136081 0.006865137 -0.004677637 0.999940038
1769791782356060672.000000 -0.000955904 0.003456719 0.013378010 0.007946470 0.007468639 -0.004869826 0.999928713
1769791782589409024.000000 0.015106464 -0.005673255 0.008913766 0.007840638 0.006340508 -0.004654591 0.999938369
1769791782856070400.000000 0.032181006 -0.009883625 0.015225872 0.008304110 0.006372383 -0.003347704 0.999939620
1769791783022726656.000000 0.044254396 -0.011863132 0.017649382 0.009188239 0.006410812 -0.003445352 0.999931276
1769791783289401600.000000 0.064408265 -0.017097095 0.020540673 0.009501318 0.006341197 -0.002771901 0.999930918
1769791783622743552.000000 0.088441804 -0.014159070 0.032723546 0.011748173 0.007866022 -0.002781126 0.999896228
1769791783989405440.000000 0.125441492 -0.012816850 0.028672563 0.013657499 0.008927728 -0.003178360 0.999861836
1769791784356061696.000000 0.158988789 -0.001853293 0.040197484 0.014999311 0.011095801 -0.003518688 0.999819756
1769791784489398016.000000 0.173250452 0.009145598 0.043286424 0.016529080 0.011766822 -0.003959553 0.999786317
1769791784622728960.000000 0.185234353 0.014222624 0.049124114 0.016685750 0.012468096 -0.003386618 0.999777317
1769791784889396224.000000 0.205026940 0.021061895 0.059784107 0.018138697 0.016142299 -0.003189967 0.999700069
1769791785289402368.000000 0.234734759 0.048207745 0.066269085 0.019405251 0.019840449 -0.004270726 0.999605715
1769791785722727936.000000 0.256590933 0.057085127 0.059381463 0.016334614 0.025172040 -0.002202901 0.999547243
1769791785856068608.000000 0.262239873 0.054704703 0.057766885 0.013734321 0.026595807 -0.000935236 0.999551535
1769791786122729216.000000 0.257052273 0.025759188 0.038757864 0.003393956 0.030497098 0.002528833 0.999525905
1769791786322734592.000000 0.257922292 0.020720981 0.027817376 -0.003298459 0.031621341 0.000452345 0.999494374
1769791786556069632.000000 0.269412339 0.038196713 0.023221007 -0.005219649 0.031457320 -0.000602965 0.999491334
1769791786689393152.000000 0.259783000 0.044831641 0.015713643 -0.006795744 0.033889450 0.000274748 0.999402463
1769791786856058368.000000 0.274630606 0.053433519 0.014275715 -0.008066972 0.032263651 0.000235233 0.999446809
1769791787089435392.000000 0.283477366 0.071065105 0.017530782 -0.009851927 0.032000240 -0.000800000 0.999439001
1769791787356099072.000000 0.310563624 0.116155677 0.043996330 -0.006088872 0.030401666 -0.004769207 0.999507844
1769791787556099072.000000 0.319420308 0.138822734 0.057148319 -0.004739704 0.030189086 -0.007183103 0.999507189
1769791787822767104.000000 0.319125980 0.159742296 0.066168599 -0.004039808 0.030210668 -0.010108347 0.999484301
1769791788189436160.000000 0.310694337 0.170735732 0.070828848 -0.002243849 0.027180461 -0.011121093 0.999566197
1769791788522771712.000000 0.293304831 0.162166446 0.063453943 -0.003093352 0.027655223 -0.011036014 0.999551833
1769791788756100352.000000 0.278992802 0.143791035 0.052268606 -0.002237818 0.026013993 -0.006378441 0.999638736
1769791788989452544.000000 0.252798706 0.117068641 0.037640978 -0.000425197 0.026695928 -0.001444427 0.999642491
1769791789122791424.000000 0.239633799 0.092244059 0.024005612 -0.000979224 0.025789725 0.002736322 0.999663174
1769791789256101632.000000 0.223285183 0.065911129 0.018129012 -0.001043331 0.025678990 0.004954927 0.999657452
1769791789389430784.000000 0.206348538 0.037641685 0.004662468 -0.000687906 0.025480434 0.007278565 0.999648571
1769791789522778624.000000 0.184170604 0.006200610 -0.001790330 -0.000642556 0.026174014 0.008004574 0.999625146
1769791789656097536.000000 0.154626667 -0.025291560 -0.016501972 0.000469306 0.027747355 0.008876117 0.999575496
1769791789889443584.000000 0.115439110 -0.070150174 -0.029855078 0.012788242 0.025915822 0.008570390 0.999545634
1769791790089438464.000000 0.085492030 -0.055645924 -0.036584657 0.034854610 0.021655677 0.001575217 0.999156535
1769791790256105216.000000 0.059081525 -0.112594098 -0.046783045 0.046271000 0.013753097 0.001956650 0.998832345
1769791790389465088.000000 0.126423359 -0.273272663 -0.072823413 0.045200542 -0.005624404 -0.010633971 0.998905480
1769791790489462016.000000 0.116096556 -0.276719540 -0.091163814 0.052742071 -0.017366165 -0.010221152 0.998404860
1769791790556105728.000000 0.114761829 -0.273406625 -0.090128399 0.058777738 -0.025915438 -0.012571185 0.997855484
1769791790656107008.000000 0.106430925 -0.271421134 -0.104297876 0.064706117 -0.037249431 -0.012913942 0.997125268
1769791790789438464.000000 0.260461509 -0.394315541 -0.083834112 0.053068098 -0.063939169 -0.006238110 0.996522307
1769791790989432064.000000 0.069176227 -0.262613028 -0.017691690 0.045946505 -0.038559586 -0.005803837 0.998182595
1769791791056100352.000000 0.075764403 -0.292879701 -0.076432802 0.020068627 -0.035868388 -0.008083358 0.999122322
1769791791156110592.000000 0.133477911 -0.503959239 -0.062605053 -0.027146863 -0.037856288 -0.003265084 0.998909056
1769791791389442560.000000 0.129404664 -0.499094814 -0.002057059 -0.057166278 -0.031863503 -0.009094913 0.997814655
1769791791522798592.000000 0.103168078 -0.529290617 -0.053961545 -0.067341402 -0.026870767 -0.013220943 0.997280478
1769791791789442048.000000 0.103297062 -0.515167654 -0.005007728 -0.058694221 -0.023314130 -0.019458888 0.997814059
1769791793622766848.000000 0.322975576 -0.663503826 0.027026735 -0.005331096 -0.056265887 -0.012428618 0.998324275
1769791794356095232.000000 0.314929724 -0.634810805 0.034264397 -0.016190583 -0.061078917 -0.014572237 0.997895241
1769791794889435136.000000 0.301542461 -0.614230812 0.020734439 -0.030842472 -0.062547319 -0.014663171 0.997457564
1769791795356097024.000000 0.109397858 -0.497407496 -0.016185064 -0.033270657 -0.042519473 -0.012221630 0.998466730
1769791795889433856.000000 -0.090262569 -0.099637255 -0.042275690 -0.007644603 -0.026267935 -0.106092691 0.993979871
1769791796156109568.000000 -0.093390420 -0.060896609 -0.047944143 -0.012947444 -0.027634297 -0.183406204 0.982563436
1769791796389434624.000000 -0.114546143 0.018875536 -0.021735379 -0.012611022 -0.024804987 -0.242611602 0.969724357
1769791796622766848.000000 -0.106666639 0.080575071 -0.010380503 -0.012197545 -0.025694896 -0.291079700 0.956275880
1769791796822771456.000000 -0.134930432 0.110145658 -0.062806897 -0.019312248 -0.022601418 -0.323505998 0.945759058
1769791797056098048.000000 -0.103182659 0.155285105 -0.020864863 -0.013189415 -0.022565955 -0.360482603 0.932399690
1769791797322763776.000000 -0.100064382 0.173247039 -0.018873630 -0.015540254 -0.020217031 -0.392348707 0.919463038
1769791797556112384.000000 -0.105281956 0.172250643 -0.041778371 -0.018753175 -0.017186243 -0.406266451 0.913400531
1769791797822780160.000000 -0.092426874 0.162997529 -0.024094988 -0.023258559 -0.018183978 -0.412804484 0.910341024
1769791798056104192.000000 -0.091644436 0.163932025 -0.027322747 -0.024629958 -0.014084582 -0.410841644 0.911265135
1769791798256099072.000000 -0.085679114 0.159604177 -0.024496945 -0.024743928 -0.011054943 -0.401760995 0.915343463
1769791798389430016.000000 -0.071558088 0.153859332 -0.030884203 -0.023409480 -0.010099043 -0.391719937 0.919731200
1769791798589448704.000000 -0.059931591 0.148447946 -0.008145678 -0.021201439 -0.005486594 -0.374150455 0.927109420
1769791798822782208.000000 -0.024983870 0.113940656 0.038144518 -0.021216389 0.000088208 -0.346646786 0.937755764
1769791798989433344.000000 -0.022879586 0.100208633 0.019736521 -0.017463394 0.003357671 -0.312423617 0.949776471
1769791799089457152.000000 -0.003076450 0.104309700 0.020868072 -0.012098881 0.002700230 -0.290608019 0.956761897
1769791799189438464.000000 -0.013898115 0.091116935 0.040123735 -0.012731913 0.011026327 -0.258312881 0.965914488
1769791799256099584.000000 0.004925200 0.096793465 0.076491907 -0.008738052 0.012878611 -0.240009815 0.970645726
1769791799322776320.000000 0.006822351 0.086619593 0.061592031 -0.006475016 0.016048426 -0.225385875 0.974115849
1769791799389428736.000000 0.010471432 0.071293458 0.041937970 -0.004134782 0.018137762 -0.211438432 0.977214277
1769791799522763264.000000 0.001028705 0.144750863 0.098001100 0.024538558 0.036342867 -0.189184725 0.980961919
1769791799689428224.000000 -0.039529193 0.233491048 0.152891353 0.067252755 0.067404784 -0.189978823 0.977160037
1769791799856115200.000000 -0.058412254 0.291061491 0.210540980 0.107784174 0.098309122 -0.187921107 0.971289694
1769791800056122112.000000 -0.078184232 0.354599774 0.272888482 0.157210588 0.138351694 -0.172331914 0.962520361
1769791800156093184.000000 0.120258078 0.088055238 0.161361203 0.096559592 0.078058407 -0.146789625 0.981343925
1769791800222768896.000000 0.081525169 0.091520503 0.145841777 0.103128619 0.102716520 -0.135976285 0.979961395
1769791800322770688.000000 0.097579971 0.094331935 0.147613660 0.109793253 0.116672218 -0.133045167 0.978075683
1769791800489434368.000000 0.083774850 0.080314338 0.224380285 0.107203528 0.151898459 -0.140978128 0.972398818
1769791800756106496.000000 0.161252975 0.044590518 0.233925715 0.099164814 0.153246641 -0.128759369 0.974732161
1769791800889432832.000000 0.183941588 0.007224116 0.171742514 0.043798815 0.127042770 -0.112080999 0.984570801
1769791801056095744.000000 0.207709745 -0.004156501 0.233716607 0.015096094 0.112842768 -0.091534741 0.989272475
1769791801222777856.000000 0.262742460 -0.053255394 0.220744655 -0.005285619 0.091558173 -0.061518695 0.993883610
1769791801456100352.000000 0.319935530 -0.061663661 0.221087471 -0.005485764 0.075360999 -0.032677244 0.996605694
1769791801656094464.000000 0.354195863 -0.095359273 0.194684356 0.001725318 0.065687977 -0.018390475 0.997669280
1769791801822761472.000000 0.364331335 -0.118619777 0.175312355 0.014046383 0.063804939 -0.015273354 0.997746646
1769791802022760448.000000 0.398977399 -0.126117572 0.183652475 0.029385235 0.058709957 -0.015228636 0.997726262
1769791802189432064.000000 0.460961372 -0.141052395 0.168030635 0.037381932 0.047488675 -0.014902580 0.998060763
1769791802389430272.000000 0.465157449 -0.137007594 0.153805539 0.046486516 0.047714513 -0.016686184 0.997639179
1769791802689434880.000000 0.486975223 -0.156311482 0.161352202 0.055020884 0.048681028 -0.010155315 0.997246087
1769791802922771456.000000 0.498316407 -0.164523244 0.156057358 0.057164587 0.049597774 -0.008170926 0.997098565
1769791803322841856.000000 0.502401412 -0.147654414 0.167966306 0.060718544 0.055104900 -0.004744241 0.996621370
1769791803689482496.000000 0.524644792 -0.127386689 0.176666290 0.061319653 0.056988467 -0.001651098 0.996488571
1769791804022816768.000000 0.537689745 -0.093568981 0.184795275 0.059658851 0.058738120 -0.000000196 0.996489167
1769791804256147456.000000 0.538217366 -0.057827339 0.188121483 0.059269615 0.060848530 -0.000120292 0.996385753
1769791804556148992.000000 0.543936908 -0.025917998 0.197269991 0.055708878 0.062338524 0.003623442 0.996492505
1769791804856148480.000000 0.552473128 0.011794716 0.205721170 0.052174482 0.061883200 0.008122060 0.996685684
1769791805056159488.000000 0.537062943 0.062858529 0.198621422 0.050095752 0.064880118 0.002474112 0.996631801
1769791805222845952.000000 0.530930996 0.113889411 0.213222548 0.052517660 0.066690221 -0.001589898 0.996389389
1769791805389486080.000000 0.537691057 0.125634894 0.208845243 0.047789156 0.064851992 0.001591210 0.996748686
1769791805589484800.000000 0.537867248 0.140912369 0.214354560 0.043391977 0.063909486 0.005582199 0.996996284
1769791805756150016.000000 0.529562712 0.198086724 0.215765879 0.047065604 0.064654551 0.002326368 0.996794522
1769791805922837504.000000 0.536392629 0.240988120 0.270709276 0.051729694 0.066651091 0.002745948 0.996430695
1769791806056160256.000000 0.513926864 0.266313344 0.292269558 0.048753317 0.072278894 0.001314946 0.996191323
1769791806222821376.000000 0.490419120 0.298795760 0.294206858 0.046482310 0.075374685 -0.004921937 0.996059179
1769791806356146176.000000 0.466494381 0.328854024 0.291235507 0.047159426 0.078455530 -0.009400951 0.995757222
1769791806489482496.000000 0.461448610 0.338934869 0.284775794 0.042328928 0.077097319 -0.010367785 0.996070683
1769791806589480448.000000 0.438784242 0.371437758 0.287422091 0.046365555 0.079902120 -0.015916705 0.995596588
1769791806756160000.000000 0.418427438 0.397528201 0.290786058 0.045695543 0.081421465 -0.018883279 0.995452583
1769791806889487616.000000 0.396485060 0.411527783 0.282383233 0.044046458 0.084007770 -0.018698579 0.995315552
1769791807022824192.000000 0.376476735 0.425528437 0.279158980 0.043716915 0.084982283 -0.020507505 0.995211661
1769791807122820096.000000 0.366730183 0.433344334 0.277861267 0.042878069 0.084752485 -0.021837933 0.995239496
1769791807289482752.000000 0.343157053 0.443888336 0.275595933 0.043214276 0.083965421 -0.021568293 0.995297492
1769791807389479168.000000 0.334449232 0.449838459 0.271819204 0.043019149 0.082910545 -0.021612037 0.995393455
1769791807522816256.000000 0.312616587 0.451343060 0.261794448 0.041127950 0.084277131 -0.021635795 0.995358109
1769791807722833920.000000 0.284756005 0.447799236 0.259322256 0.039790690 0.084810391 -0.020021338 0.995400965
1769791807856164096.000000 0.273118347 0.441239476 0.265347481 0.038729489 0.082959980 -0.019441020 0.995610237
1769791807989500160.000000 0.250889868 0.434757411 0.243793905 0.038663752 0.083272591 -0.017945440 0.995614767
1769791808156156416.000000 0.225326404 0.423311859 0.228295878 0.040060613 0.082376741 -0.015209702 0.995679617
1769791808256147456.000000 0.211220399 0.414574802 0.233007073 0.040989503 0.081907533 -0.013869397 0.995700121
1769791808322821632.000000 0.200655133 0.406804204 0.227727860 0.041298635 0.082009479 -0.011932838 0.995703995
1769791808456152320.000000 0.184289530 0.393713683 0.218062729 0.043871023 0.079430327 -0.009143225 0.995832622
1769791808556143872.000000 0.173100382 0.383495629 0.211619243 0.046288505 0.077328533 -0.005406454 0.995915890
1769791808589483264.000000 0.169126436 0.378347576 0.207215250 0.046650890 0.076693371 -0.004451904 0.995952845
1769791808622810624.000000 0.165462106 0.373096645 0.204821825 0.047098067 0.075775035 -0.003793078 0.996004820
1769791808756148224.000000 0.148192286 0.350262702 0.192278653 0.049229205 0.074216686 0.001995077 0.996024311
1769791808822843136.000000 0.139252260 0.340583146 0.183949739 0.051189806 0.073230743 0.005061069 0.995987594
1769791808856147712.000000 0.136653349 0.335344255 0.181484655 0.051987361 0.072456315 0.006397898 0.995995224
1769791808922813440.000000 0.129703283 0.327061325 0.174579889 0.053602025 0.070719466 0.007729702 0.996025026
1769791809022823424.000000 0.116162203 0.314972430 0.163677648 0.058014315 0.069589131 0.011406342 0.995822072
1769791809056146688.000000 0.114860334 0.305639327 0.157900557 0.058223389 0.068388917 0.013844549 0.995862126
1769791809089500416.000000 0.112704836 0.298438132 0.151983231 0.058977082 0.067516789 0.016020976 0.995844662
1769791809122816768.000000 0.105655268 0.293791890 0.149250388 0.060381640 0.067976043 0.017739961 0.995700061
1769791809156158720.000000 0.102159530 0.287413627 0.146629676 0.061026312 0.067182176 0.018486761 0.995701075
1769791809189481472.000000 0.100044399 0.286269933 0.140548944 0.063698135 0.065703854 0.019359760 0.995615780
1769791809289496320.000000 0.091720574 0.263588995 0.127704024 0.065985836 0.064181052 0.025855990 0.995418608
1769791809356156160.000000 0.080160141 0.248198450 0.111898869 0.068138614 0.063051380 0.029733131 0.995237470
1769791809389494784.000000 0.072480008 0.261124253 0.108820021 0.073825344 0.063066162 0.027594076 0.994892478
1769791809422810112.000000 0.069574103 0.237599194 0.102529779 0.070996232 0.062744170 0.031139262 0.995014131
1769791809489481216.000000 0.059058834 0.231403768 0.084232643 0.076806180 0.061472934 0.032196857 0.994628191
1769791809589479424.000000 0.046678491 0.148293063 0.069671340 0.064365588 0.060987003 0.021636788 0.995826066
1769791809656153600.000000 0.047345601 0.134891003 0.051205158 0.071320109 0.056673616 0.024373326 0.995543838
1769791809756159232.000000 0.110130861 0.149753094 -0.231217220 0.087780364 0.018629648 0.032026846 0.995450556
1769791809789478144.000000 0.113166600 0.152216703 -0.243531361 0.092032135 0.015276128 0.032733239 0.995100617
1769791809889482752.000000 0.076389149 0.128851652 -0.286341995 0.097896434 0.014901607 0.026287843 0.994737744
1769791809989490432.000000 0.053330079 0.080318555 -0.288371652 0.099621341 0.014577636 0.025511963 0.994591475
1769791810056155136.000000 -0.050999407 -0.047918431 -0.290290564 0.065910973 0.038133193 -0.017516684 0.996942759
1769791810189483520.000000 0.194167495 -0.218482375 -0.040349614 0.063510820 -0.008679190 -0.015169066 0.997828126
1769791810289484544.000000 0.213463187 -0.263895601 -0.030647779 0.066627927 -0.024595644 -0.011605495 0.997407198
1769791810356147712.000000 0.132754192 -0.258937210 -0.032741860 0.073672831 -0.025719879 -0.008768895 0.996912181
1769791810489479424.000000 0.122140542 -0.261678129 -0.036198333 0.082350895 -0.044100575 -0.010128121 0.995575666
1769791810522813440.000000 0.140316546 -0.272567987 -0.064154372 0.082389787 -0.051743701 -0.004460812 0.995246053
1769791810556158464.000000 0.134263799 -0.279699445 -0.054428630 0.082091086 -0.055424012 -0.004060667 0.995074272
1769791810589485056.000000 0.131781623 -0.284050614 -0.083935931 0.081625134 -0.057614006 -0.003381135 0.994990706
1769791810622816256.000000 0.139480799 -0.279327065 -0.056930982 0.082993783 -0.063001804 0.000294103 0.994556546
1769791810656159232.000000 0.138221532 -0.285406798 -0.073110215 0.081450641 -0.065107770 0.003178590 0.994543433
1769791810789501696.000000 0.136375651 -0.281852186 -0.057679046 0.078174137 -0.064331703 0.012080000 0.994788587
1769791810822821888.000000 0.111256689 -0.268845111 -0.025497267 0.072375387 -0.056907933 0.006679179 0.995730221
1769791810856150528.000000 0.106498457 -0.270197093 -0.032982599 0.060937956 -0.053889111 0.005873038 0.996668458
1769791810889479936.000000 0.101689182 -0.266435206 -0.019202622 0.049211338 -0.051706921 0.003917116 0.997441351
1769791810922863104.000000 0.090745151 -0.272313625 -0.032694023 0.038295574 -0.047761090 -0.001024558 0.998123884
1769791811056182016.000000 -0.053436078 -0.082446180 0.006794573 0.031349368 -0.027646428 -0.003247316 0.999120831
1769791811122857984.000000 -0.075189792 -0.100559734 0.014689165 0.019439746 -0.022620674 -0.005969646 0.999537289
1769791811156186368.000000 -0.088724293 -0.120564617 -0.007456604 0.012479012 -0.020167630 -0.011411093 0.999653637
1769791811222880512.000000 -0.100997344 -0.136715919 -0.017543366 0.004032386 -0.017490681 -0.008639017 0.999801576
1769791811389514240.000000 -0.133781224 -0.174506620 -0.017756063 -0.007530131 -0.010401162 -0.009803573 0.999869525
1769791811589504256.000000 -0.180224448 -0.232237145 -0.023716314 -0.007875592 -0.001287826 -0.009555415 0.999922514
1769791811722838528.000000 -0.182563946 -0.234847397 -0.031885926 0.002072399 0.001146536 -0.011300828 0.999933362
1769791811989501440.000000 -0.186469316 -0.235207379 -0.031020695 0.020731866 0.004353914 -0.016355198 0.999641836
1769791812222835456.000000 -0.185434923 -0.255554646 -0.042766478 0.028297681 0.004895039 -0.012121518 0.999514043
1769791812756166400.000000 -0.196761981 -0.234020531 -0.039671812 0.043070029 0.004275595 -0.017412821 0.998911142
1769791813356167936.000000 -0.187321618 -0.226146877 -0.005603077 0.045332704 -0.001321148 -0.015905173 0.998844504
1769791813822844928.000000 -0.192192420 -0.218052521 -0.006525529 0.038428944 -0.004762444 -0.016982237 0.999105692
1769791814156169216.000000 -0.194441229 -0.217501134 -0.001174578 0.030480405 -0.006450772 -0.015629595 0.999392390
1769791814522872832.000000 -0.210290894 -0.218959093 -0.033004660 0.019545373 -0.007699366 -0.013452031 0.999688804
1769791814789501184.000000 -0.216864005 -0.220096245 -0.039545015 0.009729690 -0.008315736 -0.012743548 0.999836922
1769791814989502464.000000 -0.224206641 -0.188097358 -0.035665549 0.005726063 -0.008011286 -0.014556334 0.999845564
1769791815122839296.000000 -0.227625310 -0.157418489 -0.036500130 0.004258705 -0.007312820 -0.014176651 0.999863744
1769791815322847488.000000 -0.223566547 -0.108541146 -0.031739421 0.002970154 -0.007836957 -0.013039337 0.999879897
1769791815556173824.000000 -0.227421150 -0.056264367 -0.031744700 -0.000609097 -0.010507679 -0.078119010 0.996888518
1769791815822838016.000000 -0.231141850 0.007173310 -0.032171026 -0.002604728 -0.010403384 -0.156526789 0.987615526
1769791815989512704.000000 -0.228709474 0.032457296 -0.031838790 -0.007590887 -0.011513045 -0.201263547 0.979440033
1769791816189501184.000000 -0.268237054 0.057343170 0.042461913 -0.008224228 -0.013208506 -0.271606863 0.962282538
1769791816422832384.000000 -0.287750274 0.083516136 0.068783157 -0.012748219 -0.011938190 -0.332125098 0.943073690
1769791816756165376.000000 -0.294448614 0.137315735 0.059045456 -0.018852690 -0.003778061 -0.375409245 0.926659763
1769791817022833408.000000 -0.264553308 0.175353855 0.082939893 -0.019428566 -0.005606597 -0.400722176 0.915976465
1769791817322836224.000000 -0.220858753 0.207358599 0.070510201 -0.017647812 -0.003453736 -0.422373861 0.906243324
1769791817656169984.000000 -0.166663036 0.217273444 0.068461768 -0.016497949 -0.006583138 -0.428634346 0.903303444
1769791817956164096.000000 -0.113192730 0.199207544 0.072076820 -0.015478195 -0.008111139 -0.421127707 0.906832993
1769791818256167680.000000 -0.032454189 0.162705749 0.087904669 -0.012185362 -0.012950091 -0.402166218 0.915394008
1769791818456173312.000000 0.004954278 0.098272435 0.092860281 -0.018450359 -0.012695841 -0.375050753 0.926733732
1769791818689505280.000000 0.082132801 0.049557026 0.082820378 -0.012359739 -0.016726580 -0.335836887 0.941690564
1769791818889504512.000000 0.126303136 -0.031788096 0.083969228 -0.017632239 -0.015971867 -0.284390897 0.958413184
1769791818989514240.000000 0.142633185 -0.063274622 0.082659803 -0.017054079 -0.012083174 -0.252733976 0.967310011
1769791819089505792.000000 0.158235714 -0.118509367 0.093535863 -0.023241313 -0.008087938 -0.220951468 0.974974334
1769791819222855936.000000 0.182539195 -0.137463063 0.071021259 -0.014161824 -0.002541643 -0.190395519 0.981602013
1769791819389538048.000000 0.248654380 -0.198534131 0.005872569 -0.003841960 -0.004046183 -0.174059644 0.984719336
1769791819556228608.000000 0.303039759 -0.244110435 0.019194392 0.013012930 -0.000020563 -0.166394472 0.985973418
1769791819722841856.000000 0.342215389 -0.339805245 -0.042208031 0.016293297 0.013349697 -0.148554578 0.988679886
1769791819856185088.000000 0.369990081 -0.377368450 -0.046543762 0.028339151 0.025831083 -0.146626338 0.988448441
1769791819956173312.000000 0.404352933 -0.405872703 -0.040023081 0.032889187 0.037286825 -0.145923629 0.988045692
1769791820189520384.000000 0.626599371 -0.328304380 0.123187535 0.061844680 0.061400410 -0.120937467 0.988827288
1769791820356181504.000000 0.656841755 -0.385569185 0.101947904 0.050575942 0.076377302 -0.125362307 0.987872899
1769791820522861824.000000 0.717369497 -0.442347199 0.015101561 0.031437915 0.062382061 -0.110975184 0.991365075
1769791820722847232.000000 0.739899397 -0.413379073 0.094486311 -0.012956575 0.040814903 -0.078399427 0.996001959
1769791820889513216.000000 0.800561249 -0.456823617 0.111226574 -0.041952841 0.016947573 -0.049275599 0.997759819
1769791821089504768.000000 0.867600262 -0.487522751 0.131714612 -0.056953814 -0.002740524 -0.016218558 0.998241305
1769791821389514752.000000 0.953270137 -0.540171087 0.136322543 -0.053499047 -0.019361801 0.019085959 0.998197794
1769791821722845696.000000 0.957816184 -0.553020298 0.147077501 -0.028145388 -0.019229734 0.010210820 0.999366701
1769791821989513984.000000 1.010238528 -0.579338253 0.172854140 -0.013786327 -0.023225946 0.020178355 0.999431551
1769791822589526784.000000 1.017971396 -0.569972873 0.146202385 0.008147594 -0.017578367 0.022290520 0.999563813
1769791823322854400.000000 1.044555068 -0.546041846 0.148896158 0.010615769 -0.012311360 0.027392954 0.999492586
1769791823722844928.000000 1.063814402 -0.470006704 0.159378424 0.012773383 -0.011007487 0.018919878 0.999678791
1769791823956180736.000000 1.062509060 -0.442356557 0.143336266 0.010485602 -0.009482543 0.019833623 0.999703348
1769791824322838784.000000 1.067296505 -0.417345315 0.146450713 0.002831403 -0.008086081 0.024611853 0.999660373
1769791824722846720.000000 1.056099057 -0.275780767 0.147165745 0.008555755 -0.004928306 0.017851308 0.999791920
1769791824822837248.000000 1.053393245 -0.271073699 0.146962434 0.004552721 -0.004665927 0.016672049 0.999839783
1769791825022854912.000000 1.056972504 -0.262899220 0.152277529 -0.002145388 -0.004739777 0.022580173 0.999731541
1769791825289525248.000000 1.041497350 -0.191032544 0.143560246 -0.000924834 -0.003822225 0.018322617 0.999824405
1769791825456175872.000000 1.031834006 -0.125424072 0.140284911 0.003833032 -0.003532777 0.015290691 0.999869525
1769791825589504256.000000 1.022252083 -0.110751219 0.136354581 -0.001021737 -0.002900201 0.009090861 0.999953985
1769791825689508608.000000 1.012084484 -0.095630348 0.128548279 -0.003753074 -0.002020854 0.004478938 0.999980867
1769791825856171520.000000 0.995745063 -0.072232127 0.114103779 -0.008396343 0.000509006 -0.002484592 0.999961555
1769791826022840064.000000 0.978792906 -0.042534549 0.102604814 -0.009970220 0.000478686 -0.007086729 0.999925077
1769791826156174336.000000 0.966513872 -0.026695957 0.094200067 -0.013214144 0.000389737 -0.011139814 0.999850571
1769791826322850816.000000 0.947041094 -0.002448093 0.088876188 -0.015583392 0.001510815 -0.014533591 0.999771833
1769791826422862592.000000 0.938786268 0.010447428 0.086921759 -0.016838601 0.001242776 -0.016377047 0.999723315
1769791826489520640.000000 0.928142250 0.017477430 0.081779428 -0.018024975 0.002264199 -0.018061262 0.999671817
1769791826589532928.000000 0.920379519 0.029150506 0.076059841 -0.018550325 0.001448610 -0.019323787 0.999640167
1769791826756201728.000000 0.902901947 0.042841289 0.070290409 -0.021116585 0.001340915 -0.021084353 0.999553800
1769791826956196608.000000 0.879624367 0.058352448 0.060311258 -0.021729246 0.000246231 -0.023982136 0.999476194
1769791827122876416.000000 0.858156025 0.068624668 0.047322325 -0.021076007 0.000126183 -0.024760282 0.999471247
1769791827289537536.000000 0.835053146 0.073471248 0.037903734 -0.022050845 0.001509767 -0.024376145 0.999458492
1769791827456199424.000000 0.820016563 0.069310993 0.022664709 -0.022925394 -0.000168286 -0.023949165 0.999450326
1769791827656212480.000000 0.794718206 0.064828336 0.017512025 -0.022873975 -0.001142322 -0.023887061 0.999452293
1769791827822864128.000000 0.775958180 0.053871296 0.016865997 -0.023197053 -0.002662628 -0.021545317 0.999495208
1769791827922855680.000000 0.767583430 0.043674741 0.013073057 -0.022928020 -0.004672571 -0.019141965 0.999542952
1769791828022854912.000000 0.753046513 0.030843727 0.001104353 -0.023117824 -0.005112635 -0.017870620 0.999559939
1769791828089526528.000000 0.742166162 0.021491608 -0.009136320 -0.023026215 -0.005300769 -0.016493544 0.999584794
1769791828256191744.000000 0.724922061 -0.000484030 -0.009632698 -0.021918247 -0.008637792 -0.012774961 0.999640822
1769791828289527040.000000 0.719681323 -0.002207249 -0.007730318 -0.020805046 -0.008670876 -0.011024673 0.999685168
1769791828456185344.000000 0.694751620 -0.033127274 -0.030903433 -0.019533603 -0.009650067 -0.006903100 0.999738812
1769791828522851584.000000 0.687597811 -0.041751247 -0.033037540 -0.018298471 -0.010145230 -0.004856993 0.999769330
1769791828689528320.000000 0.673043907 -0.066419430 -0.047524873 -0.013534284 -0.014127097 0.000723283 0.999808371
1769791828722858240.000000 0.672526300 -0.074431330 -0.055020329 -0.012612946 -0.015177838 0.003934184 0.999797523
1769791828822860032.000000 0.656811178 -0.094512068 -0.060553625 -0.011144597 -0.015193164 0.006716605 0.999799907
1769791828856183296.000000 0.650541306 -0.102171212 -0.068612479 -0.010551156 -0.014963646 0.007259505 0.999805987
1769791828922851840.000000 0.647325397 -0.113860376 -0.081384957 -0.007440654 -0.016883200 0.012254969 0.999754667
1769791828956190464.000000 0.643646002 -0.119322412 -0.084439710 -0.006419089 -0.017022733 0.013490565 0.999743462
1769791829056188928.000000 0.625732064 -0.146195143 -0.100472257 -0.004924205 -0.016386745 0.017240055 0.999705017
1769791829089523968.000000 0.615323007 -0.150116757 -0.106295966 -0.003267062 -0.015309849 0.018067848 0.999714255
1769791829222857984.000000 0.492809951 -0.204733014 0.047329105 -0.016029684 0.007721256 -0.003475510 0.999835670
1769791829289518336.000000 0.483069241 -0.229509220 0.038707644 -0.015355917 0.006101216 -0.005378310 0.999849021
1769791829422873088.000000 0.484749138 -0.196081117 0.025093043 0.007264443 -0.006430744 -0.009007838 0.999912381
1769791829556183296.000000 0.468940884 -0.240991116 0.043709766 0.015665252 -0.011371154 -0.006053032 0.999794304
1769791829656196608.000000 0.452843487 -0.267491549 0.038864400 0.024401169 -0.013071603 0.001250957 0.999616027
1769791829722866176.000000 0.439960361 -0.274123162 0.026087198 0.032123979 -0.015062718 -0.004032756 0.999362230
1769791829856191232.000000 0.415447176 -0.292458385 0.009728055 0.044661373 -0.021047812 -0.007725804 0.998750567
1769791829922854144.000000 0.405489504 -0.307845533 0.009337283 0.049790252 -0.027760064 -0.008239313 0.998339832
1769791829989526272.000000 0.387052864 -0.318924248 0.011627479 0.055956081 -0.034176636 -0.009001588 0.997807562
1769791830022853120.000000 0.389814585 -0.331853628 0.028894441 0.058375742 -0.038356289 -0.010792263 0.997499168
1769791830122851328.000000 0.243295059 -0.345087081 -0.013176383 0.064817093 -0.039131217 -0.007390629 0.997102261
1769791830156184832.000000 0.241887331 -0.360220224 -0.029418524 0.064875670 -0.044367757 -0.006417797 0.996885896
1769791830189527552.000000 0.241611749 -0.345349878 -0.033657409 0.069931149 -0.048641074 -0.009139943 0.996323347
1769791830222861824.000000 0.238288552 -0.349672705 -0.024369411 0.071736798 -0.053725835 -0.007742569 0.995945513
1769791830256190976.000000 0.241702929 -0.355281770 -0.032896798 0.072597250 -0.059048489 -0.005986223 0.995593846
1769791830289531136.000000 0.249388412 -0.367866009 -0.048728820 0.071692437 -0.065289848 -0.001830135 0.995285928
1769791830422889728.000000 0.237006247 -0.367889196 -0.065347105 0.072823398 -0.075446442 0.001878246 0.994485319
1769791830456182016.000000 0.229955003 -0.366421133 -0.056217495 0.072382286 -0.074791983 0.003379262 0.994562984
1769791830489527296.000000 0.242397055 -0.378192663 -0.081843399 0.069070317 -0.077002130 0.010169751 0.994583607
1769791830522884608.000000 0.229408130 -0.370320708 -0.080309249 0.069409139 -0.074418396 0.009528891 0.994763017
1769791830556189440.000000 0.224126890 -0.368351012 -0.070880786 0.068410434 -0.070806980 0.007647364 0.995112002
1769791830656201728.000000 0.152998775 -0.294372171 -0.016810579 0.042294025 -0.056162734 0.002588736 0.997522056
1769791830689541376.000000 0.202052936 -0.356005102 -0.032400388 0.025325794 -0.059700537 0.001505772 0.997893870
1769791830722856704.000000 0.212657705 -0.370235503 -0.016073907 0.015927931 -0.059560463 0.003037593 0.998093009
1769791830789521664.000000 0.208731681 -0.382722795 -0.015100651 0.000600604 -0.056311149 0.001780925 0.998411536
1769791830956183552.000000 0.215950161 -0.472892731 -0.059637491 -0.032017898 -0.050937280 -0.004067135 0.998180211
1769791831089528064.000000 0.172338560 -0.477046430 -0.034995262 -0.040843491 -0.044149436 -0.006513554 0.998168468
1769791832089521920.000000 0.332862139 -0.672062159 0.026402110 -0.014457009 -0.050278723 -0.012899297 0.998547316
1769791832156180992.000000 0.331523538 -0.669397533 0.028042007 -0.012109391 -0.050338835 -0.013009387 0.998574078
1769791832256180480.000000 0.332299590 -0.670895696 0.024847940 -0.010256582 -0.050857756 -0.012930254 0.998569548
1769791832656182784.000000 0.325411618 -0.671015382 0.023897909 -0.005012759 -0.052594043 -0.012512595 0.998525023
1769791833222846208.000000 0.321761489 -0.668877244 0.021652194 -0.006339705 -0.057314515 -0.012329428 0.998259902
1769791833656189184.000000 0.316655427 -0.665176272 0.013852052 -0.013942608 -0.059971731 -0.012343008 0.998026431
1769791834056207360.000000 0.310048580 -0.659570336 0.006011641 -0.023646597 -0.062153984 -0.012490233 0.997708261
1769791834456213248.000000 0.306977093 -0.661940753 0.003086198 -0.037101295 -0.063404568 -0.012097616 0.997224689
1769791834722886912.000000 0.095199957 -0.470206112 -0.020662235 -0.024656918 -0.041571591 -0.012121136 0.998757720
1769791834889550336.000000 -0.076014601 -0.325747281 -0.041200779 -0.014386998 -0.023805030 -0.011811581 0.999543369
1769791835022880768.000000 -0.069864072 -0.280770272 -0.023369169 -0.014128416 -0.024062663 -0.011935179 0.999539375
1769791835156212480.000000 -0.075448237 -0.247783542 -0.047302537 -0.014996707 -0.024999371 -0.025340116 0.999253750
1769791835322895360.000000 -0.086408593 -0.184331194 -0.050244462 -0.013768041 -0.026282152 -0.077764057 0.996530235
1769791835522876160.000000 -0.097225972 -0.104117140 -0.046697602 -0.012855548 -0.025892172 -0.143224776 0.989267945
1769791835689544960.000000 -0.099194184 -0.057465725 -0.042736515 -0.013297263 -0.026469879 -0.189313829 0.981469750
1769791835822898432.000000 -0.095686138 -0.017367503 -0.045234688 -0.012706142 -0.026918853 -0.222221464 0.974541724
1769791836156213760.000000 -0.088919081 0.068939745 -0.046389237 -0.011942032 -0.027346840 -0.293648422 0.955447614
1769791836422904064.000000 -0.074179605 0.128042102 -0.049186386 -0.011016572 -0.027465763 -0.337431967 0.940884650
1769791836689549056.000000 -0.048137069 0.177779987 -0.064164214 -0.009150136 -0.028015651 -0.368381888 0.929207265
1769791836956219136.000000 -0.025385469 0.207005620 -0.036076896 -0.011585456 -0.027143648 -0.395693570 0.917908251
1769791837222885120.000000 0.013834190 0.228956431 -0.045569774 -0.009330022 -0.027052112 -0.408516198 0.912302434
1769791837522882816.000000 0.055614382 0.227949500 -0.041306235 -0.009776145 -0.027213147 -0.409789652 0.911721647
1769791837822877952.000000 0.107699148 0.213175267 -0.036576264 -0.007541939 -0.026479814 -0.397842437 0.917040586
1769791838089547008.000000 0.161590636 0.171400189 -0.016394146 -0.008136601 -0.027307294 -0.375501096 0.926383853
1769791838256217088.000000 0.190927014 0.140694708 -0.020374805 -0.008336445 -0.025506660 -0.356976509 0.933727860
1769791838456227840.000000 0.244906962 0.088064134 -0.000730679 -0.009380382 -0.027064828 -0.320746303 0.946731925
1769791838689555712.000000 0.308989733 0.021950401 -0.002601431 -0.008011410 -0.026950093 -0.258538902 0.965591609
1769791838922886912.000000 0.372125834 -0.063124329 -0.009111004 -0.009198642 -0.025838874 -0.189408526 0.981515229
1769791839056212992.000000 0.410981476 -0.106442422 -0.011222380 -0.006030988 -0.025075061 -0.162592188 0.986356258
1769791839222891264.000000 0.454376280 -0.146026701 0.005122510 0.008169350 -0.020731481 -0.155724362 0.987549186
1769791839356206592.000000 0.479814976 -0.183147579 -0.001261747 0.021512209 -0.011151735 -0.155364290 0.987560034
1769791839522877952.000000 0.526783288 -0.224183515 0.009448527 0.037974216 0.000920856 -0.152537107 0.987567544
1769791839622875136.000000 0.555001080 -0.247954711 0.016830428 0.047208380 0.009758050 -0.150215134 0.987477362
1769791839789566720.000000 0.556099117 -0.250359714 0.086421065 0.059363548 0.040357649 -0.147601947 0.986438513
1769791839922904576.000000 0.632733285 -0.254502833 0.172791079 0.066530883 0.056329422 -0.148549810 0.985055149
1769791840122881536.000000 0.614124775 -0.295555294 0.202030092 0.057973668 0.085149415 -0.152890280 0.982859731
1769791840222873856.000000 0.634741962 -0.303167820 0.225415230 0.054601260 0.086197391 -0.151413977 0.983190000
1769791840322873344.000000 0.642896414 -0.310256779 0.181368947 0.028333850 0.075960748 -0.139830977 0.986850798
1769791840389551104.000000 0.671248198 -0.329330713 0.166520000 0.007674253 0.060418785 -0.120637253 0.990826607
1769791840589554432.000000 0.739980280 -0.351762295 0.175355762 -0.028103119 0.030607114 -0.085608587 0.995462000
1769791840922872576.000000 0.831473827 -0.429350942 0.170212016 -0.055676389 0.000998655 -0.037753083 0.997734368
1769791841222885888.000000 0.871612191 -0.447625399 0.166471466 -0.041452501 -0.008653301 -0.020239737 0.998898029
1769791841522876928.000000 0.921852767 -0.489646316 0.168270379 -0.017170092 -0.014428814 -0.006154208 0.999729514
1769791841822875392.000000 0.952535570 -0.491814643 0.150484651 -0.000179217 -0.015739920 -0.007592137 0.999847293
1769791842189582848.000000 0.965194702 -0.496406436 0.141039729 0.011686235 -0.013094774 -0.006367291 0.999825716
1769791842689569024.000000 0.992163599 -0.494848192 0.144049421 0.015478425 -0.011343142 -0.002790546 0.999811947
1769791843056232192.000000 1.008862257 -0.475614041 0.139207736 0.017511861 -0.008657577 -0.000047664 0.999809146
1769791843422914560.000000 1.019810438 -0.439890385 0.139368549 0.015970226 -0.006190651 -0.000104039 0.999853313
1769791843722900992.000000 1.033419132 -0.403142005 0.145336196 0.013781383 -0.005542585 0.000200521 0.999889672
1769791843956246784.000000 1.044269800 -0.378159076 0.147259504 0.010333141 -0.005697017 0.002907720 0.999926150
1769791844222923008.000000 1.046838045 -0.346937090 0.144262418 0.005043497 -0.004791760 0.003042451 0.999971211
1769791844556230400.000000 1.032888532 -0.276232183 0.133397087 0.001531989 -0.001965160 -0.001307682 0.999996066
1769791844922915584.000000 1.042680383 -0.216747418 0.138786376 -0.003078370 -0.003784009 0.004848602 0.999976397
1769791845122896128.000000 1.034936786 -0.201271325 0.122602016 -0.008039157 -0.003914115 0.010322271 0.999906778
1769791845389606656.000000 1.018506765 -0.144812793 0.113597140 -0.011405603 -0.003221408 0.004589943 0.999919236
1769791845656242688.000000 0.990614653 -0.088638008 0.110640578 -0.014302498 0.001209270 -0.005715582 0.999880672
1769791845956232192.000000 0.958751142 -0.026743801 0.101352111 -0.015758485 0.001383095 -0.013191849 0.999787867
1769791846222899200.000000 0.932116807 0.015192176 0.091209553 -0.017235072 0.001576801 -0.016871985 0.999707878
1769791846522907904.000000 0.899945498 0.045802981 0.083384439 -0.020256797 0.001839349 -0.021250758 0.999567270
1769791847089565696.000000 0.834369123 0.072335713 0.043736130 -0.022396356 -0.000361934 -0.024476748 0.999449432
1769791847322892544.000000 0.802946568 0.069170959 0.034684628 -0.022844139 -0.000017519 -0.024624756 0.999435723
1769791847389577728.000000 0.797133446 0.067406617 0.033199757 -0.022527687 -0.001233570 -0.024211109 0.999452233
1769791847422893312.000000 0.793203354 0.062978946 0.030538596 -0.023457309 -0.001358104 -0.023272192 0.999453008
1769791848056233984.000000 0.713467300 -0.005573901 -0.013926054 -0.021630961 -0.007816312 -0.012458000 0.999657869
1769791848256230912.000000 0.683874130 -0.040570401 -0.030410187 -0.019217324 -0.008431124 -0.005594580 0.999764144
1769791848356237056.000000 0.671633422 -0.057081793 -0.034893993 -0.017812612 -0.009628458 -0.003950592 0.999787211
1769791848422898944.000000 0.663978159 -0.066669151 -0.042157788 -0.015627583 -0.011001689 -0.002599685 0.999813974
1769791848489587200.000000 0.658686638 -0.081035815 -0.051811647 -0.014626412 -0.012087209 0.001013497 0.999819458
1769791848589568256.000000 0.647088170 -0.100253731 -0.061505422 -0.012447135 -0.013167732 0.005633728 0.999819934
1769791848656226816.000000 0.631861269 -0.119477674 -0.064696506 -0.012605742 -0.012629652 0.005713044 0.999824464
1769791848789568512.000000 0.607999206 -0.146676704 -0.071627028 -0.009223065 -0.012096214 0.008734511 0.999846160
1769791848856227072.000000 0.597845554 -0.164419696 -0.083331294 -0.008159937 -0.012553574 0.011037546 0.999826968
1769791848922914048.000000 0.586199880 -0.183475658 -0.087756589 -0.007389890 -0.012694647 0.011339135 0.999827862
1769791848956239616.000000 0.583433449 -0.189023092 -0.091897599 -0.005893481 -0.013824861 0.010583261 0.999831080
1769791849056244480.000000 0.552997589 -0.225000277 -0.111304589 -0.003790014 -0.011778390 0.006370642 0.999903142
1769791849222890496.000000 0.509361923 -0.287114590 -0.101578943 0.003821629 -0.010389968 0.001538500 0.999937534
1769791849389619200.000000 0.475247473 -0.337967455 -0.112646595 0.015095074 -0.013770400 0.000333506 0.999791205
1769791849522941952.000000 0.451939672 -0.375382543 -0.128056288 0.025137363 -0.017428413 0.000062213 0.999532104
1769791849722950656.000000 0.435383618 -0.423876494 -0.052662447 0.040883806 -0.036608949 -0.002536281 0.998489797
1769791849822944256.000000 0.425787657 -0.415490657 -0.057657544 0.050929416 -0.049242642 -0.009039410 0.997446597
1769791849856291584.000000 0.415099919 -0.410641551 -0.053442139 0.055428553 -0.051744774 -0.009532219 0.997075379
1769791849889611264.000000 0.405919313 -0.409586370 -0.062592432 0.058663160 -0.055080134 -0.010640730 0.996700346
1769791849989601536.000000 0.409625798 -0.399497300 -0.023716113 0.067276075 -0.071358196 -0.009552717 0.995133519
1769791850022932224.000000 0.417896032 -0.412133753 -0.030527046 0.067074291 -0.078411765 -0.008197533 0.994628310
1769791850056265984.000000 0.421752185 -0.417741239 -0.046878453 0.067650788 -0.082716592 -0.007056021 0.994249284
1769791850089601024.000000 0.423907459 -0.422630459 -0.023707220 0.067298688 -0.087870471 -0.003561348 0.993849576
1769791850122937344.000000 0.414897531 -0.422235310 -0.040542927 0.066618547 -0.089931294 -0.000076870 0.993717432
1769791850156268800.000000 0.396987408 -0.403245956 -0.019370457 0.070726112 -0.089536764 -0.002281250 0.993466556
1769791850256275968.000000 0.396217555 -0.408029079 -0.029728299 0.066382982 -0.092244200 0.007833898 0.993490279
1769791850289608704.000000 0.393328875 -0.410901129 -0.029646330 0.064467780 -0.090642489 0.008742394 0.993756235
1769791850322934272.000000 0.398456722 -0.408774137 -0.034367662 0.063946851 -0.089274555 0.009654129 0.993905246
1769791850356265216.000000 0.380334496 -0.399174631 0.010951008 0.054025222 -0.083887428 0.006544239 0.994988143
1769791850389607424.000000 0.381217569 -0.394389540 0.012737279 0.043149114 -0.082275592 0.006197448 0.995655775
1769791850422937344.000000 0.375666618 -0.401517630 0.044631626 0.029436918 -0.080160722 0.005076217 0.996334314
1769791850522942464.000000 0.366243929 -0.424817622 0.027801704 0.001007612 -0.073893055 -0.001599999 0.997264385
1769791850589627392.000000 0.360769421 -0.435861140 0.042763244 -0.011250847 -0.071243770 -0.002451042 0.997392476
1769791850622936320.000000 0.360388279 -0.450089395 0.045635693 -0.018129086 -0.071028814 -0.003779299 0.997302353
1769791850656278272.000000 0.585972071 -0.532072186 0.062618800 -0.032039784 -0.093570933 -0.005176427 0.995083511
1769791850722948608.000000 0.569399536 -0.548833966 0.064300701 -0.041685712 -0.089996494 -0.007110314 0.995043933
1769791850889610752.000000 0.528191984 -0.607119322 0.059362184 -0.057199501 -0.082235217 -0.009834001 0.994921565
1769791851056288256.000000 0.489218533 -0.664936006 0.062065076 -0.061507549 -0.075164467 -0.011233727 0.995209038
1769791851156272640.000000 0.487313062 -0.670608640 0.070025176 -0.055969775 -0.073150568 -0.011732677 0.995680034
1769791851322939648.000000 0.497297019 -0.661973178 0.062718108 -0.040584140 -0.071023159 -0.012508833 0.996570230
1769791851422938624.000000 0.487731308 -0.676720738 0.056782853 -0.035629127 -0.068799928 -0.012305110 0.996918142
1769791851456289024.000000 0.483190447 -0.681665838 0.051041566 -0.034131642 -0.067886263 -0.012568392 0.997029841
1769791851589619456.000000 0.461894572 -0.704336107 0.037895404 -0.028935371 -0.064653404 -0.011740086 0.997419119
1769791851689612288.000000 0.444744378 -0.711151540 0.052145369 -0.025257718 -0.062959880 -0.012218646 0.997621596
1769791852856307712.000000 0.190953940 -0.635124683 0.004323860 -0.001035918 -0.041649953 -0.013691078 0.999037921
1769791852956267776.000000 0.190353304 -0.635953546 0.005546763 -0.002307158 -0.042772193 -0.013809199 0.998986781
1769791853222933504.000000 0.185966179 -0.634694219 0.003222563 -0.006621989 -0.044228982 -0.013185519 0.998912454
1769791853322941952.000000 0.185545444 -0.635829210 -0.000059380 -0.008641271 -0.045346145 -0.012645006 0.998853922
1769791853422937344.000000 0.184938133 -0.633474410 0.001624333 -0.010621668 -0.045761790 -0.012424048 0.998818696
1769791853589611520.000000 0.183396846 -0.629964530 -0.002527955 -0.014273503 -0.047072910 -0.012164642 0.998715401
1769791853889601024.000000 0.176914766 -0.632012904 -0.006510681 -0.023292432 -0.048274502 -0.011977112 0.998490691
1769791854089612544.000000 0.174267352 -0.632030725 -0.012539063 -0.029796174 -0.048976630 -0.011466102 0.998289526
1769791854422939136.000000 0.170647293 -0.623977661 -0.023058131 -0.040183164 -0.049443398 -0.011273536 0.997904599
1769791854589597440.000000 0.154547170 -0.606022298 -0.029785724 -0.044096325 -0.047970895 -0.010099435 0.997823834
1769791854756281600.000000 0.155152544 -0.567187607 -0.045374949 -0.045699384 -0.047996026 -0.011407998 0.997736335
1769791854989605376.000000 0.145843625 -0.522979677 -0.044327565 -0.048069105 -0.051415242 -0.048905633 0.996320307
1769791855256268800.000000 0.129559577 -0.461366206 -0.037407413 -0.048548110 -0.054392509 -0.129786819 0.988857925
1769791855556267776.000000 0.128760755 -0.410864025 -0.041701891 -0.050363615 -0.059440065 -0.213310167 0.973873317
1769791855622942208.000000 0.118528791 -0.399789125 -0.050940890 -0.051533047 -0.058261443 -0.232497618 0.969481707
1769791855822939648.000000 0.125835881 -0.347487748 -0.054323312 -0.049048860 -0.060988754 -0.276602626 0.957792044
1769791856056269312.000000 0.139740691 -0.293934941 -0.065754764 -0.046798971 -0.063680567 -0.319020003 0.944447398
1769791856122933248.000000 0.142834038 -0.281444132 -0.063464344 -0.046865731 -0.064226858 -0.330044746 0.940611005
1769791856289607936.000000 0.151213437 -0.252107471 -0.054019164 -0.046019670 -0.065011755 -0.352346241 0.932474017
1769791856356263936.000000 0.155724645 -0.243848562 -0.063289575 -0.046047974 -0.064982302 -0.360138983 0.929492772
1769791856389619712.000000 0.159435257 -0.239291281 -0.067328937 -0.045638345 -0.065360881 -0.363836199 0.928045452
1769791856589611008.000000 0.184850037 -0.210405633 -0.088018879 -0.042989466 -0.066447653 -0.382145196 0.920707226
1769791856922952192.000000 0.223874092 -0.175868616 -0.078067556 -0.040774707 -0.065368973 -0.404111296 0.911459506
1769791857356276736.000000 0.290018201 -0.177805915 -0.069154687 -0.040671192 -0.067079246 -0.404618144 0.911114931
1769791857689617920.000000 0.346487939 -0.209512517 -0.046375673 -0.042229924 -0.065622590 -0.387916982 0.918384850
1769791857922955520.000000 0.384811610 -0.246111721 -0.030669913 -0.043519825 -0.062730536 -0.367314339 0.926957965
1769791858089614848.000000 0.417817026 -0.273638338 -0.022461027 -0.043254267 -0.060744200 -0.345607966 0.935411334
1769791858222952960.000000 0.445230544 -0.307207912 -0.020510133 -0.044224720 -0.059270069 -0.322920948 0.943532407
1769791858389614848.000000 0.480311692 -0.360640258 -0.030585648 -0.046225138 -0.057112191 -0.282570034 0.956428587
1769791858489633024.000000 0.511480927 -0.393615961 -0.023283657 -0.047190439 -0.055094000 -0.250171930 0.965480030
1769791858556279296.000000 0.530281365 -0.412149549 -0.017908946 -0.046955902 -0.054085653 -0.228557765 0.970891953
1769791858622947328.000000 0.545388758 -0.435562283 -0.025967024 -0.047345649 -0.052004423 -0.209432229 0.975290775
1769791858689615616.000000 0.569828272 -0.448563606 -0.008250934 -0.046052549 -0.052298255 -0.190846249 0.979143441
1769791858756279808.000000 0.589777648 -0.474918246 -0.005804366 -0.047695484 -0.051841665 -0.173989907 0.982224584
1769791858822951680.000000 0.599892735 -0.495027095 -0.026068272 -0.044393763 -0.049319528 -0.165163249 0.984031439
1769791858889615872.000000 0.619693160 -0.504342496 -0.019036606 -0.037541479 -0.048134226 -0.161147043 0.985040843
1769791858956282880.000000 0.634688377 -0.523155808 -0.003960302 -0.031858169 -0.045704480 -0.160307005 0.985493720
1769791859022943744.000000 0.652321160 -0.547530234 -0.015781548 -0.025823537 -0.042724688 -0.157365769 0.986277759
1769791859089615616.000000 0.672233343 -0.569520473 -0.021329731 -0.020066883 -0.039383855 -0.156057373 0.986758530
1769791859222945280.000000 0.706551313 -0.602580845 -0.001338156 -0.007360607 -0.029973119 -0.153218582 0.987710238
1769791859322959104.000000 0.735712826 -0.643974304 -0.001621535 -0.000120781 -0.024090132 -0.149386838 0.988485336
1769791859356285184.000000 0.742212474 -0.646436810 -0.009625926 0.003499491 -0.020606732 -0.148955867 0.988622904
1769791859422957312.000000 0.754559755 -0.650988519 0.013761749 0.009306759 -0.011634813 -0.148186579 0.988847196
1769791859489613824.000000 0.766519308 -0.663112223 0.036590740 0.012724013 -0.001644177 -0.148804322 0.988783419
1769791859556291328.000000 0.788120210 -0.681647599 0.047823537 0.014557355 0.006871757 -0.145363167 0.989247441
1769791859622944512.000000 0.791898966 -0.699401617 0.064465329 0.013407755 0.018330770 -0.147862494 0.988747180
1769791859756288512.000000 0.796751738 -0.714531898 0.101200625 0.013455336 0.040177632 -0.151767835 0.987507641
1769791859856277760.000000 0.823408067 -0.750032306 0.114570372 0.007816652 0.047589403 -0.151694492 0.987250209
1769791859989614336.000000 0.881521940 -0.786754370 0.134686410 -0.000795046 0.044924822 -0.151400968 0.987450719
1769791860056320512.000000 0.882569909 -0.807407916 0.126811519 -0.019832972 0.039276160 -0.145916551 0.988317966
1769791860222946560.000000 0.927222371 -0.800892591 0.106367245 -0.062188838 0.011382299 -0.110949114 0.991813123
1769791860423015936.000000 0.974781871 -0.813233078 0.155446470 -0.093493238 -0.008680151 -0.079540037 0.992399693
1769791860689612032.000000 1.050266623 -0.862789810 0.178042263 -0.110993095 -0.028181637 -0.042785231 0.992499769
1769791860756277248.000000 1.064413905 -0.870621681 0.185388371 -0.110560581 -0.030591438 -0.034695443 0.992792428
1769791860922961664.000000 1.087692142 -0.866033435 0.196260214 -0.100694433 -0.034971889 -0.025520613 0.993975043
1769791861122953472.000000 1.112897754 -0.859849393 0.205995366 -0.079563692 -0.037759371 -0.018969396 0.995933771
1769791861489613568.000000 1.191298008 -0.934571803 0.231689841 -0.061567560 -0.045882072 -0.003320240 0.997042239
1769791861789608704.000000 1.228876472 -0.967703521 0.250115126 -0.052736107 -0.047903363 0.002206536 0.997456431
1769791862389623808.000000 1.296570539 -0.945259213 0.287383646 -0.042284634 -0.050246272 0.007120083 0.997815967
1769791862956275200.000000 1.316854119 -0.898275435 0.281346560 -0.038073048 -0.045393419 0.005923934 0.998225808
1769791863456275712.000000 1.347195148 -0.837295949 0.269221336 -0.040953983 -0.044929489 0.008132156 0.998117268
1769791863722949120.000000 1.351311922 -0.763697028 0.267575949 -0.039432485 -0.043772019 0.003614553 0.998256505
1769791864022941184.000000 1.361529112 -0.667069614 0.261188865 -0.036793601 -0.043770872 0.003966676 0.998355985
1769791864222941440.000000 1.357218504 -0.597200394 0.246860728 -0.035189617 -0.042280145 -0.001150059 0.998485267
1769791864356279040.000000 1.357369065 -0.558184505 0.239293501 -0.035206761 -0.042600475 -0.004163094 0.998463035
1769791864456276224.000000 1.355371118 -0.526699245 0.239313021 -0.034697820 -0.042174071 -0.006620906 0.998485684
1769791864556275200.000000 1.350970387 -0.498891950 0.238269657 -0.035114855 -0.041472189 -0.008760083 0.998483956
1769791864622950912.000000 1.348092556 -0.485903800 0.237391487 -0.036258936 -0.041397072 -0.012224889 0.998409808
1769791864756283648.000000 1.340538263 -0.447264969 0.234621584 -0.036605787 -0.040107403 -0.016669774 0.998385489
1769791864889613568.000000 1.334576607 -0.402892411 0.225787446 -0.035032898 -0.039542608 -0.017710773 0.998446524
1769791865022976512.000000 1.323048353 -0.379580021 0.220338121 -0.037792843 -0.038521215 -0.025225684 0.998224199
1769791865156286720.000000 1.305735946 -0.362185419 0.211946428 -0.042117525 -0.035134163 -0.032144267 0.997977197
1769791865322938368.000000 1.292467237 -0.330801964 0.203128725 -0.044561006 -0.033406001 -0.038934674 0.997688532
1769791865522938368.000000 1.275686741 -0.276883066 0.196870267 -0.043759789 -0.032127678 -0.040615760 0.997699022
1769791865656308224.000000 1.262686729 -0.249526307 0.185085252 -0.044062126 -0.031677384 -0.043865267 0.997562468
1769791865789648128.000000 1.250515938 -0.231440395 0.165406644 -0.045500103 -0.030690232 -0.048422661 0.997317970
1769791865956309760.000000 1.232418418 -0.209546939 0.146939039 -0.047662485 -0.029679470 -0.052406747 0.997046113
1769791866189643520.000000 1.209913254 -0.175982118 0.140751243 -0.047969509 -0.029824633 -0.054685228 0.996904731
1769791866322988032.000000 1.195196509 -0.164841995 0.130153209 -0.049494117 -0.029484343 -0.056527566 0.996737480
1769791866556319744.000000 1.169114709 -0.146622509 0.114580363 -0.048860371 -0.031124797 -0.058332052 0.996614933
1769791866756318464.000000 1.148043871 -0.140473634 0.100151122 -0.051058169 -0.031142220 -0.062095959 0.996276736
1769791866922995200.000000 1.127288222 -0.139006793 0.089301124 -0.051159114 -0.030602535 -0.058834437 0.996486247
1769791867122987008.000000 1.102258801 -0.141540289 0.077639222 -0.051435046 -0.031230919 -0.058303501 0.996483743
1769791867322980608.000000 1.075899839 -0.152959093 0.068903863 -0.051717490 -0.032108717 -0.056120742 0.996566534
1769791867456320512.000000 1.058168650 -0.164287373 0.059698015 -0.051543597 -0.032787025 -0.054367695 0.996650636
1769791867589651712.000000 1.039092183 -0.176267356 0.051135201 -0.050328296 -0.033542875 -0.051552050 0.996837199
1769791867689645568.000000 1.024927735 -0.191353455 0.048279259 -0.050838269 -0.034565873 -0.048968289 0.996906638
1769791867789642240.000000 1.013042092 -0.206641957 0.037348632 -0.050173137 -0.035847209 -0.045922175 0.997040033
1769791867956320256.000000 0.989898384 -0.234394997 0.029149890 -0.049202286 -0.037050959 -0.040792324 0.997267485
1769791868023022080.000000 0.979163349 -0.245576724 0.021418184 -0.048237279 -0.037279539 -0.039435666 0.997360647
1769791868156312832.000000 0.964316130 -0.268722147 0.011001030 -0.046442255 -0.039670579 -0.034825169 0.997525215
1769791868222980096.000000 0.956035733 -0.280545682 0.009390147 -0.045058466 -0.040422488 -0.031950749 0.997654736
1769791868256341760.000000 0.954454720 -0.285083830 0.007422745 -0.043884419 -0.041100278 -0.029671967 0.997749746
1769791868322978304.000000 0.946190059 -0.302492499 0.004387029 -0.044050712 -0.042224612 -0.027190067 0.997766197
1769791868389657600.000000 0.937249243 -0.315726161 0.001924913 -0.042737976 -0.042388439 -0.023890929 0.997900784
1769791868456327936.000000 0.929500401 -0.326659322 -0.016489647 -0.039900053 -0.043005854 -0.021115303 0.998054445
1769791868489681408.000000 0.927247226 -0.335247844 -0.019837281 -0.039257757 -0.043679990 -0.018919792 0.998094678
1769791868622992640.000000 0.879902363 -0.351392210 -0.007856724 -0.033673335 -0.038475949 -0.014974445 0.998579741
1769791868689667072.000000 0.868910730 -0.364165962 -0.014006756 -0.031148212 -0.038629249 -0.012647928 0.998687983
1769791868722990848.000000 0.860033929 -0.371646941 -0.016647261 -0.030363886 -0.038050115 -0.013553478 0.998722494
1769791868789658368.000000 0.849802792 -0.389345646 -0.026203500 -0.027843464 -0.038649943 -0.014196059 0.998763919
1769791868822982656.000000 0.839626849 -0.396810800 -0.032457002 -0.025292423 -0.038044434 -0.014477246 0.998851001
1769791868922979328.000000 0.819795728 -0.408379495 -0.007165276 -0.015149867 -0.039778586 -0.013331545 0.999004722
1769791868989646336.000000 0.809197545 -0.427721977 -0.014392398 -0.010227702 -0.041546214 -0.012322596 0.999008238
1769791869122982400.000000 0.781555712 -0.461161882 -0.015761025 -0.000543127 -0.044408098 -0.013057528 0.998928010
1769791869256312576.000000 0.760373414 -0.497388542 -0.010665235 0.008864654 -0.049577694 -0.012776175 0.998649180
1769791869322985216.000000 0.752183020 -0.511392593 -0.014434525 0.015553809 -0.052085459 -0.012343922 0.998445213
1769791869422994176.000000 0.741198778 -0.536190450 0.009449666 0.023425931 -0.060871545 -0.011961550 0.997799039
1769791869556312064.000000 0.732611895 -0.574847817 0.016793106 0.030978022 -0.078220673 -0.007586310 0.996425807
1769791869622971648.000000 0.719048679 -0.582804143 0.017928388 0.037110411 -0.086361602 -0.010477432 0.995517313
1769791869689650944.000000 0.716386378 -0.573382616 0.034278795 0.044171702 -0.096972100 -0.010000001 0.994256139
1769791869722987008.000000 0.714735210 -0.575317979 0.043767598 0.046026621 -0.102214500 -0.008978163 0.993656456
1769791869822987008.000000 0.710914075 -0.572450697 0.059087012 0.051281128 -0.115801848 -0.004780171 0.991936147
1769791869856318720.000000 0.711856306 -0.574736714 0.053309612 0.051512379 -0.119616099 -0.003350578 0.991477311
1769791869889638144.000000 0.710667372 -0.574059069 0.058738463 0.051672511 -0.122704275 -0.000882710 0.991096795
1769791869922990080.000000 0.710289061 -0.573495269 0.047352489 0.051505111 -0.124440588 0.000966077 0.990888894
1769791869956308480.000000 0.708734930 -0.576693296 0.054272588 0.050060630 -0.125938445 0.003466931 0.990768135
1769791869989648896.000000 0.707213581 -0.576944113 0.054636449 0.048699681 -0.126057848 0.006080780 0.990808129
1769791870089648128.000000 0.705119908 -0.576461852 0.056397207 0.044550505 -0.121555686 0.009713363 0.991536796
1769791870122980608.000000 0.699435711 -0.583181262 0.071407080 0.031259365 -0.118111551 0.008049360 0.992475569
1769791870156307968.000000 0.696638763 -0.589631736 0.078366324 0.017448839 -0.116338588 0.007388512 0.993028879
1769791870189636608.000000 0.695982814 -0.580837727 0.084426127 0.007421896 -0.114618741 0.005332751 0.993367553
1769791870222978560.000000 0.691767633 -0.592479229 0.079889782 -0.004599823 -0.111945048 0.003305991 0.993698299
1769791870356313088.000000 0.671274543 -0.606441081 0.043741491 -0.030936426 -0.103186443 -0.001405121 0.994179845
1769791870522970880.000000 0.635704279 -0.655170977 0.014146863 -0.055289995 -0.094802104 -0.006286333 0.993939698
1769791870689643264.000000 0.597332716 -0.698154986 0.025388483 -0.067551062 -0.087744497 -0.009666304 0.993803024
1769791870822973952.000000 0.574353099 -0.731799781 0.026175525 -0.069790974 -0.083152145 -0.010573893 0.994033813
1769791870956309760.000000 0.550155282 -0.761454701 0.037131060 -0.067175753 -0.078557864 -0.011069324 0.994582117
1769791871189637632.000000 0.516397715 -0.806074977 0.039017484 -0.055807855 -0.071124747 -0.010184165 0.995852947
1769791871356305408.000000 0.515678883 -0.805188954 0.039597686 -0.047235355 -0.069636144 -0.010341661 0.996399879
1769791871489683200.000000 0.515326500 -0.803699911 0.041654643 -0.041449018 -0.068920478 -0.010577071 0.996704638
1769791872122979584.000000 0.514990091 -0.803235710 0.040889520 -0.030602710 -0.068234637 -0.010068764 0.997149050
1769791872656311040.000000 0.513010263 -0.803047001 0.035803586 -0.031085616 -0.068719737 -0.009135483 0.997109771
1769791873022969600.000000 0.511126518 -0.802479506 0.033379987 -0.036374751 -0.068670958 -0.009008091 0.996935308
1769791873256304128.000000 0.510559142 -0.801102340 0.034008618 -0.040474895 -0.068385839 -0.009167394 0.996795416
1769791873522972672.000000 0.509218991 -0.800692677 0.030095594 -0.046082471 -0.067721508 -0.009055124 0.996598303
1769791873823009536.000000 0.508867383 -0.801106453 0.029689223 -0.052811921 -0.066503115 -0.009077514 0.996346235
1769791874089665792.000000 0.507322490 -0.799606323 0.025835380 -0.058625050 -0.065465376 -0.009449734 0.996086419
1769791874256331264.000000 0.504549682 -0.802352071 0.020111669 -0.062864326 -0.064083777 -0.009451843 0.995917678
1769791874622994432.000000 0.505110860 -0.799283206 0.015993139 -0.069604188 -0.061867218 -0.009171513 0.995612144
1769791874889668608.000000 0.527291536 -0.761044562 0.013492502 -0.069874264 -0.062474199 -0.009273128 0.995554388
1769791875322997504.000000 0.566505730 -0.704722106 0.015959384 -0.069197536 -0.062891737 -0.010577054 0.995562434
1769791875823001344.000000 0.614085376 -0.671231508 0.020169986 -0.069976687 -0.064082094 -0.010118958 0.995436788
1769791876556331520.000000 0.679297686 -0.656592309 0.035258908 -0.070394754 -0.065644234 -0.009901339 0.995307684
1769791877122994944.000000 0.715182304 -0.671196282 0.036767811 -0.071248256 -0.066125058 -0.009977922 0.995214343
1769791877656334848.000000 0.745817423 -0.680076122 0.049442124 -0.071409948 -0.068563931 -0.009700584 0.995040476
1769791878089667584.000000 0.764232159 -0.700222611 0.038333889 -0.072631679 -0.070134498 -0.010857487 0.994830608
1769791878556328192.000000 0.781428933 -0.714649558 0.030592149 -0.074111246 -0.071807526 -0.009814699 0.994612932
1769791878722992128.000000 0.793215156 -0.729750574 0.009924116 -0.076530389 -0.072764784 -0.007748712 0.994378388
1769791878889679360.000000 0.797478199 -0.741087437 -0.013768234 -0.077647895 -0.071927115 -0.007672634 0.994353294
1769791879023000320.000000 0.802382350 -0.746061444 -0.022118576 -0.077909313 -0.072588563 -0.008927785 0.994274259
1769791879189666560.000000 0.810318232 -0.754811645 -0.040247701 -0.078241087 -0.073299155 -0.010672763 0.994178891
1769791879689721088.000000 0.811142743 -0.746000350 -0.021784425 -0.077617332 -0.074456275 -0.009874352 0.994150102
1769791881156357632.000000 0.803494811 -0.737037838 -0.005003768 -0.076964915 -0.074273646 -0.008667192 0.994225681
1769791882289682944.000000 0.812719345 -0.745326459 -0.011032095 -0.078247324 -0.075802848 -0.008829347 0.994008720
