1770028541.238436 0.0000000 0.0000000 0.0000000 -0.0000000 -0.0000000 -0.0000000 1.0000000
1770028541.505126 -0.0094467 0.0041738 0.0063357 0.0006859 0.0019830 -0.0002214 0.9999978
1770028541.538458 -0.0122450 0.0133918 0.0135783 0.0023180 0.0028324 -0.0015031 0.9999922
1770028544.738443 -0.0076824 0.0032531 0.0142908 0.0007392 0.0010963 -0.0002134 0.9999991
1770028545.671774 0.0452798 -0.0177397 -0.0013969 0.0024253 0.0009400 0.0004787 0.9999965
1770028546.238442 0.0969605 -0.0011172 0.0002160 0.0057178 0.0061040 0.0000531 0.9999650
1770028546.605116 0.1317098 0.0316033 0.0016523 0.0085363 0.0115738 -0.0014230 0.9998956
1770028546.805115 0.1468308 0.0542970 0.0028716 0.0090684 0.0152933 -0.0017823 0.9998404
1770028546.938490 0.1568976 0.0696757 0.0016099 0.0094802 0.0180754 -0.0014440 0.9997907
1770028547.105128 0.1700726 0.0925228 -0.0015698 0.0093432 0.0214648 -0.0019797 0.9997240
1770028547.405107 0.1516335 0.1294393 -0.0145383 0.0076321 0.0290693 -0.0023644 0.9995455
1770028547.605134 0.1301499 0.1418842 -0.0326049 0.0063658 0.0331781 -0.0024965 0.9994261
1770028547.738445 0.0907971 0.1436835 -0.0579973 0.0045502 0.0373160 -0.0016643 0.9992918
1770028547.838453 0.0702703 0.1359009 -0.0832401 0.0029008 0.0383124 -0.0003787 0.9992616
1770028548.071810 0.0660478 0.1357921 -0.0845565 0.0044498 0.0398565 -0.0007981 0.9991952
1770028548.305115 0.0622982 0.1305454 -0.0849202 0.0080620 0.0366532 -0.0018488 0.9992939
1770028548.605103 0.0612541 0.0926896 -0.0808488 0.0122020 0.0289237 0.0002417 0.9995071
1770028548.871773 0.0514501 0.0345925 -0.0844615 0.0163052 0.0230689 0.0013100 0.9996001
1770028549.038436 0.0376499 -0.0225231 -0.0952465 0.0174635 0.0211061 0.0033344 0.9996192
1770028550.771771 -0.2945926 -0.2911838 -0.0355409 -0.0081437 0.0161506 -0.0010701 0.9998358
1770028550.938449 -0.3152437 -0.2640300 -0.0394776 -0.0018651 0.0147549 -0.0004480 0.9998893
1770028551.071813 -0.3286262 -0.2437071 -0.0486458 0.0009891 0.0144922 -0.0015047 0.9998934
1770028551.138520 -0.3336966 -0.2294045 -0.0505220 0.0020310 0.0143350 -0.0018300 0.9998935
1770028552.338451 -0.3105805 0.1226564 -0.0523440 -0.0003375 0.0115137 -0.0038755 0.9999261
1770028552.471792 -0.3068398 0.1467773 -0.0527532 -0.0038841 0.0130874 -0.0367938 0.9992296
1770028552.605127 -0.2966101 0.1639422 -0.0550842 -0.0070037 0.0142899 -0.0624171 0.9979233
1770028552.771786 -0.2807786 0.1747818 -0.0612251 -0.0087683 0.0161294 -0.0805248 0.9965835
1770028553.505142 -0.1287489 0.1118770 -0.0436165 0.0066618 0.0251605 -0.0373115 0.9989647
1770028553.638452 -0.1079284 0.0830269 -0.0667172 0.0168537 0.0321882 -0.0375041 0.9986357
1770028553.938469 -0.0430398 -0.0010410 -0.0689491 0.0423579 0.0566096 -0.0315482 0.9969984
1770028554.438460 0.0842121 -0.1636937 -0.0761876 0.0477298 0.0918822 -0.0261933 0.9942804
1770028554.605114 0.1270818 -0.1746966 -0.0660354 0.0078544 0.0752938 -0.0161777 0.9969992
1770028555.038461 0.2422224 -0.2320999 -0.0441114 -0.0338438 0.0499310 0.0073190 0.9981523
1770028555.205135 0.2767439 -0.2502899 -0.0437281 -0.0306505 0.0450736 0.0115574 0.9984465
1770028555.338454 0.2997254 -0.2673549 -0.0465821 -0.0240390 0.0429931 0.0124855 0.9987081
1770028556.038452 0.3746088 -0.2024439 -0.0556126 0.0027850 0.0390037 0.0091442 0.9991934
1770028556.271782 0.3815171 -0.1405422 -0.0583453 0.0059687 0.0396311 0.0076525 0.9991673
1770028556.505134 0.3784445 -0.0696075 -0.0590390 0.0070945 0.0407870 0.0049708 0.9991303
1770028556.805115 0.3695453 0.0247298 -0.0570913 0.0068598 0.0418260 0.0022930 0.9990987
1770028557.171781 0.3346042 0.1304995 -0.0574674 0.0055819 0.0432859 -0.0011316 0.9990465
1770028557.405132 0.3088629 0.1737456 -0.0572958 0.0043066 0.0423326 -0.0026306 0.9990909
1770028557.638453 0.2804773 0.1945786 -0.0591809 0.0031681 0.0402448 -0.0032586 0.9991795
1770028557.838449 0.2518526 0.1996074 -0.0643585 0.0032568 0.0382297 -0.0035055 0.9992576
1770028558.071791 0.2128776 0.1868056 -0.0659081 0.0056247 0.0351637 -0.0035807 0.9993593
1770028558.338451 0.1640807 0.1544920 -0.0685328 0.0112280 0.0319311 -0.0020917 0.9994248
1770028558.871778 0.0713354 0.0399732 -0.0781859 0.0498110 0.0109469 -0.0060207 0.9986805
1770028559.105166 0.0305443 -0.0374877 -0.0790092 0.0648556 -0.0168671 -0.0068708 0.9977285
1770028560.905211 -0.3165416 -0.2516438 -0.0435674 0.0047026 0.0072542 -0.0003861 0.9999626
1770028561.205173 -0.3391917 -0.1790072 -0.0525486 0.0075146 0.0080461 -0.0011534 0.9999387
1770028561.538492 -0.3463763 -0.0760773 -0.0538493 0.0062925 0.0084837 -0.0007251 0.9999440
1770028562.571835 -0.2996677 0.1710585 -0.0493839 -0.0072726 0.0150955 -0.0727725 0.9972078
1770028563.905213 -0.0225407 -0.0239385 -0.0733388 0.0458675 0.0643834 -0.0302423 0.9964117
1770028567.905176 0.2220105 0.1888395 -0.0670217 0.0048112 0.0365057 -0.0028422 0.9993178
1770028568.805183 0.0716934 0.0279370 -0.0824915 0.0522520 0.0065175 -0.0057835 0.9985959
1770028568.971835 0.0424865 -0.0284999 -0.0810067 0.0628270 -0.0136673 -0.0058486 0.9979137
1770028572.838533 -0.2385613 0.1687043 -0.0546212 -0.0063447 0.0189431 -0.0670726 0.9975481
1770028573.405188 -0.1149604 0.0859793 -0.0664192 0.0141952 0.0304097 -0.0369894 0.9987520
1770028573.605169 -0.0724281 0.0352455 -0.0784981 0.0337179 0.0426265 -0.0336081 0.9979562
1770028574.171854 0.0749196 -0.1446974 -0.0725100 0.0492514 0.0934638 -0.0262549 0.9940571
1770028578.938504 0.0264383 -0.0550237 -0.0810028 0.0665328 -0.0218806 -0.0074980 0.9975162
1770028582.471859 -0.2889685 0.1774784 -0.0517503 -0.0082365 0.0162482 -0.0811494 0.9965355
1770028583.605190 -0.0464183 0.0045450 -0.0701544 0.0404872 0.0531511 -0.0320499 0.9972505
1770028584.171862 0.0947083 -0.1699257 -0.0705847 0.0440069 0.0885334 -0.0257703 0.9947669
1770028584.605189 0.2181407 -0.2182398 -0.0467613 -0.0297125 0.0545415 0.0027986 0.9980654
1770028584.838530 0.2708758 -0.2447589 -0.0453749 -0.0321757 0.0459547 0.0118742 0.9983546
1770028585.138537 0.3274994 -0.2786270 -0.0471874 -0.0172278 0.0404501 0.0129229 0.9989495
1770028585.471865 0.3698537 -0.2531837 -0.0480837 -0.0052489 0.0366553 0.0129018 0.9992309
1770028585.871901 0.3870516 -0.1704149 -0.0521562 0.0047756 0.0389753 0.0089622 0.9991886
1770028586.205182 0.3842501 -0.0731684 -0.0539661 0.0066213 0.0404150 0.0057183 0.9991447
1770028586.538518 0.3650850 0.0372655 -0.0551546 0.0069281 0.0426587 0.0020115 0.9990637
1770028587.005190 0.3205094 0.1525895 -0.0579504 0.0042776 0.0427131 -0.0014008 0.9990773
1770028587.471858 0.2569847 0.1955250 -0.0631476 0.0027858 0.0388354 -0.0022327 0.9992393
1770028587.738517 0.2153798 0.1868178 -0.0641761 0.0054899 0.0358919 -0.0026743 0.9993370
1770028588.138531 0.1460834 0.1297283 -0.0753181 0.0137356 0.0303934 -0.0013154 0.9994428
1770028588.505186 0.0818949 0.0522259 -0.0762611 0.0433289 0.0155620 -0.0058327 0.9989226
1770028588.638540 0.0652972 0.0098691 -0.0918427 0.0542339 0.0021839 -0.0058106 0.9985090
1770028588.938534 0.0046567 -0.0902830 -0.0798230 0.0700813 -0.0329182 -0.0076869 0.9969684
1770028589.105197 -0.0330763 -0.1563544 -0.0755732 0.0683737 -0.0424430 -0.0035746 0.9967502
1770028589.271863 -0.0669861 -0.2062871 -0.0800385 0.0572147 -0.0325543 0.0000308 0.9978310
1770028589.738516 -0.1663452 -0.2559376 -0.0486646 -0.0104889 -0.0096077 0.0004267 0.9998987
1770028590.971874 -0.2490464 -0.1535961 -0.0483674 0.0050208 0.0080863 -0.0012998 0.9999539
1770028591.371868 -0.2224621 -0.0811113 -0.0484633 0.0038173 0.0091598 0.0007557 0.9999505
1770028591.838545 -0.1869237 -0.0251482 -0.0548805 0.0035597 0.0115992 -0.0001053 0.9999264
1770028592.338543 -0.1477503 -0.0162242 -0.0668420 0.0029253 0.0124728 0.0000430 0.9999179
1770028593.038544 -0.1156573 -0.0241781 -0.0622099 0.0045788 0.0124151 0.0005483 0.9999123
