1770028541238436096.000000 0.000000000 0.000000000 0.000000000 -0.000000000 -0.000000000 -0.000000000 1.000000000
1770028541505125632.000000 -0.009446677 0.004173755 0.006335720 0.000685906 0.001983006 -0.000221405 0.999997795
1770028541538458112.000000 -0.012244998 0.013391803 0.013578342 0.002318026 0.002832395 -0.001503095 0.999992192
1770028544738443264.000000 -0.007682383 0.003253072 0.014290816 0.000739196 0.001096341 -0.000213426 0.999999106
1770028545671774464.000000 0.045279816 -0.017739717 -0.001396912 0.002425348 0.000939996 0.000478658 0.999996483
1770028546238442240.000000 0.096960485 -0.001117162 0.000215996 0.005717783 0.006103978 0.000053128 0.999965012
1770028546605116416.000000 0.131709784 0.031603329 0.001652275 0.008536323 0.011573775 -0.001422957 0.999895573
1770028546805114624.000000 0.146830827 0.054297000 0.002871613 0.009068371 0.015293332 -0.001782287 0.999840379
1770028546938490112.000000 0.156897590 0.069675736 0.001609881 0.009480155 0.018075369 -0.001444000 0.999790668
1770028547105128192.000000 0.170072556 0.092522755 -0.001569792 0.009343185 0.021464808 -0.001979657 0.999724030
1770028547405106944.000000 0.151633456 0.129439279 -0.014538270 0.007632100 0.029069288 -0.002364396 0.999545515
1770028547605133824.000000 0.130149931 0.141884193 -0.032604896 0.006365835 0.033178080 -0.002496543 0.999426067
1770028547738444800.000000 0.090797111 0.143683538 -0.057997253 0.004550184 0.037316035 -0.001664296 0.999291778
1770028547838452992.000000 0.070270337 0.135900885 -0.083240084 0.002900770 0.038312364 -0.000378700 0.999261558
1770028548071810048.000000 0.066047780 0.135792106 -0.084556535 0.004449758 0.039856482 -0.000798113 0.999195218
1770028548305115136.000000 0.062298242 0.130545363 -0.084920153 0.008061953 0.036653198 -0.001848766 0.999293864
1770028548605103616.000000 0.061254058 0.092689641 -0.080848783 0.012202018 0.028923716 0.000241677 0.999507129
1770028548871773184.000000 0.051450100 0.034592539 -0.084461495 0.016305156 0.023068856 0.001309970 0.999600053
1770028549038436352.000000 0.037649903 -0.022523107 -0.095246531 0.017463535 0.021106148 0.003334355 0.999619186
1770028550771771392.000000 -0.294592649 -0.291183770 -0.035540886 -0.008143662 0.016150581 -0.001070108 0.999835849
1770028550938448640.000000 -0.315243661 -0.264029980 -0.039477590 -0.001865056 0.014754944 -0.000448029 0.999889314
1770028551071813120.000000 -0.328626215 -0.243707106 -0.048645828 0.000989073 0.014492213 -0.001504726 0.999893367
1770028551138519808.000000 -0.333696574 -0.229404479 -0.050522033 0.002030975 0.014334992 -0.001829989 0.999893546
1770028552338450688.000000 -0.310580492 0.122656383 -0.052343991 -0.000337479 0.011513692 -0.003875503 0.999926150
1770028552471791872.000000 -0.306839794 0.146777272 -0.052753206 -0.003884079 0.013087411 -0.036793761 0.999229610
1770028552605126912.000000 -0.296610147 0.163942233 -0.055084202 -0.007003658 0.014289871 -0.062417082 0.997923315
1770028552771786240.000000 -0.280778587 0.174781814 -0.061225116 -0.008768310 0.016129371 -0.080524772 0.996583521
1770028553505142528.000000 -0.128748909 0.111877024 -0.043616511 0.006661840 0.025160549 -0.037311535 0.998964667
1770028553638451712.000000 -0.107928410 0.083026901 -0.066717178 0.016853683 0.032188244 -0.037504148 0.998635709
1770028553938468608.000000 -0.043039817 -0.001041010 -0.068949133 0.042357873 0.056609612 -0.031548206 0.996998429
1770028554438460416.000000 0.084212095 -0.163693711 -0.076187626 0.047729805 0.091882236 -0.026193291 0.994280398
1770028554605114368.000000 0.127081767 -0.174696580 -0.066035375 0.007854386 0.075293794 -0.016177693 0.996999204
1770028555038461440.000000 0.242222369 -0.232099935 -0.044111449 -0.033843812 0.049930975 0.007318989 0.998152316
1770028555205134848.000000 0.276743859 -0.250289917 -0.043728109 -0.030650485 0.045073584 0.011557354 0.998446524
1770028555338453760.000000 0.299725413 -0.267354906 -0.046582066 -0.024038967 0.042993061 0.012485504 0.998708129
1770028556038452224.000000 0.374608785 -0.202443928 -0.055612579 0.002785014 0.039003652 0.009144232 0.999193370
1770028556271781632.000000 0.381517112 -0.140542164 -0.058345344 0.005968673 0.039631117 0.007652532 0.999167264
1770028556505133568.000000 0.378444523 -0.069607474 -0.059039045 0.007094515 0.040787011 0.004970843 0.999130309
1770028556805114624.000000 0.369545281 0.024729811 -0.057091258 0.006859804 0.041825976 0.002293039 0.999098718
1770028557171781120.000000 0.334604174 0.130499497 -0.057467368 0.005581947 0.043285925 -0.001131593 0.999046504
1770028557405131776.000000 0.308862895 0.173745647 -0.057295833 0.004306587 0.042332627 -0.002630578 0.999090850
1770028557638453504.000000 0.280477256 0.194578603 -0.059180867 0.003168077 0.040244848 -0.003258641 0.999179542
1770028557838448640.000000 0.251852572 0.199607432 -0.064358518 0.003256831 0.038229670 -0.003505529 0.999257565
1770028558071790848.000000 0.212877646 0.186805636 -0.065908104 0.005624652 0.035163675 -0.003580686 0.999359310
1770028558338451456.000000 0.164080679 0.154491991 -0.068532750 0.011227951 0.031931091 -0.002091738 0.999424815
1770028558871777792.000000 0.071335420 0.039973229 -0.078185864 0.049810972 0.010946941 -0.006020699 0.998680532
1770028559105166080.000000 0.030544287 -0.037487719 -0.079009198 0.064855576 -0.016867135 -0.006870809 0.997728467
1770028560905211136.000000 -0.316541642 -0.251643807 -0.043567412 0.004702611 0.007254166 -0.000386052 0.999962568
1770028561205172480.000000 -0.339191705 -0.179007173 -0.052548584 0.007514639 0.008046101 -0.001153365 0.999938726
1770028561538492416.000000 -0.346376300 -0.076077290 -0.053849306 0.006292490 0.008483750 -0.000725078 0.999943972
1770028562571835136.000000 -0.299667656 0.171058476 -0.049383920 -0.007272588 0.015095468 -0.072772495 0.997207820
1770028563905212928.000000 -0.022540698 -0.023938535 -0.073338769 0.045867532 0.064383395 -0.030242292 0.996411741
1770028567905175808.000000 0.222010538 0.188839525 -0.067021683 0.004811244 0.036505654 -0.002842152 0.999317825
1770028568805182976.000000 0.071693435 0.027937019 -0.082491487 0.052252021 0.006517488 -0.005783546 0.998595893
1770028568971834880.000000 0.042486504 -0.028499927 -0.081006743 0.062827006 -0.013667314 -0.005848649 0.997913718
1770028572838532608.000000 -0.238561332 0.168704256 -0.054621182 -0.006344748 0.018943114 -0.067072615 0.997548103
1770028573405187840.000000 -0.114960365 0.085979275 -0.066419229 0.014195157 0.030409692 -0.036989436 0.998751998
1770028573605168640.000000 -0.072428063 0.035245456 -0.078498140 0.033717852 0.042626493 -0.033608072 0.997956216
1770028574171853568.000000 0.074919611 -0.144697413 -0.072509989 0.049251396 0.093463801 -0.026254943 0.994057119
1770028578938503424.000000 0.026438279 -0.055023652 -0.081002757 0.066532761 -0.021880597 -0.007497962 0.997516155
1770028582471859200.000000 -0.288968503 0.177478358 -0.051750265 -0.008236496 0.016248243 -0.081149407 0.996535480
1770028583605189888.000000 -0.046418309 0.004544988 -0.070154414 0.040487248 0.053151134 -0.032049939 0.997250497
1770028584171862272.000000 0.094708338 -0.169925675 -0.070584655 0.044006933 0.088533424 -0.025770301 0.994766891
1770028584605188608.000000 0.218140736 -0.218239769 -0.046761259 -0.029712545 0.054541487 0.002798618 0.998065412
1770028584838530304.000000 0.270875782 -0.244758874 -0.045374855 -0.032175686 0.045954727 0.011874209 0.998354614
1770028585138537216.000000 0.327499419 -0.278627038 -0.047187354 -0.017227836 0.040450133 0.012922928 0.998949468
1770028585471865088.000000 0.369853735 -0.253183663 -0.048083737 -0.005248858 0.036655318 0.012901806 0.999230921
1770028585871900928.000000 0.387051582 -0.170414925 -0.052156173 0.004775577 0.038975336 0.008962190 0.999188602
1770028586205181696.000000 0.384250075 -0.073168412 -0.053966094 0.006621251 0.040414993 0.005718298 0.999144733
1770028586538518016.000000 0.365084976 0.037265524 -0.055154592 0.006928058 0.042658716 0.002011536 0.999063671
1770028587005190400.000000 0.320509404 0.152589530 -0.057950418 0.004277592 0.042713139 -0.001400800 0.999077260
1770028587471857664.000000 0.256984711 0.195525005 -0.063147627 0.002785760 0.038835354 -0.002232704 0.999239266
1770028587738516992.000000 0.215379760 0.186817750 -0.064176142 0.005489922 0.035891898 -0.002674293 0.999337018
1770028588138531328.000000 0.146083385 0.129728332 -0.075318076 0.013735558 0.030393444 -0.001315401 0.999442816
1770028588505186048.000000 0.081894882 0.052225888 -0.076261066 0.043328904 0.015562008 -0.005832748 0.998922646
1770028588638540288.000000 0.065297201 0.009869129 -0.091842696 0.054233920 0.002183857 -0.005810638 0.998508990
1770028588938534400.000000 0.004656733 -0.090283014 -0.079823039 0.070081301 -0.032918181 -0.007686946 0.996968389
1770028589105197312.000000 -0.033076350 -0.156354398 -0.075573206 0.068373688 -0.042443044 -0.003574594 0.996750176
1770028589271863552.000000 -0.066986084 -0.206287116 -0.080038533 0.057214729 -0.032554306 0.000030770 0.997830987
1770028589738515712.000000 -0.166345239 -0.255937636 -0.048664574 -0.010488941 -0.009607675 0.000426688 0.999898732
1770028590971874048.000000 -0.249046445 -0.153596088 -0.048367392 0.005020849 0.008086294 -0.001299782 0.999953866
1770028591371868160.000000 -0.222462058 -0.081111304 -0.048463274 0.003817335 0.009159786 0.000755709 0.999950469
1770028591838545152.000000 -0.186923683 -0.025148161 -0.054880522 0.003559734 0.011599196 -0.000105301 0.999926388
1770028592338542592.000000 -0.147750258 -0.016224191 -0.066842005 0.002925342 0.012472789 0.000042953 0.999917924
1770028593038543872.000000 -0.115657263 -0.024178075 -0.062209912 0.004578775 0.012415105 0.000548310 0.999912322
