1770029538.072987 0.0000000 0.0000000 0.0000000 -0.0000000 -0.0000000 -0.0000000 1.0000000
1770029539.606341 0.0163765 -0.0084209 -0.0074043 -0.0000174 -0.0030596 -0.0004755 0.9999952
1770029539.706310 0.0185435 -0.0114251 -0.0080458 0.0002243 -0.0032814 -0.0007462 0.9999943
1770029540.139654 0.0304672 -0.0202780 -0.0109301 0.0000657 -0.0032908 -0.0016501 0.9999932
1770029543.106310 0.2641831 0.0745862 -0.0111495 0.0050453 0.0224583 0.0047465 0.9997238
1770029543.339654 0.2825280 0.1028146 -0.0068011 0.0029686 0.0255589 0.0051346 0.9996557
1770029543.539640 0.2991853 0.1263754 -0.0008651 0.0014466 0.0291509 0.0046212 0.9995633
1770029543.839664 0.3177027 0.1676706 0.0009490 -0.0013674 0.0313064 0.0033053 0.9995034
1770029544.106393 0.3362558 0.1968686 0.0000211 -0.0035817 0.0302715 0.0031019 0.9995305
1770029544.372982 0.3489371 0.2305745 0.0009754 -0.0039868 0.0293513 0.0025226 0.9995580
1770029545.872913 0.2569731 0.1733516 -0.0129639 0.0103758 0.0209033 0.0019716 0.9997258
1770029548.006274 -0.1548992 -0.3646863 0.0426542 -0.0560936 -0.0088844 -0.0076326 0.9983568
1770029550.472980 -0.4241381 -0.1074331 -0.0041598 0.0087693 0.0000925 -0.0028059 0.9999576
1770029550.672938 -0.4222206 -0.0365180 -0.0041155 0.0067371 -0.0003208 -0.0017716 0.9999757
1770029552.139580 -0.4248068 0.3926071 -0.0100302 -0.0268186 0.0125111 -0.3118384 0.9496742
1770029552.406235 -0.3964744 0.4159528 -0.0169982 -0.0296530 0.0138779 -0.3353717 0.9415168
1770029552.672911 -0.3617363 0.4127008 -0.0245082 -0.0305970 0.0150684 -0.3429560 0.9387321
1770029552.839579 -0.3305289 0.3997805 -0.0246415 -0.0296491 0.0157541 -0.3381877 0.9404796
1770029553.872912 -0.0497158 0.1395413 -0.0252765 0.0105737 0.0234119 -0.1473913 0.9887446
1770029554.572906 0.1040456 -0.0617433 -0.0270509 0.0703223 0.1064738 -0.1348106 0.9826211
1770029554.739596 0.1419173 -0.1178271 -0.0248010 0.0678783 0.1313570 -0.1307876 0.9803227
1770029554.906252 0.2061750 -0.1682252 -0.0106055 0.0522468 0.1388682 -0.1323775 0.9800317
1770029555.039588 0.2576604 -0.1734780 -0.0020218 0.0050490 0.1184094 -0.1112128 0.9867043
1770029555.206240 0.3073429 -0.1973398 0.0172404 -0.0290475 0.0903195 -0.0792267 0.9923315
1770029555.472938 0.3908085 -0.2276772 0.0425688 -0.0544246 0.0615048 -0.0345569 0.9960226
1770029555.639587 0.4368870 -0.2605858 0.0526548 -0.0584699 0.0501254 -0.0165065 0.9968933
1770029555.772926 0.4697047 -0.2841526 0.0531396 -0.0543041 0.0434129 -0.0048806 0.9975683
1770029556.972904 0.6023903 -0.3291457 0.0004749 0.0102859 0.0300999 0.0067974 0.9994709
1770029557.306247 0.6356142 -0.2781578 -0.0007089 0.0160910 0.0301334 0.0081532 0.9993832
1770029557.606248 0.6445568 -0.2076218 -0.0021364 0.0178799 0.0320367 0.0069306 0.9993027
1770029557.839579 0.6497530 -0.1437085 -0.0009448 0.0179078 0.0328620 0.0058247 0.9992825
1770029558.139581 0.6557677 -0.0578201 0.0029113 0.0164970 0.0339537 0.0053175 0.9992731
1770029558.339573 0.6549017 -0.0028828 0.0076922 0.0140798 0.0348923 0.0043447 0.9992824
1770029558.639590 0.6621760 0.0808256 0.0213127 0.0107000 0.0343913 0.0038360 0.9993438
1770029558.739572 0.6578578 0.1135330 0.0230346 0.0100684 0.0346264 0.0026825 0.9993460
1770029558.772903 0.6560106 0.1223105 0.0190042 0.0092982 0.0345742 0.0024606 0.9993559
1770029558.839571 0.6482054 0.1415442 0.0201104 0.0088428 0.0351354 0.0016226 0.9993421
1770029559.006242 0.6346816 0.1907829 0.0186860 0.0074793 0.0355161 0.0001253 0.9993411
1770029559.306241 0.6144981 0.2675624 0.0149111 0.0049305 0.0349722 -0.0020134 0.9993741
1770029559.372906 0.6073109 0.2848426 0.0159749 0.0049752 0.0345806 -0.0022734 0.9993870
1770029559.439600 0.5989107 0.2990796 0.0157939 0.0046177 0.0350770 -0.0029654 0.9993696
1770029559.506252 0.5926996 0.3147041 0.0169964 0.0043495 0.0345940 -0.0033241 0.9993865
1770029559.572914 0.5850683 0.3257464 0.0179988 0.0036984 0.0346220 -0.0038055 0.9993864
1770029559.739575 0.5655074 0.3558436 0.0177696 0.0036912 0.0336417 -0.0045877 0.9994166
1770029560.106237 0.5193686 0.3891773 0.0188879 0.0014955 0.0322754 -0.0060436 0.9994596
1770029560.172908 0.5068057 0.3932478 0.0213866 0.0012402 0.0322434 -0.0065690 0.9994577
1770029560.239568 0.5001168 0.3965135 0.0204606 0.0019216 0.0312532 -0.0059448 0.9994920
1770029560.772867 0.4240925 0.3632790 0.0078417 0.0035187 0.0264039 -0.0049922 0.9996327
1770029560.939543 0.3995231 0.3358328 0.0013852 0.0050568 0.0247477 -0.0029909 0.9996765
1770029561.006217 0.3876603 0.3261053 0.0053946 0.0053707 0.0243058 -0.0022235 0.9996877
1770029561.072891 0.3780843 0.3122962 0.0010502 0.0059663 0.0236768 -0.0019314 0.9997000
1770029561.272885 0.3410625 0.2699555 -0.0015773 0.0088858 0.0224796 -0.0007393 0.9997076
1770029561.572896 0.2814464 0.1907108 -0.0094970 0.0151739 0.0209374 -0.0003306 0.9996656
1770029562.772864 0.0544246 -0.1938935 -0.0329885 0.0988149 -0.0771667 -0.0051765 0.9920958
1770029562.839533 0.0452835 -0.2119133 -0.0343440 0.0964006 -0.0805628 -0.0013405 0.9920760
1770029563.039542 -0.0060668 -0.2365773 -0.0098755 0.0327090 -0.0657348 0.0067847 0.9972779
1770029564.506200 -0.3076038 -0.5026422 0.0076240 -0.0025009 -0.0034453 -0.0017834 0.9999894
1770029567.039553 -0.4454022 0.2281021 -0.0074239 -0.0115494 0.0030936 -0.1611377 0.9868595
1770029567.339537 -0.4417150 0.3124717 -0.0102495 -0.0198434 0.0063537 -0.2421902 0.9700051
1770029568.072864 -0.3793594 0.4143991 -0.0253490 -0.0302396 0.0133380 -0.3398448 0.9399006
1770029568.739519 -0.2529904 0.3453332 -0.0211595 -0.0263118 0.0161315 -0.3047309 0.9519383
1770029568.906188 -0.2086627 0.3053494 -0.0194413 -0.0216582 0.0169851 -0.2674601 0.9631758
1770029569.339530 -0.0770663 0.1739586 -0.0230359 -0.0021178 0.0189466 -0.1519931 0.9881977
1770029570.106181 0.0875630 -0.0441331 -0.0237554 0.0685416 0.0969725 -0.1360698 0.9835565
1770029570.272846 0.1327595 -0.0981401 -0.0180836 0.0701279 0.1242019 -0.1321362 0.9809159
1770029570.506184 0.2109923 -0.1654330 -0.0114100 0.0497669 0.1385361 -0.1308160 0.9804174
1770029570.706181 0.2740359 -0.1776796 0.0086796 -0.0128606 0.1058750 -0.0963442 0.9896176
1770029571.106197 0.3996077 -0.2402460 0.0438022 -0.0579240 0.0587259 -0.0294238 0.9961578
1770029571.372855 0.4672717 -0.2857091 0.0533751 -0.0550489 0.0435860 -0.0046564 0.9975210
1770029572.239522 0.5703751 -0.3651997 0.0089583 0.0003487 0.0311881 0.0064718 0.9994925
1770029573.839512 0.6588815 -0.0291817 0.0069195 0.0151710 0.0338135 0.0052495 0.9992992
1770029574.139515 0.6596369 0.0590911 0.0192187 0.0122118 0.0348648 0.0038392 0.9993101
1770029574.406180 0.6498258 0.1335212 0.0230417 0.0091414 0.0355968 0.0025392 0.9993212
1770029574.572850 0.6408768 0.1834012 0.0215685 0.0078791 0.0351391 0.0006581 0.9993511
1770029574.739510 0.6300405 0.2277026 0.0220527 0.0066054 0.0345550 -0.0005112 0.9993809
1770029575.106210 0.5943305 0.3166113 0.0187668 0.0044576 0.0345401 -0.0024810 0.9993903
1770029575.472846 0.5524883 0.3708333 0.0162806 0.0020820 0.0323340 -0.0056464 0.9994590
1770029575.872839 0.4981914 0.3960620 0.0165903 0.0019890 0.0302267 -0.0060324 0.9995229
1770029576.072797 0.4717687 0.3885661 0.0094663 0.0020422 0.0284719 -0.0057409 0.9995760
1770029576.439475 0.4150414 0.3523786 0.0068058 0.0038890 0.0255727 -0.0041192 0.9996569
1770029577.106144 0.2933721 0.2053718 -0.0026506 0.0134315 0.0211992 0.0005997 0.9996849
1770029577.972806 0.1598823 -0.0154590 -0.0481862 0.0843444 -0.0215595 -0.0064671 0.9961824
1770029578.139460 0.1233823 -0.0827222 -0.0310486 0.0964949 -0.0473695 -0.0082165 0.9941717
1770029578.272795 0.0858440 -0.1425156 -0.0400039 0.1009839 -0.0671673 -0.0082797 0.9925836
1770029578.372794 0.0581686 -0.1948646 -0.0417204 0.0985954 -0.0775420 -0.0050836 0.9920889
1770029578.472795 0.0364811 -0.2212412 -0.0341873 0.0946920 -0.0800611 0.0015369 0.9922808
1770029580.106132 -0.3062373 -0.5033183 0.0077393 -0.0020800 -0.0035600 -0.0014985 0.9999904
1770029581.672810 -0.4221061 -0.1040044 -0.0050667 0.0092090 -0.0005899 -0.0027306 0.9999537
1770029582.939462 -0.4406641 0.3151475 -0.0102299 -0.0200012 0.0062954 -0.2437600 0.9696089
1770029583.572791 -0.3922473 0.4109300 -0.0230623 -0.0297870 0.0132790 -0.3353998 0.9415113
1770029584.106083 -0.3101287 0.3859439 -0.0345830 -0.0296492 0.0162134 -0.3333087 0.9422120
1770029584.339419 -0.2492502 0.3425682 -0.0217521 -0.0263571 0.0158378 -0.3027718 0.9525669
1770029584.472752 -0.2157985 0.3100258 -0.0237139 -0.0226811 0.0171280 -0.2741141 0.9612771
1770029584.572763 -0.1878056 0.2819358 -0.0323519 -0.0192449 0.0172996 -0.2450078 0.9691757
1770029585.072757 -0.0411669 0.1323221 -0.0279116 0.0115540 0.0236422 -0.1474913 0.9887133
1770029585.539422 0.0545856 0.0045995 -0.0320337 0.0605489 0.0695095 -0.1398830 0.9858677
1770029585.772753 0.1103345 -0.0714794 -0.0200367 0.0696214 0.1089615 -0.1346079 0.9824260
1770029586.006109 0.1875785 -0.1480407 -0.0121715 0.0629449 0.1381014 -0.1315053 0.9796287
1770029586.139456 0.2277781 -0.1647616 -0.0184714 0.0337898 0.1336949 -0.1266595 0.9823142
1770029586.439442 0.3249971 -0.1954048 0.0180266 -0.0350497 0.0842797 -0.0697106 0.9933825
1770029586.839422 0.4371932 -0.2630077 0.0478296 -0.0590606 0.0490841 -0.0152200 0.9969308
1770029587.572755 0.5554434 -0.3633355 0.0219401 -0.0122320 0.0315488 0.0042968 0.9994181
1770029592.106145 0.4052975 0.3422020 0.0047454 0.0048515 0.0246786 -0.0036677 0.9996769
1770029592.906089 0.2486508 0.1532573 -0.0143573 0.0252259 0.0202136 -0.0024132 0.9994745
1770029593.539462 0.1598018 -0.0046069 -0.0377592 0.0823681 -0.0172404 -0.0070527 0.9964279
1770029593.739500 0.1188154 -0.0869836 -0.0372197 0.0963388 -0.0479874 -0.0090929 0.9941496
1770029593.906090 0.0766206 -0.1624777 -0.0422996 0.1003928 -0.0721271 -0.0068995 0.9923061
1770029593.939429 0.0671296 -0.1753344 -0.0356893 0.1002391 -0.0755124 -0.0065511 0.9920722
1770029594.006095 0.0481984 -0.2055707 -0.0334583 0.0974386 -0.0796962 -0.0029663 0.9920411
1770029594.072753 0.0345161 -0.2205397 -0.0308085 0.0939531 -0.0798170 0.0017720 0.9923704
1770029594.106104 0.0311808 -0.2205433 -0.0264476 0.0810131 -0.0779993 0.0043408 0.9936469
1770029594.172751 0.0225102 -0.2286847 -0.0366030 0.0514642 -0.0719393 0.0089382 0.9960403
1770029594.239417 -0.0052709 -0.2359769 -0.0069081 0.0297338 -0.0644983 0.0072906 0.9974481
1770029595.539424 -0.2826371 -0.5027817 0.0117625 -0.0054042 -0.0062483 -0.0015378 0.9999647
1770029595.872760 -0.3321868 -0.4936544 -0.0009700 0.0034468 -0.0018553 -0.0017746 0.9999908
1770029596.206124 -0.3717215 -0.4369509 -0.0036372 0.0101508 0.0001209 -0.0026379 0.9999450
1770029597.339423 -0.4247479 -0.0806692 -0.0082426 0.0078723 -0.0003742 -0.0031685 0.9999639
1770029598.306098 -0.4471003 0.2539769 -0.0096732 -0.0138197 0.0031688 -0.1848728 0.9826602
1770029598.772763 -0.4294956 0.3659325 -0.0140339 -0.0249425 0.0087531 -0.2903643 0.9565511
1770029600.006033 -0.2353003 0.3257098 -0.0269157 -0.0245933 0.0170563 -0.2893631 0.9567514
1770029600.206030 -0.1748562 0.2655932 -0.0284682 -0.0186510 0.0168712 -0.2309463 0.9726414
1770029600.506033 -0.0834261 0.1802430 -0.0234979 -0.0038544 0.0185166 -0.1548049 0.9877640
1770029600.639358 -0.0481097 0.1420263 -0.0208478 0.0087367 0.0225273 -0.1478287 0.9887178
1770029601.439392 0.1287793 -0.0941427 -0.0198781 0.0693953 0.1208871 -0.1328920 0.9812800
1770029601.739376 0.2306696 -0.1678875 -0.0140993 0.0316356 0.1326375 -0.1236630 0.9829109
1770029602.939354 0.5192652 -0.3489249 0.0257436 -0.0284240 0.0341173 0.0015612 0.9990124
1770029603.506054 0.5847858 -0.3601311 0.0075182 0.0019828 0.0295160 0.0076345 0.9995332
1770029604.206023 0.6461471 -0.2590500 0.0021474 0.0163168 0.0302275 0.0088944 0.9993703
1770029604.739355 0.6576065 -0.1174075 0.0009080 0.0166647 0.0328243 0.0070861 0.9992971
1770029605.406022 0.6605578 0.0759551 0.0204727 0.0108455 0.0345738 0.0044206 0.9993336
1770029605.739356 0.6454927 0.1728017 0.0240184 0.0074549 0.0348395 0.0012136 0.9993644
1770029606.006031 0.6255089 0.2479099 0.0223437 0.0056968 0.0346376 -0.0007922 0.9993834
1770029606.372691 0.5852673 0.3280800 0.0214745 0.0034071 0.0343771 -0.0036444 0.9993965
1770029607.172676 0.4851495 0.3938499 0.0143344 0.0019029 0.0292183 -0.0058403 0.9995542
1770029607.606023 0.4192375 0.3552590 0.0072963 0.0037940 0.0255902 -0.0041944 0.9996565
1770029607.972705 0.3550870 0.2862612 0.0024751 0.0068798 0.0230045 -0.0012268 0.9997110
1770029608.572682 0.2353466 0.1384057 -0.0196657 0.0320265 0.0183909 -0.0038907 0.9993103
1770029609.206019 0.1473912 -0.0313899 -0.0492845 0.0877765 -0.0275796 -0.0072344 0.9957321
1770029609.339362 0.1156833 -0.0879893 -0.0341585 0.0968696 -0.0487237 -0.0081178 0.9940706
1770029609.472688 0.0837258 -0.1411125 -0.0301835 0.1011806 -0.0686069 -0.0070616 0.9924746
1770029609.506010 0.0734084 -0.1529590 -0.0268449 0.1013139 -0.0720779 -0.0071167 0.9922146
1770029609.572681 0.0560332 -0.1881621 -0.0363105 0.0985512 -0.0772467 -0.0037555 0.9921222
1770029609.639347 0.0424991 -0.2117638 -0.0356317 0.0955867 -0.0789555 0.0004978 0.9922847
1770029611.439359 -0.2624187 -0.4178591 0.0071881 -0.0021833 -0.0036479 -0.0024295 0.9999880
1770029612.272685 -0.2703249 -0.2590027 -0.0003655 0.0071611 0.0008300 -0.0017305 0.9999725
1770029612.839350 -0.2445010 -0.1361321 -0.0142799 0.0056877 0.0016982 -0.0019645 0.9999805
1770029613.372689 -0.2022741 -0.0393090 -0.0184929 0.0037573 0.0030204 -0.0026480 0.9999849
1770029613.406046 -0.1977738 -0.0347454 -0.0184127 0.0036852 0.0029673 -0.0016409 0.9999875
1770029614.206013 -0.1246162 0.0294828 -0.0274116 0.0003958 0.0048235 -0.0011911 0.9999876
1770029615.106008 -0.0533910 0.0299255 -0.0168953 0.0002323 0.0049012 -0.0003744 0.9999879
1770029617.039318 0.0030105 -0.0001907 -0.0035458 -0.0010025 0.0001392 0.0011345 0.9999989
