1770029538072986880.000000 0.000000000 0.000000000 0.000000000 -0.000000000 -0.000000000 -0.000000000 1.000000000
1770029539606340608.000000 0.016376480 -0.008420916 -0.007404298 -0.000017421 -0.003059601 -0.000475488 0.999995232
1770029539706310144.000000 0.018543512 -0.011425060 -0.008045817 0.000224271 -0.003281449 -0.000746238 0.999994338
1770029540139654144.000000 0.030467218 -0.020277970 -0.010930058 0.000065739 -0.003290840 -0.001650149 0.999993205
1770029543106309888.000000 0.264183074 0.074586228 -0.011149507 0.005045310 0.022458265 0.004746526 0.999723792
1770029543339653632.000000 0.282528043 0.102814645 -0.006801149 0.002968587 0.025558926 0.005134643 0.999655724
1770029543539640320.000000 0.299185276 0.126375377 -0.000865060 0.001446623 0.029150905 0.004621201 0.999563336
1770029543839664384.000000 0.317702740 0.167670578 0.000948978 -0.001367357 0.031306367 0.003305334 0.999503434
1770029544106393344.000000 0.336255848 0.196868628 0.000021062 -0.003581721 0.030271506 0.003101873 0.999530494
1770029544372982272.000000 0.348937124 0.230574489 0.000975403 -0.003986764 0.029351300 0.002522559 0.999558032
1770029545872912896.000000 0.256973088 0.173351616 -0.012963910 0.010375835 0.020903300 0.001971617 0.999725759
1770029548006273536.000000 -0.154899165 -0.364686251 0.042654194 -0.056093555 -0.008884444 -0.007632556 0.998356819
1770029550472979968.000000 -0.424138069 -0.107433148 -0.004159782 0.008769266 0.000092450 -0.002805876 0.999957621
1770029550672937984.000000 -0.422220588 -0.036518008 -0.004115477 0.006737112 -0.000320817 -0.001771563 0.999975681
1770029552139580416.000000 -0.424806803 0.392607063 -0.010030187 -0.026818564 0.012511084 -0.311838418 0.949674189
1770029552406235136.000000 -0.396474361 0.415952832 -0.016998243 -0.029653041 0.013877885 -0.335371733 0.941516817
1770029552672910592.000000 -0.361736298 0.412700802 -0.024508189 -0.030596957 0.015068421 -0.342956007 0.938732088
1770029552839579392.000000 -0.330528915 0.399780452 -0.024641545 -0.029649138 0.015754096 -0.338187665 0.940479577
1770029553872912384.000000 -0.049715828 0.139541328 -0.025276512 0.010573703 0.023411913 -0.147391275 0.988744617
1770029554572906240.000000 0.104045600 -0.061743278 -0.027050927 0.070322290 0.106473811 -0.134810612 0.982621074
1770029554739595776.000000 0.141917333 -0.117827050 -0.024801025 0.067878276 0.131357029 -0.130787596 0.980322659
1770029554906252288.000000 0.206174955 -0.168225214 -0.010605481 0.052246779 0.138868198 -0.132377520 0.980031669
1770029555039588352.000000 0.257660389 -0.173477992 -0.002021765 0.005049002 0.118409358 -0.111212850 0.986704350
1770029555206239744.000000 0.307342917 -0.197339788 0.017240409 -0.029047539 0.090319477 -0.079226665 0.992331505
1770029555472937728.000000 0.390808493 -0.227677196 0.042568803 -0.054424614 0.061504766 -0.034556933 0.996022582
1770029555639587328.000000 0.436887026 -0.260585845 0.052654799 -0.058469880 0.050125401 -0.016506510 0.996893287
1770029555772926208.000000 0.469704717 -0.284152567 0.053139571 -0.054304093 0.043412853 -0.004880602 0.997568309
1770029556972904448.000000 0.602390289 -0.329145670 0.000474924 0.010285906 0.030099938 0.006797369 0.999470890
1770029557306246912.000000 0.635614157 -0.278157830 -0.000708902 0.016091043 0.030133449 0.008153160 0.999383152
1770029557606247680.000000 0.644556761 -0.207621753 -0.002136412 0.017879853 0.032036740 0.006930567 0.999302745
1770029557839578624.000000 0.649752975 -0.143708467 -0.000944797 0.017907811 0.032861967 0.005824676 0.999282479
1770029558139580672.000000 0.655767739 -0.057820078 0.002911258 0.016497003 0.033953730 0.005317504 0.999273121
1770029558339572992.000000 0.654901683 -0.002882760 0.007692165 0.014079768 0.034892313 0.004344658 0.999282420
1770029558639589632.000000 0.662175953 0.080825560 0.021312736 0.010700026 0.034391321 0.003835964 0.999343812
1770029558739571968.000000 0.657857776 0.113532953 0.023034556 0.010068389 0.034626398 0.002682529 0.999346018
1770029558772902656.000000 0.656010568 0.122310527 0.019004250 0.009298158 0.034574244 0.002460621 0.999355853
1770029558839571200.000000 0.648205400 0.141544208 0.020110419 0.008842801 0.035135370 0.001622635 0.999342144
1770029559006241536.000000 0.634681642 0.190782875 0.018686015 0.007479335 0.035516113 0.000125266 0.999341130
1770029559306241280.000000 0.614498079 0.267562449 0.014911084 0.004930477 0.034972236 -0.002013377 0.999374092
1770029559372906240.000000 0.607310891 0.284842640 0.015974913 0.004975212 0.034580603 -0.002273441 0.999386966
1770029559439600384.000000 0.598910689 0.299079567 0.015793940 0.004617690 0.035076961 -0.002965425 0.999369562
1770029559506251776.000000 0.592699587 0.314704120 0.016996391 0.004349487 0.034594040 -0.003324124 0.999386489
1770029559572914432.000000 0.585068285 0.325746387 0.017998770 0.003698378 0.034621976 -0.003805503 0.999386430
1770029559739575296.000000 0.565507352 0.355843574 0.017769583 0.003691229 0.033641726 -0.004587687 0.999416590
1770029560106237440.000000 0.519368649 0.389177322 0.018887911 0.001495533 0.032275353 -0.006043605 0.999459624
1770029560172908288.000000 0.506805658 0.393247753 0.021386620 0.001240165 0.032243352 -0.006569047 0.999457717
1770029560239568384.000000 0.500116825 0.396513522 0.020460596 0.001921572 0.031253159 -0.005944798 0.999491990
1770029560772867328.000000 0.424092472 0.363278955 0.007841730 0.003518679 0.026403867 -0.004992156 0.999632716
1770029560939543296.000000 0.399523109 0.335832775 0.001385195 0.005056829 0.024747662 -0.002990898 0.999676466
1770029561006216960.000000 0.387660295 0.326105326 0.005394591 0.005370748 0.024305774 -0.002223451 0.999687672
1770029561072890880.000000 0.378084272 0.312296152 0.001050164 0.005966338 0.023676751 -0.001931421 0.999700010
1770029561272884736.000000 0.341062456 0.269955456 -0.001577270 0.008885766 0.022479588 -0.000739269 0.999707580
1770029561572896000.000000 0.281446368 0.190710813 -0.009497023 0.015173912 0.020937430 -0.000330594 0.999665558
1770029562772864000.000000 0.054424610 -0.193893462 -0.032988492 0.098814927 -0.077166706 -0.005176528 0.992095828
1770029562839533056.000000 0.045283459 -0.211913258 -0.034344044 0.096400589 -0.080562755 -0.001340519 0.992076039
1770029563039542272.000000 -0.006066803 -0.236577332 -0.009875486 0.032708973 -0.065734819 0.006784712 0.997277856
1770029564506199808.000000 -0.307603836 -0.502642155 0.007624046 -0.002500942 -0.003445350 -0.001783446 0.999989390
1770029567039553024.000000 -0.445402205 0.228102103 -0.007423898 -0.011549386 0.003093572 -0.161137655 0.986859500
1770029567339537408.000000 -0.441715002 0.312471718 -0.010249484 -0.019843426 0.006353689 -0.242190212 0.970005095
1770029568072864256.000000 -0.379359365 0.414399058 -0.025349006 -0.030239575 0.013337960 -0.339844823 0.939900637
1770029568739518720.000000 -0.252990395 0.345333219 -0.021159472 -0.026311833 0.016131453 -0.304730892 0.951938331
1770029568906187776.000000 -0.208662748 0.305349439 -0.019441271 -0.021658186 0.016985070 -0.267460108 0.963175774
1770029569339530496.000000 -0.077066287 0.173958585 -0.023035858 -0.002117818 0.018946568 -0.151993066 0.988197684
1770029570106180608.000000 0.087562956 -0.044133063 -0.023755448 0.068541586 0.096972518 -0.136069849 0.983556509
1770029570272845568.000000 0.132759497 -0.098140128 -0.018083626 0.070127882 0.124201894 -0.132136241 0.980915904
1770029570506184448.000000 0.210992306 -0.165432990 -0.011409953 0.049766868 0.138536111 -0.130815983 0.980417371
1770029570706180608.000000 0.274035901 -0.177679628 0.008679566 -0.012860564 0.105875008 -0.096344173 0.989617586
1770029571106197248.000000 0.399607718 -0.240246028 0.043802228 -0.057924032 0.058725871 -0.029423790 0.996157765
1770029571372855296.000000 0.467271715 -0.285709143 0.053375121 -0.055048876 0.043586038 -0.004656411 0.997521043
1770029572239522048.000000 0.570375085 -0.365199685 0.008958276 0.000348694 0.031188056 0.006471850 0.999492526
1770029573839512320.000000 0.658881545 -0.029181691 0.006919510 0.015171027 0.033813484 0.005249490 0.999299228
1770029574139515136.000000 0.659636855 0.059091117 0.019218652 0.012211836 0.034864765 0.003839231 0.999310076
1770029574406180352.000000 0.649825752 0.133521169 0.023041716 0.009141406 0.035596769 0.002539196 0.999321222
1770029574572850432.000000 0.640876830 0.183401167 0.021568522 0.007879081 0.035139114 0.000658133 0.999351144
1770029574739510272.000000 0.630040467 0.227702558 0.022052683 0.006605374 0.034554981 -0.000511226 0.999380887
1770029575106210304.000000 0.594330549 0.316611260 0.018766820 0.004457606 0.034540094 -0.002480970 0.999390304
1770029575472845824.000000 0.552488327 0.370833308 0.016280646 0.002082049 0.032334011 -0.005646355 0.999459028
1770029575872839168.000000 0.498191416 0.396062046 0.016590295 0.001988983 0.030226668 -0.006032420 0.999522865
1770029576072797184.000000 0.471768737 0.388566136 0.009466255 0.002042158 0.028471863 -0.005740941 0.999576032
1770029576439475200.000000 0.415041447 0.352378577 0.006805796 0.003889012 0.025572674 -0.004119180 0.999656916
1770029577106144000.000000 0.293372095 0.205371767 -0.002650553 0.013431489 0.021199223 0.000599668 0.999684870
1770029577972805632.000000 0.159882337 -0.015459009 -0.048186243 0.084344402 -0.021559522 -0.006467099 0.996182442
1770029578139459584.000000 0.123382322 -0.082722194 -0.031048581 0.096494853 -0.047369521 -0.008216528 0.994171679
1770029578272795136.000000 0.085844040 -0.142515615 -0.040003881 0.100983948 -0.067167252 -0.008279706 0.992583632
1770029578372794112.000000 0.058168553 -0.194864586 -0.041720428 0.098595366 -0.077541955 -0.005083629 0.992088914
1770029578472795136.000000 0.036481135 -0.221241176 -0.034187309 0.094691977 -0.080061078 0.001536944 0.992280841
1770029580106131968.000000 -0.306237310 -0.503318310 0.007739328 -0.002080033 -0.003559981 -0.001498468 0.999990404
1770029581672810240.000000 -0.422106147 -0.104004391 -0.005066738 0.009208979 -0.000589911 -0.002730573 0.999953687
1770029582939461632.000000 -0.440664113 0.315147489 -0.010229943 -0.020001173 0.006295351 -0.243760034 0.969608903
1770029583572791040.000000 -0.392247260 0.410930008 -0.023062289 -0.029787032 0.013279038 -0.335399806 0.941511273
1770029584106083072.000000 -0.310128659 0.385943919 -0.034582965 -0.029649243 0.016213408 -0.333308667 0.942211986
1770029584339419392.000000 -0.249250233 0.342568219 -0.021752054 -0.026357118 0.015837783 -0.302771807 0.952566922
1770029584472751872.000000 -0.215798452 0.310025781 -0.023713930 -0.022681111 0.017127980 -0.274114132 0.961277068
1770029584572763136.000000 -0.187805578 0.281935781 -0.032351896 -0.019244896 0.017299598 -0.245007753 0.969175696
1770029585072756736.000000 -0.041166868 0.132322147 -0.027911581 0.011553989 0.023642169 -0.147491306 0.988713264
1770029585539421440.000000 0.054585576 0.004599541 -0.032033715 0.060548853 0.069509484 -0.139882952 0.985867679
1770029585772752640.000000 0.110334478 -0.071479373 -0.020036733 0.069621421 0.108961478 -0.134607852 0.982426047
1770029586006108928.000000 0.187578529 -0.148040727 -0.012171460 0.062944874 0.138101414 -0.131505281 0.979628682
1770029586139456256.000000 0.227778122 -0.164761603 -0.018471377 0.033789787 0.133694947 -0.126659513 0.982314229
1770029586439441920.000000 0.324997097 -0.195404753 0.018026557 -0.035049669 0.084279746 -0.069710620 0.993382514
1770029586839421952.000000 0.437193185 -0.263007700 0.047829628 -0.059060592 0.049084067 -0.015219972 0.996930778
1770029587572754944.000000 0.555443406 -0.363335550 0.021940092 -0.012231992 0.031548798 0.004296787 0.999418139
1770029592106145280.000000 0.405297488 0.342202038 0.004745387 0.004851463 0.024678592 -0.003667653 0.999676943
1770029592906088704.000000 0.248650774 0.153257325 -0.014357264 0.025225891 0.020213587 -0.002413168 0.999474466
1770029593539462144.000000 0.159801811 -0.004606866 -0.037759203 0.082368091 -0.017240431 -0.007052684 0.996427894
1770029593739500032.000000 0.118815355 -0.086983614 -0.037219722 0.096338809 -0.047987428 -0.009092941 0.994149625
1770029593906090496.000000 0.076620623 -0.162477657 -0.042299591 0.100392818 -0.072127067 -0.006899504 0.992306113
1770029593939429376.000000 0.067129642 -0.175334379 -0.035689302 0.100239120 -0.075512402 -0.006551051 0.992072165
1770029594006095104.000000 0.048198417 -0.205570713 -0.033458263 0.097438626 -0.079696231 -0.002966257 0.992041051
1770029594072753408.000000 0.034516145 -0.220539704 -0.030808454 0.093953148 -0.079817005 0.001772009 0.992370367
1770029594106104320.000000 0.031180831 -0.220543310 -0.026447644 0.081013061 -0.077999316 0.004340758 0.993646920
1770029594172750848.000000 0.022510231 -0.228684664 -0.036603019 0.051464207 -0.071939349 0.008938171 0.996040285
1770029594239417088.000000 -0.005270920 -0.235976875 -0.006908095 0.029733786 -0.064498328 0.007290632 0.997448146
1770029595539424512.000000 -0.282637119 -0.502781749 0.011762461 -0.005404197 -0.006248298 -0.001537837 0.999964714
1770029595872760320.000000 -0.332186818 -0.493654400 -0.000969964 0.003446787 -0.001855317 -0.001774580 0.999990761
1770029596206124032.000000 -0.371721476 -0.436950892 -0.003637224 0.010150764 0.000120859 -0.002637910 0.999945045
1770029597339423232.000000 -0.424747884 -0.080669165 -0.008242636 0.007872263 -0.000374166 -0.003168454 0.999963939
1770029598306097408.000000 -0.447100252 0.253976941 -0.009673198 -0.013819719 0.003168779 -0.184872776 0.982660234
1770029598772762624.000000 -0.429495573 0.365932465 -0.014033858 -0.024942514 0.008753075 -0.290364265 0.956551075
1770029600006032896.000000 -0.235300288 0.325709820 -0.026915723 -0.024593348 0.017056273 -0.289363056 0.956751406
1770029600206029568.000000 -0.174856156 0.265593231 -0.028468164 -0.018650975 0.016871173 -0.230946288 0.972641408
1770029600506033408.000000 -0.083426118 0.180242971 -0.023497889 -0.003854437 0.018516595 -0.154804930 0.987764001
1770029600639357440.000000 -0.048109680 0.142026290 -0.020847846 0.008736665 0.022527261 -0.147828728 0.988717794
1770029601439392256.000000 0.128779262 -0.094142690 -0.019878147 0.069395274 0.120887086 -0.132891968 0.981279969
1770029601739376384.000000 0.230669558 -0.167887539 -0.014099321 0.031635631 0.132637531 -0.123663031 0.982910931
1770029602939354112.000000 0.519265234 -0.348924875 0.025743611 -0.028423959 0.034117281 0.001561226 0.999012351
1770029603506054144.000000 0.584785759 -0.360131115 0.007518154 0.001982795 0.029515957 0.007634463 0.999533176
1770029604206022400.000000 0.646147072 -0.259049952 0.002147446 0.016316818 0.030227505 0.008894383 0.999370277
1770029604739354880.000000 0.657606542 -0.117407523 0.000908012 0.016664697 0.032824282 0.007086148 0.999297082
1770029605406022144.000000 0.660557806 0.075955063 0.020472685 0.010845451 0.034573812 0.004420639 0.999333560
1770029605739356160.000000 0.645492673 0.172801673 0.024018373 0.007454866 0.034839530 0.001213562 0.999364376
1770029606006030848.000000 0.625508904 0.247909948 0.022343665 0.005696832 0.034637623 -0.000792172 0.999383390
1770029606372691456.000000 0.585267305 0.328080028 0.021474453 0.003407060 0.034377098 -0.003644395 0.999396503
1770029607172675840.000000 0.485149473 0.393849939 0.014334416 0.001902916 0.029218338 -0.005840270 0.999554217
1770029607606022656.000000 0.419237494 0.355258971 0.007296309 0.003794029 0.025590211 -0.004194444 0.999656498
1770029607972705280.000000 0.355086952 0.286261231 0.002475109 0.006879774 0.023004517 -0.001226762 0.999710977
1770029608572682496.000000 0.235346571 0.138405725 -0.019665673 0.032026507 0.018390944 -0.003890686 0.999310255
1770029609206019072.000000 0.147391215 -0.031389859 -0.049284458 0.087776549 -0.027579574 -0.007234449 0.995732069
1770029609339362048.000000 0.115683325 -0.087989293 -0.034158543 0.096869633 -0.048723690 -0.008117819 0.994070649
1770029609472687616.000000 0.083725810 -0.141112477 -0.030183518 0.101180613 -0.068606853 -0.007061557 0.992474556
1770029609506010112.000000 0.073408350 -0.152958989 -0.026844939 0.101313882 -0.072077915 -0.007116717 0.992214561
1770029609572680704.000000 0.056033187 -0.188162103 -0.036310501 0.098551154 -0.077246748 -0.003755479 0.992122233
1770029609639346944.000000 0.042499095 -0.211763769 -0.035631705 0.095586732 -0.078955464 0.000497843 0.992284715
1770029611439359232.000000 -0.262418687 -0.417859107 0.007188071 -0.002183331 -0.003647876 -0.002429463 0.999988019
1770029612272685056.000000 -0.270324945 -0.259002656 -0.000365466 0.007161106 0.000830024 -0.001730459 0.999972522
1770029612839350272.000000 -0.244501039 -0.136132106 -0.014279929 0.005687709 0.001698212 -0.001964506 0.999980509
1770029613372688896.000000 -0.202274114 -0.039308988 -0.018492939 0.003757336 0.003020443 -0.002648028 0.999984920
1770029613406045952.000000 -0.197773844 -0.034745350 -0.018412692 0.003685202 0.002967294 -0.001640949 0.999987483
1770029614206013184.000000 -0.124616154 0.029482799 -0.027411617 0.000395809 0.004823484 -0.001191107 0.999987602
1770029615106007808.000000 -0.053390980 0.029925521 -0.016895287 0.000232262 0.004901197 -0.000374402 0.999987900
1770029617039318016.000000 0.003010474 -0.000190723 -0.003545830 -0.001002522 0.000139217 0.001134509 0.999998868
