1770034399.937273 0.0000000 0.0000000 0.0000000 -0.0000000 -0.0000000 -0.0000000 1.0000000
1770034404.703962 0.0008952 -0.0003517 0.0002748 -0.0064212 0.0241577 -0.0079927 0.9996556
1770034405.303962 0.0005303 -0.0004898 -0.0006623 -0.0167295 0.0344020 -0.0078095 0.9992375
1770034408.170626 0.0018005 0.0013107 -0.0025648 0.0189854 -0.0108679 -0.0037626 0.9997536
1770034410.937264 0.0006852 -0.0027612 -0.0053558 -0.0275658 -0.0100897 -0.0638399 0.9975284
1770034412.237262 0.0000052 0.0002383 -0.0024936 0.0417474 0.0621095 -0.0447635 0.9961907
1770034412.670595 -0.0001779 0.0011901 -0.0002977 0.0104052 0.0566081 -0.0265390 0.9979895
1770034412.903929 -0.0004000 0.0016476 -0.0001134 0.0106107 0.0561069 -0.0217941 0.9981305
1770034413.237262 -0.0003074 0.0015704 -0.0002844 0.0219943 0.0555747 -0.0164089 0.9980774
1770034415.137261 -0.0018415 -0.0034522 -0.0021386 -0.0265798 0.0613991 -0.0055819 0.9977437
1770034417.203926 0.0000921 0.0000368 -0.0038771 0.0506280 -0.0232360 -0.0119039 0.9983763
1770034417.837260 0.0011960 0.0010297 -0.0030592 0.0214927 -0.0199562 -0.0013730 0.9995689
1770034419.103927 0.0021158 -0.0004106 -0.0043772 0.0189778 -0.0255912 0.0002879 0.9994923
1770034423.337256 -0.0006498 0.0013692 -0.0009219 0.0251267 0.0566905 -0.0165499 0.9979383
1770034424.370588 -0.0019534 -0.0011156 -0.0021922 0.0017210 0.0661233 -0.0120369 0.9977374
1770034426.570581 -0.0010475 -0.0023573 -0.0036518 0.0132103 0.0203719 -0.0121388 0.9996315
1770034427.737249 0.0012870 0.0012646 -0.0033165 0.0213650 -0.0198857 -0.0020311 0.9995719
1770034429.137247 0.0021051 -0.0007009 -0.0043621 0.0144228 -0.0258035 0.0014179 0.9995620
1770034434.103879 -0.0019037 -0.0004821 -0.0023087 0.0095438 0.0655096 -0.0131634 0.9977195
1770034435.303876 -0.0020836 -0.0039058 -0.0027155 -0.0306999 0.0567467 0.0004292 0.9979164
1770034435.937210 -0.0021290 -0.0036349 -0.0018795 -0.0236368 0.0479253 -0.0057038 0.9985549
1770034439.003874 0.0019320 -0.0006855 -0.0044861 0.0153840 -0.0255631 0.0010184 0.9995543
1770034439.370539 0.0022228 -0.0017538 -0.0040801 -0.0014792 -0.0257774 -0.0004732 0.9996665
1770034440.037213 0.0003496 -0.0028758 -0.0055018 -0.0270458 -0.0178230 -0.0501935 0.9982142
1770034440.870544 0.0009764 -0.0025274 -0.0050661 -0.0206496 -0.0044258 -0.0468114 0.9986805
1770034441.437212 0.0006512 -0.0018969 -0.0036784 0.0152618 0.0267422 -0.0427241 0.9986123
1770034441.503877 0.0006583 -0.0017807 -0.0033836 0.0201603 0.0330227 -0.0419172 0.9983717
1770034441.703877 0.0000096 -0.0005112 -0.0030875 0.0339858 0.0532104 -0.0420846 0.9971171
1770034442.070543 -0.0003826 0.0006653 -0.0018741 0.0285890 0.0599751 -0.0389179 0.9970312
1770034443.737211 -0.0015680 0.0005612 -0.0019872 0.0201050 0.0633901 -0.0157782 0.9976615
1770034444.337209 -0.0023802 -0.0015049 -0.0026115 -0.0047201 0.0667427 -0.0088391 0.9977199
1770034444.870543 -0.0018936 -0.0033788 -0.0023544 -0.0267876 0.0610800 -0.0061803 0.9977542
1770034446.203875 -0.0012968 -0.0028964 -0.0030155 -0.0018546 0.0295501 -0.0096173 0.9995154
1770034446.703874 -0.0001066 -0.0007349 -0.0038001 0.0405745 -0.0108431 -0.0170734 0.9989718
1770034446.770541 0.0000632 -0.0004159 -0.0037042 0.0450268 -0.0161809 -0.0156033 0.9987329
1770034446.903874 0.0001755 -0.0000063 -0.0038136 0.0503071 -0.0231583 -0.0113136 0.9984012
1770034447.137209 0.0005463 0.0006663 -0.0040480 0.0454040 -0.0217551 -0.0038663 0.9987243
1770034447.937205 0.0014710 0.0011949 -0.0034097 0.0286830 -0.0184761 -0.0011006 0.9994172
1770034448.970536 0.0014291 -0.0005037 -0.0044661 0.0130866 -0.0159647 -0.0020186 0.9997849
1770034450.037205 0.0014004 -0.0014772 -0.0032371 -0.0024431 -0.0065388 -0.0069504 0.9999515
