1770034399937272832.000000 0.000000000 0.000000000 0.000000000 -0.000000000 -0.000000000 -0.000000000 1.000000000
1770034404703962112.000000 0.000895205 -0.000351708 0.000274761 -0.006421159 0.024157668 -0.007992710 0.999655604
1770034405303961600.000000 0.000530310 -0.000489790 -0.000662301 -0.016729454 0.034402005 -0.007809549 0.999237537
1770034408170626048.000000 0.001800452 0.001310667 -0.002564773 0.018985420 -0.010867896 -0.003762618 0.999753594
1770034410937264128.000000 0.000685156 -0.002761153 -0.005355796 -0.027565820 -0.010089742 -0.063839905 0.997528374
1770034412237261824.000000 0.000005197 0.000238305 -0.002493562 0.041747387 0.062109530 -0.044763457 0.996190667
1770034412670595328.000000 -0.000177906 0.001190139 -0.000297742 0.010405215 0.056608051 -0.026539003 0.997989476
1770034412903929088.000000 -0.000399971 0.001647624 -0.000113391 0.010610692 0.056106888 -0.021794070 0.998130500
1770034413237261568.000000 -0.000307383 0.001570354 -0.000284443 0.021994287 0.055574667 -0.016408861 0.998077393
1770034415137260800.000000 -0.001841539 -0.003452211 -0.002138558 -0.026579754 0.061399069 -0.005581898 0.997743726
1770034417203926016.000000 0.000092059 0.000036754 -0.003877074 0.050628018 -0.023235967 -0.011903900 0.998376310
1770034417837260544.000000 0.001195980 0.001029673 -0.003059194 0.021492703 -0.019956246 -0.001373048 0.999568880
1770034419103926784.000000 0.002115789 -0.000410576 -0.004377184 0.018977759 -0.025591154 0.000287859 0.999492288
1770034423337256192.000000 -0.000649760 0.001369162 -0.000921886 0.025126722 0.056690499 -0.016549898 0.997938335
1770034424370587648.000000 -0.001953398 -0.001115632 -0.002192235 0.001721045 0.066123292 -0.012036883 0.997737408
1770034426570580992.000000 -0.001047450 -0.002357272 -0.003651837 0.013210312 0.020371886 -0.012138791 0.999631524
1770034427737249024.000000 0.001287024 0.001264583 -0.003316499 0.021365033 -0.019885676 -0.002031069 0.999571919
1770034429137247232.000000 0.002105087 -0.000700892 -0.004362090 0.014422784 -0.025803493 0.001417911 0.999561965
1770034434103879424.000000 -0.001903736 -0.000482092 -0.002308739 0.009543755 0.065509610 -0.013163355 0.997719467
1770034435303875840.000000 -0.002083641 -0.003905788 -0.002715492 -0.030699890 0.056746736 0.000429224 0.997916400
1770034435937210112.000000 -0.002129040 -0.003634899 -0.001879504 -0.023636766 0.047925346 -0.005703799 0.998554945
1770034439003874048.000000 0.001932008 -0.000685518 -0.004486131 0.015384048 -0.025563067 0.001018444 0.999554336
1770034439370539264.000000 0.002222829 -0.001753834 -0.004080100 -0.001479218 -0.025777413 -0.000473247 0.999666512
1770034440037212928.000000 0.000349625 -0.002875820 -0.005501755 -0.027045829 -0.017823009 -0.050193500 0.998214185
1770034440870543872.000000 0.000976433 -0.002527410 -0.005066112 -0.020649627 -0.004425828 -0.046811361 0.998680472
1770034441437212160.000000 0.000651186 -0.001896915 -0.003678371 0.015261769 0.026742222 -0.042724084 0.998612344
1770034441503876864.000000 0.000658263 -0.001780697 -0.003383620 0.020160334 0.033022653 -0.041917231 0.998371720
1770034441703877376.000000 0.000009626 -0.000511208 -0.003087494 0.033985835 0.053210385 -0.042084631 0.997117102
1770034442070542848.000000 -0.000382634 0.000665256 -0.001874141 0.028588997 0.059975065 -0.038917921 0.997031152
1770034443737210624.000000 -0.001568044 0.000561157 -0.001987187 0.020105021 0.063390069 -0.015778193 0.997661531
1770034444337209344.000000 -0.002380190 -0.001504856 -0.002611478 -0.004720083 0.066742696 -0.008839055 0.997719884
1770034444870542592.000000 -0.001893581 -0.003378830 -0.002354430 -0.026787627 0.061080039 -0.006180347 0.997754216
1770034446203874560.000000 -0.001296816 -0.002896426 -0.003015460 -0.001854556 0.029550107 -0.009617300 0.999515355
1770034446703874304.000000 -0.000106606 -0.000734926 -0.003800052 0.040574510 -0.010843112 -0.017073382 0.998971760
1770034446770540800.000000 0.000063202 -0.000415871 -0.003704230 0.045026809 -0.016180862 -0.015603304 0.998732865
1770034446903874048.000000 0.000175539 -0.000006315 -0.003813621 0.050307065 -0.023158269 -0.011313600 0.998401165
1770034447137208832.000000 0.000546282 0.000666345 -0.004048035 0.045403957 -0.021755120 -0.003866282 0.998724341
1770034447937204992.000000 0.001471014 0.001194850 -0.003409714 0.028682953 -0.018476093 -0.001100580 0.999417186
1770034448970535680.000000 0.001429111 -0.000503695 -0.004466133 0.013086645 -0.015964722 -0.002018592 0.999784887
1770034450037204480.000000 0.001400388 -0.001477233 -0.003237145 -0.002443118 -0.006538775 -0.006950387 0.999951482
