1770035301.428078 0.0000000 0.0000000 0.0000000 -0.0000000 -0.0000000 -0.0000000 1.0000000
1770035303.961431 -0.0006950 -0.0004096 -0.0004605 -0.0007464 0.0003721 -0.0010182 0.9999992
1770035306.128095 -0.0006499 -0.0001647 -0.0003735 0.0022755 0.0012238 -0.0029273 0.9999924
1770035320.761395 0.0016280 -0.0057401 -0.0023798 -0.0430451 -0.0776777 -0.2898766 0.9529349
1770035321.228062 0.0006599 -0.0072716 -0.0036194 -0.0562574 -0.0775366 -0.3500843 0.9318069
1770035321.628061 0.0000657 -0.0073262 -0.0040376 -0.0652016 -0.0706912 -0.3701524 0.9239798
1770035322.294729 -0.0011269 -0.0059025 -0.0039319 -0.0620989 -0.0547189 -0.3443268 0.9351944
1770035322.461395 -0.0009092 -0.0054819 -0.0034402 -0.0588878 -0.0482851 -0.3302042 0.9408327
1770035322.694728 -0.0011564 -0.0046206 -0.0029131 -0.0531802 -0.0373554 -0.3026224 0.9508923
1770035322.794728 -0.0013111 -0.0042341 -0.0025414 -0.0496008 -0.0322799 -0.2859185 0.9564248
1770035322.861395 -0.0013644 -0.0039521 -0.0020897 -0.0464143 -0.0278259 -0.2721733 0.9607253
1770035322.994727 -0.0016889 -0.0033678 -0.0017827 -0.0401452 -0.0196440 -0.2386717 0.9700713
1770035323.028060 -0.0019564 -0.0031452 -0.0020418 -0.0376685 -0.0163100 -0.2281375 0.9727633
1770035323.094731 -0.0018357 -0.0032371 -0.0013937 -0.0353898 -0.0135634 -0.2055452 0.9779135
1770035323.128060 -0.0019013 -0.0031686 -0.0017015 -0.0340522 -0.0115542 -0.1952251 0.9800990
1770035323.228060 -0.0018786 -0.0026917 -0.0012914 -0.0288836 -0.0064548 -0.1668956 0.9855303
1770035324.261393 -0.0012548 0.0000364 -0.0013564 0.0399901 0.0665044 -0.1448758 0.9864020
1770035324.928059 -0.0031288 0.0034889 0.0002373 0.0123681 0.0765101 -0.0928808 0.9926562
1770035325.028059 -0.0032838 0.0036281 -0.0000230 0.0090637 0.0746438 -0.0810404 0.9938706
1770035325.628059 -0.0047215 0.0066141 0.0010955 0.0373688 0.0793904 -0.0470655 0.9950305
1770035326.261392 -0.0042432 0.0070090 -0.0008754 0.0696289 0.0795884 -0.0396081 0.9936039
1770035327.428054 -0.0074028 0.0065591 -0.0040187 0.0731699 0.1002918 -0.0376062 0.9915510
1770035327.994721 -0.0087554 0.0035322 -0.0064165 0.0551974 0.1085880 -0.0393487 0.9917729
1770035328.828054 -0.0089976 0.0042321 -0.0042523 0.0248504 0.1179850 -0.0285029 0.9922951
1770035329.061389 -0.0097865 0.0029819 -0.0048577 0.0133289 0.1194227 -0.0197903 0.9925568
1770035329.394722 -0.0106247 0.0005965 -0.0052640 -0.0054731 0.1209868 -0.0104893 0.9925836
1770035329.828054 -0.0110525 -0.0021204 -0.0060225 -0.0274448 0.1202855 -0.0074539 0.9923319
1770035332.961385 -0.0056587 -0.0047295 -0.0027015 -0.0401861 0.0560027 0.0041677 0.9976129
1770035334.928046 0.0006405 0.0035301 -0.0002116 0.0401525 -0.0356578 0.0162640 0.9984246
1770035335.228046 0.0011297 0.0045257 0.0019577 0.0332705 -0.0355256 0.0116296 0.9987471
1770035335.794714 0.0013921 0.0056475 0.0036807 0.0614643 -0.0341036 0.0056618 0.9975104
1770035336.994713 -0.0000316 0.0051467 0.0014775 0.0800830 -0.0416009 0.0103751 0.9958657
1770035339.661377 -0.0018266 0.0000382 0.0006850 -0.0208208 -0.0568773 -0.1373022 0.9886757
1770035340.228043 -0.0019076 -0.0000899 -0.0001829 -0.0473466 -0.0672892 -0.2818466 0.9559252
1770035343.328036 -0.0008809 -0.0024040 -0.0014752 -0.0158207 0.0028417 -0.1492210 0.9886733
1770035343.794702 -0.0014029 -0.0009837 -0.0011756 0.0266111 0.0413042 -0.1445116 0.9882825
1770035343.828034 -0.0012182 -0.0009320 -0.0009363 0.0283683 0.0445765 -0.1441719 0.9881411
1770035343.961368 -0.0012526 -0.0004684 -0.0004272 0.0357776 0.0608274 -0.1458723 0.9867833
1770035345.728032 -0.0051278 0.0077803 0.0001232 0.0594334 0.0808920 -0.0451296 0.9939253
1770035346.361367 -0.0052459 0.0079491 -0.0010863 0.0774594 0.0853244 -0.0376656 0.9926234
1770035347.861366 -0.0099433 0.0045979 -0.0062128 0.0524190 0.1113904 -0.0396006 0.9916028
1770035348.828032 -0.0100496 0.0022171 -0.0048770 0.0119004 0.1200695 -0.0192566 0.9925074
1770035349.094698 -0.0104857 0.0001099 -0.0056826 -0.0037363 0.1204148 -0.0112453 0.9926530
1770035349.861364 -0.0090681 -0.0047408 -0.0035961 -0.0457644 0.1184591 0.0024939 0.9919006
1770035350.494690 -0.0104217 -0.0067568 -0.0054411 -0.0672001 0.1103099 0.0093641 0.9915786
1770035352.961352 -0.0042621 -0.0035226 -0.0022748 -0.0275765 0.0462789 0.0010622 0.9985473
1770035354.228018 -0.0006332 0.0016312 -0.0030621 0.0720063 -0.0366077 0.0034479 0.9967262
1770035355.294685 0.0017347 0.0056397 0.0029507 0.0474275 -0.0362121 0.0060167 0.9981999
1770035355.594684 0.0017082 0.0056320 0.0039427 0.0627062 -0.0348605 0.0054107 0.9974083
1770035357.128016 0.0026744 0.0053056 0.0038184 0.0751120 -0.0456056 0.0102406 0.9960791
1770035358.194677 0.0021518 0.0021552 0.0035957 0.0402596 -0.0528223 0.0136086 0.9976993
1770035360.161341 0.0029466 -0.0065516 -0.0042114 -0.0536256 -0.0738419 -0.3047096 0.9480631
1770035361.461340 0.0028320 -0.0065742 -0.0056555 -0.0637944 -0.0754525 -0.3804022 0.9195278
1770035362.161341 -0.0001082 -0.0047877 -0.0031417 -0.0540331 -0.0428724 -0.3148065 0.9466463
1770035364.694672 -0.0033794 0.0040265 -0.0000363 0.0081669 0.0721704 -0.0683311 0.9950154
1770035366.427986 -0.0059379 0.0075998 -0.0008565 0.0776217 0.0898163 -0.0367192 0.9922498
1770035370.127983 -0.0085564 -0.0061145 -0.0033970 -0.0631760 0.1116709 0.0077225 0.9917050
1770035371.294651 -0.0088841 -0.0092301 -0.0069714 -0.0765849 0.0842864 0.0135476 0.9934018
1770035372.394650 -0.0058106 -0.0058930 -0.0037492 -0.0452058 0.0581742 0.0071862 0.9972565
1770035372.994650 -0.0030988 -0.0033538 -0.0027289 -0.0096291 0.0354753 -0.0037452 0.9993172
1770035375.594650 0.0016882 0.0055922 0.0043301 0.0708604 -0.0342259 0.0054415 0.9968840
1770035376.527979 0.0022155 0.0055638 0.0044805 0.0793796 -0.0424831 0.0101284 0.9958873
1770035377.161313 0.0024877 0.0045125 0.0042708 0.0685216 -0.0478678 0.0074243 0.9964730
1770035377.827979 0.0024472 0.0028056 0.0036367 0.0469243 -0.0529345 0.0153311 0.9973771
1770035379.627977 0.0025887 -0.0061052 -0.0046071 -0.0478657 -0.0688367 -0.2452714 0.9658221
1770035379.861312 0.0028376 -0.0062515 -0.0045044 -0.0519506 -0.0727831 -0.2907545 0.9526099
1770035380.161312 0.0028284 -0.0079851 -0.0051722 -0.0639545 -0.0775912 -0.3399212 0.9350631
1770035380.727973 0.0021952 -0.0081767 -0.0060460 -0.0731939 -0.0742901 -0.3923245 0.9138956
1770035381.727972 -0.0005358 -0.0078158 -0.0050150 -0.0751397 -0.0414057 -0.3672084 0.9261737
1770035382.161308 -0.0013229 -0.0053809 -0.0061858 -0.0595626 -0.0248065 -0.2851492 0.9563090
1770035382.261307 -0.0014881 -0.0051957 -0.0061340 -0.0559128 -0.0197908 -0.2564380 0.9647391
1770035383.894640 -0.0022491 0.0021938 -0.0009663 0.0419375 0.0891751 -0.1446346 0.9845659
1770035384.061306 -0.0027672 0.0027894 -0.0002138 0.0192601 0.0809364 -0.1152231 0.9898494
1770035384.094639 -0.0026748 0.0027017 -0.0002096 0.0166547 0.0789648 -0.1093405 0.9907229
1770035384.194639 -0.0030015 0.0033244 0.0001229 0.0121039 0.0764800 -0.0945460 0.9925046
1770035384.294638 -0.0030611 0.0035610 0.0003038 0.0083625 0.0740258 -0.0827201 0.9937845
1770035385.427970 -0.0044506 0.0075266 0.0007748 0.0659340 0.0795441 -0.0411280 0.9937978
1770035386.561304 -0.0071875 0.0066385 -0.0030544 0.0750660 0.0974335 -0.0374312 0.9917009
1770035387.427969 -0.0089640 0.0055281 -0.0047561 0.0509067 0.1116025 -0.0375578 0.9917373
1770035387.661304 -0.0088909 0.0053001 -0.0040781 0.0419001 0.1140423 -0.0360338 0.9919377
1770035388.327968 -0.0099172 0.0028291 -0.0044966 0.0135746 0.1204901 -0.0191669 0.9924366
1770035388.894629 -0.0106742 -0.0007269 -0.0045281 -0.0183338 0.1214955 -0.0053932 0.9924080
1770035389.861295 -0.0108967 -0.0063113 -0.0052895 -0.0626393 0.1132059 0.0068940 0.9915711
1770035390.427960 -0.0077100 -0.0075368 -0.0028036 -0.0739215 0.0994080 0.0142161 0.9921953
1770035393.361293 -0.0014000 -0.0008898 -0.0020925 0.0424554 0.0015296 -0.0100774 0.9990464
1770035393.727958 -0.0004937 0.0015059 -0.0025596 0.0708806 -0.0355390 0.0004116 0.9968514
1770035394.527958 0.0013655 0.0046911 0.0009020 0.0328981 -0.0363394 0.0095193 0.9987525
1770035397.594635 0.0018113 0.0028443 0.0005042 0.0381105 -0.0338842 0.0091482 0.9986570
1770035398.327966 0.0018393 0.0015190 -0.0004399 0.0196971 -0.0299181 0.0024929 0.9993552
1770035398.794634 0.0017995 0.0003555 -0.0008775 0.0079177 -0.0264518 0.0016748 0.9996173
1770035399.161300 0.0014133 -0.0001489 -0.0010104 0.0010781 -0.0220930 0.0015762 0.9997541
