1770035301428077824.000000 0.000000000 0.000000000 0.000000000 -0.000000000 -0.000000000 -0.000000000 1.000000000
1770035303961431040.000000 -0.000694957 -0.000409638 -0.000460547 -0.000746419 0.000372068 -0.001018176 0.999999166
1770035306128095488.000000 -0.000649890 -0.000164668 -0.000373465 0.002275454 0.001223790 -0.002927281 0.999992371
1770035320761395456.000000 0.001627989 -0.005740076 -0.002379850 -0.043045141 -0.077677697 -0.289876550 0.952934861
1770035321228061952.000000 0.000659863 -0.007271607 -0.003619417 -0.056257412 -0.077536605 -0.350084335 0.931806922
1770035321628060928.000000 0.000065669 -0.007326214 -0.004037610 -0.065201648 -0.070691243 -0.370152354 0.923979819
1770035322294728704.000000 -0.001126873 -0.005902511 -0.003931860 -0.062098876 -0.054718915 -0.344326764 0.935194433
1770035322461394944.000000 -0.000909197 -0.005481938 -0.003440198 -0.058887772 -0.048285149 -0.330204159 0.940832675
1770035322694727936.000000 -0.001156394 -0.004620631 -0.002913079 -0.053180229 -0.037355367 -0.302622378 0.950892329
1770035322794727680.000000 -0.001311075 -0.004234094 -0.002541429 -0.049600840 -0.032279912 -0.285918504 0.956424773
1770035322861394944.000000 -0.001364444 -0.003952112 -0.002089683 -0.046414338 -0.027825877 -0.272173285 0.960725307
1770035322994727424.000000 -0.001688904 -0.003367840 -0.001782710 -0.040145185 -0.019643988 -0.238671705 0.970071316
1770035323028059648.000000 -0.001956448 -0.003145219 -0.002041814 -0.037668530 -0.016309997 -0.228137493 0.972763300
1770035323094730496.000000 -0.001835687 -0.003237120 -0.001393709 -0.035389788 -0.013563425 -0.205545202 0.977913499
1770035323128060160.000000 -0.001901335 -0.003168582 -0.001701512 -0.034052219 -0.011554219 -0.195225149 0.980099022
1770035323228060416.000000 -0.001878600 -0.002691696 -0.001291405 -0.028883565 -0.006454796 -0.166895553 0.985530317
1770035324261393408.000000 -0.001254811 0.000036415 -0.001356396 0.039990071 0.066504434 -0.144875780 0.986402035
1770035324928058624.000000 -0.003128812 0.003488865 0.000237300 0.012368135 0.076510131 -0.092880771 0.992656231
1770035325028058624.000000 -0.003283813 0.003628144 -0.000023050 0.009063718 0.074643798 -0.081040412 0.993870556
1770035325628058624.000000 -0.004721456 0.006614137 0.001095463 0.037368782 0.079390444 -0.047065541 0.995030463
1770035326261392128.000000 -0.004243174 0.007009020 -0.000875436 0.069628872 0.079588413 -0.039608087 0.993603945
1770035327428054016.000000 -0.007402810 0.006559051 -0.004018740 0.073169902 0.100291811 -0.037606183 0.991551042
1770035327994721536.000000 -0.008755418 0.003532184 -0.006416527 0.055197392 0.108587950 -0.039348666 0.991772950
1770035328828054016.000000 -0.008997595 0.004232101 -0.004252255 0.024850393 0.117984995 -0.028502908 0.992295086
1770035329061388800.000000 -0.009786454 0.002981864 -0.004857718 0.013328877 0.119422689 -0.019790258 0.992556810
1770035329394721536.000000 -0.010624673 0.000596534 -0.005264041 -0.005473095 0.120986752 -0.010489330 0.992583632
1770035329828054528.000000 -0.011052540 -0.002120375 -0.006022454 -0.027444830 0.120285511 -0.007453870 0.992331922
1770035332961385472.000000 -0.005658654 -0.004729534 -0.002701511 -0.040186077 0.056002688 0.004167683 0.997612894
1770035334928045568.000000 0.000640535 0.003530054 -0.000211638 0.040152546 -0.035657756 0.016263966 0.998424649
1770035335228045824.000000 0.001129651 0.004525717 0.001957711 0.033270530 -0.035525568 0.011629640 0.998747110
1770035335794713856.000000 0.001392100 0.005647531 0.003680725 0.061464328 -0.034103632 0.005661784 0.997510433
1770035336994713088.000000 -0.000031550 0.005146708 0.001477542 0.080083027 -0.041600898 0.010375150 0.995865703
1770035339661376768.000000 -0.001826563 0.000038188 0.000685044 -0.020820783 -0.056877252 -0.137302250 0.988675654
1770035340228042496.000000 -0.001907559 -0.000089933 -0.000182949 -0.047346588 -0.067289226 -0.281846583 0.955925226
1770035343328036096.000000 -0.000880927 -0.002403966 -0.001475226 -0.015820671 0.002841671 -0.149221048 0.988673270
1770035343794702336.000000 -0.001402887 -0.000983714 -0.001175647 0.026611108 0.041304160 -0.144511580 0.988282502
1770035343828034304.000000 -0.001218198 -0.000932027 -0.000936262 0.028368259 0.044576474 -0.144171923 0.988141060
1770035343961367552.000000 -0.001252608 -0.000468444 -0.000427198 0.035777565 0.060827371 -0.145872310 0.986783326
1770035345728032256.000000 -0.005127798 0.007780287 0.000123215 0.059433378 0.080891974 -0.045129638 0.993925273
1770035346361367040.000000 -0.005245879 0.007949077 -0.001086305 0.077459417 0.085324369 -0.037665568 0.992623389
1770035347861365760.000000 -0.009943281 0.004597880 -0.006212814 0.052418999 0.111390449 -0.039600585 0.991602838
1770035348828031488.000000 -0.010049647 0.002217124 -0.004877022 0.011900430 0.120069481 -0.019256612 0.992507398
1770035349094697984.000000 -0.010485711 0.000109878 -0.005682580 -0.003736350 0.120414823 -0.011245310 0.992652953
1770035349861363968.000000 -0.009068144 -0.004740835 -0.003596094 -0.045764424 0.118459128 0.002493922 0.991900623
1770035350494689792.000000 -0.010421713 -0.006756777 -0.005441133 -0.067200147 0.110309906 0.009364093 0.991578639
1770035352961352448.000000 -0.004262058 -0.003522629 -0.002274818 -0.027576540 0.046278853 0.001062247 0.998547316
1770035354228017920.000000 -0.000633213 0.001631194 -0.003062062 0.072006255 -0.036607694 0.003447880 0.996726215
1770035355294684928.000000 0.001734713 0.005639742 0.002950657 0.047427550 -0.036212083 0.006016674 0.998199940
1770035355594684416.000000 0.001708225 0.005632025 0.003942657 0.062706247 -0.034860514 0.005410731 0.997408330
1770035357128016128.000000 0.002674364 0.005305558 0.003818368 0.075112022 -0.045605589 0.010240606 0.996079087
1770035358194676992.000000 0.002151832 0.002155159 0.003595684 0.040259585 -0.052822266 0.013608637 0.997699261
1770035360161341184.000000 0.002946579 -0.006551619 -0.004211437 -0.053625595 -0.073841900 -0.304709643 0.948063135
1770035361461339904.000000 0.002831999 -0.006574239 -0.005655538 -0.063794397 -0.075452507 -0.380402207 0.919527769
1770035362161340672.000000 -0.000108184 -0.004787725 -0.003141693 -0.054033097 -0.042872377 -0.314806461 0.946646333
1770035364694671872.000000 -0.003379445 0.004026454 -0.000036305 0.008166949 0.072170414 -0.068331093 0.995015383
1770035366427986176.000000 -0.005937933 0.007599812 -0.000856481 0.077621691 0.089816302 -0.036719218 0.992249787
1770035370127983104.000000 -0.008556406 -0.006114548 -0.003396962 -0.063175954 0.111670852 0.007722463 0.991705000
1770035371294650624.000000 -0.008884140 -0.009230110 -0.006971379 -0.076584898 0.084286436 0.013547635 0.993401766
1770035372394650112.000000 -0.005810580 -0.005893026 -0.003749194 -0.045205835 0.058174223 0.007186167 0.997256517
1770035372994649600.000000 -0.003098781 -0.003353816 -0.002728907 -0.009629100 0.035475306 -0.003745249 0.999317169
1770035375594649600.000000 0.001688187 0.005592159 0.004330055 0.070860356 -0.034225851 0.005441532 0.996884048
1770035376527979264.000000 0.002215472 0.005563758 0.004480450 0.079379633 -0.042483088 0.010128445 0.995887280
1770035377161313280.000000 0.002487726 0.004512527 0.004270803 0.068521559 -0.047867838 0.007424272 0.996472955
1770035377827978496.000000 0.002447228 0.002805619 0.003636670 0.046924323 -0.052934524 0.015331145 0.997377098
1770035379627977216.000000 0.002588687 -0.006105184 -0.004607145 -0.047865745 -0.068836667 -0.245271400 0.965822101
1770035379861312000.000000 0.002837558 -0.006251474 -0.004504424 -0.051950619 -0.072783127 -0.290754467 0.952609897
1770035380161312000.000000 0.002828395 -0.007985079 -0.005172170 -0.063954547 -0.077591226 -0.339921176 0.935063124
1770035380727972864.000000 0.002195161 -0.008176670 -0.006046049 -0.073193856 -0.074290074 -0.392324507 0.913895607
1770035381727972352.000000 -0.000535789 -0.007815805 -0.005014965 -0.075139746 -0.041405693 -0.367208362 0.926173687
1770035382161307648.000000 -0.001322894 -0.005380914 -0.006185769 -0.059562605 -0.024806542 -0.285149246 0.956308961
1770035382261306624.000000 -0.001488143 -0.005195724 -0.006134009 -0.055912822 -0.019790797 -0.256438017 0.964739144
1770035383894640128.000000 -0.002249106 0.002193807 -0.000966271 0.041937493 0.089175127 -0.144634604 0.984565854
1770035384061305856.000000 -0.002767172 0.002789396 -0.000213838 0.019260064 0.080936402 -0.115223140 0.989849448
1770035384094638592.000000 -0.002674766 0.002701708 -0.000209648 0.016654711 0.078964815 -0.109340519 0.990722895
1770035384194638848.000000 -0.003001546 0.003324374 0.000122870 0.012103903 0.076479994 -0.094546013 0.992504597
1770035384294638080.000000 -0.003061127 0.003560983 0.000303754 0.008362452 0.074025758 -0.082720071 0.993784547
1770035385427970048.000000 -0.004450591 0.007526554 0.000774757 0.065933987 0.079544075 -0.041128010 0.993797779
1770035386561304064.000000 -0.007187486 0.006638487 -0.003054405 0.075066030 0.097433470 -0.037431225 0.991700947
1770035387427968512.000000 -0.008963997 0.005528067 -0.004756116 0.050906733 0.111602470 -0.037557792 0.991737306
1770035387661303552.000000 -0.008890856 0.005300052 -0.004078054 0.041900080 0.114042252 -0.036033805 0.991937697
1770035388327968000.000000 -0.009917220 0.002829106 -0.004496629 0.013574605 0.120490097 -0.019166911 0.992436647
1770035388894629376.000000 -0.010674237 -0.000726896 -0.004528058 -0.018333821 0.121495463 -0.005393199 0.992408037
1770035389861294848.000000 -0.010896670 -0.006311339 -0.005289523 -0.062639341 0.113205925 0.006893976 0.991571069
1770035390427960320.000000 -0.007709992 -0.007536753 -0.002803553 -0.073921539 0.099408031 0.014216052 0.992195308
1770035393361292544.000000 -0.001400022 -0.000889787 -0.002092466 0.042455416 0.001529585 -0.010077420 0.999046385
1770035393727958272.000000 -0.000493719 0.001505856 -0.002559639 0.070880637 -0.035539038 0.000411575 0.996851444
1770035394527958016.000000 0.001365542 0.004691104 0.000902010 0.032898135 -0.036339391 0.009519319 0.998752534
1770035397594635008.000000 0.001811269 0.002844267 0.000504244 0.038110536 -0.033884224 0.009148181 0.998656988
1770035398327966464.000000 0.001839312 0.001518981 -0.000439930 0.019697092 -0.029918103 0.002492926 0.999355197
1770035398794633728.000000 0.001799473 0.000355469 -0.000877454 0.007917662 -0.026451835 0.001674791 0.999617338
1770035399161300480.000000 0.001413333 -0.000148914 -0.001010435 0.001078134 -0.022092957 0.001576186 0.999754131
