1770033958.419574 0.0000000 0.0000000 0.0000000 -0.0000000 -0.0000000 -0.0000000 1.0000000
1770033958.452909 -0.0004840 -0.0001043 0.0001656 -0.0005992 0.0002297 -0.0007253 0.9999995
1770033958.486242 -0.0003552 -0.0000990 0.0001640 -0.0007361 -0.0000242 -0.0008280 0.9999994
1770033958.552909 -0.0004093 -0.0001350 0.0001589 -0.0009018 0.0000773 -0.0011388 0.9999990
1770033958.619574 -0.0003506 -0.0001432 0.0001667 -0.0009969 -0.0000654 -0.0012981 0.9999987
1770033958.752909 -0.0002360 -0.0000943 0.0003062 -0.0011332 -0.0001188 -0.0015726 0.9999982
1770033959.019575 -0.0001239 -0.0001648 0.0002750 -0.0014160 -0.0003549 -0.0014205 0.9999980
1770033959.552908 -0.0002224 -0.0000032 0.0005598 -0.0014241 -0.0002690 -0.0019042 0.9999971
1770033960.652927 -0.0002119 0.0000650 0.0005049 -0.0016386 -0.0007534 -0.0036482 0.9999917
1770033962.719590 -0.0004935 0.0001122 0.0005537 0.0018156 0.0102268 -0.0051214 0.9999329
1770033963.319589 -0.0009578 -0.0004365 -0.0001232 -0.0029991 0.0220137 -0.0062854 0.9997334
1770033966.452922 0.0007643 0.0021491 0.0008396 0.0112409 0.0011994 -0.0040488 0.9999279
1770033967.752921 0.0010981 0.0015555 -0.0005356 0.0282082 -0.0183754 0.0029684 0.9994287
1770033968.019587 0.0004506 0.0018098 -0.0015010 0.0231170 -0.0196408 0.0036664 0.9995331
1770033969.352905 0.0013424 -0.0008787 0.0020333 -0.0330935 -0.0169500 -0.0705586 0.9968144
1770033969.852905 0.0001644 -0.0016992 0.0001270 -0.0263738 -0.0009267 -0.0447159 0.9986511
1770033971.019569 -0.0006932 0.0013012 0.0001266 0.0418121 0.0646336 -0.0395375 0.9962485
1770033972.052903 -0.0008670 0.0024000 0.0022769 0.0225683 0.0578990 -0.0117342 0.9979984
1770033972.419568 -0.0012518 0.0022612 0.0013078 0.0267630 0.0603277 -0.0113263 0.9977555
1770033973.652901 -0.0026092 -0.0020349 -0.0009688 -0.0170444 0.0661592 -0.0027739 0.9976596
1770033974.219567 -0.0021039 -0.0017455 0.0005994 -0.0310336 0.0583148 0.0036151 0.9978092
1770033974.919566 -0.0042103 -0.0013849 0.0037627 -0.0220334 0.0479587 0.0046127 0.9985957
1770033979.019554 0.0003917 -0.0014065 -0.0009015 -0.0278613 -0.0185349 -0.0392484 0.9986690
1770033981.652886 -0.0012738 0.0021787 0.0023398 0.0106689 0.0577894 -0.0125781 0.9981925
1770033982.086217 -0.0011854 0.0025042 0.0018556 0.0259295 0.0591588 -0.0120375 0.9978392
1770033982.752884 -0.0021096 0.0009810 0.0007987 0.0179071 0.0659682 -0.0088223 0.9976220
1770033983.686202 -0.0024734 -0.0017179 -0.0001206 -0.0220466 0.0649882 0.0002168 0.9976425
1770033984.319533 -0.0018838 -0.0020227 -0.0001356 -0.0308627 0.0547435 0.0046777 0.9980124
1770033984.752868 -0.0032460 -0.0023995 -0.0005366 -0.0239408 0.0501018 0.0037911 0.9984500
1770033985.052869 -0.0032794 -0.0025589 -0.0011802 -0.0114126 0.0400689 0.0033792 0.9991260
1770033986.252867 0.0006698 0.0018955 -0.0004007 0.0316641 -0.0207761 0.0010506 0.9992821
1770033986.886199 0.0013039 0.0020388 0.0004678 0.0279423 -0.0195646 -0.0040756 0.9994097
1770033987.686200 0.0014221 0.0018889 0.0002231 0.0278205 -0.0219853 0.0056496 0.9993552
1770033989.519530 0.0000894 -0.0018639 -0.0000738 -0.0297283 -0.0053498 -0.0530351 0.9981357
1770033990.852864 -0.0008621 0.0013635 0.0000537 0.0427969 0.0644875 -0.0389335 0.9962400
1770033992.052842 -0.0012391 0.0025043 0.0016330 0.0259105 0.0590283 -0.0117047 0.9978514
1770033993.286172 -0.0027668 -0.0016286 -0.0005673 -0.0090972 0.0677106 -0.0076526 0.9976342
1770033998.752837 0.0011495 -0.0016686 -0.0000115 -0.0260030 -0.0191850 -0.0269040 0.9991156
1770034000.452816 -0.0003713 0.0002447 -0.0000919 0.0317535 0.0509800 -0.0356547 0.9975578
1770034000.819481 -0.0008166 0.0016234 0.0004207 0.0351397 0.0619584 -0.0369564 0.9967752
1770034001.019480 -0.0007615 0.0017553 0.0019154 0.0152261 0.0584113 -0.0269726 0.9978120
1770034002.586148 -0.0021505 0.0010551 0.0008453 0.0171389 0.0659451 -0.0080627 0.9976435
1770034004.752811 -0.0033902 -0.0027160 -0.0013022 -0.0164126 0.0433634 0.0037000 0.9989177
1770034005.819477 -0.0000601 0.0015623 -0.0008886 0.0555679 -0.0216647 -0.0010386 0.9982193
1770034007.752795 0.0009376 0.0010923 0.0004840 0.0154603 -0.0121961 -0.0006464 0.9998059
