1770033958419573760.000000 0.000000000 0.000000000 0.000000000 -0.000000000 -0.000000000 -0.000000000 1.000000000
1770033958452908544.000000 -0.000483968 -0.000104312 0.000165559 -0.000599160 0.000229693 -0.000725285 0.999999523
1770033958486241536.000000 -0.000355231 -0.000098968 0.000164045 -0.000736121 -0.000024220 -0.000827953 0.999999404
1770033958552909056.000000 -0.000409255 -0.000134983 0.000158900 -0.000901812 0.000077283 -0.001138760 0.999998987
1770033958619573760.000000 -0.000350604 -0.000143240 0.000166703 -0.000996888 -0.000065403 -0.001298052 0.999998689
1770033958752909056.000000 -0.000236027 -0.000094286 0.000306219 -0.001133231 -0.000118807 -0.001572551 0.999998152
1770033959019574784.000000 -0.000123935 -0.000164768 0.000274995 -0.001416048 -0.000354865 -0.001420456 0.999997973
1770033959552908544.000000 -0.000222408 -0.000003170 0.000559828 -0.001424090 -0.000268982 -0.001904229 0.999997139
1770033960652926720.000000 -0.000211913 0.000064954 0.000504877 -0.001638632 -0.000753377 -0.003648153 0.999991715
1770033962719589888.000000 -0.000493513 0.000112178 0.000553685 0.001815631 0.010226827 -0.005121392 0.999932945
1770033963319588864.000000 -0.000957828 -0.000436520 -0.000123226 -0.002999118 0.022013703 -0.006285429 0.999733448
1770033966452921856.000000 0.000764343 0.002149062 0.000839622 0.011240900 0.001199397 -0.004048841 0.999927938
1770033967752920576.000000 0.001098146 0.001555470 -0.000535649 0.028208222 -0.018375356 0.002968417 0.999428749
1770033968019587328.000000 0.000450595 0.001809773 -0.001501046 0.023117004 -0.019640779 0.003666410 0.999533117
1770033969352904448.000000 0.001342433 -0.000878694 0.002033335 -0.033093505 -0.016950037 -0.070558622 0.996814430
1770033969852904704.000000 0.000164426 -0.001699166 0.000126953 -0.026373766 -0.000926663 -0.044715852 0.998651147
1770033971019569408.000000 -0.000693210 0.001301240 0.000126609 0.041812062 0.064633630 -0.039537515 0.996248484
1770033972052902912.000000 -0.000866961 0.002399965 0.002276931 0.022568306 0.057899047 -0.011734230 0.997998357
1770033972419567616.000000 -0.001251766 0.002261236 0.001307770 0.026762959 0.060327694 -0.011326324 0.997755468
1770033973652901120.000000 -0.002609171 -0.002034910 -0.000968797 -0.017044447 0.066159196 -0.002773864 0.997659624
1770033974219566848.000000 -0.002103927 -0.001745496 0.000599383 -0.031033589 0.058314841 0.003615079 0.997809231
1770033974919566080.000000 -0.004210256 -0.001384909 0.003762722 -0.022033358 0.047958683 0.004612717 0.998595655
1770033979019553536.000000 0.000391734 -0.001406505 -0.000901528 -0.027861277 -0.018534850 -0.039248385 0.998669028
1770033981652885760.000000 -0.001273840 0.002178747 0.002339843 0.010668900 0.057789378 -0.012578052 0.998192549
1770033982086217216.000000 -0.001185442 0.002504175 0.001855591 0.025929505 0.059158817 -0.012037531 0.997839212
1770033982752883968.000000 -0.002109615 0.000980951 0.000798734 0.017907126 0.065968245 -0.008822292 0.997622013
1770033983686201600.000000 -0.002473418 -0.001717932 -0.000120608 -0.022046641 0.064988181 0.000216763 0.997642457
1770033984319533312.000000 -0.001883792 -0.002022667 -0.000135603 -0.030862706 0.054743454 0.004677670 0.998012424
1770033984752867584.000000 -0.003245966 -0.002399496 -0.000536606 -0.023940790 0.050101809 0.003791083 0.998449981
1770033985052869120.000000 -0.003279393 -0.002558918 -0.001180195 -0.011412632 0.040068895 0.003379248 0.999126017
1770033986252867328.000000 0.000669797 0.001895475 -0.000400652 0.031664092 -0.020776082 0.001050599 0.999282062
1770033986886199040.000000 0.001303899 0.002038784 0.000467843 0.027942283 -0.019564617 -0.004075555 0.999409735
1770033987686199552.000000 0.001422144 0.001888894 0.000223091 0.027820490 -0.021985320 0.005649616 0.999355197
1770033989519529984.000000 0.000089356 -0.001863933 -0.000073825 -0.029728286 -0.005349779 -0.053035080 0.998135746
1770033990852863744.000000 -0.000862148 0.001363500 0.000053699 0.042796917 0.064487502 -0.038933538 0.996239960
1770033992052841984.000000 -0.001239146 0.002504325 0.001633047 0.025910469 0.059028350 -0.011704700 0.997851372
1770033993286171904.000000 -0.002766782 -0.001628648 -0.000567298 -0.009097174 0.067710645 -0.007652623 0.997634172
1770033998752836608.000000 0.001149510 -0.001668601 -0.000011457 -0.026002990 -0.019184958 -0.026903985 0.999115586
1770034000452815616.000000 -0.000371252 0.000244728 -0.000091918 0.031753454 0.050980002 -0.035654690 0.997557819
1770034000819480832.000000 -0.000816635 0.001623435 0.000420724 0.035139661 0.061958391 -0.036956426 0.996775150
1770034001019480064.000000 -0.000761454 0.001755293 0.001915448 0.015226061 0.058411345 -0.026972614 0.997812033
1770034002586147840.000000 -0.002150537 0.001055115 0.000845303 0.017138941 0.065945134 -0.008062706 0.997643471
1770034004752811264.000000 -0.003390184 -0.002716020 -0.001302151 -0.016412567 0.043363437 0.003700023 0.998917699
1770034005819477248.000000 -0.000060105 0.001562288 -0.000888605 0.055567872 -0.021664742 -0.001038632 0.998219311
1770034007752794624.000000 0.000937641 0.001092304 0.000484016 0.015460334 -0.012196072 -0.000646351 0.999805868
