1770034215984503040.000000 0.000000000 0.000000000 0.000000000 -0.000000000 -0.000000000 -0.000000000 1.000000000
1770034216184502272.000000 0.000298146 0.000550381 0.000606293 0.009055802 -0.003528416 0.000145195 0.999952793
1770034216884501248.000000 0.002269132 0.002373954 0.002335035 -0.005072846 -0.023686636 -0.004908927 0.999694526
1770034217317831680.000000 0.001383821 0.002061287 0.001322079 0.007077234 -0.030823553 -0.005316092 0.999485672
1770034218084479488.000000 0.000306357 0.001548517 -0.000061619 0.012902153 -0.038154081 0.003117215 0.999183714
1770034218617812992.000000 0.000592378 0.000464891 -0.000843171 -0.006155818 -0.041207492 0.007494787 0.999103546
1770034218851144704.000000 0.000189601 -0.000129812 -0.001783812 -0.017114071 -0.040267240 0.011738385 0.998973429
1770034220084478720.000000 -0.000509666 -0.002268225 -0.002787631 -0.036872808 -0.025330830 -0.048065476 0.997841895
1770034220951143168.000000 0.000210635 -0.000485183 -0.000037638 0.014171970 0.020437608 -0.032342903 0.999167323
1770034222051142912.000000 -0.000344954 0.001991386 0.002952060 -0.001818306 0.035942581 -0.011097858 0.999290586
1770034222251142912.000000 -0.000185420 0.002012664 0.002656761 0.006134853 0.036435839 -0.010747570 0.999259412
1770034222484476928.000000 0.000115244 0.001457615 0.001446312 0.012420562 0.037551783 -0.010928259 0.999157727
1770034223351142400.000000 -0.000522445 0.001219308 -0.000620603 0.002930769 0.042542443 -0.009386320 0.999046326
1770034223751142144.000000 -0.000679218 -0.000937338 -0.000498604 -0.017305519 0.042943120 -0.005444128 0.998912811
1770034229284444160.000000 -0.000124107 -0.001996627 -0.001422769 -0.035456676 -0.037354715 -0.027618999 0.998290837
1770034229617775872.000000 -0.000463827 -0.002272443 -0.002507826 -0.041977085 -0.035896763 -0.069256037 0.996068776
1770034232417772288.000000 0.000088992 0.001544173 0.001316876 0.013112602 0.037380129 -0.010747249 0.999157310
1770034233651106816.000000 -0.000546308 -0.000982803 -0.000355800 -0.017095406 0.042984936 -0.005209925 0.998915851
1770034234351104768.000000 -0.002146816 -0.001482747 -0.002109716 -0.035571687 0.036933474 0.006340756 0.998664320
1770034235384448512.000000 -0.001732269 -0.002222192 -0.001107516 -0.019041553 0.015043333 0.005497451 0.999690413
1770034236584447232.000000 0.002058630 0.002391360 0.000788942 0.016990319 -0.042422380 -0.000293178 0.998955250
1770034237217780224.000000 0.002493022 0.001900771 0.001987696 0.015730551 -0.040721063 -0.000606299 0.999046564
1770034240384445696.000000 0.000654241 -0.001869763 -0.001149102 -0.014630417 -0.006345400 -0.036472552 0.999207377
1770034240617779712.000000 0.000432184 -0.000903626 -0.000476968 0.004952609 0.008495071 -0.034374047 0.999360681
1770034241184445440.000000 -0.000063452 0.001046677 0.000290854 0.028659547 0.040452726 -0.036331128 0.998109341
1770034241284446464.000000 0.000318331 0.001107339 0.001334574 0.012901545 0.037153900 -0.032077719 0.998711288
1770034241584444416.000000 -0.000192527 0.001935921 0.002487601 -0.002802455 0.035550583 -0.019112572 0.999181211
1770034242417771008.000000 0.000198932 0.001459911 0.001113459 0.013042121 0.037422840 -0.010300569 0.999161303
1770034243017769216.000000 -0.000344698 0.001107929 -0.000281966 0.006777305 0.041980758 -0.010370156 0.999041617
1770034244451103488.000000 -0.001652785 -0.002174979 -0.001286581 -0.037777916 0.032667488 0.006172637 0.998732984
1770034247017766912.000000 0.002085794 0.002256716 0.002630198 0.012588922 -0.040039469 -0.003143112 0.999113858
1770034249151101696.000000 -0.000245481 -0.002166882 -0.002120692 -0.038316645 -0.037913207 -0.041852023 0.997668684
1770034250251099136.000000 0.000571798 -0.001702184 -0.001165086 -0.015762724 -0.007954282 -0.036148075 0.999190450
1770034250584412672.000000 0.000502119 -0.001179514 -0.000029825 0.008033545 0.013476804 -0.032897118 0.999335647
1770034251184411648.000000 0.000229319 0.001158199 0.001435805 0.012975956 0.037966389 -0.031988706 0.998682618
1770034253084411136.000000 -0.000418312 0.001294550 -0.000839916 0.001529543 0.042656295 -0.008956786 0.999048531
1770034254551076608.000000 -0.002392792 -0.002603184 -0.002197369 -0.036878511 0.030590635 0.008094510 0.998818636
1770034255217742080.000000 -0.002064000 -0.002439257 -0.001271834 -0.016402030 0.014483992 0.006251924 0.999741018
1770034255684409344.000000 -0.000374968 -0.000340167 -0.001254796 0.022746827 -0.019677449 -0.006479125 0.999526620
1770034256051075584.000000 0.000311417 0.001226798 -0.000342342 0.040989894 -0.041671205 -0.001750984 0.998288691
1770034256551075584.000000 0.001931825 0.002577403 0.001562571 0.011804760 -0.040694866 -0.001821971 0.999100208
