1770034215.984503 0.0000000 0.0000000 0.0000000 -0.0000000 -0.0000000 -0.0000000 1.0000000
1770034216.184502 0.0002981 0.0005504 0.0006063 0.0090558 -0.0035284 0.0001452 0.9999528
1770034216.884501 0.0022691 0.0023740 0.0023350 -0.0050728 -0.0236866 -0.0049089 0.9996945
1770034217.317832 0.0013838 0.0020613 0.0013221 0.0070772 -0.0308236 -0.0053161 0.9994857
1770034218.084480 0.0003064 0.0015485 -0.0000616 0.0129022 -0.0381541 0.0031172 0.9991837
1770034218.617813 0.0005924 0.0004649 -0.0008432 -0.0061558 -0.0412075 0.0074948 0.9991035
1770034218.851145 0.0001896 -0.0001298 -0.0017838 -0.0171141 -0.0402672 0.0117384 0.9989734
1770034220.084479 -0.0005097 -0.0022682 -0.0027876 -0.0368728 -0.0253308 -0.0480655 0.9978419
1770034220.951143 0.0002106 -0.0004852 -0.0000376 0.0141720 0.0204376 -0.0323429 0.9991673
1770034222.051143 -0.0003450 0.0019914 0.0029521 -0.0018183 0.0359426 -0.0110979 0.9992906
1770034222.251143 -0.0001854 0.0020127 0.0026568 0.0061349 0.0364358 -0.0107476 0.9992594
1770034222.484477 0.0001152 0.0014576 0.0014463 0.0124206 0.0375518 -0.0109283 0.9991577
1770034223.351142 -0.0005224 0.0012193 -0.0006206 0.0029308 0.0425424 -0.0093863 0.9990463
1770034223.751142 -0.0006792 -0.0009373 -0.0004986 -0.0173055 0.0429431 -0.0054441 0.9989128
1770034229.284444 -0.0001241 -0.0019966 -0.0014228 -0.0354567 -0.0373547 -0.0276190 0.9982908
1770034229.617776 -0.0004638 -0.0022724 -0.0025078 -0.0419771 -0.0358968 -0.0692560 0.9960688
1770034232.417772 0.0000890 0.0015442 0.0013169 0.0131126 0.0373801 -0.0107472 0.9991573
1770034233.651107 -0.0005463 -0.0009828 -0.0003558 -0.0170954 0.0429849 -0.0052099 0.9989159
1770034234.351105 -0.0021468 -0.0014827 -0.0021097 -0.0355717 0.0369335 0.0063408 0.9986643
1770034235.384449 -0.0017323 -0.0022222 -0.0011075 -0.0190416 0.0150433 0.0054975 0.9996904
1770034236.584447 0.0020586 0.0023914 0.0007889 0.0169903 -0.0424224 -0.0002932 0.9989552
1770034237.217780 0.0024930 0.0019008 0.0019877 0.0157306 -0.0407211 -0.0006063 0.9990466
1770034240.384446 0.0006542 -0.0018698 -0.0011491 -0.0146304 -0.0063454 -0.0364726 0.9992074
1770034240.617780 0.0004322 -0.0009036 -0.0004770 0.0049526 0.0084951 -0.0343740 0.9993607
1770034241.184445 -0.0000635 0.0010467 0.0002909 0.0286595 0.0404527 -0.0363311 0.9981093
1770034241.284446 0.0003183 0.0011073 0.0013346 0.0129015 0.0371539 -0.0320777 0.9987113
1770034241.584445 -0.0001925 0.0019359 0.0024876 -0.0028025 0.0355506 -0.0191126 0.9991812
1770034242.417771 0.0001989 0.0014599 0.0011135 0.0130421 0.0374228 -0.0103006 0.9991613
1770034243.017769 -0.0003447 0.0011079 -0.0002820 0.0067773 0.0419808 -0.0103702 0.9990416
1770034244.451103 -0.0016528 -0.0021750 -0.0012866 -0.0377779 0.0326675 0.0061726 0.9987330
1770034247.017767 0.0020858 0.0022567 0.0026302 0.0125889 -0.0400395 -0.0031431 0.9991139
1770034249.151102 -0.0002455 -0.0021669 -0.0021207 -0.0383166 -0.0379132 -0.0418520 0.9976687
1770034250.251099 0.0005718 -0.0017022 -0.0011651 -0.0157627 -0.0079543 -0.0361481 0.9991904
1770034250.584413 0.0005021 -0.0011795 -0.0000298 0.0080335 0.0134768 -0.0328971 0.9993356
1770034251.184412 0.0002293 0.0011582 0.0014358 0.0129760 0.0379664 -0.0319887 0.9986826
1770034253.084411 -0.0004183 0.0012946 -0.0008399 0.0015295 0.0426563 -0.0089568 0.9990485
1770034254.551077 -0.0023928 -0.0026032 -0.0021974 -0.0368785 0.0305906 0.0080945 0.9988186
1770034255.217742 -0.0020640 -0.0024393 -0.0012718 -0.0164020 0.0144840 0.0062519 0.9997410
1770034255.684409 -0.0003750 -0.0003402 -0.0012548 0.0227468 -0.0196774 -0.0064791 0.9995266
1770034256.051076 0.0003114 0.0012268 -0.0003423 0.0409899 -0.0416712 -0.0017510 0.9982887
1770034256.551075 0.0019318 0.0025774 0.0015626 0.0118048 -0.0406949 -0.0018220 0.9991002
