1770034524.977443 0.0000000 0.0000000 0.0000000 -0.0000000 -0.0000000 -0.0000000 1.0000000
1770034526.377443 0.0001092 0.0003820 0.0002428 0.0052714 0.0035250 -0.0034917 0.9999738
1770034526.610778 0.0000374 0.0003701 -0.0000375 0.0057673 0.0050832 -0.0042977 0.9999612
1770034528.677442 0.0015909 0.0016774 -0.0001932 0.0049926 0.0231897 -0.0096117 0.9996724
1770034529.277441 0.0007476 0.0016094 -0.0012807 -0.0062626 0.0347532 -0.0095382 0.9993308
1770034529.710776 0.0012457 0.0018135 -0.0003953 -0.0165418 0.0386068 -0.0120222 0.9990453
1770034530.110775 0.0015095 0.0020241 -0.0004884 -0.0218662 0.0379150 -0.0105268 0.9989862
1770034531.610776 0.0019402 0.0023079 -0.0004383 0.0019499 0.0199288 -0.0080933 0.9997668
1770034532.944107 -0.0008282 -0.0006046 -0.0002788 0.0103436 -0.0158912 0.0016076 0.9998189
1770034533.210775 0.0000547 0.0001333 0.0006609 -0.0051112 -0.0174910 0.0002561 0.9998339
1770034534.844105 0.0007579 -0.0004428 0.0003554 0.0353988 -0.0219380 0.0034487 0.9991265
1770034536.977436 -0.0004099 -0.0037585 -0.0027376 -0.0332064 -0.0343940 -0.1188798 0.9917570
1770034537.277437 -0.0010189 -0.0044080 -0.0039917 -0.0457493 -0.0417369 -0.1981187 0.9782199
1770034537.744104 -0.0016220 -0.0050902 -0.0053851 -0.0620643 -0.0461798 -0.2828367 0.9560433
1770034538.577437 -0.0025051 -0.0059848 -0.0062980 -0.0677386 -0.0314796 -0.3018042 0.9504392
1770034540.777387 0.0011663 0.0007587 0.0019192 -0.0055036 0.0655110 -0.1096815 0.9917903
1770034541.344054 0.0011976 0.0028508 0.0021604 -0.0062316 0.0528113 -0.0601780 0.9967702
1770034541.877387 -0.0001856 0.0028414 0.0019612 0.0215652 0.0592311 -0.0564260 0.9964150
1770034543.010721 -0.0008169 0.0029648 -0.0009742 0.0350245 0.0645940 -0.0421079 0.9964074
1770034543.377385 -0.0014608 0.0019711 -0.0014570 0.0241770 0.0681566 -0.0347893 0.9967747
1770034544.144052 -0.0027599 -0.0006514 -0.0025615 -0.0112817 0.0739300 -0.0178555 0.9970398
1770034545.077384 -0.0036205 -0.0057716 -0.0041517 -0.0527934 0.0677553 0.0059898 0.9962862
1770034547.844071 0.0011734 0.0012657 -0.0011979 0.0419973 0.0018823 -0.0141049 0.9990164
1770034548.810738 -0.0001444 0.0000283 0.0003768 0.0161057 -0.0340357 0.0058123 0.9992740
1770034549.310738 -0.0008817 -0.0017604 0.0013148 0.0073390 -0.0269233 0.0058404 0.9995935
1770034551.344069 -0.0057511 -0.0002856 -0.0023044 0.0205702 -0.0256725 0.0042144 0.9994499
1770034551.810735 -0.0063361 -0.0000447 -0.0026477 0.0081366 -0.0245864 0.0016237 0.9996633
1770034552.777400 -0.0082554 -0.0033878 -0.0094149 -0.0407032 -0.0385819 -0.1768544 0.9826379
1770034553.110736 -0.0087005 -0.0041550 -0.0108256 -0.0549037 -0.0432483 -0.2514538 0.9653425
1770034553.344069 -0.0086970 -0.0044746 -0.0106118 -0.0610061 -0.0430103 -0.2901755 0.9540579
1770034553.944037 -0.0096635 -0.0049551 -0.0108860 -0.0699894 -0.0353443 -0.3186966 0.9446083
1770034554.644036 -0.0090046 -0.0038058 -0.0090749 -0.0474342 -0.0101543 -0.1968058 0.9792417
1770034555.710703 0.0002183 0.0000137 -0.0007759 0.0355183 0.0541840 -0.1447985 0.9873378
1770034556.344036 0.0010216 0.0002541 0.0015233 -0.0044988 0.0666762 -0.1104843 0.9916286
1770034556.710703 0.0011029 0.0017365 0.0019600 -0.0150369 0.0559562 -0.0727308 0.9956672
1770034557.344035 0.0000655 0.0029067 0.0019684 0.0154015 0.0570383 -0.0562707 0.9966660
1770034557.777367 -0.0002483 0.0031845 0.0015392 0.0333975 0.0597855 -0.0532742 0.9962290
1770034558.644035 -0.0017592 0.0023426 -0.0009502 0.0311793 0.0702651 -0.0444377 0.9960502
1770034559.577366 -0.0031882 -0.0003177 -0.0024047 -0.0060587 0.0761029 -0.0213691 0.9968526
1770034559.777366 -0.0034745 -0.0013952 -0.0030326 -0.0159118 0.0755384 -0.0168615 0.9968734
1770034560.144034 -0.0035309 -0.0033711 -0.0031837 -0.0321631 0.0742669 -0.0077842 0.9966892
1770034560.877366 -0.0037317 -0.0063831 -0.0039875 -0.0583635 0.0660899 0.0080507 0.9960728
1770034561.544032 -0.0020315 -0.0077620 -0.0034828 -0.0665958 0.0523863 0.0091401 0.9963620
1770034563.544037 0.0010060 0.0011549 -0.0012727 0.0490161 -0.0062639 -0.0156900 0.9986551
1770034566.277367 -0.0039980 -0.0010553 -0.0024845 0.0366747 -0.0230385 0.0068941 0.9990379
1770034568.177366 -0.0084990 -0.0011544 -0.0091534 -0.0241277 -0.0330031 -0.1174996 0.9922311
1770034570.377357 -0.0094549 -0.0029082 -0.0106327 -0.0394890 -0.0041867 -0.1607772 0.9861916
1770034571.244024 -0.0097005 -0.0007752 -0.0097620 0.0273322 0.0559674 -0.1388406 0.9883541
1770034582.944003 0.0001802 0.0001762 -0.0013186 0.0108155 -0.0267452 0.0045355 0.9995735
1770034585.777326 -0.0073666 -0.0052135 -0.0123723 -0.0516070 -0.0121085 -0.2110708 0.9760324
1770034586.110661 -0.0071446 -0.0039617 -0.0127386 -0.0299296 0.0015968 -0.1353743 0.9903411
1770034586.777325 -0.0019081 -0.0036851 -0.0043717 0.0188696 0.0465392 -0.1333582 0.9897947
1770034588.177325 0.0010127 0.0032192 0.0017406 -0.0028818 0.0528222 -0.0566156 0.9969936
1770034590.010658 -0.0018587 0.0023720 -0.0008520 0.0293974 0.0698042 -0.0359518 0.9964792
1770034590.910658 -0.0032573 -0.0013458 -0.0020740 -0.0131252 0.0766666 -0.0172180 0.9968217
1770034591.543990 -0.0035559 -0.0047733 -0.0033109 -0.0423225 0.0721903 -0.0009891 0.9964921
1770034592.110648 -0.0034183 -0.0068106 -0.0039222 -0.0609554 0.0646548 0.0085655 0.9960074
1770034592.810649 -0.0019712 -0.0080162 -0.0031746 -0.0676749 0.0505201 0.0094100 0.9963831
1770034593.243982 -0.0003263 -0.0071519 -0.0028320 -0.0582075 0.0377169 0.0108752 0.9975325
1770034594.710648 0.0003449 -0.0028510 -0.0007628 0.0267403 -0.0012779 -0.0168869 0.9994990
1770034594.777312 0.0002930 -0.0024866 -0.0008414 0.0331518 -0.0070519 -0.0175375 0.9992716
1770034597.877311 0.0000671 -0.0003760 -0.0012626 0.0200078 -0.0191934 0.0041834 0.9996068
1770034598.677310 0.0003860 -0.0005625 -0.0013458 0.0066804 -0.0157384 0.0082066 0.9998202
1770034602.243959 -0.0002051 -0.0004836 -0.0009736 -0.0043101 0.0002047 -0.0009418 0.9999902
