1770034524977443584.000000 0.000000000 0.000000000 0.000000000 -0.000000000 -0.000000000 -0.000000000 1.000000000
1770034526377442816.000000 0.000109163 0.000382025 0.000242811 0.005271368 0.003524977 -0.003491706 0.999973834
1770034526610778112.000000 0.000037407 0.000370064 -0.000037496 0.005767253 0.005083171 -0.004297670 0.999961197
1770034528677441792.000000 0.001590881 0.001677385 -0.000193228 0.004992569 0.023189662 -0.009611701 0.999672413
1770034529277441024.000000 0.000747577 0.001609384 -0.001280683 -0.006262583 0.034753229 -0.009538182 0.999330819
1770034529710775808.000000 0.001245663 0.001813519 -0.000395289 -0.016541790 0.038606826 -0.012022166 0.999045253
1770034530110775296.000000 0.001509455 0.002024120 -0.000488365 -0.021866150 0.037915047 -0.010526790 0.998986244
1770034531610776064.000000 0.001940197 0.002307856 -0.000438348 0.001949882 0.019928813 -0.008093267 0.999766767
1770034532944106496.000000 -0.000828237 -0.000604636 -0.000278754 0.010343627 -0.015891185 0.001607585 0.999818921
1770034533210774784.000000 0.000054676 0.000133302 0.000660908 -0.005111197 -0.017491022 0.000256092 0.999833941
1770034534844104960.000000 0.000757936 -0.000442795 0.000355446 0.035398807 -0.021937953 0.003448701 0.999126494
1770034536977436416.000000 -0.000409939 -0.003758550 -0.002737578 -0.033206362 -0.034393962 -0.118879765 0.991757035
1770034537277436672.000000 -0.001018893 -0.004408007 -0.003991654 -0.045749303 -0.041736867 -0.198118687 0.978219867
1770034537744103936.000000 -0.001621962 -0.005090217 -0.005385135 -0.062064268 -0.046179768 -0.282836735 0.956043303
1770034538577436672.000000 -0.002505084 -0.005984764 -0.006297951 -0.067738630 -0.031479612 -0.301804245 0.950439215
1770034540777387264.000000 0.001166287 0.000758652 0.001919232 -0.005503554 0.065511048 -0.109681480 0.991790295
1770034541344053760.000000 0.001197625 0.002850800 0.002160400 -0.006231566 0.052811284 -0.060177974 0.996770203
1770034541877386496.000000 -0.000185614 0.002841389 0.001961169 0.021565227 0.059231129 -0.056426018 0.996414959
1770034543010720768.000000 -0.000816934 0.002964834 -0.000974169 0.035024464 0.064593971 -0.042107940 0.996407449
1770034543377385472.000000 -0.001460816 0.001971075 -0.001456995 0.024176959 0.068156593 -0.034789320 0.996774733
1770034544144052224.000000 -0.002759932 -0.000651393 -0.002561531 -0.011281719 0.073930025 -0.017855519 0.997039795
1770034545077384192.000000 -0.003620516 -0.005771628 -0.004151715 -0.052793398 0.067755297 0.005989846 0.996286213
1770034547844070656.000000 0.001173388 0.001265668 -0.001197852 0.041997336 0.001882271 -0.014104902 0.999016404
1770034548810737664.000000 -0.000144387 0.000028268 0.000376754 0.016105674 -0.034035731 0.005812304 0.999273956
1770034549310737920.000000 -0.000881729 -0.001760420 0.001314812 0.007339008 -0.026923314 0.005840352 0.999593496
1770034551344068608.000000 -0.005751150 -0.000285564 -0.002304401 0.020570194 -0.025672501 0.004214402 0.999449909
1770034551810735104.000000 -0.006336147 -0.000044735 -0.002647697 0.008136648 -0.024586396 0.001623650 0.999663293
1770034552777400320.000000 -0.008255383 -0.003387828 -0.009414880 -0.040703241 -0.038581870 -0.176854447 0.982637882
1770034553110735616.000000 -0.008700471 -0.004155006 -0.010825573 -0.054903701 -0.043248300 -0.251453817 0.965342522
1770034553344068864.000000 -0.008696998 -0.004474603 -0.010611826 -0.061006140 -0.043010339 -0.290175527 0.954057932
1770034553944037376.000000 -0.009663460 -0.004955078 -0.010885950 -0.069989428 -0.035344269 -0.318696558 0.944608271
1770034554644036096.000000 -0.009004616 -0.003805790 -0.009074921 -0.047434226 -0.010154295 -0.196805850 0.979241729
1770034555710703104.000000 0.000218326 0.000013687 -0.000775883 0.035518307 0.054183979 -0.144798517 0.987337828
1770034556344035584.000000 0.001021582 0.000254057 0.001523289 -0.004498758 0.066676185 -0.110484302 0.991628587
1770034556710702592.000000 0.001102932 0.001736533 0.001960034 -0.015036855 0.055956159 -0.072730787 0.995667160
1770034557344034816.000000 0.000065540 0.002906722 0.001968355 0.015401526 0.057038326 -0.056270715 0.996666014
1770034557777367040.000000 -0.000248319 0.003184485 0.001539227 0.033397544 0.059785489 -0.053274225 0.996228993
1770034558644034816.000000 -0.001759241 0.002342633 -0.000950159 0.031179264 0.070265144 -0.044437747 0.996050179
1770034559577365760.000000 -0.003188163 -0.000317724 -0.002404668 -0.006058730 0.076102875 -0.021369118 0.996852577
1770034559777366016.000000 -0.003474549 -0.001395208 -0.003032561 -0.015911842 0.075538352 -0.016861487 0.996873379
1770034560144033792.000000 -0.003530927 -0.003371086 -0.003183693 -0.032163098 0.074266873 -0.007784222 0.996689200
1770034560877365504.000000 -0.003731653 -0.006383108 -0.003987514 -0.058363471 0.066089928 0.008050668 0.996072769
1770034561544032256.000000 -0.002031465 -0.007761990 -0.003482766 -0.066595837 0.052386310 0.009140109 0.996361971
1770034563544036608.000000 0.001006025 0.001154868 -0.001272730 0.049016081 -0.006263944 -0.015690040 0.998655140
1770034566277367040.000000 -0.003997982 -0.001055299 -0.002484475 0.036674697 -0.023038499 0.006894097 0.999037862
1770034568177366016.000000 -0.008499017 -0.001154381 -0.009153379 -0.024127679 -0.033003066 -0.117499612 0.992231071
1770034570377356544.000000 -0.009454891 -0.002908160 -0.010632688 -0.039488953 -0.004186670 -0.160777211 0.986191571
1770034571244023808.000000 -0.009700539 -0.000775227 -0.009762044 0.027332198 0.055967446 -0.138840586 0.988354146
1770034582944003328.000000 0.000180206 0.000176225 -0.001318577 0.010815491 -0.026745174 0.004535538 0.999573469
1770034585777325568.000000 -0.007366603 -0.005213497 -0.012372339 -0.051607016 -0.012108473 -0.211070791 0.976032376
1770034586110660608.000000 -0.007144610 -0.003961701 -0.012738628 -0.029929616 0.001596810 -0.135374337 0.990341127
1770034586777324800.000000 -0.001908084 -0.003685133 -0.004371680 0.018869577 0.046539221 -0.133358181 0.989794731
1770034588177324544.000000 0.001012729 0.003219178 0.001740571 -0.002881826 0.052822154 -0.056615639 0.996993601
1770034590010657536.000000 -0.001858748 0.002372022 -0.000851978 0.029397413 0.069804177 -0.035951756 0.996479154
1770034590910657536.000000 -0.003257293 -0.001345816 -0.002074042 -0.013125179 0.076666579 -0.017217975 0.996821702
1770034591543990016.000000 -0.003555940 -0.004773315 -0.003310851 -0.042322457 0.072190285 -0.000989065 0.996492088
1770034592110647808.000000 -0.003418347 -0.006810624 -0.003922163 -0.060955413 0.064654827 0.008565544 0.996007442
1770034592810649088.000000 -0.001971155 -0.008016169 -0.003174572 -0.067674920 0.050520130 0.009409983 0.996383131
1770034593243981568.000000 -0.000326274 -0.007151864 -0.002832004 -0.058207531 0.037716854 0.010875165 0.997532487
1770034594710647552.000000 0.000344863 -0.002850971 -0.000762756 0.026740307 -0.001277892 -0.016886907 0.999498963
1770034594777312256.000000 0.000292965 -0.002486574 -0.000841382 0.033151828 -0.007051918 -0.017537469 0.999271572
1770034597877310720.000000 0.000067145 -0.000375959 -0.001262606 0.020007765 -0.019193450 0.004183420 0.999606848
1770034598677310464.000000 0.000385985 -0.000562493 -0.001345794 0.006680448 -0.015738433 0.008206636 0.999820173
1770034602243959552.000000 -0.000205134 -0.000483641 -0.000973584 -0.004310083 0.000204650 -0.000941787 0.999990225
