1770113802701314304.000000 0.000000000 0.000000000 0.000000000 -0.000000000 -0.000000000 -0.000000000 1.000000000
1770113802767980032.000000 0.000025527 -0.000121711 -0.000162953 -0.000195995 -0.000575602 -0.001407800 0.999998808
1770113802801313792.000000 -0.000032495 -0.000125671 -0.000218696 0.000051782 -0.000104334 -0.001177411 0.999999344
1770113802834647296.000000 -0.000020515 -0.000097869 -0.000187824 0.000116921 -0.000205735 -0.001440175 0.999998927
1770113802867980544.000000 -0.000039918 -0.000247588 -0.000337978 -0.000085698 -0.000044814 -0.001155648 0.999999344
1770113802934647040.000000 0.000009921 -0.000136050 -0.000226424 0.000091021 -0.000210283 -0.001474813 0.999998868
1770113803434646272.000000 -0.000001084 -0.000195841 -0.000092365 -0.000248779 -0.000017363 -0.001226408 0.999999225
1770113803967979008.000000 -0.000189288 -0.000143708 0.000077512 -0.000814249 0.000059016 -0.001760520 0.999998152
1770113804767993088.000000 -0.000241361 -0.000145635 -0.000109945 -0.000663800 -0.000017654 -0.002252107 0.999997258
1770113808001325568.000000 -0.000033442 -0.000009103 -0.000201441 -0.000445764 -0.000195290 -0.002060849 0.999997735
1770113808901325056.000000 0.000114744 -0.000054572 -0.000152187 -0.000332643 -0.000484378 -0.002329959 0.999997139
1770113820734631168.000000 0.000456828 -0.001141000 -0.002155700 0.006184295 0.021221576 -0.005251735 0.999741912
1770113821267962880.000000 0.000359245 -0.001026401 -0.003070038 0.004544157 0.029973270 -0.005873320 0.999523103
1770113821701297152.000000 0.000121411 -0.001232702 -0.003558295 0.000574865 0.037306588 -0.004749814 0.999292433
1770113822267962624.000000 -0.001645741 -0.001677756 -0.003553404 -0.008795366 0.051193904 -0.001395299 0.998649001
1770113822767963904.000000 -0.002298908 -0.003335103 -0.003766662 -0.022854004 0.060791541 -0.000166781 0.997888803
1770113823601295616.000000 -0.001918389 -0.002412583 -0.001504167 -0.042216748 0.067657493 0.004923452 0.996802926
1770113826901294336.000000 -0.000355033 -0.001619416 -0.004133604 0.050989103 -0.018686326 -0.011699417 0.998455882
1770113827201299456.000000 -0.000427821 -0.002338709 -0.003977040 0.051961631 -0.027231611 -0.002115733 0.998275518
1770113827601298432.000000 0.001764075 -0.001183934 -0.002482948 0.010816594 -0.029132193 -0.006717165 0.999494493
1770113828134634240.000000 0.001689723 -0.001525688 -0.003819930 0.020732831 -0.031185601 -0.012304088 0.999222815
1770113830134631168.000000 -0.005060588 -0.003131770 -0.007873523 0.053524736 -0.038337253 -0.009748110 0.997782767
1770113831301296640.000000 -0.005351946 0.003863286 -0.001800138 0.031648733 -0.043509584 -0.000991071 0.998551130
1770113831601296384.000000 -0.004708652 0.005548872 -0.001033188 0.025310606 -0.043932438 0.001741470 0.998712301
1770113832501296640.000000 -0.006364067 0.001225940 -0.003081795 -0.017798904 -0.051686388 -0.169443861 0.984022617
1770113832667963392.000000 -0.006481520 0.000667597 -0.003587876 -0.025012506 -0.055191591 -0.207183674 0.976423740
1770113834034628608.000000 -0.009051474 -0.002698875 -0.006373384 -0.061080944 -0.056303345 -0.366403997 0.926740050
1770113835401297408.000000 -0.008219033 0.001366299 -0.002780362 -0.038192213 0.001017785 -0.245306566 0.968692482
1770113836101295616.000000 -0.004108363 0.004007421 -0.001741964 0.014974356 0.021187058 -0.151461139 0.988122702
1770113836567961600.000000 -0.003595736 0.002928844 0.000006349 0.042021591 0.060943428 -0.147884995 0.986230254
1770113837067961856.000000 -0.001752996 0.001592980 -0.000405097 0.031123694 0.083133444 -0.139010459 0.986304343
1770113837267960576.000000 -0.001588874 0.001364257 -0.001341789 0.011635538 0.073731579 -0.106439248 0.991513491
1770113837734627840.000000 0.000557479 0.000143106 -0.001110711 0.006094499 0.066044688 -0.065225445 0.995663941
1770113838134627840.000000 0.000937049 -0.000009020 0.000111448 0.031552933 0.069710158 -0.054287512 0.995589197
1770113838467961344.000000 0.000676830 0.000401490 0.000904786 0.050470423 0.074665807 -0.050764620 0.994635940
1770113839267959040.000000 0.000874590 0.000237147 0.000015344 0.064342745 0.080876984 -0.044072792 0.993668199
1770113840334626560.000000 0.000609340 -0.000999492 0.001115615 0.044971894 0.099090919 -0.043823946 0.993095160
1770113841067958272.000000 0.000193743 -0.002000359 0.000854588 0.019679209 0.107193857 -0.028097365 0.993646204
1770113844101284352.000000 0.008407709 0.002535820 0.008294341 -0.083972514 0.070044234 0.044094611 0.993024766
1770113845901284352.000000 0.010123027 0.001518220 0.003948743 -0.012571395 0.015501102 0.046346396 0.998726070
1770113846434616064.000000 0.008996863 0.000401660 0.000589864 0.035739440 -0.010789904 0.041037202 0.998459935
1770113846867948800.000000 0.008867895 -0.000633846 0.003270952 0.060849790 -0.047840677 0.048559178 0.995816529
1770113847767949312.000000 0.009209200 -0.000869378 0.010609059 0.010093893 -0.043095663 0.044290777 0.998037696
1770113850634606592.000000 0.001418623 0.001404705 0.007140310 0.032799151 -0.044685483 0.037831072 0.997745574
1770113851101273088.000000 0.001408143 0.003544353 0.008692930 0.020361664 -0.045872863 0.042728614 0.997825325
1770113851401273088.000000 0.001443048 0.005065477 0.009103385 0.012398671 -0.046532840 0.044436179 0.997850895
1770113852101272576.000000 -0.000259079 0.010313127 0.007926647 -0.002741490 -0.052379239 -0.104448281 0.993146241
1770113852401272320.000000 -0.000414527 0.008464914 0.007910105 -0.018374378 -0.056991212 -0.180670261 0.981719255
1770113853134605312.000000 -0.001065530 0.005639819 0.006414702 -0.043194257 -0.063953832 -0.313749433 0.946364343
1770113855067936768.000000 -0.005678254 0.001031753 0.003087132 -0.043474548 -0.006173777 -0.268909574 0.962163985
1770113855501270272.000000 -0.005681147 0.003081730 -0.001756790 -0.015304181 0.007305899 -0.156179950 0.987583041
1770113855734603520.000000 -0.004907211 0.003601030 -0.001929568 0.002923908 0.014238325 -0.148814172 0.988758385
1770113855934606080.000000 -0.004054558 0.003396350 -0.001803347 0.019545842 0.026486522 -0.150595769 0.988047242
1770113856201270016.000000 -0.002188670 0.000251964 -0.002658530 0.034750655 0.046051212 -0.145917654 0.987613142
1770113856467936256.000000 -0.000720068 -0.001549299 -0.002566256 0.042864844 0.073649809 -0.150561079 0.984921157
1770113856801268992.000000 -0.000387435 -0.002125841 -0.003510347 0.033344440 0.084335595 -0.148545831 0.984738410
1770113857534602240.000000 0.000551221 -0.000016875 -0.000966342 0.007574766 0.066191226 -0.062726252 0.995804608
1770113857734598144.000000 0.000839860 0.000444849 -0.000268665 0.021250593 0.068789266 -0.057948891 0.995720029
1770113858001264128.000000 0.000856969 0.000203572 0.000307902 0.038311455 0.071043551 -0.051830247 0.995388687
1770113858334597632.000000 0.000695875 0.000229973 0.000243042 0.052758578 0.074566685 -0.049838208 0.994571507
1770113858534597120.000000 0.000748108 0.000181403 0.000313389 0.058973189 0.077688724 -0.047983553 0.994074523
1770113859067929856.000000 0.001364777 0.000132644 0.000110107 0.064006016 0.081407145 -0.045133185 0.993599057
1770113859967931136.000000 -0.001477708 -0.000990679 -0.001904779 0.050567873 0.098463118 -0.045323405 0.992821097
1770113861001261824.000000 0.000348611 -0.001607287 0.000820088 0.013814246 0.107984565 -0.026085055 0.993714273
1770113862001261568.000000 0.002951441 -0.000206501 0.005374813 -0.041738421 0.108983807 0.006918563 0.993142784
1770113864334593536.000000 0.010553481 0.005643734 0.011964397 -0.073301621 0.061921276 0.043408457 0.994438708
1770113865467919872.000000 0.009927087 0.001660480 0.003481734 -0.026035484 0.022896560 0.046712421 0.998306513
1770113866101250304.000000 0.009137878 0.001365004 0.002075957 0.028342357 -0.002441047 0.041322984 0.998740792
1770113866334584064.000000 0.008786882 0.000199270 0.000527726 0.047803327 -0.022259014 0.042011406 0.997724593
1770113866834583808.000000 0.008898362 -0.001031228 0.005253870 0.055896044 -0.048681717 0.059147846 0.995493472
1770113867701250560.000000 0.009032824 -0.001116719 0.011409328 0.017532546 -0.041972119 0.042275254 0.998070061
1770113868634582016.000000 0.005882903 -0.003589604 0.010812728 0.042581696 -0.037796672 0.041970134 0.997495234
1770113871134581504.000000 0.001329350 0.004873099 0.009394459 0.012633204 -0.046006702 0.043346379 0.997920275
1770113871767914496.000000 -0.000401449 0.010800403 0.008136199 0.001635865 -0.050349433 -0.077642612 0.995707750
1770113872067913216.000000 -0.000362934 0.009206829 0.007383607 -0.012815188 -0.054544829 -0.160895750 0.985379696
1770113872134580480.000000 -0.000390666 0.008804841 0.007601900 -0.016098071 -0.056182358 -0.177699208 0.982347906
1770113872301246976.000000 -0.000545755 0.008424845 0.006596148 -0.022176204 -0.058010768 -0.216129258 0.974387527
1770113872767912448.000000 -0.000600340 0.006400081 0.005201851 -0.039744578 -0.063079245 -0.302119434 0.950350106
1770113873101239552.000000 -0.001095089 0.005539650 0.004078923 -0.049161177 -0.064191118 -0.341218561 0.936500192
1770113873534573056.000000 -0.001972462 0.003863429 0.006556266 -0.058236059 -0.058990564 -0.359911203 0.929296851
1770113874801238784.000000 -0.005408182 0.008315412 0.007637365 -0.039913237 -0.005940050 -0.258310705 0.965218782
1770113874867905792.000000 -0.005066212 0.008054764 0.007854897 -0.037407387 -0.004057301 -0.241804346 0.969595253
1770113875067905792.000000 -0.004634181 0.008362741 0.008667424 -0.026844632 0.004663769 -0.180053249 0.983279407
1770113875134572032.000000 -0.004551678 0.008580998 0.008019901 -0.024490613 0.006639727 -0.162127271 0.986443579
1770113875467905536.000000 -0.004404937 0.008491215 0.009442776 -0.004834918 0.017462958 -0.116006598 0.993083179
1770113875534572032.000000 -0.004108515 0.008387513 0.009493703 -0.000035425 0.021198476 -0.117292196 0.992871165
1770113876001238016.000000 -0.004087301 0.008616716 0.009820207 0.032373723 0.059068475 -0.118145339 0.990709126
1770113876267904256.000000 -0.004654218 0.008693771 0.008337129 0.040545344 0.088024251 -0.129481465 0.986834526
1770113876601237248.000000 -0.003419213 0.009385060 0.011345748 0.021161344 0.089424312 -0.113679707 0.989258528
1770113876767903232.000000 -0.003479313 0.008480545 0.009962477 0.003170120 0.078166574 -0.086306192 0.993192434
1770113880201236736.000000 -0.000717587 -0.000512054 -0.002795528 0.040818442 0.102552392 -0.037109729 0.993196726
1770113880867901184.000000 0.000451389 -0.001364012 0.001119932 0.008505775 0.109142199 -0.022456037 0.993736088
1770113881134559232.000000 0.000982803 -0.000508846 0.002874984 -0.006347096 0.110323958 -0.016516386 0.993738174
1770113882034558208.000000 0.003405703 0.000194775 0.006297062 -0.052942242 0.107210591 0.016129458 0.992694795
1770113882501224704.000000 0.005488006 -0.000374844 0.009297004 -0.071267188 0.100782074 0.031275172 0.991859794
1770113883267890688.000000 0.010067730 0.002522529 0.013127825 -0.081288964 0.081930228 0.046613794 0.992223144
1770113890667884544.000000 0.001377302 0.003615831 0.008641405 0.018872654 -0.045755077 0.043467287 0.997828066
1770113891534551552.000000 -0.000576117 0.011012454 0.007903812 0.002372114 -0.049960494 -0.080356136 0.995510519
1770113891734551552.000000 -0.000265645 0.009766408 0.007585538 -0.008152631 -0.053882331 -0.136461452 0.989145339
1770113892001218304.000000 -0.000645214 0.008754417 0.006731478 -0.020098345 -0.056879539 -0.202220082 0.977480352
1770113893767882752.000000 -0.003004703 0.003929681 0.007255363 -0.061233580 -0.046735249 -0.352284163 0.932717621
1770113895967882240.000000 -0.004239448 0.008987177 0.011598667 0.038652208 0.081348732 -0.119443528 0.988747537
1770113896567878400.000000 -0.004567944 0.010243450 0.007586441 0.012440545 0.078390099 -0.077210665 0.993850470
1770113898101210624.000000 -0.007803772 0.005213380 -0.007036044 0.061709933 0.080296859 -0.024461994 0.994558156
1770113900067874816.000000 -0.005297609 0.002607308 -0.007701582 0.038110536 0.105739199 -0.030499483 0.993195176
1770113900434542336.000000 -0.005255664 0.001696655 -0.007302810 0.021806780 0.108340241 -0.023318158 0.993601084
1770113900934545152.000000 -0.006720026 0.000208116 -0.008957527 0.000916822 0.110448956 -0.004283585 0.993872166
1770113901101208064.000000 -0.007022797 -0.000254906 -0.009789815 -0.007612489 0.110216625 0.002386048 0.993875563
1770113901201208320.000000 -0.006371981 -0.000248999 -0.008860748 -0.013495931 0.109925263 0.007805765 0.993817568
1770113901567874560.000000 -0.005382312 -0.001449528 -0.006940695 -0.035864264 0.108685441 0.014534784 0.993322730
1770113902001207552.000000 -0.003235962 -0.002337700 -0.003487846 -0.052465290 0.103869751 0.019051647 0.993023396
1770113902367873792.000000 -0.002865027 -0.003220054 -0.002651158 -0.064408854 0.098540775 0.026786907 0.992685080
1770113902901211136.000000 -0.001982690 -0.002827126 0.000404974 -0.071412228 0.086606339 0.032743227 0.993140280
1770113903667873280.000000 -0.000925488 -0.001540446 0.009164760 -0.068899401 0.069344603 0.031249344 0.994719923
1770113904767867392.000000 -0.000144322 0.001988879 0.008141635 -0.035636205 0.046531867 0.031977005 0.997768700
1770113905134532864.000000 0.001449139 0.001856253 0.008088650 -0.016055144 0.031482495 0.025342142 0.999054015
1770113905834532352.000000 0.001265679 0.001386311 0.007272326 0.033569362 -0.004613271 0.021232944 0.999200165
1770113906034531584.000000 0.000948044 0.001224288 0.007236284 0.044303332 -0.023494355 0.023505069 0.998465180
1770113906367865600.000000 0.002039295 0.001883434 0.008658980 0.053693891 -0.034724142 0.046922538 0.996849835
1770113909634529792.000000 0.005021704 -0.000525485 0.007628519 0.029499507 -0.036474325 0.042806674 0.997981489
1770113911034528768.000000 0.005276188 0.005895462 0.005770972 0.009511057 -0.030052647 0.039114628 0.998737395
1770113913234513152.000000 0.003789178 0.007339903 0.006703671 -0.000809921 -0.009921068 0.031815384 0.999444246
1770113914267845888.000000 0.003516482 0.007343833 0.006676003 0.001328286 -0.006554313 0.028924748 0.999559224
