1770113802.701314 0.0000000 0.0000000 0.0000000 -0.0000000 -0.0000000 -0.0000000 1.0000000
1770113802.767980 0.0000255 -0.0001217 -0.0001630 -0.0001960 -0.0005756 -0.0014078 0.9999988
1770113802.801314 -0.0000325 -0.0001257 -0.0002187 0.0000518 -0.0001043 -0.0011774 0.9999993
1770113802.834647 -0.0000205 -0.0000979 -0.0001878 0.0001169 -0.0002057 -0.0014402 0.9999989
1770113802.867980 -0.0000399 -0.0002476 -0.0003380 -0.0000857 -0.0000448 -0.0011556 0.9999993
1770113802.934647 0.0000099 -0.0001360 -0.0002264 0.0000910 -0.0002103 -0.0014748 0.9999989
1770113803.434646 -0.0000011 -0.0001958 -0.0000924 -0.0002488 -0.0000174 -0.0012264 0.9999992
1770113803.967979 -0.0001893 -0.0001437 0.0000775 -0.0008142 0.0000590 -0.0017605 0.9999982
1770113804.767993 -0.0002414 -0.0001456 -0.0001099 -0.0006638 -0.0000177 -0.0022521 0.9999973
1770113808.001326 -0.0000334 -0.0000091 -0.0002014 -0.0004458 -0.0001953 -0.0020608 0.9999977
1770113808.901325 0.0001147 -0.0000546 -0.0001522 -0.0003326 -0.0004844 -0.0023300 0.9999971
1770113820.734631 0.0004568 -0.0011410 -0.0021557 0.0061843 0.0212216 -0.0052517 0.9997419
1770113821.267963 0.0003592 -0.0010264 -0.0030700 0.0045442 0.0299733 -0.0058733 0.9995231
1770113821.701297 0.0001214 -0.0012327 -0.0035583 0.0005749 0.0373066 -0.0047498 0.9992924
1770113822.267963 -0.0016457 -0.0016778 -0.0035534 -0.0087954 0.0511939 -0.0013953 0.9986490
1770113822.767964 -0.0022989 -0.0033351 -0.0037667 -0.0228540 0.0607915 -0.0001668 0.9978888
1770113823.601296 -0.0019184 -0.0024126 -0.0015042 -0.0422167 0.0676575 0.0049235 0.9968029
1770113826.901294 -0.0003550 -0.0016194 -0.0041336 0.0509891 -0.0186863 -0.0116994 0.9984559
1770113827.201299 -0.0004278 -0.0023387 -0.0039770 0.0519616 -0.0272316 -0.0021157 0.9982755
1770113827.601298 0.0017641 -0.0011839 -0.0024829 0.0108166 -0.0291322 -0.0067172 0.9994945
1770113828.134634 0.0016897 -0.0015257 -0.0038199 0.0207328 -0.0311856 -0.0123041 0.9992228
1770113830.134631 -0.0050606 -0.0031318 -0.0078735 0.0535247 -0.0383373 -0.0097481 0.9977828
1770113831.301297 -0.0053519 0.0038633 -0.0018001 0.0316487 -0.0435096 -0.0009911 0.9985511
1770113831.601296 -0.0047087 0.0055489 -0.0010332 0.0253106 -0.0439324 0.0017415 0.9987123
1770113832.501297 -0.0063641 0.0012259 -0.0030818 -0.0177989 -0.0516864 -0.1694439 0.9840226
1770113832.667964 -0.0064815 0.0006676 -0.0035879 -0.0250125 -0.0551916 -0.2071837 0.9764237
1770113834.034629 -0.0090515 -0.0026989 -0.0063734 -0.0610809 -0.0563033 -0.3664040 0.9267401
1770113835.401297 -0.0082190 0.0013663 -0.0027804 -0.0381922 0.0010178 -0.2453066 0.9686925
1770113836.101296 -0.0041084 0.0040074 -0.0017420 0.0149744 0.0211871 -0.1514611 0.9881227
1770113836.567962 -0.0035957 0.0029288 0.0000063 0.0420216 0.0609434 -0.1478850 0.9862303
1770113837.067962 -0.0017530 0.0015930 -0.0004051 0.0311237 0.0831334 -0.1390105 0.9863043
1770113837.267961 -0.0015889 0.0013643 -0.0013418 0.0116355 0.0737316 -0.1064392 0.9915135
1770113837.734628 0.0005575 0.0001431 -0.0011107 0.0060945 0.0660447 -0.0652254 0.9956639
1770113838.134628 0.0009370 -0.0000090 0.0001114 0.0315529 0.0697102 -0.0542875 0.9955892
1770113838.467961 0.0006768 0.0004015 0.0009048 0.0504704 0.0746658 -0.0507646 0.9946359
1770113839.267959 0.0008746 0.0002371 0.0000153 0.0643427 0.0808770 -0.0440728 0.9936682
1770113840.334627 0.0006093 -0.0009995 0.0011156 0.0449719 0.0990909 -0.0438239 0.9930952
1770113841.067958 0.0001937 -0.0020004 0.0008546 0.0196792 0.1071939 -0.0280974 0.9936462
1770113844.101284 0.0084077 0.0025358 0.0082943 -0.0839725 0.0700442 0.0440946 0.9930248
1770113845.901284 0.0101230 0.0015182 0.0039487 -0.0125714 0.0155011 0.0463464 0.9987261
1770113846.434616 0.0089969 0.0004017 0.0005899 0.0357394 -0.0107899 0.0410372 0.9984599
1770113846.867949 0.0088679 -0.0006338 0.0032710 0.0608498 -0.0478407 0.0485592 0.9958165
1770113847.767949 0.0092092 -0.0008694 0.0106091 0.0100939 -0.0430957 0.0442908 0.9980377
1770113850.634607 0.0014186 0.0014047 0.0071403 0.0327992 -0.0446855 0.0378311 0.9977456
1770113851.101273 0.0014081 0.0035444 0.0086929 0.0203617 -0.0458729 0.0427286 0.9978253
1770113851.401273 0.0014430 0.0050655 0.0091034 0.0123987 -0.0465328 0.0444362 0.9978509
1770113852.101273 -0.0002591 0.0103131 0.0079266 -0.0027415 -0.0523792 -0.1044483 0.9931462
1770113852.401272 -0.0004145 0.0084649 0.0079101 -0.0183744 -0.0569912 -0.1806703 0.9817193
1770113853.134605 -0.0010655 0.0056398 0.0064147 -0.0431943 -0.0639538 -0.3137494 0.9463643
1770113855.067937 -0.0056783 0.0010318 0.0030871 -0.0434745 -0.0061738 -0.2689096 0.9621640
1770113855.501270 -0.0056811 0.0030817 -0.0017568 -0.0153042 0.0073059 -0.1561799 0.9875830
1770113855.734604 -0.0049072 0.0036010 -0.0019296 0.0029239 0.0142383 -0.1488142 0.9887584
1770113855.934606 -0.0040546 0.0033964 -0.0018033 0.0195458 0.0264865 -0.1505958 0.9880472
1770113856.201270 -0.0021887 0.0002520 -0.0026585 0.0347507 0.0460512 -0.1459177 0.9876131
1770113856.467936 -0.0007201 -0.0015493 -0.0025663 0.0428648 0.0736498 -0.1505611 0.9849212
1770113856.801269 -0.0003874 -0.0021258 -0.0035103 0.0333444 0.0843356 -0.1485458 0.9847384
1770113857.534602 0.0005512 -0.0000169 -0.0009663 0.0075748 0.0661912 -0.0627263 0.9958046
1770113857.734598 0.0008399 0.0004448 -0.0002687 0.0212506 0.0687893 -0.0579489 0.9957200
1770113858.001264 0.0008570 0.0002036 0.0003079 0.0383115 0.0710436 -0.0518302 0.9953887
1770113858.334598 0.0006959 0.0002300 0.0002430 0.0527586 0.0745667 -0.0498382 0.9945715
1770113858.534597 0.0007481 0.0001814 0.0003134 0.0589732 0.0776887 -0.0479836 0.9940745
1770113859.067930 0.0013648 0.0001326 0.0001101 0.0640060 0.0814071 -0.0451332 0.9935991
1770113859.967931 -0.0014777 -0.0009907 -0.0019048 0.0505679 0.0984631 -0.0453234 0.9928211
1770113861.001262 0.0003486 -0.0016073 0.0008201 0.0138142 0.1079846 -0.0260851 0.9937143
1770113862.001261 0.0029514 -0.0002065 0.0053748 -0.0417384 0.1089838 0.0069186 0.9931428
1770113864.334594 0.0105535 0.0056437 0.0119644 -0.0733016 0.0619213 0.0434085 0.9944387
1770113865.467920 0.0099271 0.0016605 0.0034817 -0.0260355 0.0228966 0.0467124 0.9983065
1770113866.101250 0.0091379 0.0013650 0.0020760 0.0283424 -0.0024410 0.0413230 0.9987408
1770113866.334584 0.0087869 0.0001993 0.0005277 0.0478033 -0.0222590 0.0420114 0.9977246
1770113866.834584 0.0088984 -0.0010312 0.0052539 0.0558960 -0.0486817 0.0591478 0.9954935
1770113867.701251 0.0090328 -0.0011167 0.0114093 0.0175325 -0.0419721 0.0422753 0.9980701
1770113868.634582 0.0058829 -0.0035896 0.0108127 0.0425817 -0.0377967 0.0419701 0.9974952
1770113871.134582 0.0013293 0.0048731 0.0093945 0.0126332 -0.0460067 0.0433464 0.9979203
1770113871.767915 -0.0004014 0.0108004 0.0081362 0.0016359 -0.0503494 -0.0776426 0.9957078
1770113872.067913 -0.0003629 0.0092068 0.0073836 -0.0128152 -0.0545448 -0.1608957 0.9853797
1770113872.134580 -0.0003907 0.0088048 0.0076019 -0.0160981 -0.0561824 -0.1776992 0.9823479
1770113872.301247 -0.0005458 0.0084248 0.0065961 -0.0221762 -0.0580108 -0.2161293 0.9743875
1770113872.767912 -0.0006003 0.0064001 0.0052019 -0.0397446 -0.0630792 -0.3021194 0.9503501
1770113873.101239 -0.0010951 0.0055396 0.0040789 -0.0491612 -0.0641911 -0.3412186 0.9365002
1770113873.534573 -0.0019725 0.0038634 0.0065563 -0.0582361 -0.0589906 -0.3599112 0.9292969
1770113874.801239 -0.0054082 0.0083154 0.0076374 -0.0399132 -0.0059401 -0.2583107 0.9652188
1770113874.867906 -0.0050662 0.0080548 0.0078549 -0.0374074 -0.0040573 -0.2418043 0.9695953
1770113875.067906 -0.0046342 0.0083627 0.0086674 -0.0268446 0.0046638 -0.1800532 0.9832794
1770113875.134572 -0.0045517 0.0085810 0.0080199 -0.0244906 0.0066397 -0.1621273 0.9864436
1770113875.467906 -0.0044049 0.0084912 0.0094428 -0.0048349 0.0174630 -0.1160066 0.9930832
1770113875.534572 -0.0041085 0.0083875 0.0094937 -0.0000354 0.0211985 -0.1172922 0.9928712
1770113876.001238 -0.0040873 0.0086167 0.0098202 0.0323737 0.0590685 -0.1181453 0.9907091
1770113876.267904 -0.0046542 0.0086938 0.0083371 0.0405453 0.0880243 -0.1294815 0.9868345
1770113876.601237 -0.0034192 0.0093851 0.0113457 0.0211613 0.0894243 -0.1136797 0.9892585
1770113876.767903 -0.0034793 0.0084805 0.0099625 0.0031701 0.0781666 -0.0863062 0.9931924
1770113880.201237 -0.0007176 -0.0005121 -0.0027955 0.0408184 0.1025524 -0.0371097 0.9931967
1770113880.867901 0.0004514 -0.0013640 0.0011199 0.0085058 0.1091422 -0.0224560 0.9937361
1770113881.134559 0.0009828 -0.0005088 0.0028750 -0.0063471 0.1103240 -0.0165164 0.9937382
1770113882.034558 0.0034057 0.0001948 0.0062971 -0.0529422 0.1072106 0.0161295 0.9926948
1770113882.501225 0.0054880 -0.0003748 0.0092970 -0.0712672 0.1007821 0.0312752 0.9918598
1770113883.267891 0.0100677 0.0025225 0.0131278 -0.0812890 0.0819302 0.0466138 0.9922231
1770113890.667885 0.0013773 0.0036158 0.0086414 0.0188727 -0.0457551 0.0434673 0.9978281
1770113891.534552 -0.0005761 0.0110125 0.0079038 0.0023721 -0.0499605 -0.0803561 0.9955105
1770113891.734552 -0.0002656 0.0097664 0.0075855 -0.0081526 -0.0538823 -0.1364615 0.9891453
1770113892.001218 -0.0006452 0.0087544 0.0067315 -0.0200983 -0.0568795 -0.2022201 0.9774804
1770113893.767883 -0.0030047 0.0039297 0.0072554 -0.0612336 -0.0467352 -0.3522842 0.9327176
1770113895.967882 -0.0042394 0.0089872 0.0115987 0.0386522 0.0813487 -0.1194435 0.9887475
1770113896.567878 -0.0045679 0.0102435 0.0075864 0.0124405 0.0783901 -0.0772107 0.9938505
1770113898.101211 -0.0078038 0.0052134 -0.0070360 0.0617099 0.0802969 -0.0244620 0.9945582
1770113900.067875 -0.0052976 0.0026073 -0.0077016 0.0381105 0.1057392 -0.0304995 0.9931952
1770113900.434542 -0.0052557 0.0016967 -0.0073028 0.0218068 0.1083402 -0.0233182 0.9936011
1770113900.934545 -0.0067200 0.0002081 -0.0089575 0.0009168 0.1104490 -0.0042836 0.9938722
1770113901.101208 -0.0070228 -0.0002549 -0.0097898 -0.0076125 0.1102166 0.0023860 0.9938756
1770113901.201208 -0.0063720 -0.0002490 -0.0088607 -0.0134959 0.1099253 0.0078058 0.9938176
1770113901.567875 -0.0053823 -0.0014495 -0.0069407 -0.0358643 0.1086854 0.0145348 0.9933227
1770113902.001208 -0.0032360 -0.0023377 -0.0034878 -0.0524653 0.1038698 0.0190516 0.9930234
1770113902.367874 -0.0028650 -0.0032201 -0.0026512 -0.0644089 0.0985408 0.0267869 0.9926851
1770113902.901211 -0.0019827 -0.0028271 0.0004050 -0.0714122 0.0866063 0.0327432 0.9931403
1770113903.667873 -0.0009255 -0.0015404 0.0091648 -0.0688994 0.0693446 0.0312493 0.9947199
1770113904.767867 -0.0001443 0.0019889 0.0081416 -0.0356362 0.0465319 0.0319770 0.9977687
1770113905.134533 0.0014491 0.0018563 0.0080887 -0.0160551 0.0314825 0.0253421 0.9990540
1770113905.834532 0.0012657 0.0013863 0.0072723 0.0335694 -0.0046133 0.0212329 0.9992002
1770113906.034532 0.0009480 0.0012243 0.0072363 0.0443033 -0.0234944 0.0235051 0.9984652
1770113906.367866 0.0020393 0.0018834 0.0086590 0.0536939 -0.0347241 0.0469225 0.9968498
1770113909.634530 0.0050217 -0.0005255 0.0076285 0.0294995 -0.0364743 0.0428067 0.9979815
1770113911.034529 0.0052762 0.0058955 0.0057710 0.0095111 -0.0300526 0.0391146 0.9987374
1770113913.234513 0.0037892 0.0073399 0.0067037 -0.0008099 -0.0099211 0.0318154 0.9994442
1770113914.267846 0.0035165 0.0073438 0.0066760 0.0013283 -0.0065543 0.0289247 0.9995592
