1769782148.024066 0.0000000 0.0000000 0.0000000 -0.0000000 -0.0000000 -0.0000000 1.0000000
1769782148.257399 -0.0002193 0.0001339 0.0000003 0.0002508 -0.0000841 0.0000654 1.0000000
1769782148.424066 0.0000918 -0.0000174 0.0002808 -0.0005171 -0.0006207 -0.0004976 0.9999996
1769782152.857426 0.0002614 -0.0000521 0.0002025 0.0028099 -0.0010528 -0.0019189 0.9999937
1769782154.757427 -0.0016630 -0.0024355 0.0005347 -0.0210840 0.0331801 -0.0019445 0.9992251
1769782154.990759 -0.0020057 -0.0032427 -0.0000322 -0.0267703 0.0358737 0.0001279 0.9989977
1769782155.024092 -0.0020065 -0.0031551 0.0003533 -0.0275812 0.0362547 0.0002853 0.9989619
1769782155.490758 -0.0021383 -0.0031970 0.0002800 -0.0257271 0.0369564 -0.0007353 0.9989854
1769782155.557425 -0.0020022 -0.0028912 0.0008179 -0.0247360 0.0362282 -0.0002708 0.9990373
1769782155.657426 -0.0020834 -0.0029263 -0.0001718 -0.0220765 0.0336456 -0.0016314 0.9991887
1769782156.090758 -0.0010989 -0.0009019 -0.0000593 0.0003098 0.0225020 -0.0031129 0.9997419
1769782156.590757 -0.0000700 0.0023181 0.0006347 0.0278226 0.0098164 -0.0060846 0.9995462
1769782156.957440 0.0009241 0.0025301 0.0007435 0.0053092 -0.0029782 -0.0071334 0.9999560
1769782157.090773 0.0017132 0.0020543 0.0027371 0.0086453 -0.0069879 -0.0038177 0.9999310
1769782157.190774 0.0005938 0.0034096 -0.0013429 0.0140060 -0.0096014 -0.0053260 0.9998416
1769782157.257440 0.0014526 0.0032868 0.0005284 0.0182580 -0.0114617 -0.0046998 0.9997566
1769782157.524106 0.0015163 0.0031347 0.0011235 0.0266897 -0.0151258 -0.0000472 0.9995294
1769782157.990773 0.0033083 0.0028251 -0.0005392 0.0239100 -0.0280758 -0.0004016 0.9993197
1769782158.024106 0.0032165 0.0024750 -0.0007054 0.0217246 -0.0285800 -0.0002497 0.9993554
1769782158.057440 0.0031130 0.0023959 -0.0013810 0.0204393 -0.0288635 0.0000379 0.9993744
1769782158.190772 0.0033752 0.0014552 -0.0006816 0.0131647 -0.0308068 -0.0020944 0.9994365
1769782158.624106 0.0035642 -0.0025370 -0.0014270 -0.0154363 -0.0322006 0.0009157 0.9993618
1769782158.690773 0.0034843 -0.0027320 -0.0014552 -0.0188668 -0.0309369 0.0019354 0.9993414
1769782158.890772 0.0030658 -0.0040948 -0.0022697 -0.0306672 -0.0282556 0.0026513 0.9991267
1769782159.190772 0.0024098 -0.0055264 -0.0026947 -0.0405324 -0.0240554 -0.0634041 0.9968743
1769782159.490772 0.0012696 -0.0054670 -0.0020251 -0.0403975 -0.0121293 -0.0602686 0.9972907
1769782159.557439 0.0011162 -0.0052541 -0.0012671 -0.0391308 -0.0088455 -0.0530536 0.9977855
1769782159.624106 0.0007957 -0.0051115 -0.0006832 -0.0375215 -0.0051573 -0.0465709 0.9981967
1769782159.690772 0.0005915 -0.0048148 -0.0011098 -0.0349792 -0.0020267 -0.0425872 0.9984782
1769782159.824105 -0.0005301 -0.0041710 -0.0009122 -0.0287168 0.0061305 -0.0349030 0.9989592
1769782159.924104 -0.0005518 -0.0037620 -0.0011048 -0.0223790 0.0113639 -0.0359225 0.9990394
1769782159.957438 -0.0001960 -0.0037767 0.0002813 -0.0204132 0.0130436 -0.0365067 0.9990398
1769782160.124106 -0.0009795 -0.0026410 -0.0007161 -0.0022695 0.0258102 -0.0382198 0.9989334
1769782160.157439 -0.0012084 -0.0020452 -0.0014378 0.0021729 0.0286282 -0.0400677 0.9987844
1769782160.224105 -0.0007480 -0.0022010 0.0004742 0.0074515 0.0353782 -0.0396486 0.9985594
1769782160.257438 -0.0010305 -0.0023112 0.0000009 0.0097686 0.0393535 -0.0397852 0.9983852
1769782160.324105 -0.0009166 -0.0016440 0.0000419 0.0143105 0.0456971 -0.0399942 0.9980518
1769782160.390771 -0.0010107 -0.0016218 0.0002942 0.0178953 0.0533586 -0.0424251 0.9975133
1769782160.490771 -0.0001712 -0.0016764 0.0021844 0.0219754 0.0609925 -0.0449015 0.9968856
1769782160.557438 -0.0005225 -0.0010028 0.0011990 0.0246858 0.0654697 -0.0485553 0.9963668
1769782160.690771 -0.0004439 0.0001733 0.0015683 0.0289378 0.0671832 -0.0537523 0.9958714
1769782160.724103 -0.0007231 0.0004441 0.0011527 0.0238992 0.0660086 -0.0503212 0.9962628
1769782160.824104 -0.0011627 -0.0001306 0.0021603 0.0060766 0.0642280 -0.0439485 0.9969485
1769782160.857437 -0.0008918 0.0006180 0.0015690 0.0027071 0.0623042 -0.0444694 0.9970624
1769782160.890771 -0.0011867 0.0008642 0.0018847 0.0006435 0.0623915 -0.0460899 0.9969868
1769782161.090771 -0.0022993 0.0019245 0.0027976 -0.0030280 0.0644639 -0.0355631 0.9972816
1769782161.224103 -0.0029192 0.0022810 0.0026123 -0.0003058 0.0660138 -0.0331830 0.9972668
1769782161.290770 -0.0026878 0.0020545 0.0040592 0.0013436 0.0685548 -0.0327722 0.9971080
1769782161.324104 -0.0027606 0.0025526 0.0041805 0.0029142 0.0689508 -0.0366552 0.9969422
1769782161.457438 -0.0032764 0.0029916 0.0044905 0.0116926 0.0716147 -0.0361748 0.9967076
1769782161.690770 -0.0036609 0.0026099 0.0048130 0.0157140 0.0747304 -0.0374240 0.9963774
1769782161.857437 -0.0046045 0.0023768 0.0039527 0.0155147 0.0787279 -0.0346082 0.9961745
1769782161.890770 -0.0045899 0.0021517 0.0042871 0.0147380 0.0795961 -0.0339940 0.9961384
1769782162.057437 -0.0060375 0.0006004 0.0028869 0.0099833 0.0833779 -0.0284579 0.9960616
1769782162.624105 -0.0065847 -0.0030732 0.0028124 -0.0233928 0.0866217 -0.0247596 0.9956588
1769782162.757436 -0.0066657 -0.0048795 0.0013562 -0.0327798 0.0850213 -0.0231387 0.9955710
1769782162.924102 -0.0059130 -0.0062384 0.0024273 -0.0440521 0.0819121 -0.0222464 0.9954170
1769782162.957437 -0.0061601 -0.0062864 0.0017789 -0.0455916 0.0818568 -0.0220121 0.9953574
1769782162.990770 -0.0062923 -0.0064169 0.0015683 -0.0472187 0.0809470 -0.0218486 0.9953596
1769782163.190769 -0.0057379 -0.0077782 0.0015788 -0.0556646 0.0765269 -0.0193110 0.9953251
1769782163.324103 -0.0051499 -0.0080448 0.0021645 -0.0582688 0.0714268 -0.0166335 0.9956035
1769782163.357436 -0.0050425 -0.0082220 0.0019736 -0.0586907 0.0704087 -0.0158235 0.9956645
1769782163.557436 -0.0043933 -0.0083151 0.0013258 -0.0581639 0.0625679 -0.0133987 0.9962544
1769782163.657437 -0.0039171 -0.0080469 0.0011818 -0.0563281 0.0582248 -0.0146654 0.9966052
1769782163.790770 -0.0031771 -0.0079994 0.0011163 -0.0520837 0.0515962 -0.0142466 0.9972072
1769782163.824103 -0.0029916 -0.0075413 0.0004752 -0.0505275 0.0500390 -0.0134502 0.9973777
1769782164.024102 -0.0017011 -0.0062833 0.0009026 -0.0392479 0.0399051 -0.0163339 0.9982988
1769782164.057436 -0.0019035 -0.0066155 -0.0001289 -0.0371065 0.0373864 -0.0161121 0.9984818
1769782164.090769 -0.0017496 -0.0064611 -0.0002096 -0.0336639 0.0356472 -0.0151454 0.9986825
1769782164.190769 -0.0008501 -0.0056782 0.0003044 -0.0247199 0.0294218 -0.0185973 0.9990883
1769782164.224102 -0.0012095 -0.0052780 -0.0005594 -0.0206744 0.0274342 -0.0184958 0.9992387
1769782164.290768 -0.0006501 -0.0047715 -0.0006061 -0.0127818 0.0231262 -0.0220368 0.9994079
1769782164.357436 -0.0002241 -0.0045931 -0.0007476 -0.0049945 0.0177392 -0.0225365 0.9995762
1769782164.390770 -0.0006746 -0.0039023 -0.0015400 -0.0008738 0.0152196 -0.0241643 0.9995918
1769782164.457436 -0.0002698 -0.0039884 0.0003915 0.0057850 0.0085830 -0.0223172 0.9996974
1769782164.624124 0.0001016 -0.0028681 0.0005847 0.0200611 -0.0083750 -0.0264858 0.9994128
1769782164.657458 0.0001354 -0.0024460 0.0003914 0.0230715 -0.0113212 -0.0248789 0.9993601
1769782164.690790 0.0003958 -0.0025555 0.0009488 0.0241691 -0.0150724 -0.0257764 0.9992619
1769782164.824123 0.0007961 -0.0019387 0.0012560 0.0292760 -0.0225656 -0.0221513 0.9990711
1769782164.857456 0.0008829 -0.0020086 0.0016844 0.0296915 -0.0229056 -0.0208118 0.9990799
1769782164.890790 0.0010645 -0.0018503 0.0013216 0.0302414 -0.0221989 -0.0191482 0.9991126
1769782164.924123 0.0011440 -0.0018378 0.0013910 0.0309228 -0.0217597 -0.0181008 0.9991210
1769782165.057456 0.0010707 -0.0019473 0.0024289 0.0075120 -0.0174708 -0.0163960 0.9996847
1769782165.190789 0.0018238 -0.0016430 0.0034695 -0.0009606 -0.0173899 -0.0179703 0.9996868
1769782165.224122 0.0017644 -0.0015324 0.0030032 -0.0024091 -0.0175074 -0.0181516 0.9996791
1769782165.557456 0.0024147 -0.0010839 0.0028479 0.0023016 -0.0189007 -0.0194746 0.9996291
1769782165.590789 0.0024755 -0.0011921 0.0032635 0.0038328 -0.0187363 -0.0195564 0.9996259
1769782165.890790 0.0030322 -0.0012965 0.0023470 0.0073048 -0.0210379 -0.0167296 0.9996120
1769782166.190789 0.0035008 -0.0018296 0.0012532 0.0025552 -0.0249735 -0.0158684 0.9995589
1769782166.524121 0.0037317 -0.0040799 0.0014130 -0.0161693 -0.0273677 -0.0158915 0.9993683
1769782166.657457 0.0040570 -0.0048863 0.0015549 -0.0247909 -0.0281687 -0.0184826 0.9991248
1769782166.857455 0.0041613 -0.0063960 0.0008669 -0.0378782 -0.0279868 -0.0174756 0.9987375
1769782166.990789 0.0039230 -0.0071743 -0.0002998 -0.0471822 -0.0274592 -0.0220718 0.9982648
1769782167.090788 0.0038373 -0.0079709 0.0005271 -0.0524513 -0.0249081 -0.0186670 0.9981382
1769782167.857454 0.0016316 -0.0087084 0.0009999 -0.0606455 -0.0028381 -0.0703735 0.9956715
1769782167.924121 0.0013650 -0.0082633 0.0001733 -0.0581825 0.0000678 -0.0669624 0.9960576
1769782167.990788 0.0012210 -0.0082011 0.0001451 -0.0561448 0.0032172 -0.0623147 0.9964709
1769782168.090788 0.0009403 -0.0077905 0.0003431 -0.0522813 0.0073856 -0.0597256 0.9968174
1769782168.124121 0.0009887 -0.0077208 0.0007705 -0.0504826 0.0088860 -0.0615919 0.9967843
1769782168.157455 0.0007449 -0.0074972 0.0002590 -0.0482543 0.0109599 -0.0615430 0.9968771
1769782168.257454 0.0004164 -0.0070160 0.0005302 -0.0394395 0.0174145 -0.0649976 0.9969537
1769782168.357455 0.0005426 -0.0064378 0.0001389 -0.0292516 0.0241612 -0.0670822 0.9970259
1769782168.390787 0.0008621 -0.0067751 0.0007572 -0.0276833 0.0254749 -0.0692464 0.9968900
1769782168.457455 0.0008660 -0.0061278 0.0011229 -0.0202577 0.0325235 -0.0706015 0.9967684
1769782168.490787 0.0008290 -0.0060547 0.0010797 -0.0179169 0.0361869 -0.0728039 0.9965285
1769782168.524120 0.0006799 -0.0057527 0.0010154 -0.0144037 0.0404183 -0.0720070 0.9964808
1769782168.557454 0.0008677 -0.0056322 0.0009909 -0.0117778 0.0435393 -0.0740884 0.9962312
1769782168.657455 0.0001681 -0.0047740 0.0006979 -0.0038473 0.0549187 -0.0738388 0.9957495
1769782168.690788 0.0006639 -0.0047197 0.0014432 -0.0022772 0.0584179 -0.0770672 0.9953104
1769782168.724120 0.0006079 -0.0045663 0.0014193 -0.0002292 0.0616319 -0.0771119 0.9951157
1769782168.790788 0.0006385 -0.0041459 0.0016187 0.0023446 0.0666306 -0.0780951 0.9947140
1769782168.857454 0.0006628 -0.0038900 0.0016419 0.0039262 0.0684745 -0.0820813 0.9942628
1769782168.890787 0.0004672 -0.0037568 0.0013685 0.0053218 0.0694282 -0.0821487 0.9941846
1769782168.924119 0.0006066 -0.0036398 0.0013342 0.0056657 0.0681629 -0.0855075 0.9939870
1769782169.857452 -0.0013826 -0.0012407 0.0039712 -0.0105330 0.0701175 -0.0633006 0.9954726
1769782169.957453 -0.0017054 -0.0012487 0.0035650 -0.0099183 0.0711562 -0.0621006 0.9954808
1769782170.057453 -0.0019546 -0.0012414 0.0032693 -0.0094544 0.0723394 -0.0633065 0.9953240
1769782170.157454 -0.0023575 -0.0013853 0.0030497 -0.0090895 0.0745075 -0.0624816 0.9952196
1769782170.190787 -0.0026904 -0.0012435 0.0025995 -0.0080539 0.0757467 -0.0609384 0.9952307
1769782170.490786 -0.0032875 -0.0030512 0.0025438 -0.0206022 0.0801017 -0.0566890 0.9949601
1769782170.524119 -0.0034028 -0.0031784 0.0021000 -0.0219070 0.0802581 -0.0566345 0.9949228
1769782170.590786 -0.0037534 -0.0034379 0.0013386 -0.0253005 0.0807486 -0.0568563 0.9947899
1769782170.657454 -0.0031888 -0.0049444 0.0041871 -0.0304548 0.0811216 -0.0542986 0.9947580
1769782170.757452 -0.0047805 -0.0051209 0.0005178 -0.0366427 0.0824253 -0.0544314 0.9944348
1769782170.824119 -0.0049788 -0.0057124 0.0000621 -0.0412714 0.0828566 -0.0515238 0.9943725
1769782170.890785 -0.0049379 -0.0065929 0.0010046 -0.0458629 0.0832117 -0.0478165 0.9943269
1769782171.190786 -0.0048373 -0.0095538 0.0007655 -0.0652904 0.0800827 -0.0435839 0.9936923
1769782171.424119 -0.0046540 -0.0110469 -0.0008774 -0.0756087 0.0744926 -0.0413804 0.9934897
1769782171.690786 -0.0038311 -0.0117209 -0.0009014 -0.0801407 0.0655967 -0.0357346 0.9939807
1769782171.757452 -0.0038921 -0.0120055 -0.0017502 -0.0799376 0.0627850 -0.0357356 0.9941785
1769782171.824118 -0.0033322 -0.0120294 -0.0021035 -0.0792222 0.0595202 -0.0360891 0.9944238
1769782171.857451 -0.0033734 -0.0119285 -0.0015894 -0.0783725 0.0590671 -0.0352864 0.9945470
1769782171.924118 -0.0028644 -0.0119830 -0.0022756 -0.0767185 0.0552577 -0.0349463 0.9949068
1769782171.957452 -0.0027377 -0.0120950 -0.0018212 -0.0765030 0.0536243 -0.0361625 0.9949694
1769782171.990786 -0.0024493 -0.0119025 -0.0018133 -0.0755369 0.0523017 -0.0362807 0.9951093
1769782172.090785 -0.0018524 -0.0114821 -0.0018341 -0.0706139 0.0471384 -0.0344484 0.9957936
1769782172.224121 -0.0011080 -0.0108263 -0.0022982 -0.0636032 0.0406612 -0.0337233 0.9965762
1769782172.257455 -0.0009129 -0.0106711 -0.0023250 -0.0616482 0.0389687 -0.0343233 0.9967461
1769782172.324121 -0.0001692 -0.0102908 -0.0025846 -0.0567300 0.0337435 -0.0362913 0.9971590
1769782172.357455 -0.0002502 -0.0100358 -0.0024252 -0.0539550 0.0326692 -0.0354562 0.9973788
1769782172.457456 0.0001915 -0.0095460 -0.0024158 -0.0442340 0.0263772 -0.0373903 0.9979727
1769782172.657456 0.0014808 -0.0071430 -0.0038050 -0.0198245 0.0100755 -0.0441008 0.9987796
1769782172.690788 0.0014571 -0.0074102 -0.0024650 -0.0175338 0.0073693 -0.0445556 0.9988258
1769782172.724120 0.0014237 -0.0071147 -0.0027505 -0.0139927 0.0036611 -0.0456499 0.9988528
1769782172.757455 0.0015235 -0.0070797 -0.0023886 -0.0110663 0.0001203 -0.0433209 0.9990000
1769782172.790788 0.0017483 -0.0071647 -0.0019337 -0.0087346 -0.0036498 -0.0443238 0.9989724
1769782172.857453 0.0018404 -0.0063367 -0.0019053 -0.0022361 -0.0104623 -0.0444204 0.9989557
1769782173.190788 0.0023863 -0.0044252 -0.0013819 0.0073828 -0.0226629 -0.0346847 0.9991140
1769782173.324121 0.0030933 -0.0041079 -0.0022877 -0.0144269 -0.0207405 -0.0338754 0.9991067
1769782175.457453 0.0038442 -0.0114904 -0.0092853 -0.0763773 -0.0213133 -0.0509708 0.9955472
1769782175.890785 0.0035906 -0.0124991 -0.0091259 -0.0842311 -0.0175718 -0.1114970 0.9900327
1769782175.957453 0.0032039 -0.0123783 -0.0090088 -0.0830541 -0.0140187 -0.1035796 0.9910483
1769782176.224119 0.0025187 -0.0112471 -0.0085894 -0.0758010 -0.0016177 -0.0837943 0.9935946
1769782176.657454 0.0023743 -0.0090471 -0.0066020 -0.0420570 0.0231732 -0.0839892 0.9953091
1769782176.790786 0.0018198 -0.0071914 -0.0050596 -0.0261904 0.0404862 -0.0817142 0.9954887
1769782176.824118 0.0018760 -0.0070261 -0.0044006 -0.0242949 0.0448855 -0.0841176 0.9951479
1769782176.890785 0.0014518 -0.0062869 -0.0044757 -0.0188350 0.0515135 -0.0867002 0.9947234
1769782176.924117 0.0014756 -0.0064696 -0.0044030 -0.0173855 0.0559766 -0.0862949 0.9945439
1769782176.957452 0.0015641 -0.0061939 -0.0045275 -0.0155980 0.0589420 -0.0887865 0.9941828
1769782176.990786 0.0016067 -0.0058054 -0.0054482 -0.0134664 0.0605881 -0.0896057 0.9940415
1769782178.124118 -0.0015205 -0.0006378 -0.0025272 -0.0197415 0.0723491 -0.0789112 0.9940568
1769782178.190784 -0.0015973 -0.0008031 -0.0023105 -0.0200214 0.0726781 -0.0779809 0.9941006
1769782178.224118 -0.0017771 -0.0007504 -0.0026407 -0.0203683 0.0733142 -0.0786164 0.9939968
1769782178.490784 -0.0024986 -0.0024273 -0.0027106 -0.0245325 0.0784495 -0.0763321 0.9936888
1769782178.557451 -0.0029027 -0.0024307 -0.0028995 -0.0253973 0.0793766 -0.0756862 0.9936428
1769782178.724117 -0.0036087 -0.0039302 -0.0046847 -0.0336787 0.0823423 -0.0747760 0.9932241
1769782180.190802 -0.0021070 -0.0139381 -0.0058597 -0.0935378 0.0560703 -0.0514537 0.9927031
1769782180.224135 -0.0019163 -0.0140862 -0.0059680 -0.0927684 0.0538360 -0.0527120 0.9928329
1769782180.357469 -0.0011204 -0.0135104 -0.0070182 -0.0868068 0.0469157 -0.0523087 0.9937441
1769782180.457470 -0.0004133 -0.0131551 -0.0060415 -0.0819216 0.0421995 -0.0514348 0.9944157
1769782180.490802 -0.0001402 -0.0127994 -0.0065745 -0.0801584 0.0404915 -0.0517453 0.9946142
1769782180.557468 0.0000701 -0.0124489 -0.0072657 -0.0758461 0.0364681 -0.0537430 0.9950021
1769782180.590802 0.0001680 -0.0123556 -0.0070703 -0.0731740 0.0349147 -0.0538698 0.9952511
1769782180.624134 0.0004091 -0.0119376 -0.0072130 -0.0697013 0.0325542 -0.0542028 0.9955622
1769782180.657470 0.0005707 -0.0121244 -0.0065231 -0.0666477 0.0307490 -0.0544588 0.9958147
1769782180.757468 0.0012964 -0.0115045 -0.0061407 -0.0566362 0.0238405 -0.0576790 0.9964423
1769782180.790802 0.0015650 -0.0111201 -0.0062804 -0.0523145 0.0209762 -0.0591981 0.9966538
1769782180.924134 0.0018038 -0.0098896 -0.0066275 -0.0371131 0.0104094 -0.0566638 0.9976490
1769782180.990802 0.0024541 -0.0094767 -0.0065862 -0.0306630 0.0022795 -0.0619412 0.9976061
1769782181.157470 0.0024628 -0.0093162 -0.0054305 -0.0216246 -0.0132777 -0.0625144 0.9977214
1769782181.190802 0.0025905 -0.0086907 -0.0061179 -0.0193148 -0.0160044 -0.0625429 0.9977270
1769782181.224134 0.0028819 -0.0084381 -0.0057062 -0.0165003 -0.0196072 -0.0616214 0.9977706
1769782181.257468 0.0029254 -0.0080932 -0.0061710 -0.0147989 -0.0217316 -0.0603280 0.9978323
1769782181.424134 0.0036254 -0.0077139 -0.0051448 -0.0120837 -0.0224184 -0.0539854 0.9982169
1769782181.457469 0.0033695 -0.0075810 -0.0044767 -0.0172935 -0.0202016 -0.0529116 0.9982451
1769782181.490801 0.0035811 -0.0076512 -0.0046498 -0.0245370 -0.0203553 -0.0543716 0.9980117
1769782181.524134 0.0038340 -0.0077213 -0.0042057 -0.0308096 -0.0200669 -0.0530774 0.9979133
1769782181.657470 0.0040092 -0.0071615 -0.0041034 -0.0422940 -0.0180997 -0.0530216 0.9975331
1769782181.824134 0.0043432 -0.0068476 -0.0047097 -0.0463948 -0.0182082 -0.0539896 0.9972969
1769782181.890800 0.0045131 -0.0067649 -0.0030883 -0.0451498 -0.0180639 -0.0543010 0.9973398
1769782182.190801 0.0052742 -0.0062854 -0.0037730 -0.0350826 -0.0205709 -0.0544616 0.9976873
1769782184.157468 0.0044065 -0.0159340 -0.0062717 -0.1057776 -0.0171160 -0.1242054 0.9864538
1769782184.224132 0.0043678 -0.0159572 -0.0053537 -0.1048480 -0.0137399 -0.1153164 0.9876843
1769782184.524132 0.0031241 -0.0148333 -0.0055400 -0.0950880 0.0023775 -0.0902176 0.9913695
1769782184.590800 0.0027126 -0.0145299 -0.0057594 -0.0920603 0.0063266 -0.0892930 0.9917216
1769782184.724132 0.0025848 -0.0140252 -0.0057219 -0.0805875 0.0128020 -0.0876622 0.9928027
1769782185.790799 0.0005118 -0.0071505 -0.0033347 -0.0579396 0.0641506 -0.0843529 0.9926794
1769782186.357465 -0.0009444 -0.0040396 -0.0028446 -0.0334621 0.0727315 -0.0844589 0.9932055
1769782186.524131 -0.0029207 -0.0045594 -0.0026865 -0.0352576 0.0794281 -0.0767439 0.9932565
1769782187.024131 -0.0047497 -0.0083408 -0.0025565 -0.0524260 0.0883057 -0.0695063 0.9922814
1769782187.057465 -0.0048427 -0.0078145 -0.0016430 -0.0539781 0.0901648 -0.0719851 0.9918543
1769782187.857503 -0.0049132 -0.0152105 -0.0037026 -0.1042433 0.0822478 -0.0654375 0.9889826
1769782187.890837 -0.0051210 -0.0155986 -0.0052440 -0.1055007 0.0817349 -0.0662032 0.9888408
1769782188.190836 -0.0040718 -0.0165539 -0.0052113 -0.1112825 0.0710940 -0.0619050 0.9893076
1769782188.290837 -0.0033245 -0.0166096 -0.0053125 -0.1109006 0.0663768 -0.0615835 0.9896983
1769782188.657505 -0.0016103 -0.0159721 -0.0075866 -0.0996398 0.0474107 -0.0614957 0.9919891
1769782188.690837 -0.0015220 -0.0155743 -0.0080310 -0.0963984 0.0454138 -0.0603559 0.9924727
1769782188.724169 -0.0012609 -0.0154112 -0.0080926 -0.0946509 0.0439260 -0.0601314 0.9927215
1769782188.824169 -0.0010153 -0.0151215 -0.0080313 -0.0890296 0.0393215 -0.0625765 0.9932833
1769782188.857502 -0.0010263 -0.0150317 -0.0078810 -0.0863053 0.0383558 -0.0628503 0.9935442
1769782188.890836 -0.0009057 -0.0148058 -0.0078353 -0.0830338 0.0361997 -0.0621758 0.9939463
1769782188.924169 -0.0007098 -0.0147964 -0.0078445 -0.0806442 0.0339427 -0.0636065 0.9941321
1769782188.957503 -0.0006991 -0.0145890 -0.0079253 -0.0774371 0.0322413 -0.0642797 0.9944004
1769782189.024169 -0.0004316 -0.0142403 -0.0079987 -0.0702801 0.0278992 -0.0645527 0.9950454
1769782189.057503 -0.0003932 -0.0139558 -0.0080260 -0.0660568 0.0261068 -0.0651523 0.9953442
1769782189.190837 0.0001026 -0.0134445 -0.0079596 -0.0528712 0.0137493 -0.0672261 0.9962411
1769782189.224169 0.0000383 -0.0131699 -0.0080311 -0.0497642 0.0108077 -0.0679905 0.9963855
1769782189.357503 0.0004893 -0.0124861 -0.0078383 -0.0390677 -0.0038545 -0.0692482 0.9968268
1769782189.490836 0.0009725 -0.0116688 -0.0078614 -0.0303807 -0.0160843 -0.0658792 0.9972354
1769782189.524169 0.0009005 -0.0112076 -0.0080488 -0.0279794 -0.0168092 -0.0646685 0.9973729
1769782189.724169 0.0014556 -0.0100817 -0.0077378 -0.0317415 -0.0150043 -0.0585173 0.9976689
1769782189.757502 0.0016506 -0.0100641 -0.0074976 -0.0379662 -0.0147759 -0.0595117 0.9973959
1769782191.624167 0.0028354 -0.0128881 -0.0077855 -0.0761041 -0.0070716 -0.0568271 0.9954541
1769782192.090834 0.0019340 -0.0135308 -0.0076131 -0.0818179 0.0011734 -0.0577235 0.9949736
1769782192.324167 0.0017106 -0.0134972 -0.0076046 -0.0819889 0.0039442 -0.0596092 0.9948412
1769782192.557501 0.0015510 -0.0134383 -0.0075072 -0.0814557 0.0055961 -0.0608200 0.9948038
1769782193.024167 0.0013398 -0.0131919 -0.0074086 -0.0791668 0.0069680 -0.0624010 0.9948820
1769782193.257500 0.0012947 -0.0131708 -0.0074479 -0.0793244 0.0070531 -0.0628555 0.9948402
1769782193.857499 0.0012575 -0.0131448 -0.0073152 -0.0794787 0.0071505 -0.0630056 0.9948177
1769782194.390834 0.0013208 -0.0131079 -0.0073739 -0.0793715 0.0068747 -0.0633486 0.9948065
1769782194.624166 0.0012723 -0.0130672 -0.0074860 -0.0791160 0.0068623 -0.0634113 0.9948229
