1769782148024066304.000000 0.000000000 0.000000000 0.000000000 -0.000000000 -0.000000000 -0.000000000 1.000000000
1769782148257399296.000000 -0.000219270 0.000133909 0.000000273 0.000250838 -0.000084098 0.000065437 1.000000000
1769782148424065536.000000 0.000091788 -0.000017410 0.000280842 -0.000517144 -0.000620671 -0.000497591 0.999999583
1769782152857426432.000000 0.000261359 -0.000052056 0.000202463 0.002809871 -0.001052810 -0.001918871 0.999993682
1769782154757426944.000000 -0.001662969 -0.002435467 0.000534707 -0.021084001 0.033180058 -0.001944467 0.999225140
1769782154990759168.000000 -0.002005721 -0.003242663 -0.000032236 -0.026770329 0.035873692 0.000127889 0.998997688
1769782155024091904.000000 -0.002006496 -0.003155117 0.000353337 -0.027581215 0.036254667 0.000285310 0.998961866
1769782155490757888.000000 -0.002138310 -0.003196997 0.000279987 -0.025727103 0.036956418 -0.000735333 0.998985410
1769782155557424896.000000 -0.002002160 -0.002891175 0.000817931 -0.024735970 0.036228210 -0.000270842 0.999037325
1769782155657425920.000000 -0.002083372 -0.002926311 -0.000171850 -0.022076523 0.033645634 -0.001631375 0.999188662
1769782156090757888.000000 -0.001098855 -0.000901941 -0.000059260 0.000309783 0.022502000 -0.003112896 0.999741912
1769782156590757376.000000 -0.000069955 0.002318073 0.000634735 0.027822590 0.009816392 -0.006084596 0.999546170
1769782156957440256.000000 0.000924070 0.002530094 0.000743456 0.005309158 -0.002978177 -0.007133438 0.999956012
1769782157090773248.000000 0.001713189 0.002054288 0.002737125 0.008645262 -0.006987887 -0.003817681 0.999930978
1769782157190773760.000000 0.000593770 0.003409645 -0.001342860 0.014006025 -0.009601351 -0.005325973 0.999841630
1769782157257440000.000000 0.001452587 0.003286819 0.000528372 0.018258031 -0.011461738 -0.004699776 0.999756575
1769782157524105984.000000 0.001516252 0.003134723 0.001123452 0.026689658 -0.015125770 -0.000047159 0.999529362
1769782157990773504.000000 0.003308328 0.002825130 -0.000539210 0.023909995 -0.028075848 -0.000401565 0.999319732
1769782158024105984.000000 0.003216512 0.002474993 -0.000705388 0.021724591 -0.028580023 -0.000249692 0.999355376
1769782158057440000.000000 0.003112957 0.002395889 -0.001381017 0.020439330 -0.028863486 0.000037870 0.999374390
1769782158190772224.000000 0.003375197 0.001455202 -0.000681587 0.013164658 -0.030806793 -0.002094443 0.999436498
1769782158624105984.000000 0.003564203 -0.002536978 -0.001426990 -0.015436306 -0.032200553 0.000915672 0.999361813
1769782158690772736.000000 0.003484305 -0.002731997 -0.001455205 -0.018866787 -0.030936942 0.001935386 0.999341428
1769782158890772224.000000 0.003065807 -0.004094835 -0.002269676 -0.030667249 -0.028255612 0.002651253 0.999126673
1769782159190771712.000000 0.002409769 -0.005526395 -0.002694668 -0.040532384 -0.024055403 -0.063404106 0.996874332
1769782159490771968.000000 0.001269585 -0.005467026 -0.002025130 -0.040397465 -0.012129297 -0.060268600 0.997290671
1769782159557438976.000000 0.001116179 -0.005254118 -0.001267099 -0.039130822 -0.008845456 -0.053053550 0.997785509
1769782159624105984.000000 0.000795703 -0.005111475 -0.000683230 -0.037521541 -0.005157312 -0.046570946 0.998196721
1769782159690771712.000000 0.000591487 -0.004814769 -0.001109772 -0.034979161 -0.002026688 -0.042587247 0.998478174
1769782159824104448.000000 -0.000530050 -0.004171049 -0.000912169 -0.028716775 0.006130549 -0.034903027 0.998959243
1769782159924104448.000000 -0.000551832 -0.003762045 -0.001104835 -0.022379030 0.011363901 -0.035922509 0.999039352
1769782159957438464.000000 -0.000196002 -0.003776670 0.000281256 -0.020413173 0.013043560 -0.036506720 0.999039769
1769782160124106240.000000 -0.000979472 -0.002640953 -0.000716124 -0.002269530 0.025810175 -0.038219817 0.998933434
1769782160157438720.000000 -0.001208369 -0.002045158 -0.001437831 0.002172872 0.028628197 -0.040067710 0.998784423
1769782160224104960.000000 -0.000747983 -0.002201012 0.000474238 0.007451547 0.035378151 -0.039648581 0.998559415
1769782160257438464.000000 -0.001030547 -0.002311249 0.000000926 0.009768643 0.039353546 -0.039785150 0.998385191
1769782160324104704.000000 -0.000916551 -0.001643989 0.000041852 0.014310526 0.045697074 -0.039994214 0.998051822
1769782160390770688.000000 -0.001010653 -0.001621826 0.000294200 0.017895281 0.053358618 -0.042425096 0.997513294
1769782160490770944.000000 -0.000171203 -0.001676394 0.002184352 0.021975381 0.060992472 -0.044901550 0.996885598
1769782160557437952.000000 -0.000522529 -0.001002790 0.001199044 0.024685817 0.065469675 -0.048555315 0.996366799
1769782160690771200.000000 -0.000443926 0.000173255 0.001568333 0.028937815 0.067183197 -0.053752344 0.995871365
1769782160724103424.000000 -0.000723068 0.000444141 0.001152671 0.023899162 0.066008635 -0.050321233 0.996262789
1769782160824104192.000000 -0.001162721 -0.000130641 0.002160277 0.006076584 0.064227983 -0.043948453 0.996948540
1769782160857437440.000000 -0.000891846 0.000617967 0.001568981 0.002707051 0.062304161 -0.044469368 0.997062385
1769782160890771200.000000 -0.001186684 0.000864218 0.001884699 0.000643479 0.062391501 -0.046089869 0.996986806
1769782161090770944.000000 -0.002299298 0.001924512 0.002797648 -0.003027976 0.064463869 -0.035563067 0.997281551
1769782161224103424.000000 -0.002919206 0.002280970 0.002612275 -0.000305803 0.066013798 -0.033183049 0.997266769
1769782161290770176.000000 -0.002687825 0.002054495 0.004059167 0.001343611 0.068554819 -0.032772202 0.997108042
1769782161324104192.000000 -0.002760600 0.002552640 0.004180453 0.002914224 0.068950795 -0.036655214 0.996942222
1769782161457438464.000000 -0.003276355 0.002991629 0.004490514 0.011692576 0.071614683 -0.036174759 0.996707559
1769782161690770432.000000 -0.003660866 0.002609881 0.004812981 0.015714023 0.074730419 -0.037424032 0.996377409
1769782161857436672.000000 -0.004604525 0.002376780 0.003952745 0.015514685 0.078727871 -0.034608185 0.996174455
1769782161890770432.000000 -0.004589899 0.002151728 0.004287055 0.014737973 0.079596147 -0.033994034 0.996138394
1769782162057436928.000000 -0.006037453 0.000600423 0.002886886 0.009983257 0.083377883 -0.028457925 0.996061563
1769782162624104704.000000 -0.006584726 -0.003073236 0.002812402 -0.023392782 0.086621732 -0.024759557 0.995658815
1769782162757436160.000000 -0.006665723 -0.004879508 0.001356210 -0.032779839 0.085021347 -0.023138657 0.995570958
1769782162924102144.000000 -0.005913013 -0.006238444 0.002427288 -0.044052083 0.081912115 -0.022246405 0.995416999
1769782162957436672.000000 -0.006160098 -0.006286429 0.001778915 -0.045591578 0.081856802 -0.022012137 0.995357394
1769782162990770176.000000 -0.006292257 -0.006416888 0.001568317 -0.047218714 0.080946982 -0.021848598 0.995359600
1769782163190769152.000000 -0.005737899 -0.007778180 0.001578819 -0.055664565 0.076526910 -0.019310996 0.995325148
1769782163324103424.000000 -0.005149856 -0.008044794 0.002164469 -0.058268823 0.071426839 -0.016633550 0.995603502
1769782163357436160.000000 -0.005042543 -0.008221967 0.001973551 -0.058690690 0.070408687 -0.015823480 0.995664477
1769782163557435648.000000 -0.004393337 -0.008315137 0.001325796 -0.058163851 0.062567860 -0.013398746 0.996254385
1769782163657437184.000000 -0.003917103 -0.008046854 0.001181755 -0.056328077 0.058224756 -0.014665379 0.996605217
1769782163790769920.000000 -0.003177103 -0.007999435 0.001116315 -0.052083731 0.051596224 -0.014246558 0.997207165
1769782163824102656.000000 -0.002991650 -0.007541288 0.000475197 -0.050527524 0.050038964 -0.013450207 0.997377694
1769782164024101888.000000 -0.001701097 -0.006283309 0.000902574 -0.039247934 0.039905146 -0.016333947 0.998298764
1769782164057435904.000000 -0.001903542 -0.006615452 -0.000128881 -0.037106536 0.037386429 -0.016112102 0.998481750
1769782164090768640.000000 -0.001749632 -0.006461081 -0.000209560 -0.033663906 0.035647180 -0.015145450 0.998682499
1769782164190768640.000000 -0.000850080 -0.005678183 0.000304392 -0.024719927 0.029421812 -0.018597296 0.999088287
1769782164224101888.000000 -0.001209488 -0.005277994 -0.000559381 -0.020674361 0.027434180 -0.018495841 0.999238670
1769782164290768384.000000 -0.000650150 -0.004771495 -0.000606085 -0.012781825 0.023126226 -0.022036843 0.999407947
1769782164357436416.000000 -0.000224119 -0.004593145 -0.000747606 -0.004994514 0.017739208 -0.022536518 0.999576151
1769782164390769920.000000 -0.000674570 -0.003902274 -0.001540040 -0.000873776 0.015219554 -0.024164274 0.999591768
1769782164457436416.000000 -0.000269835 -0.003988407 0.000391527 0.005784951 0.008582972 -0.022317151 0.999697387
1769782164624124160.000000 0.000101595 -0.002868081 0.000584747 0.020061120 -0.008374969 -0.026485810 0.999412775
1769782164657457664.000000 0.000135356 -0.002445959 0.000391436 0.023071516 -0.011321166 -0.024878895 0.999360085
1769782164690789632.000000 0.000395832 -0.002555460 0.000948797 0.024169058 -0.015072352 -0.025776386 0.999261916
1769782164824122880.000000 0.000796129 -0.001938673 0.001255980 0.029275985 -0.022565590 -0.022151293 0.999071121
1769782164857455616.000000 0.000882897 -0.002008576 0.001684413 0.029691461 -0.022905638 -0.020811832 0.999079943
1769782164890789632.000000 0.001064467 -0.001850333 0.001321574 0.030241391 -0.022198882 -0.019148218 0.999112606
1769782164924122624.000000 0.001144010 -0.001837838 0.001390956 0.030922808 -0.021759674 -0.018100791 0.999120951
1769782165057456128.000000 0.001070737 -0.001947302 0.002428939 0.007511996 -0.017470781 -0.016396027 0.999684691
1769782165190789120.000000 0.001823781 -0.001642987 0.003469504 -0.000960587 -0.017389853 -0.017970340 0.999686837
1769782165224122368.000000 0.001764375 -0.001532377 0.003003173 -0.002409135 -0.017507374 -0.018151604 0.999679089
1769782165557455872.000000 0.002414738 -0.001083890 0.002847894 0.002301633 -0.018900711 -0.019474592 0.999629080
1769782165590789120.000000 0.002475538 -0.001192101 0.003263496 0.003832771 -0.018736251 -0.019556379 0.999625862
1769782165890789632.000000 0.003032183 -0.001296495 0.002346983 0.007304777 -0.021037934 -0.016729554 0.999612033
1769782166190788864.000000 0.003500753 -0.001829617 0.001253186 0.002555185 -0.024973456 -0.015868364 0.999558926
1769782166524121344.000000 0.003731660 -0.004079920 0.001412985 -0.016169304 -0.027367732 -0.015891518 0.999368310
1769782166657456896.000000 0.004057040 -0.004886273 0.001554888 -0.024790861 -0.028168742 -0.018482568 0.999124825
1769782166857454848.000000 0.004161318 -0.006396025 0.000866933 -0.037878159 -0.027986778 -0.017475603 0.998737514
1769782166990788864.000000 0.003922985 -0.007174276 -0.000299800 -0.047182173 -0.027459171 -0.022071758 0.998264849
1769782167090787840.000000 0.003837293 -0.007970924 0.000527131 -0.052451272 -0.024908058 -0.018667022 0.998138249
1769782167857454080.000000 0.001631610 -0.008708358 0.000999921 -0.060645510 -0.002838078 -0.070373505 0.995671451
1769782167924121088.000000 0.001364959 -0.008263255 0.000173339 -0.058182500 0.000067767 -0.066962384 0.996057630
1769782167990788096.000000 0.001220974 -0.008201127 0.000145139 -0.056144826 0.003217232 -0.062314712 0.996470928
1769782168090787584.000000 0.000940345 -0.007790465 0.000343118 -0.052281253 0.007385607 -0.059725650 0.996817410
1769782168124120832.000000 0.000988744 -0.007720810 0.000770500 -0.050482601 0.008886035 -0.061591908 0.996784329
1769782168157455104.000000 0.000744856 -0.007497201 0.000258986 -0.048254341 0.010959929 -0.061542954 0.996877074
1769782168257454336.000000 0.000416363 -0.007015954 0.000530205 -0.039439514 0.017414460 -0.064997613 0.996953666
1769782168357454848.000000 0.000542618 -0.006437848 0.000138917 -0.029251585 0.024161175 -0.067082182 0.997025907
1769782168390787328.000000 0.000862143 -0.006775144 0.000757163 -0.027683344 0.025474858 -0.069246389 0.996890008
1769782168457455104.000000 0.000866036 -0.006127847 0.001122865 -0.020257670 0.032523464 -0.070601486 0.996768415
1769782168490787328.000000 0.000828993 -0.006054678 0.001079737 -0.017916881 0.036186934 -0.072803915 0.996528506
1769782168524120320.000000 0.000679928 -0.005752687 0.001015435 -0.014403687 0.040418345 -0.072007000 0.996480763
1769782168557454080.000000 0.000867720 -0.005632209 0.000990887 -0.011777824 0.043539286 -0.074088372 0.996231198
1769782168657455104.000000 0.000168115 -0.004773979 0.000697886 -0.003847317 0.054918684 -0.073838800 0.995749474
1769782168690787584.000000 0.000663866 -0.004719702 0.001443244 -0.002277170 0.058417868 -0.077067219 0.995310426
1769782168724120064.000000 0.000607886 -0.004566255 0.001419256 -0.000229217 0.061631870 -0.077111915 0.995115697
1769782168790787840.000000 0.000638451 -0.004145903 0.001618675 0.002344598 0.066630632 -0.078095146 0.994714022
1769782168857453568.000000 0.000662774 -0.003890011 0.001641916 0.003926221 0.068474524 -0.082081273 0.994262815
1769782168890787328.000000 0.000467183 -0.003756846 0.001368534 0.005321781 0.069428213 -0.082148723 0.994184613
1769782168924119552.000000 0.000606572 -0.003639788 0.001334241 0.005665689 0.068162903 -0.085507505 0.993987024
1769782169857452032.000000 -0.001382613 -0.001240721 0.003971185 -0.010532980 0.070117533 -0.063300624 0.995472550
1769782169957453312.000000 -0.001705373 -0.001248726 0.003565010 -0.009918350 0.071156196 -0.062100649 0.995480776
1769782170057453056.000000 -0.001954578 -0.001241361 0.003269274 -0.009454364 0.072339423 -0.063306518 0.995324016
1769782170157453568.000000 -0.002357489 -0.001385271 0.003049695 -0.009089508 0.074507549 -0.062481627 0.995219588
1769782170190786560.000000 -0.002690447 -0.001243478 0.002599512 -0.008053906 0.075746745 -0.060938366 0.995230675
1769782170490785536.000000 -0.003287519 -0.003051173 0.002543761 -0.020602206 0.080101676 -0.056689020 0.994960129
1769782170524118784.000000 -0.003402802 -0.003178413 0.002100032 -0.021907015 0.080258079 -0.056634463 0.994922757
1769782170590785792.000000 -0.003753409 -0.003437857 0.001338614 -0.025300549 0.080748633 -0.056856278 0.994789898
1769782170657454080.000000 -0.003188766 -0.004944360 0.004187070 -0.030454818 0.081121609 -0.054298561 0.994758010
1769782170757452544.000000 -0.004780482 -0.005120875 0.000517814 -0.036642678 0.082425289 -0.054431450 0.994434834
1769782170824119296.000000 -0.004978821 -0.005712434 0.000062104 -0.041271370 0.082856566 -0.051523812 0.994372547
1769782170890785536.000000 -0.004937938 -0.006592916 0.001004644 -0.045862909 0.083211653 -0.047816519 0.994326949
1769782171190785536.000000 -0.004837293 -0.009553825 0.000765494 -0.065290421 0.080082700 -0.043583877 0.993692279
1769782171424118528.000000 -0.004654019 -0.011046917 -0.000877447 -0.075608723 0.074492581 -0.041380417 0.993489742
1769782171690785536.000000 -0.003831077 -0.011720911 -0.000901360 -0.080140658 0.065596730 -0.035734564 0.993980706
1769782171757452032.000000 -0.003892096 -0.012005518 -0.001750214 -0.079937600 0.062784970 -0.035735618 0.994178534
1769782171824118016.000000 -0.003332151 -0.012029412 -0.002103484 -0.079222240 0.059520181 -0.036089074 0.994423807
1769782171857451264.000000 -0.003373437 -0.011928535 -0.001589378 -0.078372464 0.059067097 -0.035286378 0.994547009
1769782171924117760.000000 -0.002864408 -0.011982950 -0.002275596 -0.076718472 0.055257734 -0.034946319 0.994906843
1769782171957452032.000000 -0.002737697 -0.012095044 -0.001821190 -0.076503024 0.053624302 -0.036162507 0.994969368
1769782171990785536.000000 -0.002449272 -0.011902545 -0.001813256 -0.075536937 0.052301735 -0.036280714 0.995109260
1769782172090785024.000000 -0.001852419 -0.011482073 -0.001834150 -0.070613876 0.047138419 -0.034448370 0.995793641
1769782172224121088.000000 -0.001108003 -0.010826289 -0.002298201 -0.063603245 0.040661231 -0.033723284 0.996576190
1769782172257455104.000000 -0.000912928 -0.010671091 -0.002324969 -0.061648205 0.038968682 -0.034323346 0.996746123
1769782172324121600.000000 -0.000169190 -0.010290811 -0.002584585 -0.056730010 0.033743545 -0.036291253 0.997159004
1769782172357454848.000000 -0.000250223 -0.010035814 -0.002425189 -0.053954970 0.032669235 -0.035456177 0.997378826
1769782172457455616.000000 0.000191509 -0.009545956 -0.002415773 -0.044234045 0.026377250 -0.037390336 0.997972727
1769782172657455616.000000 0.001480837 -0.007143050 -0.003805043 -0.019824533 0.010075519 -0.044100847 0.998779595
1769782172690788352.000000 0.001457094 -0.007410171 -0.002464988 -0.017533842 0.007369283 -0.044555616 0.998825848
1769782172724120320.000000 0.001423660 -0.007114715 -0.002750456 -0.013992745 0.003661133 -0.045649853 0.998852789
1769782172757454592.000000 0.001523516 -0.007079745 -0.002388559 -0.011066342 0.000120295 -0.043320905 0.998999953
1769782172790788096.000000 0.001748301 -0.007164686 -0.001933651 -0.008734606 -0.003649838 -0.044323768 0.998972416
1769782172857453312.000000 0.001840414 -0.006336653 -0.001905252 -0.002236142 -0.010462311 -0.044420358 0.998955667
1769782173190787584.000000 0.002386318 -0.004425186 -0.001381907 0.007382759 -0.022662917 -0.034684729 0.999114037
1769782173324121088.000000 0.003093295 -0.004107912 -0.002287689 -0.014426887 -0.020740515 -0.033875398 0.999106705
1769782175457453568.000000 0.003844176 -0.011490370 -0.009285337 -0.076377325 -0.021313315 -0.050970815 0.995547235
1769782175890785280.000000 0.003590566 -0.012499120 -0.009125940 -0.084231108 -0.017571835 -0.111497000 0.990032732
1769782175957452800.000000 0.003203940 -0.012378303 -0.009008753 -0.083054096 -0.014018720 -0.103579640 0.991048336
1769782176224118784.000000 0.002518663 -0.011247134 -0.008589394 -0.075800978 -0.001617673 -0.083794333 0.993594587
1769782176657453824.000000 0.002374309 -0.009047058 -0.006602042 -0.042056970 0.023173206 -0.083989173 0.995309055
1769782176790785792.000000 0.001819828 -0.007191448 -0.005059612 -0.026190432 0.040486205 -0.081714235 0.995488703
1769782176824118016.000000 0.001875980 -0.007026142 -0.004400608 -0.024294876 0.044885505 -0.084117614 0.995147884
1769782176890785280.000000 0.001451772 -0.006286851 -0.004475717 -0.018835034 0.051513541 -0.086700171 0.994723439
1769782176924117248.000000 0.001475570 -0.006469597 -0.004402985 -0.017385481 0.055976570 -0.086294942 0.994543910
1769782176957452288.000000 0.001564071 -0.006193941 -0.004527470 -0.015598007 0.058942005 -0.088786513 0.994182825
1769782176990785536.000000 0.001606713 -0.005805378 -0.005448168 -0.013466367 0.060588144 -0.089605689 0.994041502
1769782178124117504.000000 -0.001520480 -0.000637834 -0.002527195 -0.019741472 0.072349072 -0.078911200 0.994056821
1769782178190784512.000000 -0.001597310 -0.000803078 -0.002310450 -0.020021375 0.072678067 -0.077980928 0.994100630
1769782178224117760.000000 -0.001777112 -0.000750422 -0.002640686 -0.020368256 0.073314212 -0.078616410 0.993996799
1769782178490784256.000000 -0.002498629 -0.002427317 -0.002710598 -0.024532542 0.078449503 -0.076332077 0.993688762
1769782178557451008.000000 -0.002902667 -0.002430748 -0.002899533 -0.025397312 0.079376571 -0.075686224 0.993642807
1769782178724116736.000000 -0.003608725 -0.003930232 -0.004684684 -0.033678733 0.082342327 -0.074776046 0.993224084
1769782180190802176.000000 -0.002107040 -0.013938053 -0.005859730 -0.093537785 0.056070339 -0.051453665 0.992703080
1769782180224134912.000000 -0.001916344 -0.014086211 -0.005967984 -0.092768356 0.053835955 -0.052711956 0.992832899
1769782180357469440.000000 -0.001120444 -0.013510446 -0.007018171 -0.086806789 0.046915691 -0.052308712 0.993744075
1769782180457469696.000000 -0.000413320 -0.013155142 -0.006041495 -0.081921622 0.042199485 -0.051434819 0.994415700
1769782180490801664.000000 -0.000140177 -0.012799405 -0.006574485 -0.080158398 0.040491525 -0.051745288 0.994614244
1769782180557468416.000000 0.000070060 -0.012448861 -0.007265667 -0.075846054 0.036468137 -0.053743027 0.995002091
1769782180590802176.000000 0.000167993 -0.012355600 -0.007070304 -0.073174022 0.034914676 -0.053869832 0.995251060
1769782180624134400.000000 0.000409084 -0.011937565 -0.007212970 -0.069701307 0.032554172 -0.054202810 0.995562196
1769782180657470464.000000 0.000570692 -0.012124397 -0.006523121 -0.066647701 0.030748967 -0.054458801 0.995814681
1769782180757468416.000000 0.001296392 -0.011504506 -0.006140702 -0.056636229 0.023840461 -0.057678953 0.996442258
1769782180790802176.000000 0.001564995 -0.011120065 -0.006280432 -0.052314501 0.020976242 -0.059198122 0.996653795
1769782180924134400.000000 0.001803825 -0.009889644 -0.006627485 -0.037113123 0.010409391 -0.056663811 0.997648954
1769782180990801920.000000 0.002454144 -0.009476705 -0.006586158 -0.030662954 0.002279493 -0.061941206 0.997606099
1769782181157469440.000000 0.002462792 -0.009316218 -0.005430484 -0.021624567 -0.013277673 -0.062514365 0.997721434
1769782181190801664.000000 0.002590493 -0.008690722 -0.006117901 -0.019314762 -0.016004382 -0.062542871 0.997727036
1769782181224134400.000000 0.002881902 -0.008438070 -0.005706232 -0.016500276 -0.019607197 -0.061621372 0.997770607
1769782181257468160.000000 0.002925445 -0.008093193 -0.006171041 -0.014798886 -0.021731611 -0.060328010 0.997832298
1769782181424134400.000000 0.003625413 -0.007713927 -0.005144801 -0.012083714 -0.022418426 -0.053985354 0.998216927
1769782181457468928.000000 0.003369531 -0.007580976 -0.004476734 -0.017293528 -0.020201629 -0.052911568 0.998245060
1769782181490801152.000000 0.003581110 -0.007651230 -0.004649837 -0.024536967 -0.020355277 -0.054371580 0.998011708
1769782181524133888.000000 0.003834048 -0.007721294 -0.004205688 -0.030809587 -0.020066859 -0.053077437 0.997913301
1769782181657469952.000000 0.004009213 -0.007161465 -0.004103411 -0.042293988 -0.018099701 -0.053021621 0.997533143
1769782181824133632.000000 0.004343198 -0.006847627 -0.004709724 -0.046394777 -0.018208155 -0.053989556 0.997296929
1769782181890800384.000000 0.004513074 -0.006764902 -0.003088253 -0.045149822 -0.018063929 -0.054300960 0.997339785
1769782182190800896.000000 0.005274217 -0.006285423 -0.003773025 -0.035082560 -0.020570925 -0.054461561 0.997687340
1769782184157467648.000000 0.004406483 -0.015934011 -0.006271666 -0.105777599 -0.017116036 -0.124205418 0.986453831
1769782184224132352.000000 0.004367785 -0.015957166 -0.005353679 -0.104847997 -0.013739882 -0.115316361 0.987684309
1769782184524131840.000000 0.003124052 -0.014833300 -0.005540005 -0.095087968 0.002377528 -0.090217575 0.991369486
1769782184590799872.000000 0.002712587 -0.014529860 -0.005759398 -0.092060298 0.006326553 -0.089293018 0.991721570
1769782184724132352.000000 0.002584770 -0.014025222 -0.005721862 -0.080587462 0.012801982 -0.087662198 0.992802680
1769782185790798848.000000 0.000511804 -0.007150520 -0.003334726 -0.057939559 0.064150579 -0.084352911 0.992679358
1769782186357465088.000000 -0.000944436 -0.004039587 -0.002844625 -0.033462062 0.072731525 -0.084458902 0.993205488
1769782186524130816.000000 -0.002920662 -0.004559384 -0.002686511 -0.035257608 0.079428054 -0.076743916 0.993256509
1769782187024130560.000000 -0.004749744 -0.008340832 -0.002556510 -0.052425984 0.088305682 -0.069506317 0.992281437
1769782187057464576.000000 -0.004842701 -0.007814451 -0.001643002 -0.053978141 0.090164781 -0.071985111 0.991854250
1769782187857503232.000000 -0.004913161 -0.015210538 -0.003702577 -0.104243331 0.082247846 -0.065437533 0.988982618
1769782187890836992.000000 -0.005121050 -0.015598598 -0.005243994 -0.105500735 0.081734888 -0.066203207 0.988840818
1769782188190836480.000000 -0.004071828 -0.016553918 -0.005211291 -0.111282550 0.071093991 -0.061904982 0.989307642
1769782188290836480.000000 -0.003324494 -0.016609553 -0.005312518 -0.110900596 0.066376768 -0.061583519 0.989698291
1769782188657505280.000000 -0.001610312 -0.015972052 -0.007586602 -0.099639796 0.047410719 -0.061495710 0.991989136
1769782188690837504.000000 -0.001522030 -0.015574296 -0.008030981 -0.096398443 0.045413829 -0.060355902 0.992472708
1769782188724169216.000000 -0.001260914 -0.015411221 -0.008092581 -0.094650857 0.043926027 -0.060131375 0.992721498
1769782188824169216.000000 -0.001015341 -0.015121547 -0.008031280 -0.089029573 0.039321538 -0.062576458 0.993283331
1769782188857502208.000000 -0.001026301 -0.015031669 -0.007881010 -0.086305298 0.038355809 -0.062850311 0.993544221
1769782188890836224.000000 -0.000905712 -0.014805793 -0.007835308 -0.083033763 0.036199685 -0.062175810 0.993946254
1769782188924168704.000000 -0.000709831 -0.014796359 -0.007844526 -0.080644250 0.033942711 -0.063606530 0.994132102
1769782188957502976.000000 -0.000699117 -0.014589022 -0.007925251 -0.077437103 0.032241259 -0.064279750 0.994400382
1769782189024169472.000000 -0.000431618 -0.014240312 -0.007998680 -0.070280060 0.027899157 -0.064552665 0.995045364
1769782189057503232.000000 -0.000393246 -0.013955770 -0.008025981 -0.066056781 0.026106812 -0.065152265 0.995344222
1769782189190836736.000000 0.000102639 -0.013444471 -0.007959650 -0.052871212 0.013749287 -0.067226067 0.996241093
1769782189224169472.000000 0.000038278 -0.013169854 -0.008031079 -0.049764168 0.010807728 -0.067990467 0.996385515
1769782189357502976.000000 0.000489293 -0.012486084 -0.007838309 -0.039067745 -0.003854452 -0.069248237 0.996826768
1769782189490835712.000000 0.000972504 -0.011668811 -0.007861434 -0.030380702 -0.016084328 -0.065879233 0.997235358
1769782189524169216.000000 0.000900511 -0.011207592 -0.008048770 -0.027979381 -0.016809208 -0.064668536 0.997372866
1769782189724168960.000000 0.001455594 -0.010081668 -0.007737848 -0.031741533 -0.015004290 -0.058517344 0.997668862
1769782189757502208.000000 0.001650562 -0.010064141 -0.007497601 -0.037966162 -0.014775865 -0.059511680 0.997395933
1769782191624167168.000000 0.002835427 -0.012888148 -0.007785457 -0.076104060 -0.007071645 -0.056827124 0.995454073
1769782192090834432.000000 0.001934003 -0.013530818 -0.007613068 -0.081817925 0.001173443 -0.057723530 0.994973600
1769782192324167424.000000 0.001710581 -0.013497218 -0.007604590 -0.081988908 0.003944219 -0.059609205 0.994841218
1769782192557500928.000000 0.001551026 -0.013438285 -0.007507243 -0.081455655 0.005596148 -0.060820002 0.994803846
1769782193024166656.000000 0.001339784 -0.013191869 -0.007408600 -0.079166844 0.006967986 -0.062401004 0.994881988
1769782193257500416.000000 0.001294695 -0.013170769 -0.007447863 -0.079324432 0.007053055 -0.062855519 0.994840205
1769782193857499136.000000 0.001257481 -0.013144807 -0.007315172 -0.079478703 0.007150547 -0.063005596 0.994817734
1769782194390833920.000000 0.001320837 -0.013107914 -0.007373943 -0.079371519 0.006874727 -0.063348569 0.994806468
1769782194624165632.000000 0.001272341 -0.013067224 -0.007486023 -0.079115972 0.006862335 -0.063411273 0.994822919
