1770030763.362179 0.0000000 0.0000000 0.0000000 -0.0000000 -0.0000000 -0.0000000 1.0000000
1770030763.628869 -0.0035523 -0.0264686 -0.0336169 -0.0008914 -0.0000814 -0.0064737 0.9999787
1770030763.762201 -0.0016728 -0.0284695 -0.0345920 -0.0008402 -0.0002002 -0.0051286 0.9999865
1770030767.828853 0.0329565 -0.0540383 -0.0329678 -0.0008619 -0.0041069 -0.0057536 0.9999747
1770030769.462182 0.1223830 -0.1112866 -0.0682712 0.0031027 0.0037266 -0.0042851 0.9999791
1770030770.728854 0.2359868 -0.0677578 -0.0436362 0.0094013 0.0186893 -0.0103387 0.9997277
1770030771.128854 0.2710916 -0.0350620 -0.0389924 0.0096167 0.0243226 -0.0063651 0.9996377
1770030771.462183 0.3072435 -0.0014327 -0.0326620 0.0106037 0.0298338 -0.0113596 0.9994341
1770030771.728851 0.3258845 0.0416787 -0.0219894 0.0105080 0.0338964 -0.0134678 0.9992794
1770030771.995519 0.3594798 0.0691177 -0.0204106 0.0082476 0.0350895 -0.0118236 0.9992802
1770030772.262198 0.3768394 0.1059311 -0.0150291 0.0071139 0.0377670 -0.0141684 0.9991608
1770030772.462183 0.3982620 0.1458733 -0.0127751 0.0068899 0.0378423 -0.0125428 0.9991813
1770030772.662189 0.4161476 0.1876404 0.0047418 0.0058351 0.0378605 -0.0137932 0.9991708
1770030772.928849 0.4128653 0.2179106 0.0003244 0.0062101 0.0415435 -0.0193828 0.9989294
1770030773.195518 0.4377490 0.2667033 0.0073349 0.0057212 0.0386103 -0.0170287 0.9990929
1770030773.495529 0.4400099 0.3028200 0.0065352 0.0059254 0.0383344 -0.0190601 0.9990656
1770030773.862189 0.4334965 0.3173916 0.0022690 0.0040822 0.0369516 -0.0210065 0.9990879
1770030774.528861 0.3927294 0.3045947 -0.0077355 0.0050670 0.0327617 -0.0206537 0.9992369
1770030774.862197 0.3546640 0.2587984 -0.0257371 0.0087474 0.0313483 -0.0177757 0.9993122
1770030775.128860 0.3160066 0.2113793 -0.0314964 0.0106342 0.0293741 -0.0172638 0.9993628
1770030775.328855 0.2772844 0.1626998 -0.0228386 0.0129708 0.0296193 -0.0158788 0.9993510
1770030775.495519 0.2474985 0.1332339 -0.0347346 0.0182671 0.0278027 -0.0149588 0.9993346
1770030775.662186 0.2223761 0.0935768 -0.0387709 0.0255706 0.0250888 -0.0132303 0.9992706
1770030775.795574 0.2021410 0.0558290 -0.0571116 0.0351124 0.0202396 -0.0153698 0.9990602
1770030775.995526 0.1876875 0.0124591 -0.0687883 0.0514902 0.0099619 -0.0116973 0.9985553
1770030776.162190 0.1685134 -0.0346510 -0.0562244 0.0626118 -0.0058908 -0.0048285 0.9980089
1770030776.262186 0.1604701 -0.0655168 -0.0786503 0.0694541 -0.0174576 -0.0035541 0.9974261
1770030776.495526 0.1053650 -0.1728197 -0.1056335 0.0773413 -0.0455115 -0.0083026 0.9959308
1770030777.062188 -0.0250832 -0.3088715 -0.0666501 -0.0066498 -0.0346494 0.0015098 0.9993763
1770030777.328848 -0.1002976 -0.3552234 -0.0362014 -0.0362570 -0.0228161 -0.0066678 0.9990597
1770030777.462182 -0.1280507 -0.3986555 -0.0445406 -0.0417685 -0.0188969 -0.0077215 0.9989188
1770030777.595523 -0.1695157 -0.4421148 -0.0481285 -0.0400273 -0.0141486 -0.0099374 0.9990490
1770030777.762184 -0.2021689 -0.5233540 -0.0968949 -0.0328308 -0.0106174 -0.0084470 0.9993688
1770030779.662187 -0.4660904 -0.7696223 -0.2948549 0.0081584 -0.0035004 -0.0042487 0.9999515
1770030779.928853 -0.4282266 -0.6594455 -0.1286188 0.0110436 -0.0104012 0.0000582 0.9998850
1770030780.228851 -0.4626203 -0.6066724 -0.1562268 0.0088553 -0.0096006 -0.0049063 0.9999027
1770030780.495527 -0.4892371 -0.5409116 -0.1051425 0.0080361 -0.0095993 -0.0173683 0.9997708
1770030780.795534 -0.5077129 -0.4853910 -0.1160689 0.0040331 -0.0088284 -0.0238581 0.9996682
1770030781.095537 -0.5019550 -0.4448771 -0.1567562 -0.0027811 -0.0093055 -0.0306070 0.9994844
1770030781.395523 -0.5213513 -0.2255994 -0.0949412 -0.0021935 -0.0094132 -0.0167410 0.9998131
1770030781.728860 -0.5404159 -0.1146494 -0.0965186 -0.0121467 -0.0103737 -0.1038610 0.9944636
1770030782.028892 -0.5489472 -0.0195440 -0.1060139 -0.0213920 -0.0073901 -0.1888277 0.9817494
1770030782.295539 -0.5472597 0.0599588 -0.1117777 -0.0284875 -0.0059794 -0.2553702 0.9664051
1770030782.528884 -0.5386804 0.1183185 -0.1166540 -0.0341127 -0.0050132 -0.3025908 0.9524967
1770030782.695525 -0.5241398 0.1573251 -0.1271990 -0.0366975 -0.0049843 -0.3297883 0.9433282
1770030782.895532 -0.5130147 0.1898450 -0.1319190 -0.0416296 -0.0037238 -0.3591340 0.9323496
1770030783.095535 -0.4914435 0.2183438 -0.1340209 -0.0440240 -0.0041007 -0.3808198 0.9235916
1770030783.395531 -0.4570775 0.2501028 -0.1435109 -0.0457638 0.0003081 -0.4020774 0.9144612
1770030783.695534 -0.4100552 0.2582394 -0.1414708 -0.0469119 -0.0007111 -0.4089352 0.9113566
1770030783.995539 -0.3697289 0.2440420 -0.1509785 -0.0478496 0.0024517 -0.4045795 0.9132469
1770030784.262188 -0.3181885 0.2180468 -0.1544875 -0.0451543 0.0048921 -0.3891967 0.9200343
1770030784.528858 -0.2625191 0.1667675 -0.1328879 -0.0434902 0.0074638 -0.3633257 0.9306167
1770030784.728853 -0.2204308 0.1257516 -0.1248950 -0.0394531 0.0103572 -0.3341486 0.9416373
1770030784.962188 -0.1620707 0.0601972 -0.1280749 -0.0330934 0.0130265 -0.2816254 0.9588652
1770030785.228867 -0.0889701 0.0025424 -0.0695502 -0.0196638 0.0162442 -0.2027921 0.9788896
1770030785.395529 -0.0293197 -0.0526133 -0.0563602 -0.0132713 0.0160611 -0.1615908 0.9866379
1770030785.595544 0.0183207 -0.1089813 -0.0647350 0.0070776 0.0248247 -0.1488579 0.9885216
1770030785.762196 0.0629021 -0.1463707 -0.0701651 0.0271871 0.0378907 -0.1455099 0.9882571
1770030786.062187 0.1174898 -0.2138998 -0.0510433 0.0561345 0.0766227 -0.1435591 0.9850729
1770030786.228858 0.1408338 -0.2312049 -0.0373078 0.0659079 0.1075830 -0.1441993 0.9814727
1770030786.362210 0.1829084 -0.2563730 -0.0406100 0.0652222 0.1235787 -0.1446941 0.9795601
1770030786.728870 0.3005123 -0.3805206 -0.0185691 -0.0002146 0.1050971 -0.1115541 0.9881853
1770030786.762195 0.3220870 -0.3873362 -0.0044588 -0.0100382 0.0984532 -0.1025524 0.9897925
1770030786.828859 0.3279261 -0.3984498 -0.0149685 -0.0200608 0.0916879 -0.0955946 0.9909856
1770030786.895539 0.3614611 -0.4046882 0.0064619 -0.0325836 0.0821459 -0.0796073 0.9929013
1770030787.062187 0.4185899 -0.4210323 0.0162358 -0.0496835 0.0657428 -0.0531135 0.9951826
1770030787.328856 0.4670850 -0.4577943 0.0108745 -0.0515265 0.0536050 -0.0317392 0.9967268
1770030787.462199 0.5138127 -0.4620887 0.0291090 -0.0433140 0.0471242 -0.0177874 0.9977910
1770030787.595520 0.5171848 -0.4707969 0.0314423 -0.0324068 0.0461416 -0.0180737 0.9982455
1770030787.762189 0.5333586 -0.5513067 -0.0169360 -0.0213100 0.0431052 -0.0146535 0.9987358
1770030787.962204 0.5671898 -0.5566425 -0.0080559 -0.0055994 0.0409942 -0.0138663 0.9990475
1770030788.228854 0.6018876 -0.5781685 -0.0205393 0.0087397 0.0393942 -0.0097916 0.9991376
1770030788.528858 0.6172870 -0.6021235 -0.0408691 0.0177999 0.0407296 -0.0043084 0.9990023
1770030788.862185 0.6552010 -0.5941256 -0.0425367 0.0234838 0.0408900 -0.0029112 0.9988834
1770030789.162180 0.6769847 -0.5931721 -0.0545696 0.0238656 0.0420450 -0.0000102 0.9988307
1770030789.462186 0.6974825 -0.5550329 -0.0505088 0.0253267 0.0445363 -0.0001342 0.9986867
1770030789.795517 0.7141505 -0.5202095 -0.0584274 0.0224188 0.0466541 0.0012870 0.9986587
1770030790.095512 0.7296020 -0.4768227 -0.0586683 0.0181041 0.0476020 0.0016433 0.9987010
1770030790.462219 0.7497666 -0.4018297 -0.0556700 0.0126945 0.0483080 0.0029049 0.9987476
1770030790.828858 0.7375928 -0.3418183 -0.0678772 0.0044465 0.0513223 0.0023326 0.9986695
1770030791.162181 0.7936158 -0.1711308 -0.0123915 0.0067014 0.0481469 -0.0015196 0.9988167
1770030791.495508 0.7807170 -0.0971028 -0.0115742 0.0011396 0.0484354 -0.0022571 0.9988232
1770030791.728842 0.7704827 -0.0210809 0.0021657 -0.0002690 0.0490929 -0.0068118 0.9987710
1770030791.995525 0.7529640 0.0728784 0.0065053 0.0013715 0.0504682 -0.0027469 0.9987210
1770030792.195521 0.7391901 0.0970978 -0.0002096 -0.0057825 0.0488284 -0.0068552 0.9987669
1770030792.362186 0.7297957 0.1235069 -0.0123252 -0.0077794 0.0469509 -0.0084650 0.9988310
1770030792.528842 0.7214854 0.1547770 0.0117895 -0.0105199 0.0439159 -0.0043658 0.9989703
1770030792.662182 0.6958191 0.1779503 0.0108355 -0.0105153 0.0465776 -0.0089250 0.9988195
1770030792.828856 0.6849987 0.1994530 0.0105240 -0.0114423 0.0437235 -0.0094372 0.9989336
1770030793.028853 0.6592154 0.2267356 0.0080997 -0.0101248 0.0424423 -0.0098021 0.9989995
1770030793.162180 0.6391977 0.2364834 0.0035207 -0.0098698 0.0416939 -0.0096135 0.9990354
1770030793.262185 0.6397294 0.2278204 0.0070592 -0.0147862 0.0383413 -0.0067456 0.9991326
1770030793.395508 0.6125773 0.2408902 0.0070400 -0.0131142 0.0406489 -0.0100257 0.9990371
1770030793.528843 0.5929802 0.2467890 0.0062299 -0.0122844 0.0405872 -0.0112359 0.9990373
1770030793.662174 0.5790803 0.2418273 0.0000805 -0.0134495 0.0386230 -0.0120360 0.9990909
1770030793.762174 0.5600998 0.2439315 0.0036462 -0.0117961 0.0389961 -0.0104612 0.9991150
1770030793.862173 0.5457838 0.2367778 0.0032077 -0.0119703 0.0373590 -0.0094487 0.9991856
1770030793.962171 0.5348764 0.2216640 -0.0014145 -0.0141955 0.0362867 -0.0107024 0.9991833
1770030794.095538 0.5100363 0.2205485 0.0064573 -0.0097283 0.0356768 -0.0122766 0.9992406
1770030794.262192 0.4896783 0.1961182 -0.0077374 -0.0099939 0.0333869 -0.0103555 0.9993389
1770030794.328859 0.4760886 0.1795788 -0.0109462 -0.0111001 0.0332335 -0.0125048 0.9993078
1770030794.395525 0.4609101 0.1759890 -0.0136910 -0.0093702 0.0335947 -0.0109143 0.9993320
1770030794.462197 0.4554097 0.1668929 -0.0143045 -0.0082851 0.0319875 -0.0101548 0.9994023
1770030794.495541 0.4503166 0.1581617 -0.0171358 -0.0082710 0.0315376 -0.0093521 0.9994246
1770030794.562186 0.4420517 0.1503614 -0.0231474 -0.0059046 0.0297530 -0.0078669 0.9995089
1770030794.628859 0.4258753 0.1434762 -0.0179697 -0.0036489 0.0303383 -0.0097151 0.9994859
1770030794.695540 0.4129833 0.1282438 -0.0163467 -0.0046340 0.0302893 -0.0083196 0.9994958
1770030794.762211 0.4065939 0.1100865 -0.0242049 -0.0050990 0.0284949 -0.0064125 0.9995604
1770030794.828850 0.4042065 0.1164761 -0.0303891 0.0019349 0.0259375 -0.0049348 0.9996495
1770030794.962180 0.3731542 0.0565769 -0.0278789 -0.0034495 0.0264337 -0.0066226 0.9996227
1770030795.062177 0.3473531 0.0464060 -0.0304316 0.0015512 0.0270556 -0.0079135 0.9996014
1770030795.128851 0.3428496 0.0300764 -0.0347036 0.0019346 0.0246102 -0.0051631 0.9996819
1770030795.228849 0.3216882 0.0079609 -0.0322036 0.0057713 0.0244731 -0.0066965 0.9996614
1770030795.295505 0.3122296 -0.0031115 -0.0355635 0.0087985 0.0234303 -0.0070088 0.9996622
1770030795.395507 0.2849733 -0.0277107 -0.0436322 0.0147301 0.0230054 -0.0097828 0.9995790
1770030795.428848 0.2819792 -0.0311925 -0.0436178 0.0179833 0.0222130 -0.0112549 0.9995282
1770030795.528841 0.2603528 -0.0658914 -0.0508359 0.0246080 0.0208580 -0.0109140 0.9994200
1770030795.628843 0.2523248 -0.0889910 -0.0595574 0.0342913 0.0152882 -0.0109156 0.9992353
1770030795.695507 0.2348532 -0.0922639 -0.0673688 0.0423087 0.0138222 -0.0124286 0.9989317
1770030795.762173 0.2259793 -0.1056858 -0.0667811 0.0487735 0.0091459 -0.0115500 0.9987012
1770030795.828840 0.2218555 -0.1312576 -0.0742196 0.0526413 0.0051054 -0.0109850 0.9985400
1770030795.995514 0.2022937 -0.1752269 -0.0809527 0.0683808 -0.0076870 -0.0100174 0.9975794
1770030796.128871 0.1886511 -0.2178362 -0.0918153 0.0774874 -0.0254384 -0.0074522 0.9966409
1770030796.595539 0.0816697 -0.4113084 -0.1651831 0.0793190 -0.0721712 0.0095392 0.9941875
1770030796.728870 0.0550924 -0.4100879 -0.1104610 0.0521096 -0.0607294 0.0116194 0.9967254
1770030797.028855 -0.0184001 -0.4632286 -0.0691545 -0.0143232 -0.0428832 0.0056989 0.9989612
1770030797.262183 -0.0825109 -0.5209826 -0.0712481 -0.0299795 -0.0326592 -0.0039251 0.9990091
1770030797.362187 -0.1012657 -0.5434561 -0.0576564 -0.0305448 -0.0297995 -0.0048213 0.9990775
1770030798.228838 -0.3014157 -0.8556947 -0.3123017 -0.0010718 -0.0060748 -0.0025653 0.9999777
1770030798.328838 -0.3276656 -0.8726642 -0.3030511 -0.0000213 -0.0042673 -0.0032211 0.9999857
1770030798.428852 -0.3439589 -0.8867396 -0.3377004 -0.0004801 -0.0027520 -0.0038404 0.9999887
1770030798.762224 -0.3991137 -0.8880957 -0.3412572 0.0043781 -0.0018122 -0.0030485 0.9999841
1770030798.928840 -0.4240523 -0.8732954 -0.3164738 0.0070408 -0.0004961 -0.0045618 0.9999647
1770030799.062199 -0.4403100 -0.8612980 -0.3449344 0.0079355 -0.0015642 -0.0042873 0.9999581
1770030799.162197 -0.4627254 -0.8471693 -0.3349805 0.0084400 -0.0001543 -0.0059059 0.9999470
1770030800.328843 -0.5338134 -0.5529973 -0.2991399 0.0021798 -0.0065139 -0.0078369 0.9999457
1770030800.628844 -0.5495301 -0.5027885 -0.3037482 -0.0034865 -0.0061682 -0.0110892 0.9999135
1770030800.695498 -0.5577165 -0.4929705 -0.3020487 -0.0051042 -0.0060567 -0.0127062 0.9998879
1770030800.895499 -0.5524301 -0.4072763 -0.3101709 -0.0057898 -0.0053739 -0.0145343 0.9998631
1770030801.062164 -0.5216628 -0.3242035 -0.1385564 -0.0065354 -0.0099910 -0.0098140 0.9998806
1770030801.195499 -0.5157282 -0.2796906 -0.1367623 -0.0081402 -0.0100322 -0.0089922 0.9998761
1770030801.295492 -0.5119945 -0.2343046 -0.1133302 -0.0104175 -0.0121818 -0.0380287 0.9991481
1770030801.362173 -0.5154361 -0.2164149 -0.1124532 -0.0135702 -0.0132701 -0.0572409 0.9981800
1770030801.495498 -0.5291453 -0.1824881 -0.1363562 -0.0188681 -0.0104965 -0.0978645 0.9949656
1770030801.528833 -0.5331627 -0.1697930 -0.1376879 -0.0197632 -0.0099758 -0.1084293 0.9938576
1770030801.562163 -0.5347572 -0.1613890 -0.1400665 -0.0208891 -0.0100501 -0.1193260 0.9925845
1770030801.795507 -0.5411552 -0.0831689 -0.1391905 -0.0279532 -0.0092424 -0.1849548 0.9823059
1770030801.828829 -0.5464839 -0.0651854 -0.1445068 -0.0273879 -0.0078770 -0.1946919 0.9804504
1770030801.895497 -0.5490223 -0.0447140 -0.1524286 -0.0291423 -0.0075825 -0.2129777 0.9765929
1770030801.928834 -0.5450585 -0.0401722 -0.1464636 -0.0310893 -0.0077686 -0.2200601 0.9749599
1770030802.095492 -0.5435601 0.0141943 -0.1488603 -0.0342290 -0.0067425 -0.2606778 0.9647953
1770030802.128834 -0.5469970 0.0277986 -0.1486769 -0.0343920 -0.0060081 -0.2697127 0.9623078
1770030802.195502 -0.5420781 0.0435495 -0.1479481 -0.0360319 -0.0066669 -0.2824990 0.9585674
1770030802.262159 -0.5405609 0.0619760 -0.1538682 -0.0376425 -0.0059632 -0.2961078 0.9543939
1770030802.395539 -0.5348318 0.0932365 -0.1575817 -0.0403085 -0.0053508 -0.3215588 0.9460161
1770030802.428837 -0.5324024 0.1020775 -0.1540198 -0.0408598 -0.0053876 -0.3273404 0.9440073
1770030802.562158 -0.5226584 0.1296004 -0.1597766 -0.0428060 -0.0050102 -0.3481867 0.9364340
1770030802.662161 -0.5074766 0.1518057 -0.1485817 -0.0442855 -0.0054188 -0.3616797 0.9312342
1770030802.762159 -0.5050979 0.1646193 -0.1606871 -0.0463538 -0.0046633 -0.3724851 0.9268681
1770030802.828830 -0.4965561 0.1728096 -0.1563055 -0.0474039 -0.0046825 -0.3798677 0.9238136
1770030802.962174 -0.4841390 0.1932656 -0.1637377 -0.0480663 -0.0032996 -0.3919894 0.9187073
1770030803.495512 -0.4103019 0.2205586 -0.1713360 -0.0498179 -0.0002198 -0.4121757 0.9097413
1770030803.762181 -0.3639292 0.2043478 -0.1591799 -0.0503432 0.0008299 -0.4050056 0.9129268
1770030803.928846 -0.3337864 0.1866436 -0.1672255 -0.0494769 0.0019427 -0.3962470 0.9168078
1770030804.062162 -0.3089971 0.1609762 -0.1736632 -0.0491046 0.0029677 -0.3862930 0.9210633
1770030804.228833 -0.2723281 0.1337418 -0.1635495 -0.0470465 0.0050079 -0.3705786 0.9275953
1770030804.262157 -0.2634120 0.1225428 -0.1630370 -0.0476748 0.0048635 -0.3658996 0.9294197
1770030804.395493 -0.2416509 0.0959760 -0.1691020 -0.0457011 0.0077321 -0.3493920 0.9358295
1770030804.428830 -0.2333444 0.0952017 -0.1623637 -0.0437043 0.0086858 -0.3455278 0.9373500
1770030804.495505 -0.2166919 0.0737544 -0.1658788 -0.0427589 0.0090915 -0.3348477 0.9412577
1770030804.595480 -0.1923395 0.0488764 -0.1766653 -0.0403952 0.0106501 -0.3147647 0.9482499
1770030804.695489 -0.1632882 0.0159063 -0.1667811 -0.0382223 0.0114174 -0.2875592 0.9569318
1770030804.728823 -0.1593901 0.0142972 -0.1683400 -0.0348467 0.0130437 -0.2804331 0.9591522
1770030804.762190 -0.1490471 -0.0008900 -0.1670057 -0.0347189 0.0129530 -0.2707796 0.9619279
1770030804.862145 -0.1172298 -0.0335678 -0.1593859 -0.0306686 0.0141134 -0.2356226 0.9712580
1770030804.895498 -0.1059391 -0.0419324 -0.1560468 -0.0285755 0.0136423 -0.2261956 0.9735671
1770030804.995554 -0.0749936 -0.0728064 -0.1459403 -0.0255276 0.0147376 -0.1959579 0.9801692
1770030805.062147 -0.0524478 -0.0902450 -0.1395725 -0.0218687 0.0149494 -0.1792648 0.9834442
1770030805.328818 0.0168536 -0.1638092 -0.1177294 0.0007189 0.0229853 -0.1533874 0.9878985
1770030805.395485 0.0289789 -0.1756010 -0.1109153 0.0098202 0.0279522 -0.1516582 0.9879889
1770030805.428818 0.0384508 -0.1857723 -0.1087889 0.0132760 0.0303979 -0.1506901 0.9880244
1770030805.528833 0.0607889 -0.2112271 -0.1010060 0.0243039 0.0395538 -0.1483144 0.9878500
1770030805.595490 0.0745788 -0.2239082 -0.0970603 0.0323619 0.0464148 -0.1474715 0.9874465
1770030805.728853 0.0940499 -0.2461942 -0.0815840 0.0474034 0.0629728 -0.1475174 0.9859138
1770030805.895494 0.1275286 -0.2832331 -0.0574028 0.0570276 0.0900952 -0.1439968 0.9838169
1770030806.028832 0.1566931 -0.2808451 -0.0521355 0.0636155 0.1115665 -0.1463048 0.9808674
1770030806.162158 0.1899496 -0.3085892 -0.0523651 0.0594283 0.1281430 -0.1488314 0.9787221
1770030806.328810 0.2485445 -0.3774420 -0.0535665 0.0474890 0.1306255 -0.1460229 0.9794688
1770030806.462143 0.2788612 -0.3954616 -0.0529360 0.0078308 0.1129638 -0.1233213 0.9858853
1770030806.495477 0.2983220 -0.3906647 -0.0420256 -0.0004864 0.1067594 -0.1175625 0.9873101
1770030806.628808 0.3464501 -0.4165099 -0.0347856 -0.0260962 0.0878183 -0.0928634 0.9914551
1770030806.662150 0.3557502 -0.4238093 -0.0315982 -0.0315088 0.0842577 -0.0868845 0.9921486
1770030806.828811 0.4128253 -0.4554672 -0.0224073 -0.0502278 0.0675401 -0.0600430 0.9946408
1770030806.862141 0.4213096 -0.4590019 -0.0199620 -0.0516073 0.0654764 -0.0543127 0.9950375
1770030806.928820 0.4380480 -0.4617520 -0.0111753 -0.0536677 0.0612288 -0.0462159 0.9956078
1770030807.062152 0.4616031 -0.4742991 -0.0090848 -0.0540302 0.0547484 -0.0348426 0.9964283
1770030807.095497 0.4659366 -0.4766037 -0.0088019 -0.0529640 0.0538912 -0.0328960 0.9965984
1770030807.128830 0.4738633 -0.4866290 -0.0089314 -0.0523842 0.0524578 -0.0294642 0.9968129
1770030807.295482 0.5000857 -0.5020627 -0.0029037 -0.0421193 0.0478797 -0.0242803 0.9976693
1770030807.362161 0.5096301 -0.5030661 -0.0035768 -0.0341763 0.0468093 -0.0220640 0.9980752
1770030807.395518 0.5172529 -0.5100487 -0.0047296 -0.0316170 0.0452237 -0.0216551 0.9982415
1770030807.428850 0.5184627 -0.5177660 -0.0097724 -0.0282211 0.0452875 -0.0205193 0.9983644
1770030807.462159 0.5181787 -0.5217316 -0.0128964 -0.0249793 0.0452264 -0.0209589 0.9984444
1770030807.495495 0.5197190 -0.5282975 -0.0168847 -0.0221722 0.0449755 -0.0204037 0.9985336
1770030807.595478 0.5253759 -0.5240591 -0.0173823 -0.0118942 0.0449500 -0.0196703 0.9987248
1770030807.628814 0.5328444 -0.5281835 -0.0169141 -0.0093978 0.0441116 -0.0180645 0.9988191
1770030807.695484 0.5433747 -0.5398281 -0.0214290 -0.0043489 0.0433328 -0.0153755 0.9989329
1770030807.795476 0.5638121 -0.5507064 -0.0236724 0.0016883 0.0417735 -0.0132007 0.9990385
1770030808.028824 0.5996787 -0.5807191 -0.0238421 0.0108011 0.0407688 -0.0082331 0.9990764
1770030808.295499 0.6329402 -0.5887752 -0.0322207 0.0195092 0.0397654 -0.0059327 0.9990010
1770030808.828820 0.6659025 -0.5733613 -0.0497213 0.0262667 0.0425273 -0.0029839 0.9987455
1770030809.295483 0.6980006 -0.5327793 -0.0557634 0.0272788 0.0452827 -0.0014450 0.9986007
1770030809.795475 0.7186090 -0.4632930 -0.0627738 0.0221482 0.0483539 -0.0008673 0.9985843
1770030810.195559 0.7403762 -0.3967410 -0.0592205 0.0150298 0.0492908 0.0006746 0.9986712
1770030810.628818 0.7642040 -0.2939249 -0.0407501 0.0093438 0.0493635 -0.0002717 0.9987372
1770030810.995474 0.7641729 -0.2181148 -0.0406247 0.0009950 0.0494354 -0.0005531 0.9987767
1770030811.328809 0.7557532 -0.1644119 -0.0444148 -0.0079731 0.0493079 0.0009545 0.9987513
1770030811.728822 0.7448297 -0.0645387 -0.0397242 -0.0122387 0.0503988 -0.0027361 0.9986504
1770030811.962140 0.7265060 -0.0256852 -0.0449387 -0.0167325 0.0483381 -0.0028797 0.9986867
1770030812.128804 0.7148479 0.0036345 -0.0425872 -0.0187179 0.0476483 -0.0041805 0.9986801
1770030812.295479 0.6987071 0.0319059 -0.0461772 -0.0200885 0.0464202 -0.0051165 0.9987069
1770030812.562123 0.6656409 0.0644111 -0.0523624 -0.0234769 0.0456527 -0.0085415 0.9986449
1770030812.828816 0.6346599 0.0870646 -0.0546231 -0.0253705 0.0435299 -0.0103625 0.9986762
1770030812.995456 0.6129674 0.0956642 -0.0582678 -0.0259626 0.0421468 -0.0108496 0.9987151
1770030813.162134 0.5932390 0.1016266 -0.0585857 -0.0271682 0.0411330 -0.0109457 0.9987243
1770030813.428800 0.5554392 0.0980212 -0.0620728 -0.0284559 0.0402007 -0.0117409 0.9987173
1770030813.628783 0.5279443 0.0893683 -0.0641391 -0.0278295 0.0382516 -0.0111772 0.9988180
1770030813.762126 0.5098343 0.0812176 -0.0656354 -0.0265801 0.0369545 -0.0099132 0.9989142
1770030813.895445 0.4885996 0.0655756 -0.0688147 -0.0265056 0.0357667 -0.0092257 0.9989660
1770030814.028790 0.4686099 0.0513187 -0.0683528 -0.0249961 0.0342551 -0.0083174 0.9990659
1770030814.162118 0.4504973 0.0349293 -0.0722231 -0.0235528 0.0319273 -0.0072284 0.9991865
1770030814.295444 0.4344445 0.0178102 -0.0765544 -0.0205424 0.0297558 -0.0050889 0.9993331
1770030814.362125 0.4263104 0.0104073 -0.0809122 -0.0183438 0.0284877 -0.0036070 0.9994193
1770030814.428782 0.4160920 -0.0058210 -0.0863625 -0.0181145 0.0277307 -0.0019484 0.9994494
1770030814.462119 0.4131956 -0.0094606 -0.0939360 -0.0169134 0.0262759 -0.0021955 0.9995093
1770030814.595445 0.4028377 -0.0227255 -0.0915603 -0.0111030 0.0226975 0.0015603 0.9996795
1770030814.662114 0.3909762 -0.0353378 -0.0962135 -0.0096185 0.0223827 0.0031922 0.9996981
1770030814.728778 0.3813936 -0.0495049 -0.1072467 -0.0077005 0.0213233 0.0040634 0.9997348
1770030814.762118 0.3776230 -0.0533810 -0.1020920 -0.0064638 0.0207819 0.0054060 0.9997485
1770030814.895474 0.3533632 -0.0843076 -0.1146791 -0.0030235 0.0200450 0.0079342 0.9997630
1770030814.995452 0.3315897 -0.1098379 -0.1195759 -0.0005574 0.0196090 0.0072566 0.9997813
1770030815.028795 0.3232953 -0.1138334 -0.1194541 0.0005900 0.0201917 0.0064199 0.9997754
1770030815.195479 0.2895211 -0.1557174 -0.1385263 0.0108170 0.0191141 0.0062626 0.9997392
1770030815.262133 0.2759713 -0.1688453 -0.1376294 0.0155705 0.0190067 0.0039386 0.9996904
1770030815.495464 0.2240038 -0.2036273 -0.1556086 0.0375774 0.0120215 -0.0054653 0.9992065
1770030815.628790 0.2285994 -0.3078072 -0.3069953 0.0456454 0.0059353 -0.0128585 0.9988573
1770030815.795451 0.2045156 -0.3552938 -0.3301285 0.0603818 -0.0098728 -0.0133330 0.9980375
1770030815.895467 0.1748962 -0.4023006 -0.3466122 0.0663977 -0.0222941 -0.0149973 0.9974314
1770030815.928786 0.1713947 -0.4066280 -0.3362962 0.0691229 -0.0277502 -0.0145625 0.9971158
1770030816.162120 0.0987790 -0.5344280 -0.3609966 0.0766707 -0.0591459 -0.0154827 0.9951802
1770030816.395444 0.0378997 -0.6478456 -0.3924909 0.0641835 -0.0648514 0.0031695 0.9958236
1770030816.462117 0.0154975 -0.6490520 -0.3812351 0.0464912 -0.0574282 0.0029162 0.9972623
1770030817.395485 -0.2520509 -0.7906209 -0.2672994 -0.0281152 -0.0117582 -0.0035765 0.9995291
1770030817.562124 -0.2562194 -0.7913671 -0.2703345 -0.0159486 -0.0093686 -0.0055516 0.9998135
1770030817.728789 -0.2648475 -0.8041945 -0.2863622 -0.0070397 -0.0085509 -0.0051663 0.9999253
1770030817.928774 -0.2798436 -0.8244384 -0.2982480 -0.0008680 -0.0070785 -0.0030298 0.9999700
1770030818.262131 -0.3241961 -0.8509040 -0.3550931 0.0020474 -0.0039842 -0.0037010 0.9999831
1770030818.662111 -0.3845307 -0.8653572 -0.4175090 0.0070977 -0.0022549 -0.0058295 0.9999553
1770030818.962123 -0.4163366 -0.8553504 -0.4380566 0.0082116 -0.0015737 -0.0093716 0.9999211
1770030819.295440 -0.4371718 -0.8266615 -0.4503413 0.0067054 -0.0028107 -0.0135837 0.9998813
1770030819.595455 -0.4118921 -0.7964658 -0.4154534 0.0017229 -0.0078405 -0.0129078 0.9998845
1770030819.862117 -0.4319993 -0.7683833 -0.4307285 -0.0024099 -0.0081320 -0.0160220 0.9998357
1770030820.128779 -0.4375021 -0.7205883 -0.4300820 -0.0059703 -0.0088912 -0.0218904 0.9997030
1770030820.462129 -0.4461698 -0.6890008 -0.4353674 -0.0147045 -0.0093780 -0.0262573 0.9995031
1770030820.762117 -0.4663446 -0.6543402 -0.4559013 -0.0221037 -0.0080750 -0.0306879 0.9992520
1770030820.995483 -0.4093470 -0.4967413 -0.3280468 -0.0223827 -0.0141492 -0.0311369 0.9991643
1770030821.228788 -0.4201524 -0.4408779 -0.3600126 -0.0324623 -0.0150855 -0.1028262 0.9940550
1770030821.395466 -0.4233374 -0.3765669 -0.3486037 -0.0371040 -0.0156143 -0.1521739 0.9875336
1770030821.528801 -0.4146228 -0.3519082 -0.3517540 -0.0422276 -0.0161951 -0.1861583 0.9814783
1770030821.762124 -0.4177770 -0.2649634 -0.3540501 -0.0472349 -0.0158847 -0.2446073 0.9683408
1770030821.928793 -0.4242694 -0.2192551 -0.3667060 -0.0501841 -0.0138265 -0.2862780 0.9567316
1770030822.095456 -0.4145630 -0.1917195 -0.3824810 -0.0551897 -0.0148784 -0.3172903 0.9466043
1770030822.262117 -0.4038124 -0.1615268 -0.3843038 -0.0590046 -0.0156239 -0.3443715 0.9368472
1770030822.462125 -0.3903252 -0.1224528 -0.3878962 -0.0620135 -0.0142553 -0.3692147 0.9271632
1770030822.695489 -0.3590342 -0.0862717 -0.3898010 -0.0632301 -0.0147593 -0.3940048 0.9168121
1770030822.995452 -0.3213277 -0.0633899 -0.3965713 -0.0649090 -0.0113999 -0.4089111 0.9101915
1770030823.328835 -0.2691486 -0.0584498 -0.4014458 -0.0658434 -0.0129694 -0.4098303 0.9096898
1770030823.728791 -0.1973331 -0.1069840 -0.4095732 -0.0658096 -0.0088566 -0.3940062 0.9167060
1770030823.995471 -0.1464054 -0.1548213 -0.4018211 -0.0639044 -0.0051537 -0.3720484 0.9259966
1770030824.095470 -0.1352565 -0.1768212 -0.4339089 -0.0626118 -0.0026554 -0.3614124 0.9302977
1770030824.228815 -0.1040179 -0.1934517 -0.4097555 -0.0573747 0.0012851 -0.3448048 0.9369184
1770030824.328784 -0.0817276 -0.2243276 -0.4090635 -0.0568712 0.0015132 -0.3276410 0.9430879
1770030824.362118 -0.0717869 -0.2307233 -0.4081855 -0.0554173 0.0024246 -0.3192360 0.9460504
1770030824.495464 -0.0492576 -0.2564124 -0.4400185 -0.0461607 0.0082722 -0.2845828 0.9575037
1770030824.528790 -0.0411284 -0.2728297 -0.4327292 -0.0465961 0.0094545 -0.2751099 0.9602364
1770030824.562120 -0.0366205 -0.2874211 -0.4288206 -0.0472975 0.0105283 -0.2668280 0.9625253
1770030824.695460 0.0050879 -0.3305655 -0.4269661 -0.0413211 0.0119929 -0.2237012 0.9737076
1770030824.828783 0.0316160 -0.3651063 -0.4415429 -0.0351913 0.0153390 -0.1926262 0.9805210
1770030824.895450 0.0432622 -0.3747713 -0.4389357 -0.0274506 0.0177759 -0.1884116 0.9815455
1770030824.962147 0.0536818 -0.4038926 -0.4717257 -0.0222460 0.0208749 -0.1815628 0.9829061
1770030824.995452 0.0593640 -0.3953079 -0.4564467 -0.0171768 0.0227046 -0.1810740 0.9830573
1770030825.128797 0.0924768 -0.4459192 -0.4380607 -0.0052055 0.0287393 -0.1764088 0.9838836
1770030825.195467 0.1063489 -0.4552466 -0.4404704 0.0039152 0.0339849 -0.1759928 0.9837968
1770030825.462121 0.1597207 -0.5196069 -0.4133441 0.0313346 0.0589059 -0.1627678 0.9844059
1770030825.595474 0.1868019 -0.5514635 -0.4097545 0.0407983 0.0797901 -0.1612475 0.9828369
1770030825.762193 0.2205797 -0.5966883 -0.3898726 0.0454987 0.1064036 -0.1588044 0.9805046
1770030825.895489 0.2509642 -0.6165624 -0.3917018 0.0461871 0.1244361 -0.1600354 0.9781468
1770030826.128796 0.3240596 -0.7064223 -0.3845044 0.0239447 0.1263774 -0.1534975 0.9797418
1770030826.228802 0.3465729 -0.7109544 -0.3759527 -0.0114639 0.1115677 -0.1330637 0.9847413
1770030826.362149 0.3950730 -0.7435171 -0.3664786 -0.0420038 0.0922419 -0.1068508 0.9890956
1770030826.462126 0.4235609 -0.7465456 -0.3561724 -0.0552898 0.0819447 -0.0899077 0.9910322
1770030826.495487 0.4368001 -0.7432580 -0.3528892 -0.0566348 0.0784576 -0.0823048 0.9918986
1770030826.628785 0.4660053 -0.7580604 -0.3468399 -0.0677429 0.0689355 -0.0622857 0.9933677
1770030826.762121 0.4904610 -0.7615517 -0.3344990 -0.0692301 0.0626565 -0.0487984 0.9944345
1770030826.928790 0.5102440 -0.7696005 -0.3372655 -0.0641448 0.0572298 -0.0394994 0.9955149
1770030827.228810 0.5461755 -0.8077107 -0.3342275 -0.0373678 0.0517587 -0.0319954 0.9974473
1770030827.395447 0.5609512 -0.8301035 -0.3474830 -0.0255708 0.0493229 -0.0288534 0.9980385
1770030827.495451 0.5686335 -0.8437600 -0.3515749 -0.0189055 0.0481184 -0.0270205 0.9982971
1770030827.595445 0.5866637 -0.8573065 -0.3537567 -0.0135600 0.0471182 -0.0242987 0.9985017
1770030827.762134 0.5916498 -0.8455904 -0.3632159 -0.0024228 0.0480553 -0.0245030 0.9985412
1770030828.062129 0.6212551 -0.8728666 -0.3678874 0.0054910 0.0486867 -0.0201576 0.9985956
1770030828.462129 0.6476540 -0.8759685 -0.3858661 0.0093311 0.0491980 -0.0160781 0.9986160
1770030828.828795 0.6818699 -0.8593974 -0.3859037 0.0115370 0.0512887 -0.0141928 0.9985164
1770030829.328818 0.7044981 -0.7982762 -0.3991896 0.0091691 0.0552032 -0.0152071 0.9983172
1770030829.662149 0.7409181 -0.7604219 -0.3856004 0.0033774 0.0557480 -0.0106237 0.9983826
1770030829.928793 0.7474375 -0.6991325 -0.3864028 -0.0003919 0.0568185 -0.0140329 0.9982858
1770030830.162123 0.7447648 -0.6382131 -0.3890754 -0.0034916 0.0593597 -0.0187042 0.9980553
1770030830.328796 0.7476873 -0.6021677 -0.3901031 -0.0078869 0.0598089 -0.0215525 0.9979460
1770030830.562138 0.7477955 -0.5412995 -0.3959960 -0.0123087 0.0598718 -0.0269781 0.9977655
1770030830.762136 0.7360618 -0.5111544 -0.3963752 -0.0205382 0.0611287 -0.0330634 0.9973707
1770030830.895461 0.7276236 -0.4840415 -0.3980907 -0.0247252 0.0625407 -0.0370084 0.9970495
1770030830.995466 0.7244240 -0.4652351 -0.3980696 -0.0279502 0.0628109 -0.0388088 0.9968789
1770030831.295465 0.7142596 -0.3936493 -0.4039776 -0.0333567 0.0627354 -0.0437986 0.9965106
1770030831.362133 0.7055756 -0.3779606 -0.4088043 -0.0348807 0.0637331 -0.0472666 0.9962366
1770030831.428797 0.7042328 -0.3684353 -0.4101925 -0.0374887 0.0641557 -0.0470754 0.9961238
1770030831.595460 0.6922047 -0.3331905 -0.4110998 -0.0415361 0.0652207 -0.0499223 0.9957554
1770030831.662142 0.6881569 -0.3191868 -0.4122250 -0.0419815 0.0644713 -0.0501585 0.9957737
1770030831.695466 0.6842192 -0.3145964 -0.4149871 -0.0432561 0.0641500 -0.0511380 0.9956900
1770030831.795471 0.6780206 -0.2934612 -0.4178644 -0.0441161 0.0632302 -0.0532965 0.9955980
1770030831.828792 0.6771072 -0.2918958 -0.4168848 -0.0451465 0.0630828 -0.0518865 0.9956356
1770030831.928792 0.6706049 -0.2709826 -0.4192212 -0.0462311 0.0625230 -0.0538852 0.9955149
1770030831.962146 0.6688529 -0.2683536 -0.4203987 -0.0475997 0.0618426 -0.0536733 0.9955044
1770030831.995467 0.6686425 -0.2633699 -0.4196526 -0.0483748 0.0610618 -0.0537921 0.9955088
1770030832.262128 0.6435900 -0.2247488 -0.4220584 -0.0511020 0.0604189 -0.0563442 0.9952706
1770030832.295465 0.6391241 -0.2228801 -0.4227336 -0.0518377 0.0603012 -0.0564986 0.9952309
1770030832.428789 0.6233277 -0.2048835 -0.4236626 -0.0522939 0.0601571 -0.0579324 0.9951333
1770030832.462127 0.6216392 -0.2007391 -0.4253992 -0.0521833 0.0596463 -0.0587116 0.9951242
1770030832.728797 0.5885375 -0.1838556 -0.4365233 -0.0537377 0.0556692 -0.0587515 0.9952695
1770030832.995469 0.5475278 -0.1765407 -0.4390847 -0.0569177 0.0557602 -0.0601510 0.9950041
1770030833.062123 0.5420914 -0.1699399 -0.4398164 -0.0554789 0.0550538 -0.0601914 0.9951222
1770030833.128816 0.5292578 -0.1709834 -0.4386345 -0.0561940 0.0553260 -0.0610246 0.9950162
1770030833.162130 0.5278676 -0.1690599 -0.4366023 -0.0553711 0.0545844 -0.0602652 0.9951496
1770030833.428789 0.4899332 -0.1800621 -0.4462545 -0.0555588 0.0516651 -0.0594126 0.9953462
1770030833.562127 0.4809086 -0.1819604 -0.4520476 -0.0531015 0.0488434 -0.0574325 0.9957390
1770030833.595461 0.4825989 -0.1792607 -0.4517740 -0.0510815 0.0468627 -0.0562759 0.9960058
1770030833.628795 0.4823040 -0.1821262 -0.4504336 -0.0510582 0.0455945 -0.0565418 0.9960508
1770030833.728792 0.4750679 -0.1861020 -0.4581293 -0.0484019 0.0429591 -0.0540739 0.9964375
1770030833.762123 0.4681339 -0.1925648 -0.4586961 -0.0487115 0.0431200 -0.0531517 0.9964651
1770030833.795462 0.4613062 -0.1969081 -0.4596818 -0.0486264 0.0425583 -0.0540280 0.9964463
1770030833.895461 0.4435528 -0.2069767 -0.4633723 -0.0468381 0.0415843 -0.0513766 0.9967133
1770030834.028801 0.4324271 -0.2092875 -0.4711040 -0.0407070 0.0379705 -0.0466054 0.9973611
1770030834.062124 0.4349981 -0.2078393 -0.4716271 -0.0384470 0.0359270 -0.0461977 0.9975454
1770030834.095457 0.4358999 -0.2079184 -0.4727223 -0.0365002 0.0343187 -0.0447621 0.9977406
1770030834.195459 0.4244130 -0.2224644 -0.4792078 -0.0338256 0.0317415 -0.0408786 0.9980868
1770030834.228795 0.4223902 -0.2203312 -0.4816563 -0.0311758 0.0306427 -0.0400373 0.9982415
1770030834.362134 0.4131593 -0.2253568 -0.4898723 -0.0241488 0.0264046 -0.0348577 0.9987515
1770030834.395454 0.4065890 -0.2315639 -0.4899085 -0.0235899 0.0256735 -0.0345214 0.9987956
1770030834.428797 0.4017890 -0.2384867 -0.4937942 -0.0224659 0.0249389 -0.0334483 0.9988766
1770030834.462121 0.3952650 -0.2432641 -0.4928431 -0.0213408 0.0248809 -0.0330666 0.9989155
1770030834.495466 0.3920065 -0.2467539 -0.4951461 -0.0198399 0.0239409 -0.0319554 0.9990056
1770030834.528795 0.3836197 -0.2553575 -0.4959342 -0.0195137 0.0238943 -0.0310568 0.9990414
1770030834.628810 0.3693884 -0.2736649 -0.5002841 -0.0151355 0.0223813 -0.0279485 0.9992442
1770030834.662128 0.3564600 -0.2803149 -0.5020940 -0.0143642 0.0235908 -0.0278194 0.9992313
1770030834.695462 0.3523487 -0.2817536 -0.5013718 -0.0125211 0.0229469 -0.0279064 0.9992687
1770030834.762129 0.3409803 -0.3028120 -0.5112246 -0.0107881 0.0218309 -0.0244148 0.9994053
1770030834.795457 0.3356330 -0.3069533 -0.5115820 -0.0092474 0.0210498 -0.0249199 0.9994251
1770030834.928795 0.3002699 -0.3394031 -0.5268325 -0.0012200 0.0206856 -0.0271430 0.9994168
1770030834.962126 0.2989575 -0.3446583 -0.5285606 0.0023096 0.0193483 -0.0268747 0.9994489
1770030834.995543 0.2940543 -0.3540605 -0.5309346 0.0038687 0.0184323 -0.0271687 0.9994534
1770030835.095463 0.2761137 -0.3738797 -0.5432910 0.0140767 0.0148642 -0.0271311 0.9994223
1770030835.228793 0.2597271 -0.3948163 -0.5565652 0.0283543 0.0076589 -0.0263839 0.9992204
1770030835.528770 0.1826733 -0.4681255 -0.5357051 0.0538859 -0.0056580 -0.0239872 0.9982429
1770030835.662109 0.1621581 -0.5201163 -0.5312331 0.0607435 -0.0231627 -0.0223230 0.9976349
1770030835.828778 0.0961097 -0.5341253 -0.3626586 0.0732650 -0.0462694 -0.0167142 0.9960984
1770030835.962114 0.0594951 -0.5914347 -0.3908671 0.0738755 -0.0616139 -0.0138814 0.9952655
1770030836.128773 0.0205757 -0.6611462 -0.4187230 0.0644755 -0.0652084 -0.0004019 0.9957864
1770030836.195442 0.0096063 -0.6825667 -0.4196601 0.0546463 -0.0589125 0.0014449 0.9967653
1770030836.262111 0.0017483 -0.6792840 -0.4262428 0.0298921 -0.0524229 0.0023717 0.9981747
1770030836.428782 -0.0503217 -0.7116486 -0.3978230 -0.0126447 -0.0387674 -0.0011939 0.9991676
1770030836.695436 -0.1058868 -0.7548894 -0.3536115 -0.0437994 -0.0283776 -0.0058024 0.9986204
1770030836.862100 -0.1480139 -0.7886798 -0.3450738 -0.0460276 -0.0219275 -0.0108873 0.9986401
1770030837.028774 -0.1855416 -0.8314655 -0.3371394 -0.0389038 -0.0166462 -0.0134637 0.9990136
1770030837.162106 -0.2048228 -0.8644621 -0.3414186 -0.0299076 -0.0131192 -0.0124981 0.9993885
1770030837.295439 -0.2309275 -0.8896433 -0.3353418 -0.0219691 -0.0102214 -0.0138580 0.9996104
1770030837.462127 -0.2610116 -0.9083937 -0.3436286 -0.0134470 -0.0073184 -0.0126869 0.9998023
1770030837.628806 -0.2784881 -0.9269682 -0.3558524 -0.0068770 -0.0058844 -0.0104227 0.9999048
1770030837.795441 -0.2978655 -0.9335077 -0.3764233 -0.0023502 -0.0048486 -0.0117732 0.9999162
1770030838.195434 -0.3253108 -0.9620798 -0.4010290 0.0008525 -0.0036099 -0.0086934 0.9999554
1770030839.128780 -0.4009027 -0.9229955 -0.4552616 -0.0002155 -0.0067046 -0.0182834 0.9998103
1770030839.462110 -0.4399806 -0.8870592 -0.4903810 -0.0041354 -0.0058349 -0.0230826 0.9997080
1770030839.762102 -0.4504093 -0.8558180 -0.4958766 -0.0098863 -0.0069841 -0.0264332 0.9995773
1770030840.095432 -0.4634827 -0.8046114 -0.4997675 -0.0161127 -0.0070250 -0.0317083 0.9993426
1770030840.128763 -0.4682734 -0.7992917 -0.4960093 -0.0168291 -0.0062306 -0.0324277 0.9993130
1770030840.362100 -0.4755083 -0.7629724 -0.5024214 -0.0223565 -0.0059741 -0.0381956 0.9990023
1770030840.628767 -0.4849864 -0.7047396 -0.5033409 -0.0259385 -0.0043192 -0.0433882 0.9987122
1770030840.795430 -0.4762424 -0.6454837 -0.5001502 -0.0307574 -0.0074295 -0.0598185 0.9977077
1770030840.962099 -0.4859770 -0.5955712 -0.5060378 -0.0371078 -0.0076414 -0.1111923 0.9930765
1770030841.062100 -0.4897402 -0.5632780 -0.5093605 -0.0406896 -0.0071052 -0.1403548 0.9892393
1770030841.195434 -0.4879026 -0.5235104 -0.5088414 -0.0457812 -0.0079961 -0.1777631 0.9829753
1770030841.295432 -0.4876435 -0.5006556 -0.5128845 -0.0504449 -0.0079479 -0.2035875 0.9777240
1770030841.395429 -0.4839858 -0.4654903 -0.5191565 -0.0523355 -0.0086300 -0.2289503 0.9719919
1770030841.562104 -0.4823447 -0.4120305 -0.5265597 -0.0558883 -0.0086876 -0.2704413 0.9610737
1770030841.595429 -0.4825112 -0.4072689 -0.5266702 -0.0575301 -0.0086206 -0.2774321 0.9589825
1770030841.628782 -0.4824093 -0.3990247 -0.5288919 -0.0585700 -0.0085292 -0.2855090 0.9565466
1770030841.728790 -0.4762385 -0.3737078 -0.5288407 -0.0606214 -0.0092785 -0.3060397 0.9500414
1770030841.795445 -0.4736660 -0.3597420 -0.5361356 -0.0623774 -0.0094938 -0.3190679 0.9456292
1770030841.828798 -0.4695848 -0.3509274 -0.5356328 -0.0627700 -0.0097228 -0.3259225 0.9432603
1770030841.895440 -0.4669534 -0.3371035 -0.5365481 -0.0642473 -0.0096066 -0.3377182 0.9390029
1770030841.995440 -0.4598582 -0.3120714 -0.5389086 -0.0658173 -0.0098374 -0.3530964 0.9332172
1770030842.028800 -0.4585250 -0.3063837 -0.5419417 -0.0662079 -0.0095969 -0.3594668 0.9307567
1770030842.162131 -0.4476587 -0.2871882 -0.5449829 -0.0690008 -0.0100940 -0.3772123 0.9234977
1770030842.328765 -0.4301187 -0.2607749 -0.5506923 -0.0713290 -0.0103648 -0.3954137 0.9156707
1770030842.628772 -0.3984243 -0.2273493 -0.5595241 -0.0738346 -0.0068656 -0.4211281 0.9039649
1770030842.962099 -0.3509473 -0.2181981 -0.5641956 -0.0753917 -0.0065172 -0.4285537 0.9003418
1770030843.262113 -0.2967283 -0.2321812 -0.5621362 -0.0748607 -0.0056336 -0.4220560 0.9034561
1770030843.528779 -0.2514910 -0.2678452 -0.5589544 -0.0743705 -0.0030821 -0.4073688 0.9102254
1770030843.862088 -0.1807511 -0.3273997 -0.5494019 -0.0700857 0.0020683 -0.3738942 0.9248171
1770030844.062097 -0.1326758 -0.3778985 -0.5449880 -0.0659106 0.0043855 -0.3426099 0.9371526
1770030844.162099 -0.1227315 -0.4054468 -0.5583044 -0.0629644 0.0093704 -0.3236086 0.9440472
1770030844.262100 -0.0970341 -0.4413995 -0.5631368 -0.0599391 0.0110566 -0.2973822 0.9528110
1770030844.362091 -0.0738166 -0.4664299 -0.5709761 -0.0536828 0.0145381 -0.2673377 0.9619966
1770030844.462089 -0.0436369 -0.5055941 -0.5558728 -0.0514855 0.0164863 -0.2350667 0.9704747
1770030844.595422 -0.0010396 -0.5389486 -0.5358452 -0.0445934 0.0175744 -0.2016582 0.9782825
1770030844.695430 0.0256433 -0.5717140 -0.5413409 -0.0371727 0.0193889 -0.1851239 0.9818205
1770030844.762097 0.0373635 -0.5930823 -0.5424730 -0.0307704 0.0222066 -0.1824758 0.9824778
1770030844.928755 0.0741537 -0.6423361 -0.5484433 -0.0111448 0.0324188 -0.1795529 0.9831508
1770030845.062088 0.0985648 -0.6760105 -0.5466070 0.0045912 0.0446430 -0.1794098 0.9827502
1770030845.195424 0.1200369 -0.7072200 -0.5405228 0.0210869 0.0588037 -0.1791149 0.9818428
1770030845.328788 0.1473020 -0.7436396 -0.5358359 0.0312071 0.0784275 -0.1768343 0.9806145
1770030845.462088 0.1798104 -0.7831872 -0.5305357 0.0371444 0.0994504 -0.1752608 0.9787817
1770030845.595431 0.2138668 -0.8196713 -0.5212573 0.0380566 0.1192106 -0.1744740 0.9766777
1770030845.728783 0.2522358 -0.8651332 -0.5186864 0.0315938 0.1316989 -0.1759127 0.9750446
1770030845.895432 0.2976738 -0.9120318 -0.5222064 0.0142243 0.1284945 -0.1688607 0.9771248
1770030846.062107 0.3432995 -0.9276325 -0.4987062 -0.0355228 0.1042883 -0.1349624 0.9847067
1770030846.195427 0.3802295 -0.9491334 -0.4879563 -0.0573364 0.0902567 -0.1139202 0.9877188
1770030846.328781 0.4211664 -0.9796774 -0.4791346 -0.0739029 0.0784154 -0.0926070 0.9898552
1770030846.528751 0.4738116 -1.0169872 -0.4661134 -0.0821704 0.0661994 -0.0646442 0.9923139
1770030846.695428 0.5068504 -1.0262800 -0.4613329 -0.0752850 0.0598906 -0.0536380 0.9939156
1770030846.828767 0.5221891 -1.0443345 -0.4652674 -0.0664743 0.0565512 -0.0495224 0.9949526
1770030846.962087 0.5376547 -1.0496157 -0.4671339 -0.0512962 0.0544170 -0.0486278 0.9960135
1770030847.095422 0.5507767 -1.0588009 -0.4691438 -0.0386926 0.0526920 -0.0471442 0.9967467
1770030847.195432 0.5698788 -1.0810081 -0.4689024 -0.0320918 0.0511472 -0.0430896 0.9972449
1770030847.295421 0.5895374 -1.1029977 -0.4673073 -0.0268780 0.0498358 -0.0403710 0.9975792
1770030847.395424 0.6134653 -1.1188459 -0.4655993 -0.0219309 0.0481734 -0.0375646 0.9978914
1770030847.628790 0.6531006 -1.1457806 -0.4702813 -0.0128086 0.0462953 -0.0328827 0.9983043
1770030848.028759 0.7119611 -1.1596763 -0.4676615 -0.0040744 0.0460364 -0.0282744 0.9985312
1770030848.462084 0.7697831 -1.1285681 -0.4632105 -0.0000519 0.0459852 -0.0263799 0.9985937
1770030848.995425 0.8129951 -1.0581145 -0.4669692 -0.0002018 0.0494392 -0.0268253 0.9984168
1770030849.362091 0.8175824 -1.0071281 -0.4799739 -0.0047096 0.0526238 -0.0256342 0.9982743
1770030849.628769 0.8455047 -0.9531539 -0.4780282 -0.0084269 0.0524360 -0.0253349 0.9982673
1770030849.895447 0.8492566 -0.8784834 -0.4834865 -0.0107242 0.0542731 -0.0286882 0.9980564
1770030849.962111 0.8545589 -0.8578283 -0.4826655 -0.0111703 0.0539364 -0.0297952 0.9980373
1770030849.995502 0.8560745 -0.8503892 -0.4832032 -0.0119018 0.0539900 -0.0293859 0.9980381
1770030850.195444 0.8557970 -0.8024666 -0.4850991 -0.0152462 0.0550254 -0.0308714 0.9978911
1770030850.262082 0.8569506 -0.7857763 -0.4858969 -0.0165460 0.0550892 -0.0310335 0.9978619
1770030850.495418 0.8570269 -0.7377712 -0.4868780 -0.0210149 0.0554893 -0.0306313 0.9977680
1770030850.828776 0.8563825 -0.6553597 -0.4907340 -0.0266449 0.0551000 -0.0302475 0.9976668
1770030850.995418 0.8491907 -0.6147363 -0.4963930 -0.0288675 0.0556683 -0.0311195 0.9975467
1770030851.128751 0.8422223 -0.5916241 -0.5013226 -0.0319971 0.0559288 -0.0322845 0.9973996
1770030851.262081 0.8359722 -0.5412210 -0.5006499 -0.0318699 0.0579169 -0.0347922 0.9972059
1770030851.462091 0.8224673 -0.4945887 -0.5053809 -0.0331653 0.0559741 -0.0350311 0.9972662
1770030851.528751 0.8211576 -0.4894278 -0.5064703 -0.0355763 0.0547582 -0.0335336 0.9973021
1770030851.595397 0.8156940 -0.4694539 -0.5055491 -0.0357466 0.0547266 -0.0361071 0.9972078
1770030851.662060 0.8122345 -0.4592837 -0.5072862 -0.0364378 0.0542725 -0.0355835 0.9972265
1770030851.695409 0.8069748 -0.4536436 -0.5091823 -0.0369105 0.0544377 -0.0356748 0.9971968
1770030851.962108 0.7844967 -0.4062300 -0.5100459 -0.0383299 0.0530722 -0.0380139 0.9971305
1770030851.995398 0.7813599 -0.4038782 -0.5113912 -0.0389461 0.0528033 -0.0375780 0.9971374
1770030852.128726 0.7661967 -0.3842830 -0.5111873 -0.0392251 0.0525381 -0.0382645 0.9971144
1770030852.262059 0.7499779 -0.3717920 -0.5161781 -0.0405572 0.0516661 -0.0389430 0.9970803
1770030852.362057 0.7361262 -0.3620777 -0.5152410 -0.0401117 0.0502945 -0.0392594 0.9971561
1770030852.395395 0.7332366 -0.3601669 -0.5151209 -0.0399543 0.0492741 -0.0393593 0.9972094
1770030852.462068 0.7247965 -0.3567263 -0.5159747 -0.0405951 0.0488966 -0.0395589 0.9971942
1770030852.528726 0.7167966 -0.3507752 -0.5162596 -0.0410259 0.0487879 -0.0398123 0.9971718
1770030852.595397 0.7080179 -0.3478705 -0.5157158 -0.0418965 0.0490765 -0.0394922 0.9971341
1770030852.628732 0.7046494 -0.3466775 -0.5162594 -0.0420493 0.0487218 -0.0397832 0.9971336
1770030852.695394 0.6937781 -0.3455710 -0.5169534 -0.0423678 0.0483320 -0.0397010 0.9971424
1770030852.762058 0.6847766 -0.3449384 -0.5178664 -0.0426449 0.0482320 -0.0401948 0.9971156
1770030852.828736 0.6741017 -0.3462663 -0.5190241 -0.0434087 0.0481723 -0.0395383 0.9971117
1770030852.862056 0.6698733 -0.3461700 -0.5184150 -0.0432462 0.0479306 -0.0398895 0.9971164
1770030852.962062 0.6557666 -0.3460990 -0.5182641 -0.0433391 0.0469745 -0.0402119 0.9971450
1770030853.128733 0.6278507 -0.3514312 -0.5177813 -0.0430529 0.0462235 -0.0402218 0.9971921
1770030853.295396 0.6038733 -0.3624534 -0.5191998 -0.0421285 0.0441169 -0.0390111 0.9973751
1770030853.428732 0.5797800 -0.3738667 -0.5176827 -0.0409658 0.0435380 -0.0392225 0.9974406
1770030853.528741 0.5679796 -0.3840705 -0.5195526 -0.0400732 0.0415802 -0.0381206 0.9976032
1770030853.595441 0.5552799 -0.3938577 -0.5199424 -0.0399634 0.0410649 -0.0375328 0.9976512
1770030853.728738 0.5296692 -0.4146076 -0.5209320 -0.0387671 0.0399050 -0.0374909 0.9977471
1770030853.828740 0.5140990 -0.4318100 -0.5192905 -0.0377986 0.0385958 -0.0365177 0.9978718
1770030853.928725 0.5020546 -0.4421010 -0.5268380 -0.0344928 0.0364913 -0.0345375 0.9981412
1770030854.062057 0.4853337 -0.4636076 -0.5301328 -0.0314003 0.0336048 -0.0323864 0.9984167
1770030854.128733 0.4772837 -0.4722100 -0.5348634 -0.0294215 0.0323354 -0.0307804 0.9985697
1770030854.162069 0.4732014 -0.4784930 -0.5351183 -0.0286492 0.0314815 -0.0300745 0.9986409
1770030854.228732 0.4661232 -0.4876012 -0.5390622 -0.0258199 0.0296547 -0.0290878 0.9988032
1770030854.295408 0.4506958 -0.5049657 -0.5425271 -0.0254524 0.0292802 -0.0287198 0.9988343
1770030854.362059 0.4405826 -0.5177820 -0.5448256 -0.0237399 0.0285390 -0.0272313 0.9989396
1770030854.462065 0.4201754 -0.5465319 -0.5504320 -0.0223090 0.0274875 -0.0259844 0.9990353
1770030854.595392 0.3911569 -0.5801016 -0.5550239 -0.0188770 0.0264866 -0.0266577 0.9991153
1770030854.695406 0.3720400 -0.5980739 -0.5645094 -0.0115676 0.0246441 -0.0289941 0.9992088
1770030854.795390 0.3499208 -0.6206234 -0.5745011 -0.0023235 0.0229310 -0.0300850 0.9992816
1770030855.028721 0.3109932 -0.6695865 -0.5919538 0.0195021 0.0123057 -0.0307382 0.9992614
1770030855.295397 0.2695804 -0.7389644 -0.5957856 0.0421921 -0.0072692 -0.0309226 0.9986044
1770030855.495399 0.2349440 -0.8031653 -0.5933101 0.0559592 -0.0354891 -0.0300687 0.9973490
1770030855.628737 0.1965337 -0.8474016 -0.5722870 0.0611371 -0.0550013 -0.0267217 0.9962545
1770030855.728731 0.1677279 -0.8938931 -0.5817414 0.0595968 -0.0656574 -0.0223000 0.9958113
1770030855.795401 0.1503079 -0.9151644 -0.5702766 0.0575666 -0.0693574 -0.0176385 0.9957733
1770030855.895404 0.1250306 -0.9471301 -0.5612332 0.0520946 -0.0675624 -0.0097217 0.9963067
1770030855.962057 0.1156861 -0.9599695 -0.5563891 0.0423246 -0.0608036 -0.0080858 0.9972192
1770030856.028724 0.0994503 -0.9658875 -0.5632150 0.0170440 -0.0538425 -0.0087232 0.9983659
1770030856.262056 0.0304665 -1.0043854 -0.5200213 -0.0355745 -0.0370858 -0.0161593 0.9985480
1770030856.562054 -0.0402795 -1.0649097 -0.4978112 -0.0602396 -0.0253117 -0.0230093 0.9975976
1770030856.828797 -0.0916770 -1.1288342 -0.4903358 -0.0555182 -0.0177979 -0.0250063 0.9979858
1770030857.095436 -0.1323109 -1.1591473 -0.4544938 -0.0389544 -0.0117967 -0.0249976 0.9988586
1770030857.395392 -0.1716965 -1.1901457 -0.5105528 -0.0271769 -0.0067160 -0.0236802 0.9993275
1770030857.962053 -0.2164228 -1.2089332 -0.5657427 -0.0188706 -0.0031280 -0.0251002 0.9995019
1770030858.528722 -0.2352538 -1.2061119 -0.5897576 -0.0196899 -0.0028910 -0.0246359 0.9994984
1770030859.095394 -0.2545899 -1.1784121 -0.6056548 -0.0265343 -0.0006688 -0.0285502 0.9992399
1770030859.662071 -0.3140253 -1.0585808 -0.6450323 -0.0252633 0.0073547 -0.0503967 0.9983826
1770030860.028746 -0.2627330 -0.9656626 -0.6124468 -0.0306564 0.0049456 -0.0374376 0.9988164
1770030860.295418 -0.2385694 -0.9190578 -0.6149992 -0.0331002 0.0053973 -0.0363420 0.9987765
1770030860.595403 -0.2062459 -0.8717452 -0.6235787 -0.0360349 0.0061042 -0.0351120 0.9987149
1770030860.662065 -0.1999090 -0.8656811 -0.6263171 -0.0373125 0.0062563 -0.0341220 0.9987013
1770030860.895396 -0.1727582 -0.8432004 -0.6332914 -0.0402374 0.0063496 -0.0317089 0.9986667
1770030861.195397 -0.1406839 -0.8025516 -0.6255976 -0.0407446 0.0073184 -0.0340852 0.9985612
1770030861.628753 -0.0948260 -0.7845734 -0.6372238 -0.0440319 0.0084082 -0.0327311 0.9984584
1770030862.062079 -0.0463121 -0.7704736 -0.6229936 -0.0447962 0.0081618 -0.0315472 0.9984645
1770030862.628732 -0.0005741 -0.7819583 -0.6398510 -0.0457546 0.0095065 -0.0298464 0.9984615
1770030863.295395 0.0367860 -0.8110331 -0.6607428 -0.0458262 0.0110368 -0.0316020 0.9983884
1770030864.195398 0.0644701 -0.8353615 -0.6817492 -0.0447151 0.0098201 -0.0345278 0.9983547
1770030865.062061 0.0773482 -0.8371348 -0.6784839 -0.0452757 0.0060148 -0.0335678 0.9983923
