1770030763362178560.000000 0.000000000 0.000000000 0.000000000 -0.000000000 -0.000000000 -0.000000000 1.000000000
1770030763628869376.000000 -0.003552268 -0.026468633 -0.033616949 -0.000891358 -0.000081392 -0.006473704 0.999978662
1770030763762201088.000000 -0.001672789 -0.028469495 -0.034591995 -0.000840200 -0.000200231 -0.005128625 0.999986470
1770030767828852992.000000 0.032956522 -0.054038282 -0.032967806 -0.000861866 -0.004106855 -0.005753622 0.999974668
1770030769462181632.000000 0.122383036 -0.111286551 -0.068271197 0.003102682 0.003726649 -0.004285051 0.999979079
1770030770728854528.000000 0.235986844 -0.067757756 -0.043636229 0.009401278 0.018689271 -0.010338667 0.999727726
1770030771128854272.000000 0.271091551 -0.035061985 -0.038992401 0.009616732 0.024322620 -0.006365140 0.999637663
1770030771462182400.000000 0.307243466 -0.001432688 -0.032662038 0.010603736 0.029833764 -0.011359552 0.999434114
1770030771728850688.000000 0.325884521 0.041678723 -0.021989368 0.010507986 0.033896353 -0.013467795 0.999279380
1770030771995518720.000000 0.359479755 0.069117710 -0.020410556 0.008247559 0.035089470 -0.011823584 0.999280214
1770030772262198272.000000 0.376839429 0.105931111 -0.015029067 0.007113898 0.037766974 -0.014168445 0.999160826
1770030772462182912.000000 0.398261994 0.145873293 -0.012775055 0.006889944 0.037842344 -0.012542798 0.999181271
1770030772662189568.000000 0.416147649 0.187640354 0.004741842 0.005835105 0.037860487 -0.013793208 0.999170780
1770030772928849152.000000 0.412865341 0.217910573 0.000324380 0.006210146 0.041543510 -0.019382831 0.998929381
1770030773195518464.000000 0.437748998 0.266703308 0.007334877 0.005721214 0.038610317 -0.017028656 0.999092877
1770030773495528960.000000 0.440009922 0.302820027 0.006535223 0.005925410 0.038334355 -0.019060081 0.999065578
1770030773862189056.000000 0.433496535 0.317391634 0.002268962 0.004082179 0.036951572 -0.021006467 0.999087930
1770030774528860928.000000 0.392729372 0.304594666 -0.007735487 0.005067029 0.032761678 -0.020653723 0.999236941
1770030774862196736.000000 0.354663998 0.258798391 -0.025737140 0.008747355 0.031348348 -0.017775677 0.999312162
1770030775128859904.000000 0.316006601 0.211379319 -0.031496376 0.010634217 0.029374102 -0.017263774 0.999362826
1770030775328855296.000000 0.277284414 0.162699819 -0.022838641 0.012970768 0.029619345 -0.015878797 0.999350965
1770030775495519232.000000 0.247498527 0.133233935 -0.034734588 0.018267132 0.027802724 -0.014958811 0.999334574
1770030775662186496.000000 0.222376078 0.093576774 -0.038770910 0.025570644 0.025088781 -0.013230338 0.999270558
1770030775795574528.000000 0.202140972 0.055829026 -0.057111554 0.035112444 0.020239579 -0.015369813 0.999060154
1770030775995525888.000000 0.187687457 0.012459079 -0.068788290 0.051490184 0.009961903 -0.011697329 0.998555303
1770030776162190080.000000 0.168513432 -0.034651022 -0.056224421 0.062611781 -0.005890821 -0.004828488 0.998008907
1770030776262186240.000000 0.160470113 -0.065516807 -0.078650251 0.069454089 -0.017457597 -0.003554142 0.997426093
1770030776495525888.000000 0.105365016 -0.172819659 -0.105633549 0.077341340 -0.045511547 -0.008302608 0.995930791
1770030777062188032.000000 -0.025083244 -0.308871478 -0.066650055 -0.006649805 -0.034649402 0.001509842 0.999376297
1770030777328848128.000000 -0.100297563 -0.355223417 -0.036201354 -0.036257006 -0.022816068 -0.006667839 0.999059737
1770030777462182400.000000 -0.128050730 -0.398655534 -0.044540569 -0.041768543 -0.018896945 -0.007721521 0.998918772
1770030777595522816.000000 -0.169515744 -0.442114800 -0.048128545 -0.040027294 -0.014148589 -0.009937411 0.999049008
1770030777762184448.000000 -0.202168852 -0.523353994 -0.096894898 -0.032830849 -0.010617354 -0.008446963 0.999368846
1770030779662186752.000000 -0.466090411 -0.769622326 -0.294854879 0.008158402 -0.003500430 -0.004248663 0.999951541
1770030779928853248.000000 -0.428226560 -0.659445465 -0.128618822 0.011043556 -0.010401156 0.000058235 0.999884963
1770030780228851200.000000 -0.462620258 -0.606672406 -0.156226829 0.008855292 -0.009600562 -0.004906290 0.999902725
1770030780495526656.000000 -0.489237070 -0.540911555 -0.105142497 0.008036115 -0.009599304 -0.017368309 0.999770820
1770030780795534336.000000 -0.507712901 -0.485390961 -0.116068915 0.004033133 -0.008828413 -0.023858055 0.999668241
1770030781095537408.000000 -0.501955032 -0.444877088 -0.156756192 -0.002781125 -0.009305484 -0.030606981 0.999484360
1770030781395523072.000000 -0.521351337 -0.225599393 -0.094941191 -0.002193486 -0.009413216 -0.016741034 0.999813139
1770030781728859648.000000 -0.540415943 -0.114649355 -0.096518591 -0.012146667 -0.010373674 -0.103860989 0.994463563
1770030782028891904.000000 -0.548947155 -0.019544024 -0.106013887 -0.021391990 -0.007390129 -0.188827723 0.981749415
1770030782295538688.000000 -0.547259748 0.059958842 -0.111777678 -0.028487545 -0.005979384 -0.255370200 0.966405094
1770030782528883968.000000 -0.538680434 0.118318468 -0.116654024 -0.034112748 -0.005013227 -0.302590787 0.952496707
1770030782695524864.000000 -0.524139762 0.157325059 -0.127198979 -0.036697544 -0.004984254 -0.329788327 0.943328202
1770030782895531776.000000 -0.513014674 0.189844996 -0.131919026 -0.041629557 -0.003723766 -0.359134048 0.932349622
1770030783095534592.000000 -0.491443515 0.218343765 -0.134020939 -0.044024020 -0.004100665 -0.380819827 0.923591554
1770030783395531264.000000 -0.457077473 0.250102758 -0.143510878 -0.045763843 0.000308092 -0.402077407 0.914461195
1770030783695534336.000000 -0.410055161 0.258239388 -0.141470805 -0.046911880 -0.000711123 -0.408935159 0.911356628
1770030783995539200.000000 -0.369728863 0.244042039 -0.150978476 -0.047849618 0.002451695 -0.404579520 0.913246870
1770030784262188544.000000 -0.318188548 0.218046844 -0.154487520 -0.045154285 0.004892101 -0.389196724 0.920034289
1770030784528858368.000000 -0.262519062 0.166767493 -0.132887870 -0.043490201 0.007463785 -0.363325655 0.930616677
1770030784728852992.000000 -0.220430791 0.125751555 -0.124895021 -0.039453112 0.010357246 -0.334148586 0.941637337
1770030784962187776.000000 -0.162070721 0.060197171 -0.128074944 -0.033093445 0.013026456 -0.281625360 0.958865166
1770030785228866560.000000 -0.088970065 0.002542360 -0.069550164 -0.019663777 0.016244182 -0.202792138 0.978889585
1770030785395528960.000000 -0.029319720 -0.052613273 -0.056360219 -0.013271336 0.016061136 -0.161590785 0.986637890
1770030785595543808.000000 0.018320678 -0.108981319 -0.064735033 0.007077553 0.024824662 -0.148857877 0.988521636
1770030785762195712.000000 0.062902063 -0.146370709 -0.070165120 0.027187122 0.037890732 -0.145509854 0.988257051
1770030786062186752.000000 0.117489755 -0.213899776 -0.051043261 0.056134503 0.076622710 -0.143559098 0.985072911
1770030786228857856.000000 0.140833825 -0.231204897 -0.037307806 0.065907940 0.107582979 -0.144199252 0.981472671
1770030786362210304.000000 0.182908356 -0.256372988 -0.040609952 0.065222241 0.123578712 -0.144694075 0.979560137
1770030786728870144.000000 0.300512314 -0.380520642 -0.018569123 -0.000214610 0.105097130 -0.111554086 0.988185346
1770030786762194688.000000 0.322087049 -0.387336195 -0.004458757 -0.010038227 0.098453164 -0.102552444 0.989792526
1770030786828859392.000000 0.327926099 -0.398449838 -0.014968472 -0.020060826 0.091687948 -0.095594615 0.990985632
1770030786895539200.000000 0.361461073 -0.404688239 0.006461889 -0.032583587 0.082145944 -0.079607338 0.992901325
1770030787062186752.000000 0.418589920 -0.421032280 0.016235847 -0.049683526 0.065742783 -0.053113509 0.995182633
1770030787328856576.000000 0.467085004 -0.457794309 0.010874479 -0.051526546 0.053605024 -0.031739198 0.996726751
1770030787462199040.000000 0.513812661 -0.462088704 0.029109031 -0.043313954 0.047124185 -0.017787449 0.997790992
1770030787595519744.000000 0.517184794 -0.470796943 0.031442277 -0.032406818 0.046141580 -0.018073706 0.998245537
1770030787762188800.000000 0.533358634 -0.551306725 -0.016936030 -0.021309970 0.043105233 -0.014653517 0.998735785
1770030787962203648.000000 0.567189753 -0.556642473 -0.008055925 -0.005599385 0.040994186 -0.013866296 0.999047458
1770030788228853760.000000 0.601887584 -0.578168511 -0.020539317 0.008739668 0.039394177 -0.009791624 0.999137580
1770030788528857856.000000 0.617287040 -0.602123499 -0.040869061 0.017799931 0.040729638 -0.004308382 0.999002337
1770030788862185216.000000 0.655200958 -0.594125569 -0.042536739 0.023483830 0.040890034 -0.002911197 0.998883426
1770030789162179584.000000 0.676984727 -0.593172133 -0.054569636 0.023865575 0.042044990 -0.000010169 0.998830676
1770030789462185728.000000 0.697482526 -0.555032909 -0.050508812 0.025326705 0.044536330 -0.000134208 0.998686671
1770030789795516672.000000 0.714150548 -0.520209491 -0.058427431 0.022418838 0.046654087 0.001286971 0.998658717
1770030790095512064.000000 0.729601979 -0.476822674 -0.058668308 0.018104147 0.047602031 0.001643306 0.998700976
1770030790462219264.000000 0.749766648 -0.401829690 -0.055670004 0.012694466 0.048307985 0.002904914 0.998747647
1770030790828857600.000000 0.737592757 -0.341818333 -0.067877211 0.004446530 0.051322330 0.002332588 0.998669505
1770030791162181120.000000 0.793615758 -0.171130806 -0.012391536 0.006701390 0.048146944 -0.001519646 0.998816669
1770030791495508480.000000 0.780716956 -0.097102776 -0.011574179 0.001139618 0.048435386 -0.002257056 0.998823166
1770030791728842496.000000 0.770482719 -0.021080932 0.002165731 -0.000269026 0.049092878 -0.006811803 0.998770952
1770030791995524864.000000 0.752963960 0.072878368 0.006505257 0.001371526 0.050468169 -0.002746852 0.998721004
1770030792195521280.000000 0.739190102 0.097097807 -0.000209613 -0.005782460 0.048828438 -0.006855209 0.998766899
1770030792362185728.000000 0.729795694 0.123506926 -0.012325218 -0.007779364 0.046950921 -0.008465013 0.998831034
1770030792528842496.000000 0.721485436 0.154776990 0.011789491 -0.010519925 0.043915872 -0.004365847 0.998970330
1770030792662182400.000000 0.695819080 0.177950263 0.010835461 -0.010515252 0.046577573 -0.008924970 0.998819470
1770030792828856064.000000 0.684998691 0.199453041 0.010524035 -0.011442333 0.043723490 -0.009437228 0.998933554
1770030793028852992.000000 0.659215391 0.226735592 0.008099681 -0.010124760 0.042442266 -0.009802072 0.998999536
1770030793162180096.000000 0.639197707 0.236483425 0.003520670 -0.009869754 0.041693907 -0.009613472 0.999035418
1770030793262184704.000000 0.639729440 0.227820352 0.007059214 -0.014786228 0.038341310 -0.006745602 0.999132574
1770030793395507456.000000 0.612577319 0.240890190 0.007039958 -0.013114155 0.040648907 -0.010025674 0.999037147
1770030793528843008.000000 0.592980206 0.246789038 0.006229940 -0.012284424 0.040587246 -0.011235864 0.999037325
1770030793662173440.000000 0.579080343 0.241827339 0.000080502 -0.013449534 0.038623031 -0.012036027 0.999090850
1770030793762173696.000000 0.560099781 0.243931457 0.003646231 -0.011796149 0.038996089 -0.010461238 0.999114990
1770030793862173184.000000 0.545783818 0.236777753 0.003207683 -0.011970273 0.037359025 -0.009448708 0.999185562
1770030793962171136.000000 0.534876406 0.221663952 -0.001414477 -0.014195514 0.036286660 -0.010702370 0.999183297
1770030794095537664.000000 0.510036349 0.220548451 0.006457267 -0.009728319 0.035676811 -0.012276642 0.999240637
1770030794262192128.000000 0.489678323 0.196118191 -0.007737415 -0.009993936 0.033386867 -0.010355450 0.999338925
1770030794328858880.000000 0.476088554 0.179578781 -0.010946246 -0.011100137 0.033233549 -0.012504814 0.999307752
1770030794395525120.000000 0.460910112 0.175988972 -0.013690975 -0.009370198 0.033594675 -0.010914304 0.999332011
1770030794462196992.000000 0.455409676 0.166892916 -0.014304529 -0.008285140 0.031987455 -0.010154761 0.999402344
1770030794495540736.000000 0.450316578 0.158161744 -0.017135808 -0.008270996 0.031537645 -0.009352061 0.999424577
1770030794562185728.000000 0.442051679 0.150361404 -0.023147373 -0.005904552 0.029753029 -0.007866851 0.999508917
1770030794628858624.000000 0.425875306 0.143476188 -0.017969744 -0.003648886 0.030338267 -0.009715137 0.999485850
1770030794695539712.000000 0.412983298 0.128243804 -0.016346725 -0.004634003 0.030289335 -0.008319570 0.999495804
1770030794762210560.000000 0.406593859 0.110086545 -0.024204873 -0.005098975 0.028494876 -0.006412522 0.999560416
1770030794828850176.000000 0.404206455 0.116476074 -0.030389061 0.001934867 0.025937459 -0.004934838 0.999649525
1770030794962180096.000000 0.373154193 0.056576911 -0.027878871 -0.003449466 0.026433676 -0.006622553 0.999622703
1770030795062176768.000000 0.347353101 0.046406031 -0.030431582 0.001551245 0.027055591 -0.007913544 0.999601424
1770030795128850944.000000 0.342849553 0.030076399 -0.034703553 0.001934586 0.024610197 -0.005163081 0.999681950
1770030795228848896.000000 0.321688235 0.007960860 -0.032203592 0.005771324 0.024473112 -0.006696549 0.999661446
1770030795295504640.000000 0.312229604 -0.003111534 -0.035563510 0.008798532 0.023430331 -0.007008755 0.999662220
1770030795395506688.000000 0.284973294 -0.027710663 -0.043632235 0.014730101 0.023005368 -0.009782845 0.999578953
1770030795428847616.000000 0.281979173 -0.031192496 -0.043617815 0.017983323 0.022213018 -0.011254879 0.999528170
1770030795528840960.000000 0.260352820 -0.065891422 -0.050835948 0.024608037 0.020858040 -0.010913972 0.999419987
1770030795628842496.000000 0.252324790 -0.088990979 -0.059557427 0.034291267 0.015288192 -0.010915563 0.999235332
1770030795695506688.000000 0.234853238 -0.092263944 -0.067368813 0.042308737 0.013822150 -0.012428612 0.998931706
1770030795762173440.000000 0.225979328 -0.105685756 -0.066781089 0.048773468 0.009145866 -0.011550011 0.998701215
1770030795828839424.000000 0.221855491 -0.131257638 -0.074219614 0.052641325 0.005105405 -0.010984971 0.998540044
1770030795995513856.000000 0.202293709 -0.175226912 -0.080952652 0.068380751 -0.007687012 -0.010017440 0.997579396
1770030796128871168.000000 0.188651070 -0.217836246 -0.091815256 0.077487439 -0.025438406 -0.007452209 0.996640921
1770030796595539456.000000 0.081669681 -0.411308378 -0.165183082 0.079318956 -0.072171226 0.009539167 0.994187534
1770030796728870144.000000 0.055092376 -0.410087854 -0.110461049 0.052109607 -0.060729355 0.011619366 0.996725440
1770030797028855040.000000 -0.018400118 -0.463228554 -0.069154523 -0.014323246 -0.042883184 0.005698893 0.998961151
1770030797262183424.000000 -0.082510851 -0.520982563 -0.071248055 -0.029979458 -0.032659199 -0.003925102 0.999009132
1770030797362187264.000000 -0.101265669 -0.543456137 -0.057656370 -0.030544754 -0.029799465 -0.004821279 0.999077499
1770030798228838400.000000 -0.301415741 -0.855694711 -0.312301666 -0.001071772 -0.006074849 -0.002565314 0.999977708
1770030798328838400.000000 -0.327665627 -0.872664154 -0.303051054 -0.000021335 -0.004267309 -0.003221053 0.999985695
1770030798428851968.000000 -0.343958855 -0.886739612 -0.337700397 -0.000480115 -0.002751991 -0.003840423 0.999988735
1770030798762224384.000000 -0.399113655 -0.888095737 -0.341257244 0.004378141 -0.001812150 -0.003048517 0.999984145
1770030798928840448.000000 -0.424052328 -0.873295426 -0.316473752 0.007040759 -0.000496143 -0.004561801 0.999964714
1770030799062198784.000000 -0.440310001 -0.861298025 -0.344934374 0.007935503 -0.001564191 -0.004287319 0.999958098
1770030799162196992.000000 -0.462725371 -0.847169340 -0.334980547 0.008440046 -0.000154279 -0.005905856 0.999946952
1770030800328843264.000000 -0.533813357 -0.552997291 -0.299139887 0.002179834 -0.006513905 -0.007836897 0.999945700
1770030800628843776.000000 -0.549530089 -0.502788544 -0.303748190 -0.003486500 -0.006168201 -0.011089177 0.999913454
1770030800695498240.000000 -0.557716548 -0.492970526 -0.302048713 -0.005104213 -0.006056715 -0.012706227 0.999887943
1770030800895499264.000000 -0.552430093 -0.407276303 -0.310170949 -0.005789844 -0.005373899 -0.014534251 0.999863148
1770030801062163968.000000 -0.521662772 -0.324203461 -0.138556361 -0.006535424 -0.009990974 -0.009814028 0.999880612
1770030801195499520.000000 -0.515728235 -0.279690564 -0.136762321 -0.008140189 -0.010032234 -0.008992151 0.999876142
1770030801295491584.000000 -0.511994541 -0.234304607 -0.113330208 -0.010417460 -0.012181758 -0.038028713 0.999148071
1770030801362173440.000000 -0.515436113 -0.216414943 -0.112453200 -0.013570157 -0.013270083 -0.057240866 0.998179972
1770030801495498240.000000 -0.529145300 -0.182488054 -0.136356220 -0.018868094 -0.010496504 -0.097864464 0.994965553
1770030801528833024.000000 -0.533162713 -0.169793010 -0.137687877 -0.019763194 -0.009975820 -0.108429275 0.993857622
1770030801562162944.000000 -0.534757197 -0.161389038 -0.140066519 -0.020889057 -0.010050066 -0.119326040 0.992584467
1770030801795506688.000000 -0.541155159 -0.083168939 -0.139190540 -0.027953237 -0.009242439 -0.184954837 0.982305944
1770030801828828672.000000 -0.546483874 -0.065185420 -0.144506812 -0.027387924 -0.007877009 -0.194691867 0.980450392
1770030801895496960.000000 -0.549022257 -0.044713970 -0.152428597 -0.029142298 -0.007582476 -0.212977722 0.976592898
1770030801928834560.000000 -0.545058548 -0.040172167 -0.146463603 -0.031089289 -0.007768615 -0.220060110 0.974959850
1770030802095492096.000000 -0.543560088 0.014194317 -0.148860291 -0.034229036 -0.006742502 -0.260677844 0.964795291
1770030802128833536.000000 -0.546996951 0.027798563 -0.148676902 -0.034392044 -0.006008129 -0.269712687 0.962307751
1770030802195501568.000000 -0.542078078 0.043549471 -0.147948086 -0.036031861 -0.006666900 -0.282498986 0.958567441
1770030802262159360.000000 -0.540560901 0.061975967 -0.153868154 -0.037642520 -0.005963156 -0.296107769 0.954393864
1770030802395539200.000000 -0.534831822 0.093236461 -0.157581672 -0.040308543 -0.005350777 -0.321558833 0.946016133
1770030802428836608.000000 -0.532402396 0.102077484 -0.154019788 -0.040859755 -0.005387630 -0.327340394 0.944007277
1770030802562157824.000000 -0.522658408 0.129600361 -0.159776598 -0.042806037 -0.005010171 -0.348186672 0.936433971
1770030802662160896.000000 -0.507476568 0.151805669 -0.148581743 -0.044285517 -0.005418784 -0.361679703 0.931234241
1770030802762159104.000000 -0.505097866 0.164619327 -0.160687149 -0.046353757 -0.004663328 -0.372485131 0.926868081
1770030802828829440.000000 -0.496556133 0.172809616 -0.156305522 -0.047403917 -0.004682534 -0.379867703 0.923813581
1770030802962173952.000000 -0.484139025 0.193265617 -0.163737744 -0.048066340 -0.003299567 -0.391989410 0.918707311
1770030803495512320.000000 -0.410301864 0.220558628 -0.171335995 -0.049817931 -0.000219846 -0.412175715 0.909741342
1770030803762180608.000000 -0.363929152 0.204347759 -0.159179911 -0.050343186 0.000829864 -0.405005574 0.912926793
1770030803928846336.000000 -0.333786368 0.186643586 -0.167225510 -0.049476866 0.001942663 -0.396246970 0.916807830
1770030804062162432.000000 -0.308997065 0.160976186 -0.173663184 -0.049104627 0.002967704 -0.386292994 0.921063304
1770030804228833024.000000 -0.272328138 0.133741826 -0.163549528 -0.047046512 0.005007888 -0.370578557 0.927595317
1770030804262157056.000000 -0.263411969 0.122542836 -0.163037002 -0.047674779 0.004863487 -0.365899563 0.929419696
1770030804395492608.000000 -0.241650879 0.095975950 -0.169101998 -0.045701064 0.007732056 -0.349392027 0.935829520
1770030804428830464.000000 -0.233344376 0.095201671 -0.162363678 -0.043704309 0.008685781 -0.345527828 0.937350035
1770030804495504896.000000 -0.216691881 0.073754370 -0.165878773 -0.042758901 0.009091523 -0.334847748 0.941257656
1770030804595479808.000000 -0.192339495 0.048876382 -0.176665306 -0.040395156 0.010650101 -0.314764738 0.948249936
1770030804695489024.000000 -0.163288161 0.015906291 -0.166781127 -0.038222309 0.011417445 -0.287559211 0.956931770
1770030804728822784.000000 -0.159390122 0.014297246 -0.168339968 -0.034846701 0.013043735 -0.280433089 0.959152162
1770030804762189824.000000 -0.149047136 -0.000890031 -0.167005748 -0.034718908 0.012952977 -0.270779550 0.961927891
1770030804862145536.000000 -0.117229827 -0.033567756 -0.159385934 -0.030668572 0.014113352 -0.235622615 0.971258044
1770030804895497984.000000 -0.105939128 -0.041932430 -0.156046823 -0.028575459 0.013642327 -0.226195648 0.973567128
1770030804995553792.000000 -0.074993551 -0.072806403 -0.145940319 -0.025527587 0.014737626 -0.195957929 0.980169177
1770030805062146560.000000 -0.052447792 -0.090244979 -0.139572531 -0.021868667 0.014949420 -0.179264754 0.983444154
1770030805328818176.000000 0.016853645 -0.163809150 -0.117729448 0.000718904 0.022985255 -0.153387442 0.987898529
1770030805395484928.000000 0.028978897 -0.175601035 -0.110915318 0.009820168 0.027952187 -0.151658237 0.987988889
1770030805428817664.000000 0.038450770 -0.185772315 -0.108788855 0.013276000 0.030397901 -0.150690138 0.988024414
1770030805528833024.000000 0.060788922 -0.211227134 -0.101005971 0.024303852 0.039553776 -0.148314402 0.987850010
1770030805595490304.000000 0.074578777 -0.223908186 -0.097060278 0.032361917 0.046414804 -0.147471532 0.987446487
1770030805728852480.000000 0.094049908 -0.246194169 -0.081584036 0.047403380 0.062972791 -0.147517383 0.985913813
1770030805895493632.000000 0.127528623 -0.283233076 -0.057402812 0.057027604 0.090095215 -0.143996850 0.983816862
1770030806028832512.000000 0.156693101 -0.280845076 -0.052135464 0.063615479 0.111566469 -0.146304831 0.980867445
1770030806162157568.000000 0.189949647 -0.308589220 -0.052365124 0.059428331 0.128143027 -0.148831353 0.978722095
1770030806328809984.000000 0.248544514 -0.377441972 -0.053566463 0.047489014 0.130625471 -0.146022886 0.979468822
1770030806462142976.000000 0.278861195 -0.395461559 -0.052935954 0.007830841 0.112963766 -0.123321280 0.985885262
1770030806495477504.000000 0.298321962 -0.390664697 -0.042025633 -0.000486395 0.106759422 -0.117562540 0.987310112
1770030806628807424.000000 0.346450061 -0.416509926 -0.034785595 -0.026096169 0.087818302 -0.092863359 0.991455138
1770030806662149888.000000 0.355750173 -0.423809320 -0.031598195 -0.031508781 0.084257729 -0.086884528 0.992148638
1770030806828811264.000000 0.412825346 -0.455467224 -0.022407250 -0.050227758 0.067540102 -0.060043022 0.994640827
1770030806862140672.000000 0.421309561 -0.459001869 -0.019962046 -0.051607296 0.065476365 -0.054312702 0.995037496
1770030806928819968.000000 0.438048005 -0.461751997 -0.011175337 -0.053667739 0.061228774 -0.046215892 0.995607793
1770030807062151936.000000 0.461603135 -0.474299073 -0.009084770 -0.054030199 0.054748427 -0.034842599 0.996428311
1770030807095496704.000000 0.465936601 -0.476603746 -0.008801896 -0.052964006 0.053891167 -0.032895990 0.996598423
1770030807128830464.000000 0.473863274 -0.486629009 -0.008931387 -0.052384198 0.052457809 -0.029464226 0.996812940
1770030807295482112.000000 0.500085711 -0.502062678 -0.002903704 -0.042119261 0.047879662 -0.024280291 0.997669280
1770030807362161408.000000 0.509630084 -0.503066123 -0.003576817 -0.034176342 0.046809267 -0.022064039 0.998075187
1770030807395517952.000000 0.517252922 -0.510048747 -0.004729575 -0.031617027 0.045223728 -0.021655120 0.998241544
1770030807428850432.000000 0.518462718 -0.517765999 -0.009772356 -0.028221140 0.045287468 -0.020519298 0.998364449
1770030807462159360.000000 0.518178701 -0.521731615 -0.012896403 -0.024979256 0.045226350 -0.020958856 0.998444438
1770030807495494656.000000 0.519719005 -0.528297544 -0.016884735 -0.022172188 0.044975474 -0.020403707 0.998533607
1770030807595477504.000000 0.525375903 -0.524059117 -0.017382341 -0.011894246 0.044950027 -0.019670347 0.998724759
1770030807628814336.000000 0.532844424 -0.528183460 -0.016914111 -0.009397820 0.044111572 -0.018064477 0.998819053
1770030807695484416.000000 0.543374658 -0.539828062 -0.021429004 -0.004348918 0.043332763 -0.015375465 0.998932898
1770030807795475968.000000 0.563812137 -0.550706387 -0.023672422 0.001688330 0.041773491 -0.013200703 0.999038458
1770030808028823808.000000 0.599678695 -0.580719054 -0.023842121 0.010801070 0.040768791 -0.008233057 0.999076366
1770030808295498752.000000 0.632940173 -0.588775158 -0.032220710 0.019509207 0.039765388 -0.005932659 0.999000967
1770030808828819712.000000 0.665902495 -0.573361278 -0.049721345 0.026266703 0.042527266 -0.002983876 0.998745501
1770030809295482880.000000 0.698000550 -0.532779336 -0.055763431 0.027278798 0.045282710 -0.001445028 0.998600662
1770030809795475456.000000 0.718609035 -0.463292956 -0.062773786 0.022148157 0.048353925 -0.000867336 0.998584330
1770030810195559168.000000 0.740376234 -0.396740973 -0.059220500 0.015029828 0.049290769 0.000674579 0.998671174
1770030810628817920.000000 0.764203966 -0.293924868 -0.040750064 0.009343834 0.049363468 -0.000271695 0.998737156
1770030810995473920.000000 0.764172912 -0.218114763 -0.040624697 0.000995037 0.049435351 -0.000553056 0.998776674
1770030811328808960.000000 0.755753219 -0.164411917 -0.044414826 -0.007973133 0.049307857 0.000954460 0.998751342
1770030811728822016.000000 0.744829714 -0.064538702 -0.039724153 -0.012238659 0.050398771 -0.002736099 0.998650432
1770030811962140416.000000 0.726505995 -0.025685176 -0.044938657 -0.016732471 0.048338115 -0.002879700 0.998686731
1770030812128804096.000000 0.714847922 0.003634544 -0.042587224 -0.018717930 0.047648337 -0.004180497 0.998680055
1770030812295479296.000000 0.698707104 0.031905919 -0.046177179 -0.020088540 0.046420239 -0.005116528 0.998706877
1770030812562123264.000000 0.665640891 0.064411104 -0.052362379 -0.023476858 0.045652736 -0.008541471 0.998644948
1770030812828816384.000000 0.634659946 0.087064601 -0.054623079 -0.025370451 0.043529898 -0.010362531 0.998676240
1770030812995455744.000000 0.612967372 0.095664151 -0.058267821 -0.025962597 0.042146765 -0.010849644 0.998715103
1770030813162133760.000000 0.593239009 0.101626575 -0.058585729 -0.027168173 0.041133042 -0.010945724 0.998724282
1770030813428800000.000000 0.555439234 0.098021217 -0.062072780 -0.028455926 0.040200688 -0.011740938 0.998717308
1770030813628782592.000000 0.527944267 0.089368299 -0.064139076 -0.027829485 0.038251556 -0.011177155 0.998818040
1770030813762126080.000000 0.509834290 0.081217580 -0.065635428 -0.026580120 0.036954492 -0.009913150 0.998914182
1770030813895444992.000000 0.488599569 0.065575577 -0.068814695 -0.026505565 0.035766724 -0.009225721 0.998966038
1770030814028790528.000000 0.468609929 0.051318675 -0.068352766 -0.024996106 0.034255099 -0.008317433 0.999065876
1770030814162117632.000000 0.450497329 0.034929253 -0.072223119 -0.023552850 0.031927340 -0.007228388 0.999186516
1770030814295444480.000000 0.434444517 0.017810250 -0.076554358 -0.020542389 0.029755784 -0.005088930 0.999333143
1770030814362125056.000000 0.426310360 0.010407342 -0.080912232 -0.018343832 0.028487664 -0.003606981 0.999419332
1770030814428781568.000000 0.416092038 -0.005821049 -0.086362511 -0.018114541 0.027730694 -0.001948372 0.999449372
1770030814462119424.000000 0.413195610 -0.009460620 -0.093935989 -0.016913420 0.026275868 -0.002195528 0.999509275
1770030814595444992.000000 0.402837694 -0.022725480 -0.091560267 -0.011102985 0.022697473 0.001560259 0.999679506
1770030814662113792.000000 0.390976220 -0.035337761 -0.096213527 -0.009618500 0.022382703 0.003192187 0.999698102
1770030814728777984.000000 0.381393582 -0.049504921 -0.107246660 -0.007700517 0.021323325 0.004063401 0.999734759
1770030814762117888.000000 0.377623022 -0.053380962 -0.102091990 -0.006463841 0.020781901 0.005406013 0.999748528
1770030814895474432.000000 0.353363156 -0.084307633 -0.114679106 -0.003023453 0.020045029 0.007934160 0.999763012
1770030814995452160.000000 0.331589669 -0.109837927 -0.119575866 -0.000557358 0.019608973 0.007256595 0.999781251
1770030815028794880.000000 0.323295325 -0.113833442 -0.119454093 0.000590044 0.020191712 0.006419878 0.999775350
1770030815195479040.000000 0.289521068 -0.155717432 -0.138526261 0.010817004 0.019114090 0.006262564 0.999739170
1770030815262133248.000000 0.275971293 -0.168845296 -0.137629420 0.015570531 0.019006690 0.003938587 0.999690354
1770030815495464192.000000 0.224003777 -0.203627273 -0.155608639 0.037577435 0.012021485 -0.005465283 0.999206483
1770030815628789760.000000 0.228599384 -0.307807207 -0.306995332 0.045645397 0.005935344 -0.012858506 0.998857319
1770030815795451392.000000 0.204515636 -0.355293781 -0.330128521 0.060381804 -0.009872814 -0.013333047 0.998037457
1770030815895467264.000000 0.174896181 -0.402300596 -0.346612155 0.066397697 -0.022294143 -0.014997281 0.997431397
1770030815928785664.000000 0.171394721 -0.406627983 -0.336296171 0.069122888 -0.027750159 -0.014562538 0.997115791
1770030816162119936.000000 0.098779045 -0.534428000 -0.360996634 0.076670736 -0.059145950 -0.015482698 0.995180190
1770030816395444224.000000 0.037899680 -0.647845566 -0.392490923 0.064183466 -0.064851426 0.003169468 0.995823622
1770030816462117376.000000 0.015497500 -0.649051964 -0.381235063 0.046491206 -0.057428177 0.002916209 0.997262299
1770030817395485440.000000 -0.252050906 -0.790620923 -0.267299414 -0.028115191 -0.011758246 -0.003576540 0.999529123
1770030817562124288.000000 -0.256219417 -0.791367114 -0.270334452 -0.015948644 -0.009368557 -0.005551576 0.999813497
1770030817728788992.000000 -0.264847517 -0.804194510 -0.286362171 -0.007039736 -0.008550867 -0.005166275 0.999925315
1770030817928773888.000000 -0.279843569 -0.824438393 -0.298247993 -0.000867981 -0.007078515 -0.003029778 0.999969959
1770030818262130688.000000 -0.324196070 -0.850903988 -0.355093122 0.002047368 -0.003984228 -0.003700992 0.999983132
1770030818662110976.000000 -0.384530723 -0.865357220 -0.417508990 0.007097742 -0.002254945 -0.005829530 0.999955297
1770030818962123520.000000 -0.416336626 -0.855350435 -0.438056618 0.008211582 -0.001573748 -0.009371609 0.999921143
1770030819295440128.000000 -0.437171787 -0.826661527 -0.450341254 0.006705387 -0.002810735 -0.013583740 0.999881327
1770030819595455232.000000 -0.411892116 -0.796465755 -0.415453434 0.001722876 -0.007840531 -0.012907824 0.999884486
1770030819862117376.000000 -0.431999296 -0.768383265 -0.430728495 -0.002409876 -0.008131950 -0.016022043 0.999835730
1770030820128779264.000000 -0.437502116 -0.720588326 -0.430082023 -0.005970301 -0.008891169 -0.021890353 0.999703050
1770030820462128640.000000 -0.446169794 -0.689000785 -0.435367405 -0.014704477 -0.009377958 -0.026257342 0.999503076
1770030820762117376.000000 -0.466344625 -0.654340208 -0.455901295 -0.022103747 -0.008074990 -0.030687885 0.999251962
1770030820995482880.000000 -0.409346968 -0.496741265 -0.328046769 -0.022382677 -0.014149246 -0.031136932 0.999164283
1770030821228787968.000000 -0.420152366 -0.440877855 -0.360012621 -0.032462258 -0.015085545 -0.102826238 0.994055033
1770030821395465728.000000 -0.423337430 -0.376566887 -0.348603725 -0.037103958 -0.015614305 -0.152173892 0.987533629
1770030821528800768.000000 -0.414622784 -0.351908237 -0.351753950 -0.042227566 -0.016195139 -0.186158299 0.981478333
1770030821762124032.000000 -0.417777002 -0.264963359 -0.354050100 -0.047234852 -0.015884694 -0.244607255 0.968340814
1770030821928792832.000000 -0.424269438 -0.219255149 -0.366705984 -0.050184093 -0.013826524 -0.286278009 0.956731558
1770030822095456000.000000 -0.414563030 -0.191719532 -0.382481039 -0.055189721 -0.014878429 -0.317290276 0.946604252
1770030822262117120.000000 -0.403812379 -0.161526799 -0.384303808 -0.059004605 -0.015623937 -0.344371468 0.936847210
1770030822462124800.000000 -0.390325159 -0.122452788 -0.387896240 -0.062013462 -0.014255340 -0.369214743 0.927163243
1770030822695489024.000000 -0.359034210 -0.086271718 -0.389800996 -0.063230075 -0.014759339 -0.394004792 0.916812062
1770030822995452416.000000 -0.321327746 -0.063389920 -0.396571308 -0.064909026 -0.011399932 -0.408911079 0.910191536
1770030823328834560.000000 -0.269148588 -0.058449842 -0.401445836 -0.065843374 -0.012969421 -0.409830302 0.909689844
1770030823728790528.000000 -0.197333053 -0.106983967 -0.409573197 -0.065809630 -0.008856606 -0.394006193 0.916705966
1770030823995471360.000000 -0.146405444 -0.154821306 -0.401821136 -0.063904420 -0.005153665 -0.372048378 0.925996602
1770030824095470080.000000 -0.135256544 -0.176821187 -0.433908910 -0.062611848 -0.002655414 -0.361412376 0.930297732
1770030824228814592.000000 -0.104017906 -0.193451732 -0.409755498 -0.057374742 0.001285059 -0.344804823 0.936918437
1770030824328783616.000000 -0.081727609 -0.224327594 -0.409063518 -0.056871206 0.001513240 -0.327641040 0.943087876
1770030824362117888.000000 -0.071786903 -0.230723321 -0.408185482 -0.055417337 0.002424564 -0.319236010 0.946050406
1770030824495464192.000000 -0.049257621 -0.256412417 -0.440018535 -0.046160743 0.008272246 -0.284582824 0.957503736
1770030824528789760.000000 -0.041128375 -0.272829682 -0.432729244 -0.046596128 0.009454504 -0.275109887 0.960236430
1770030824562119680.000000 -0.036620505 -0.287421077 -0.428820550 -0.047297459 0.010528275 -0.266827971 0.962525308
1770030824695460352.000000 0.005087890 -0.330565453 -0.426966101 -0.041321114 0.011992925 -0.223701239 0.973707616
1770030824828783104.000000 0.031616013 -0.365106344 -0.441542864 -0.035191283 0.015338989 -0.192626223 0.980521023
1770030824895450368.000000 0.043262221 -0.374771297 -0.438935667 -0.027450554 0.017775936 -0.188411608 0.981545508
1770030824962147584.000000 0.053681776 -0.403892577 -0.471725702 -0.022245994 0.020874856 -0.181562781 0.982906103
1770030824995452416.000000 0.059363998 -0.395307869 -0.456446677 -0.017176768 0.022704607 -0.181073979 0.983057320
1770030825128797184.000000 0.092476785 -0.445919245 -0.438060731 -0.005205525 0.028739290 -0.176408768 0.983883619
1770030825195466752.000000 0.106348895 -0.455246598 -0.440470397 0.003915153 0.033984911 -0.175992817 0.983796835
1770030825462121472.000000 0.159720689 -0.519606948 -0.413344055 0.031334568 0.058905873 -0.162767842 0.984405875
1770030825595473920.000000 0.186801895 -0.551463485 -0.409754515 0.040798262 0.079790108 -0.161247477 0.982836902
1770030825762193408.000000 0.220579743 -0.596688271 -0.389872581 0.045498725 0.106403612 -0.158804357 0.980504632
1770030825895489024.000000 0.250964195 -0.616562366 -0.391701847 0.046187103 0.124436133 -0.160035446 0.978146791
1770030826128795904.000000 0.324059576 -0.706422269 -0.384504378 0.023944719 0.126377419 -0.153497472 0.979741812
1770030826228801792.000000 0.346572936 -0.710954368 -0.375952721 -0.011463874 0.111567669 -0.133063659 0.984741271
1770030826362148608.000000 0.395072997 -0.743517101 -0.366478622 -0.042003844 0.092241868 -0.106850766 0.989095569
1770030826462126336.000000 0.423560888 -0.746545553 -0.356172413 -0.055289783 0.081944667 -0.089907661 0.991032183
1770030826495486720.000000 0.436800063 -0.743257999 -0.352889180 -0.056634784 0.078457594 -0.082304798 0.991898596
1770030826628785152.000000 0.466005296 -0.758060396 -0.346839905 -0.067742907 0.068935484 -0.062285725 0.993367672
1770030826762121472.000000 0.490460992 -0.761551678 -0.334499031 -0.069230102 0.062656455 -0.048798405 0.994434536
1770030826928790272.000000 0.510243952 -0.769600451 -0.337265521 -0.064144820 0.057229843 -0.039499398 0.995514929
1770030827228809472.000000 0.546175480 -0.807710707 -0.334227502 -0.037367817 0.051758688 -0.031995364 0.997447252
1770030827395447296.000000 0.560951233 -0.830103517 -0.347482979 -0.025570782 0.049322948 -0.028853428 0.998038530
1770030827495450624.000000 0.568633497 -0.843759954 -0.351574868 -0.018905526 0.048118431 -0.027020540 0.998297095
1770030827595445248.000000 0.586663723 -0.857306480 -0.353756726 -0.013559985 0.047118168 -0.024298657 0.998501658
1770030827762134016.000000 0.591649771 -0.845590353 -0.363215894 -0.002422844 0.048055287 -0.024503024 0.998541176
1770030828062128640.000000 0.621255100 -0.872866571 -0.367887378 0.005491029 0.048686653 -0.020157633 0.998595595
1770030828462128640.000000 0.647653997 -0.875968516 -0.385866076 0.009331131 0.049198017 -0.016078115 0.998616040
1770030828828794624.000000 0.681869864 -0.859397352 -0.385903716 0.011537021 0.051288690 -0.014192835 0.998516381
1770030829328818432.000000 0.704498053 -0.798276246 -0.399189591 0.009169134 0.055203203 -0.015207116 0.998317242
1770030829662149376.000000 0.740918100 -0.760421932 -0.385600448 0.003377394 0.055747997 -0.010623662 0.998382628
1770030829928792832.000000 0.747437477 -0.699132502 -0.386402816 -0.000391944 0.056818515 -0.014032947 0.998285830
1770030830162123520.000000 0.744764805 -0.638213098 -0.389075398 -0.003491565 0.059359685 -0.018704239 0.998055339
1770030830328795648.000000 0.747687340 -0.602167726 -0.390103102 -0.007886851 0.059808854 -0.021552462 0.997945964
1770030830562138368.000000 0.747795522 -0.541299522 -0.395995975 -0.012308665 0.059871763 -0.026978083 0.997765541
1770030830762136320.000000 0.736061811 -0.511154413 -0.396375239 -0.020538153 0.061128736 -0.033063367 0.997370660
1770030830895461376.000000 0.727623641 -0.484041482 -0.398090690 -0.024725195 0.062540717 -0.037008408 0.997049510
1770030830995465728.000000 0.724424005 -0.465235144 -0.398069590 -0.027950220 0.062810920 -0.038808759 0.996878862
1770030831295465472.000000 0.714259565 -0.393649340 -0.403977633 -0.033356711 0.062735356 -0.043798558 0.996510565
1770030831362133248.000000 0.705575585 -0.377960563 -0.408804327 -0.034880679 0.063733101 -0.047266558 0.996236563
1770030831428797184.000000 0.704232812 -0.368435264 -0.410192549 -0.037488736 0.064155705 -0.047075368 0.996123791
1770030831595459584.000000 0.692204654 -0.333190501 -0.411099792 -0.041536115 0.065220669 -0.049922276 0.995755374
1770030831662141952.000000 0.688156903 -0.319186807 -0.412224978 -0.041981451 0.064471260 -0.050158545 0.995773673
1770030831695465472.000000 0.684219182 -0.314596355 -0.414987147 -0.043256097 0.064149968 -0.051137950 0.995689988
1770030831795471104.000000 0.678020597 -0.293461204 -0.417864352 -0.044116121 0.063230217 -0.053296536 0.995597959
1770030831828792064.000000 0.677107215 -0.291895807 -0.416884750 -0.045146506 0.063082777 -0.051886454 0.995635569
1770030831928792576.000000 0.670604885 -0.270982623 -0.419221222 -0.046231132 0.062522992 -0.053885233 0.995514929
1770030831962146048.000000 0.668852925 -0.268353641 -0.420398712 -0.047599707 0.061842572 -0.053673338 0.995504379
1770030831995466752.000000 0.668642461 -0.263369858 -0.419652641 -0.048374809 0.061061770 -0.053792074 0.995508790
1770030832262128384.000000 0.643589973 -0.224748805 -0.422058403 -0.051102046 0.060418863 -0.056344185 0.995270610
1770030832295465472.000000 0.639124095 -0.222880051 -0.422733635 -0.051837705 0.060301237 -0.056498647 0.995230913
1770030832428789248.000000 0.623327732 -0.204883546 -0.423662573 -0.052293859 0.060157057 -0.057932407 0.995133340
1770030832462126848.000000 0.621639192 -0.200739130 -0.425399184 -0.052183270 0.059646331 -0.058711555 0.995124221
1770030832728797184.000000 0.588537455 -0.183855608 -0.436523348 -0.053737666 0.055669174 -0.058751490 0.995269537
1770030832995468800.000000 0.547527850 -0.176540703 -0.439084738 -0.056917731 0.055760205 -0.060151003 0.995004058
1770030833062123264.000000 0.542091429 -0.169939861 -0.439816356 -0.055478897 0.055053823 -0.060191371 0.995122194
1770030833128815872.000000 0.529257774 -0.170983434 -0.438634455 -0.056194019 0.055325970 -0.061024562 0.995016217
1770030833162129664.000000 0.527867556 -0.169059917 -0.436602324 -0.055371098 0.054584388 -0.060265224 0.995149612
1770030833428789248.000000 0.489933223 -0.180062056 -0.446254462 -0.055558849 0.051665064 -0.059412595 0.995346248
1770030833562127104.000000 0.480908573 -0.181960389 -0.452047646 -0.053101495 0.048843369 -0.057432476 0.995738983
1770030833595460608.000000 0.482598931 -0.179260746 -0.451774001 -0.051081490 0.046862680 -0.056275859 0.996005833
1770030833628795392.000000 0.482304037 -0.182126224 -0.450433612 -0.051058218 0.045594510 -0.056541789 0.996050835
1770030833728791808.000000 0.475067854 -0.186102003 -0.458129346 -0.048401888 0.042959135 -0.054073937 0.996437550
1770030833762122752.000000 0.468133867 -0.192564800 -0.458696127 -0.048711453 0.043119978 -0.053151723 0.996465147
1770030833795461888.000000 0.461306214 -0.196908072 -0.459681809 -0.048626404 0.042558253 -0.054028012 0.996446311
1770030833895460864.000000 0.443552762 -0.206976682 -0.463372350 -0.046838064 0.041584283 -0.051376577 0.996713340
1770030834028801536.000000 0.432427138 -0.209287539 -0.471103996 -0.040706974 0.037970491 -0.046605360 0.997361064
1770030834062124544.000000 0.434998065 -0.207839340 -0.471627116 -0.038446952 0.035927039 -0.046197727 0.997545421
1770030834095457024.000000 0.435899884 -0.207918361 -0.472722292 -0.036500245 0.034318671 -0.044762053 0.997740626
1770030834195459072.000000 0.424412966 -0.222464353 -0.479207754 -0.033825614 0.031741519 -0.040878635 0.998086810
1770030834228795392.000000 0.422390193 -0.220331162 -0.481656253 -0.031175811 0.030642679 -0.040037293 0.998241544
1770030834362134016.000000 0.413159311 -0.225356773 -0.489872307 -0.024148794 0.026404630 -0.034857668 0.998751521
1770030834395454464.000000 0.406588972 -0.231563911 -0.489908487 -0.023589874 0.025673456 -0.034521382 0.998795629
1770030834428796928.000000 0.401789039 -0.238486707 -0.493794203 -0.022465924 0.024938857 -0.033448339 0.998876631
1770030834462120448.000000 0.395265043 -0.243264064 -0.492843121 -0.021340840 0.024880862 -0.033066560 0.998915493
1770030834495466496.000000 0.392006457 -0.246753916 -0.495146126 -0.019839885 0.023940904 -0.031955402 0.999005556
1770030834528794880.000000 0.383619666 -0.255357504 -0.495934218 -0.019513704 0.023894280 -0.031056816 0.999041438
1770030834628809728.000000 0.369388402 -0.273664922 -0.500284076 -0.015135541 0.022381300 -0.027948527 0.999244153
1770030834662127616.000000 0.356460005 -0.280314922 -0.502094030 -0.014364156 0.023590792 -0.027819445 0.999231339
1770030834695461888.000000 0.352348655 -0.281753600 -0.501371801 -0.012521126 0.022946874 -0.027906395 0.999268711
1770030834762129408.000000 0.340980291 -0.302811980 -0.511224627 -0.010788092 0.021830926 -0.024414787 0.999405324
1770030834795456768.000000 0.335632980 -0.306953341 -0.511582017 -0.009247372 0.021049809 -0.024919949 0.999425054
1770030834928794880.000000 0.300269932 -0.339403093 -0.526832461 -0.001220023 0.020685611 -0.027143005 0.999416769
1770030834962125824.000000 0.298957527 -0.344658256 -0.528560579 0.002309560 0.019348301 -0.026874654 0.999448895
1770030834995543040.000000 0.294054270 -0.354060471 -0.530934632 0.003868678 0.018432289 -0.027168714 0.999453425
1770030835095463168.000000 0.276113689 -0.373879731 -0.543291032 0.014076660 0.014864235 -0.027131105 0.999422252
1770030835228792832.000000 0.259727091 -0.394816309 -0.556565225 0.028354309 0.007658892 -0.026383938 0.999220371
1770030835528770048.000000 0.182673305 -0.468125492 -0.535705149 0.053885855 -0.005657956 -0.023987221 0.998242915
1770030835662109184.000000 0.162158132 -0.520116329 -0.531233132 0.060743503 -0.023162652 -0.022323050 0.997634888
1770030835828777472.000000 0.096109651 -0.534125328 -0.362658650 0.073264964 -0.046269387 -0.016714167 0.996098399
1770030835962114048.000000 0.059495118 -0.591434717 -0.390867114 0.073875487 -0.061613910 -0.013881424 0.995265543
1770030836128773376.000000 0.020575698 -0.661146164 -0.418723017 0.064475507 -0.065208353 -0.000401939 0.995786428
1770030836195442176.000000 0.009606334 -0.682566702 -0.419660062 0.054646276 -0.058912497 0.001444906 0.996765316
1770030836262111488.000000 0.001748327 -0.679283977 -0.426242769 0.029892066 -0.052422866 0.002371666 0.998174727
1770030836428781824.000000 -0.050321683 -0.711648583 -0.397823006 -0.012644679 -0.038767435 -0.001193910 0.999167562
1770030836695435776.000000 -0.105886772 -0.754889369 -0.353611499 -0.043799404 -0.028377615 -0.005802431 0.998620391
1770030836862100480.000000 -0.148013890 -0.788679838 -0.345073849 -0.046027612 -0.021927522 -0.010887286 0.998640120
1770030837028774144.000000 -0.185541570 -0.831465483 -0.337139398 -0.038903832 -0.016646219 -0.013463685 0.999013603
1770030837162106368.000000 -0.204822838 -0.864462078 -0.341418624 -0.029907579 -0.013119186 -0.012498140 0.999388456
1770030837295438592.000000 -0.230927512 -0.889643312 -0.335341841 -0.021969121 -0.010221397 -0.013858015 0.999610364
1770030837462126848.000000 -0.261011600 -0.908393681 -0.343628585 -0.013447016 -0.007318431 -0.012686892 0.999802291
1770030837628805632.000000 -0.278488100 -0.926968217 -0.355852425 -0.006876962 -0.005884425 -0.010422726 0.999904752
1770030837795441152.000000 -0.297865450 -0.933507681 -0.376423299 -0.002350226 -0.004848638 -0.011773231 0.999916196
1770030838195433728.000000 -0.325310767 -0.962079823 -0.401028961 0.000852480 -0.003609921 -0.008693396 0.999955356
1770030839128779776.000000 -0.400902718 -0.922995508 -0.455261588 -0.000215510 -0.006704564 -0.018283393 0.999810338
1770030839462109696.000000 -0.439980626 -0.887059152 -0.490381002 -0.004135413 -0.005834869 -0.023082562 0.999707997
1770030839762102016.000000 -0.450409323 -0.855818033 -0.495876640 -0.009886341 -0.006984092 -0.026433248 0.999577343
1770030840095431680.000000 -0.463482678 -0.804611444 -0.499767452 -0.016112739 -0.007024977 -0.031708341 0.999342620
1770030840128763392.000000 -0.468273371 -0.799291730 -0.496009260 -0.016829109 -0.006230598 -0.032427702 0.999312997
1770030840362100480.000000 -0.475508273 -0.762972355 -0.502421439 -0.022356538 -0.005974072 -0.038195629 0.999002278
1770030840628766464.000000 -0.484986424 -0.704739571 -0.503340900 -0.025938479 -0.004319179 -0.043388184 0.998712182
1770030840795430144.000000 -0.476242393 -0.645483673 -0.500150204 -0.030757425 -0.007429545 -0.059818499 0.997707665
1770030840962099200.000000 -0.485976964 -0.595571220 -0.506037831 -0.037107781 -0.007641425 -0.111192286 0.993076503
1770030841062099968.000000 -0.489740163 -0.563278019 -0.509360492 -0.040689558 -0.007105226 -0.140354767 0.989239335
1770030841195433728.000000 -0.487902611 -0.523510396 -0.508841395 -0.045781169 -0.007996107 -0.177763149 0.982975304
1770030841295432448.000000 -0.487643450 -0.500655591 -0.512884498 -0.050444853 -0.007947864 -0.203587487 0.977724016
1770030841395428608.000000 -0.483985752 -0.465490341 -0.519156456 -0.052335452 -0.008629978 -0.228950292 0.971991897
1770030841562103808.000000 -0.482344717 -0.412030458 -0.526559711 -0.055888299 -0.008687643 -0.270441264 0.961073697
1770030841595429120.000000 -0.482511222 -0.407268941 -0.526670218 -0.057530083 -0.008620627 -0.277432084 0.958982468
1770030841628781568.000000 -0.482409298 -0.399024665 -0.528891921 -0.058569998 -0.008529239 -0.285509050 0.956546605
1770030841728789504.000000 -0.476238489 -0.373707771 -0.528840721 -0.060621444 -0.009278508 -0.306039691 0.950041413
1770030841795444992.000000 -0.473666012 -0.359741956 -0.536135614 -0.062377430 -0.009493842 -0.319067866 0.945629239
1770030841828797696.000000 -0.469584763 -0.350927413 -0.535632849 -0.062769979 -0.009722835 -0.325922549 0.943260252
1770030841895440128.000000 -0.466953367 -0.337103546 -0.536548078 -0.064247310 -0.009606568 -0.337718248 0.939002872
1770030841995439872.000000 -0.459858239 -0.312071353 -0.538908601 -0.065817274 -0.009837382 -0.353096426 0.933217168
1770030842028800256.000000 -0.458525032 -0.306383729 -0.541941702 -0.066207945 -0.009596864 -0.359466791 0.930756688
1770030842162130688.000000 -0.447658688 -0.287188232 -0.544982851 -0.069000825 -0.010094046 -0.377212316 0.923497677
1770030842328765440.000000 -0.430118650 -0.260774910 -0.550692320 -0.071328990 -0.010364777 -0.395413667 0.915670693
1770030842628771584.000000 -0.398424298 -0.227349266 -0.559524059 -0.073834568 -0.006865606 -0.421128094 0.903964877
1770030842962098688.000000 -0.350947291 -0.218198121 -0.564195573 -0.075391695 -0.006517160 -0.428553730 0.900341809
1770030843262113280.000000 -0.296728253 -0.232181221 -0.562136173 -0.074860722 -0.005633649 -0.422056049 0.903456092
1770030843528779264.000000 -0.251490951 -0.267845154 -0.558954358 -0.074370518 -0.003082069 -0.407368809 0.910225391
1770030843862087936.000000 -0.180751085 -0.327399731 -0.549401879 -0.070085682 0.002068342 -0.373894244 0.924817145
1770030844062096896.000000 -0.132675767 -0.377898484 -0.544987977 -0.065910600 0.004385508 -0.342609912 0.937152624
1770030844162099456.000000 -0.122731537 -0.405446768 -0.558304369 -0.062964357 0.009370390 -0.323608577 0.944047213
1770030844262099456.000000 -0.097034112 -0.441399455 -0.563136756 -0.059939083 0.011056582 -0.297382236 0.952811003
1770030844362090496.000000 -0.073816612 -0.466429949 -0.570976138 -0.053682763 0.014538087 -0.267337650 0.961996555
1770030844462089216.000000 -0.043636944 -0.505594134 -0.555872798 -0.051485486 0.016486306 -0.235066697 0.970474720
1770030844595422208.000000 -0.001039559 -0.538948596 -0.535845160 -0.044593435 0.017574435 -0.201658234 0.978282452
1770030844695429632.000000 0.025643259 -0.571714044 -0.541340947 -0.037172738 0.019388949 -0.185123861 0.981820464
1770030844762096896.000000 0.037363477 -0.593082309 -0.542472959 -0.030770427 0.022206571 -0.182475835 0.982477844
1770030844928755200.000000 0.074153669 -0.642336071 -0.548443317 -0.011144771 0.032418754 -0.179552928 0.983150840
1770030845062088448.000000 0.098564774 -0.676010489 -0.546607018 0.004591165 0.044643030 -0.179409817 0.982750237
1770030845195424256.000000 0.120036930 -0.707220018 -0.540522754 0.021086911 0.058803737 -0.179114923 0.981842816
1770030845328787968.000000 0.147302002 -0.743639588 -0.535835922 0.031207060 0.078427546 -0.176834330 0.980614543
1770030845462088192.000000 0.179810449 -0.783187211 -0.530535698 0.037144411 0.099450387 -0.175260752 0.978781700
1770030845595430656.000000 0.213866815 -0.819671333 -0.521257281 0.038056638 0.119210631 -0.174473971 0.976677716
1770030845728782592.000000 0.252235830 -0.865133226 -0.518686354 0.031593785 0.131698906 -0.175912708 0.975044608
1770030845895431936.000000 0.297673762 -0.912031829 -0.522206366 0.014224348 0.128494531 -0.168860719 0.977124810
1770030846062107392.000000 0.343299538 -0.927632511 -0.498706162 -0.035522759 0.104288325 -0.134962365 0.984706700
1770030846195427072.000000 0.380229533 -0.949133396 -0.487956256 -0.057336442 0.090256721 -0.113920152 0.987718821
1770030846328780544.000000 0.421166390 -0.979677379 -0.479134619 -0.073902875 0.078415394 -0.092606992 0.989855230
1770030846528750592.000000 0.473811597 -1.016987205 -0.466113389 -0.082170360 0.066199437 -0.064644203 0.992313862
1770030846695427584.000000 0.506850362 -1.026280046 -0.461332947 -0.075284988 0.059890565 -0.053638041 0.993915617
1770030846828766720.000000 0.522189081 -1.044334531 -0.465267390 -0.066474341 0.056551240 -0.049522445 0.994952619
1770030846962087424.000000 0.537654698 -1.049615741 -0.467133939 -0.051296223 0.054417029 -0.048627838 0.996013463
1770030847095421440.000000 0.550776720 -1.058800936 -0.469143808 -0.038692597 0.052692004 -0.047144242 0.996746659
1770030847195431936.000000 0.569878757 -1.081008077 -0.468902439 -0.032091785 0.051147223 -0.043089624 0.997244895
1770030847295421184.000000 0.589537382 -1.102997661 -0.467307270 -0.026878029 0.049835827 -0.040371027 0.997579157
1770030847395424000.000000 0.613465309 -1.118845940 -0.465599298 -0.021930872 0.048173413 -0.037564561 0.997891426
1770030847628790272.000000 0.653100610 -1.145780563 -0.470281333 -0.012808571 0.046295315 -0.032882709 0.998304307
1770030848028758784.000000 0.711961091 -1.159676313 -0.467661470 -0.004074436 0.046036378 -0.028274409 0.998531222
1770030848462083840.000000 0.769783139 -1.128568053 -0.463210523 -0.000051882 0.045985177 -0.026379902 0.998593748
1770030848995424512.000000 0.812995136 -1.058114529 -0.466969162 -0.000201776 0.049439225 -0.026825309 0.998416841
1770030849362090496.000000 0.817582428 -1.007128119 -0.479973882 -0.004709603 0.052623779 -0.025634158 0.998274267
1770030849628769024.000000 0.845504701 -0.953153908 -0.478028238 -0.008426859 0.052435998 -0.025334869 0.998267293
1770030849895447296.000000 0.849256575 -0.878483415 -0.483486474 -0.010724246 0.054273132 -0.028688211 0.998056352
1770030849962111488.000000 0.854558885 -0.857828259 -0.482665479 -0.011170303 0.053936392 -0.029795239 0.998037279
1770030849995502336.000000 0.856074452 -0.850389242 -0.483203202 -0.011901783 0.053990029 -0.029385893 0.998038054
1770030850195444224.000000 0.855796993 -0.802466631 -0.485099107 -0.015246241 0.055025443 -0.030871397 0.997891128
1770030850262081792.000000 0.856950641 -0.785776258 -0.485896945 -0.016545981 0.055089232 -0.031033518 0.997861862
1770030850495417600.000000 0.857026935 -0.737771213 -0.486878037 -0.021014908 0.055489328 -0.030631274 0.997768044
1770030850828776448.000000 0.856382489 -0.655359685 -0.490734011 -0.026644882 0.055100016 -0.030247498 0.997666836
1770030850995417856.000000 0.849190652 -0.614736319 -0.496393025 -0.028867546 0.055668324 -0.031119479 0.997546673
1770030851128751360.000000 0.842222273 -0.591624141 -0.501322567 -0.031997077 0.055928838 -0.032284465 0.997399569
1770030851262081024.000000 0.835972250 -0.541220963 -0.500649929 -0.031869940 0.057916936 -0.034792248 0.997205853
1770030851462091520.000000 0.822467327 -0.494588703 -0.505380929 -0.033165321 0.055974115 -0.035031073 0.997266173
1770030851528751360.000000 0.821157575 -0.489427775 -0.506470323 -0.035576347 0.054758187 -0.033533566 0.997302055
1770030851595397120.000000 0.815693974 -0.469453931 -0.505549073 -0.035746600 0.054726552 -0.036107115 0.997207820
1770030851662060032.000000 0.812234461 -0.459283739 -0.507286191 -0.036437839 0.054272469 -0.035583451 0.997226477
1770030851695409408.000000 0.806974828 -0.453643560 -0.509182274 -0.036910512 0.054437678 -0.035674818 0.997196794
1770030851962107904.000000 0.784496665 -0.406229973 -0.510045886 -0.038329937 0.053072218 -0.038013902 0.997130454
1770030851995398144.000000 0.781359911 -0.403878152 -0.511391163 -0.038946103 0.052803330 -0.037578005 0.997137368
1770030852128725760.000000 0.766196728 -0.384283036 -0.511187315 -0.039225053 0.052538052 -0.038264528 0.997114360
1770030852262059520.000000 0.749977946 -0.371792018 -0.516178071 -0.040557239 0.051666126 -0.038943019 0.997080326
1770030852362056960.000000 0.736126184 -0.362077743 -0.515241027 -0.040111728 0.050294496 -0.039259378 0.997156084
1770030852395394560.000000 0.733236551 -0.360166937 -0.515120864 -0.039954294 0.049274087 -0.039359313 0.997209370
1770030852462067968.000000 0.724796474 -0.356726289 -0.515974700 -0.040595118 0.048896573 -0.039558873 0.997194231
1770030852528726272.000000 0.716796577 -0.350775182 -0.516259551 -0.041025870 0.048787899 -0.039812330 0.997171819
1770030852595396608.000000 0.708017945 -0.347870499 -0.515715778 -0.041896466 0.049076475 -0.039492227 0.997134149
1770030852628732416.000000 0.704649448 -0.346677452 -0.516259432 -0.042049289 0.048721787 -0.039783183 0.997133553
1770030852695393536.000000 0.693778098 -0.345571041 -0.516953409 -0.042367779 0.048332024 -0.039700985 0.997142375
1770030852762057728.000000 0.684776604 -0.344938368 -0.517866373 -0.042644948 0.048232030 -0.040194798 0.997115552
1770030852828735744.000000 0.674101710 -0.346266299 -0.519024134 -0.043408688 0.048172329 -0.039538302 0.997111738
1770030852862055936.000000 0.669873297 -0.346170008 -0.518415034 -0.043246180 0.047930602 -0.039889459 0.997116446
1770030852962062336.000000 0.655766606 -0.346098959 -0.518264055 -0.043339051 0.046974465 -0.040211912 0.997144997
1770030853128732672.000000 0.627850711 -0.351431161 -0.517781258 -0.043052886 0.046223465 -0.040221807 0.997192085
1770030853295396096.000000 0.603873253 -0.362453401 -0.519199789 -0.042128459 0.044116918 -0.039011076 0.997375071
1770030853428732416.000000 0.579780042 -0.373866677 -0.517682672 -0.040965788 0.043538008 -0.039222509 0.997440636
1770030853528740608.000000 0.567979574 -0.384070456 -0.519552588 -0.040073168 0.041580152 -0.038120635 0.997603178
1770030853595441152.000000 0.555279911 -0.393857747 -0.519942403 -0.039963432 0.041064866 -0.037532784 0.997651160
1770030853728737792.000000 0.529669225 -0.414607584 -0.520931959 -0.038767077 0.039904971 -0.037490882 0.997747064
1770030853828740096.000000 0.514099002 -0.431809962 -0.519290507 -0.037798576 0.038595777 -0.036517687 0.997871816
1770030853928724736.000000 0.502054572 -0.442101032 -0.526838005 -0.034492753 0.036491312 -0.034537509 0.998141170
1770030854062056704.000000 0.485333651 -0.463607609 -0.530132771 -0.031400334 0.033604782 -0.032386415 0.998416722
1770030854128732672.000000 0.477283657 -0.472210050 -0.534863353 -0.029421510 0.032335397 -0.030780381 0.998569667
1770030854162068736.000000 0.473201394 -0.478493005 -0.535118282 -0.028649237 0.031481545 -0.030074531 0.998640895
1770030854228731648.000000 0.466123164 -0.487601161 -0.539062202 -0.025819885 0.029654691 -0.029087793 0.998803198
1770030854295408128.000000 0.450695753 -0.504965663 -0.542527080 -0.025452388 0.029280232 -0.028719774 0.998834312
1770030854362058752.000000 0.440582633 -0.517782032 -0.544825554 -0.023739917 0.028539011 -0.027231272 0.998939633
1770030854462065408.000000 0.420175433 -0.546531916 -0.550431967 -0.022308990 0.027487531 -0.025984369 0.999035299
1770030854595392512.000000 0.391156882 -0.580101609 -0.555023909 -0.018877033 0.026486561 -0.026657742 0.999115348
1770030854695406336.000000 0.372040033 -0.598073900 -0.564509392 -0.011567621 0.024644068 -0.028994096 0.999208808
1770030854795390464.000000 0.349920809 -0.620623410 -0.574501097 -0.002323475 0.022931028 -0.030084983 0.999281585
1770030855028721408.000000 0.310993224 -0.669586539 -0.591953754 0.019502124 0.012305652 -0.030738231 0.999261439
1770030855295396864.000000 0.269580424 -0.738964379 -0.595785618 0.042192124 -0.007269189 -0.030922590 0.998604417
1770030855495399424.000000 0.234944046 -0.803165257 -0.593310118 0.055959187 -0.035489067 -0.030068675 0.997349024
1770030855628736768.000000 0.196533680 -0.847401559 -0.572286963 0.061137117 -0.055001341 -0.026721710 0.996254504
1770030855728730624.000000 0.167727858 -0.893893123 -0.581741393 0.059596777 -0.065657362 -0.022300029 0.995811284
1770030855795400960.000000 0.150307894 -0.915164411 -0.570276558 0.057566598 -0.069357358 -0.017638536 0.995773315
1770030855895403776.000000 0.125030607 -0.947130144 -0.561233222 0.052094597 -0.067562357 -0.009721702 0.996306717
1770030855962056960.000000 0.115686126 -0.959969521 -0.556389093 0.042324610 -0.060803641 -0.008085824 0.997219205
1770030856028723712.000000 0.099450305 -0.965887547 -0.563215017 0.017044047 -0.053842522 -0.008723174 0.998365879
1770030856262055680.000000 0.030466503 -1.004385352 -0.520021319 -0.035574529 -0.037085783 -0.016159287 0.998547971
1770030856562053632.000000 -0.040279526 -1.064909697 -0.497811198 -0.060239624 -0.025311703 -0.023009315 0.997597635
1770030856828797184.000000 -0.091677018 -1.128834248 -0.490335763 -0.055518206 -0.017797869 -0.025006346 0.997985840
1770030857095435520.000000 -0.132310882 -1.159147263 -0.454493791 -0.038954429 -0.011796718 -0.024997558 0.998858631
1770030857395392512.000000 -0.171696454 -1.190145731 -0.510552764 -0.027176883 -0.006716034 -0.023680160 0.999327540
1770030857962053376.000000 -0.216422796 -1.208933234 -0.565742731 -0.018870579 -0.003127997 -0.025100231 0.999501944
1770030858528721920.000000 -0.235253751 -1.206111908 -0.589757562 -0.019689854 -0.002891003 -0.024635913 0.999498427
1770030859095394048.000000 -0.254589885 -1.178412080 -0.605654776 -0.026534291 -0.000668788 -0.028550215 0.999239922
1770030859662070528.000000 -0.314025253 -1.058580756 -0.645032287 -0.025263272 0.007354735 -0.050396744 0.998382628
1770030860028746240.000000 -0.262732983 -0.965662599 -0.612446785 -0.030656431 0.004945613 -0.037437614 0.998816371
1770030860295418112.000000 -0.238569409 -0.919057846 -0.614999235 -0.033100221 0.005397326 -0.036341965 0.998776495
1770030860595402752.000000 -0.206245944 -0.871745169 -0.623578668 -0.036034863 0.006104172 -0.035112049 0.998714864
1770030860662064896.000000 -0.199908987 -0.865681052 -0.626317084 -0.037312537 0.006256333 -0.034121957 0.998701334
1770030860895396352.000000 -0.172758207 -0.843200445 -0.633291364 -0.040237449 0.006349642 -0.031708930 0.998666704
1770030861195397120.000000 -0.140683949 -0.802551568 -0.625597596 -0.040744577 0.007318385 -0.034085184 0.998561203
1770030861628753152.000000 -0.094825983 -0.784573376 -0.637223840 -0.044031903 0.008408234 -0.032731127 0.998458385
1770030862062078976.000000 -0.046312056 -0.770473599 -0.622993648 -0.044796206 0.008161759 -0.031547152 0.998464525
1770030862628731648.000000 -0.000574074 -0.781958282 -0.639851034 -0.045754623 0.009506453 -0.029846415 0.998461485
1770030863295395072.000000 0.036786046 -0.811033130 -0.660742760 -0.045826230 0.011036788 -0.031601988 0.998388410
1770030864195398144.000000 0.064470135 -0.835361481 -0.681749225 -0.044715069 0.009820109 -0.034527797 0.998354673
1770030865062061312.000000 0.077348150 -0.837134838 -0.678483903 -0.045275703 0.006014802 -0.033567846 0.998392284
