1770028886.214433 0.0000000 0.0000000 0.0000000 -0.0000000 -0.0000000 -0.0000000 1.0000000
1770028886.481124 -0.0002482 -0.0011567 -0.0029408 -0.0001029 0.0003492 -0.0001976 0.9999999
1770028886.514452 0.0022968 -0.0015368 -0.0010128 0.0000066 0.0002658 -0.0006485 0.9999998
1770028891.481107 0.0186463 -0.0102699 -0.0036035 0.0020328 -0.0020932 0.0001682 0.9999957
1770028892.514437 0.0840535 -0.0062695 0.0060071 0.0032081 0.0032465 0.0008687 0.9999892
1770028892.981097 0.1243878 0.0288423 0.0138990 0.0052490 0.0092541 -0.0003555 0.9999434
1770028893.547773 0.1616926 0.0994856 0.0140175 0.0048118 0.0196776 -0.0010773 0.9997942
1770028894.014434 0.1746949 0.1445938 0.0139946 0.0006377 0.0271243 -0.0022894 0.9996293
1770028895.447853 0.1450649 0.0120452 0.0049803 0.0139741 0.0112881 0.0015945 0.9998374
1770028895.581166 0.1271122 -0.0368451 0.0005561 0.0150080 0.0111271 0.0029767 0.9998210
1770028895.681172 0.1116460 -0.0754317 -0.0019988 0.0153119 0.0108167 0.0043102 0.9998150
1770028895.947839 0.0612305 -0.1723994 -0.0086435 0.0156603 0.0101925 0.0075274 0.9997971
1770028896.014492 0.0459933 -0.1746985 -0.0075871 0.0035763 0.0098431 0.0072228 0.9999191
1770028896.247820 -0.0170413 -0.2037402 0.0141248 -0.0311422 0.0088010 0.0011936 0.9994755
1770028896.414504 -0.0519517 -0.2253137 0.0343872 -0.0418325 0.0073360 0.0003125 0.9990976
1770028896.614523 -0.0961191 -0.2538584 0.0313852 -0.0423792 0.0066243 -0.0014281 0.9990786
1770028896.847826 -0.1361699 -0.2861524 0.0241126 -0.0306158 0.0058236 0.0004087 0.9995142
1770028897.014493 -0.1601039 -0.2925768 0.0153036 -0.0235658 0.0059482 0.0012196 0.9997039
1770028897.114493 -0.1753850 -0.2872643 0.0203235 -0.0198445 0.0064333 0.0017011 0.9997810
1770028897.447817 -0.2162664 -0.2406335 0.0014517 -0.0068048 0.0043033 0.0018930 0.9999658
1770028897.581150 -0.2261162 -0.2094287 -0.0003189 -0.0043944 0.0034935 0.0023479 0.9999815
1770028897.681150 -0.2335007 -0.1836506 -0.0026190 -0.0033321 0.0029850 0.0018523 0.9999883
1770028898.214519 -0.2472954 -0.0069537 -0.0013700 -0.0019193 0.0009574 -0.0001873 0.9999977
1770028898.314523 -0.2441636 0.0229144 -0.0023431 -0.0026939 0.0005150 0.0005145 0.9999961
1770028898.447822 -0.2374143 0.0599578 -0.0019721 -0.0036933 0.0002175 0.0000358 0.9999931
1770028898.581151 -0.2296771 0.0989582 -0.0012912 -0.0047012 0.0005485 -0.0002040 0.9999888
1770028898.781159 -0.2112880 0.1430444 -0.0053458 -0.0069044 0.0010792 -0.0017987 0.9999740
1770028898.981150 -0.2074756 0.1758926 -0.0097075 -0.0118991 0.0035724 -0.0503403 0.9986549
1770028899.214483 -0.1853875 0.1936982 -0.0174340 -0.0146949 0.0058513 -0.0782037 0.9968119
1770028899.981149 -0.0235071 0.1211410 -0.0093012 0.0032442 0.0169118 -0.0355625 0.9992191
1770028900.547814 0.0945052 -0.0272633 0.0006690 0.0462127 0.0682179 -0.0290149 0.9961771
1770028900.681191 0.1317692 -0.0701739 0.0032518 0.0477381 0.0799272 -0.0261370 0.9953138
1770028900.881166 0.1840774 -0.1337477 0.0042461 0.0439877 0.0812462 -0.0255731 0.9953945
1770028900.947827 0.1996696 -0.1396911 0.0044618 0.0313457 0.0748246 -0.0225930 0.9964479
1770028901.147832 0.2553049 -0.1556133 0.0289566 -0.0131846 0.0568786 -0.0095839 0.9982481
1770028901.314490 0.3014886 -0.1720079 0.0430921 -0.0305354 0.0467328 0.0005403 0.9984404
1770028901.481159 0.3352848 -0.1847136 0.0536538 -0.0355595 0.0410057 0.0088733 0.9984866
1770028901.814496 0.4077485 -0.2257103 0.0530110 -0.0237499 0.0317123 0.0138201 0.9991193
1770028902.047834 0.4292609 -0.2203942 0.0538155 -0.0128724 0.0307386 0.0135382 0.9993529
1770028902.347851 0.4563701 -0.1891369 0.0513575 -0.0041582 0.0298224 0.0124560 0.9994690
1770028902.647820 0.4681104 -0.1161879 0.0476767 0.0020531 0.0304588 0.0083351 0.9994992
1770028902.947824 0.4649975 -0.0301676 0.0433255 0.0038393 0.0319482 0.0046206 0.9994715
1770028903.247826 0.4512532 0.0614272 0.0419650 0.0033359 0.0338821 0.0006364 0.9994201
1770028903.547827 0.4259123 0.1423147 0.0394358 0.0020239 0.0344708 -0.0027938 0.9993998
1770028903.847823 0.3927122 0.2079446 0.0386315 0.0015699 0.0338197 -0.0048355 0.9994150
1770028904.114481 0.3607436 0.2266572 0.0349359 -0.0001969 0.0315121 -0.0062890 0.9994836
1770028904.381162 0.3245735 0.2223490 0.0257511 0.0001684 0.0278706 -0.0061606 0.9995925
1770028904.614488 0.2884340 0.2002100 0.0162938 0.0033252 0.0245879 -0.0051069 0.9996791
1770028904.914484 0.2346054 0.1522208 0.0034293 0.0108040 0.0198882 -0.0031184 0.9997390
1770028905.114487 0.2022143 0.1086698 -0.0078809 0.0239845 0.0121873 -0.0008479 0.9996377
1770028905.381160 0.1613854 0.0407923 -0.0120189 0.0499571 -0.0074513 -0.0030754 0.9987189
1770028909.214525 -0.1691355 0.1970612 -0.0148293 -0.0137543 0.0064903 -0.0800307 0.9966764
1770028910.847833 0.2005043 -0.1425003 0.0064350 0.0296160 0.0743749 -0.0231553 0.9965215
1770028913.047830 0.4579434 0.0317998 0.0417105 0.0035124 0.0328538 0.0022595 0.9994515
1770028913.347885 0.4361673 0.1196401 0.0400751 0.0026010 0.0345379 -0.0017491 0.9993985
1770028915.214498 0.1731835 0.0588213 -0.0093427 0.0447850 -0.0007821 -0.0023343 0.9989936
1770028918.814499 -0.2039942 0.1828482 -0.0094079 -0.0113971 0.0030235 -0.0577248 0.9982629
1770028924.981200 0.1929024 0.0948941 -0.0086295 0.0311831 0.0079374 -0.0013799 0.9994812
1770028925.247848 0.1500605 0.0136014 -0.0198207 0.0544096 -0.0161698 -0.0039398 0.9983800
1770028925.414515 0.1149044 -0.0432194 -0.0082090 0.0632839 -0.0362113 -0.0057100 0.9973221
1770028929.381170 -0.0891007 0.1692889 -0.0137548 -0.0066507 0.0107690 -0.0480586 0.9987643
1770028929.814514 0.0060789 0.0927230 -0.0038334 0.0153712 0.0243710 -0.0340062 0.9990062
1770028930.081165 0.0574733 0.0247306 0.0016993 0.0396558 0.0491471 -0.0324041 0.9974778
1770028930.114502 0.0645767 0.0134321 -0.0006693 0.0411741 0.0529823 -0.0316553 0.9972440
1770028930.614503 0.1926805 -0.1376194 0.0033894 0.0380230 0.0774854 -0.0249898 0.9959547
1770028935.247834 0.1278910 -0.0214045 -0.0102912 0.0607370 -0.0285812 -0.0056221 0.9977287
1770028935.714492 0.0311185 -0.1778339 -0.0018552 0.0504044 -0.0421919 0.0034547 0.9978313
1770028938.081166 -0.1021818 -0.0189511 -0.0004062 -0.0015572 0.0002052 0.0006459 0.9999986
1770028938.647842 -0.0536396 0.0141340 -0.0005673 -0.0015282 0.0020557 0.0011762 0.9999961
1770028942.047862 0.0001154 -0.0019173 -0.0018754 0.0000311 -0.0000378 0.0011598 0.9999993
