1770028886214433024.000000 0.000000000 0.000000000 0.000000000 -0.000000000 -0.000000000 -0.000000000 1.000000000
1770028886481123840.000000 -0.000248171 -0.001156677 -0.002940776 -0.000102893 0.000349229 -0.000197593 0.999999940
1770028886514451968.000000 0.002296803 -0.001536788 -0.001012784 0.000006561 0.000265793 -0.000648542 0.999999762
1770028891481106432.000000 0.018646274 -0.010269897 -0.003603520 0.002032755 -0.002093202 0.000168207 0.999995708
1770028892514436608.000000 0.084053516 -0.006269501 0.006007141 0.003208071 0.003246483 0.000868750 0.999989212
1770028892981097472.000000 0.124387830 0.028842334 0.013899006 0.005249004 0.009254064 -0.000355542 0.999943376
1770028893547773184.000000 0.161692604 0.099485569 0.014017489 0.004811783 0.019677641 -0.001077323 0.999794245
1770028894014434304.000000 0.174694896 0.144593835 0.013994578 0.000637744 0.027124336 -0.002289434 0.999629259
1770028895447853312.000000 0.145064950 0.012045168 0.004980259 0.013974105 0.011288100 0.001594496 0.999837399
1770028895581165568.000000 0.127112165 -0.036845077 0.000556114 0.015007967 0.011127097 0.002976719 0.999821007
1770028895681172480.000000 0.111646004 -0.075431719 -0.001998803 0.015311860 0.010816671 0.004310192 0.999814987
1770028895947839488.000000 0.061230503 -0.172399431 -0.008643523 0.015660252 0.010192493 0.007527411 0.999797106
1770028896014491904.000000 0.045993343 -0.174698502 -0.007587114 0.003576279 0.009843125 0.007222758 0.999919116
1770028896247820288.000000 -0.017041281 -0.203740209 0.014124789 -0.031142151 0.008801010 0.001193603 0.999475479
1770028896414503680.000000 -0.051951673 -0.225313678 0.034387223 -0.041832525 0.007335962 0.000312534 0.999097645
1770028896614523136.000000 -0.096119128 -0.253858417 0.031385172 -0.042379241 0.006624347 -0.001428137 0.999078631
1770028896847825408.000000 -0.136169940 -0.286152393 0.024112606 -0.030615753 0.005823591 0.000408723 0.999514222
1770028897014492416.000000 -0.160103917 -0.292576849 0.015303607 -0.023565784 0.005948210 0.001219587 0.999703884
1770028897114493440.000000 -0.175384983 -0.287264317 0.020323483 -0.019844463 0.006433276 0.001701109 0.999780953
1770028897447817216.000000 -0.216266364 -0.240633547 0.001451690 -0.006804838 0.004303300 0.001893005 0.999965787
1770028897581149696.000000 -0.226116240 -0.209428668 -0.000318899 -0.004394382 0.003493493 0.002347944 0.999981523
1770028897681150208.000000 -0.233500734 -0.183650613 -0.002619017 -0.003332061 0.002984982 0.001852308 0.999988317
1770028898214519296.000000 -0.247295380 -0.006953674 -0.001370049 -0.001919257 0.000957381 -0.000187338 0.999997735
1770028898314522880.000000 -0.244163632 0.022914352 -0.002343125 -0.002693895 0.000514961 0.000514503 0.999996126
1770028898447821568.000000 -0.237414345 0.059957821 -0.001972056 -0.003693300 0.000217456 0.000035820 0.999993145
1770028898581150976.000000 -0.229677126 0.098958217 -0.001291247 -0.004701151 0.000548546 -0.000203999 0.999988794
1770028898781158912.000000 -0.211287960 0.143044367 -0.005345847 -0.006904383 0.001079218 -0.001798661 0.999973953
1770028898981149696.000000 -0.207475603 0.175892562 -0.009707482 -0.011899126 0.003572434 -0.050340343 0.998654902
1770028899214482944.000000 -0.185387522 0.193698198 -0.017433994 -0.014694856 0.005851279 -0.078203693 0.996811926
1770028899981148928.000000 -0.023507133 0.121141009 -0.009301169 0.003244178 0.016911844 -0.035562467 0.999219120
1770028900547814400.000000 0.094505183 -0.027263256 0.000669015 0.046212733 0.068217859 -0.029014874 0.996177137
1770028900681190656.000000 0.131769225 -0.070173889 0.003251823 0.047738094 0.079927236 -0.026136966 0.995313823
1770028900881166336.000000 0.184077412 -0.133747712 0.004246108 0.043987732 0.081246182 -0.025573056 0.995394468
1770028900947827200.000000 0.199669600 -0.139691100 0.004461751 0.031345747 0.074824564 -0.022592958 0.996447861
1770028901147832320.000000 0.255304903 -0.155613258 0.028956609 -0.013184639 0.056878630 -0.009583867 0.998248100
1770028901314489600.000000 0.301488578 -0.172007874 0.043092102 -0.030535426 0.046732809 0.000540257 0.998440444
1770028901481159424.000000 0.335284829 -0.184713557 0.053653847 -0.035559498 0.041005678 0.008873304 0.998486578
1770028901814496000.000000 0.407748520 -0.225710273 0.053011011 -0.023749938 0.031712297 0.013820130 0.999119282
1770028902047834112.000000 0.429260910 -0.220394164 0.053815458 -0.012872434 0.030738566 0.013538156 0.999352872
1770028902347850496.000000 0.456370145 -0.189136907 0.051357482 -0.004158171 0.029822361 0.012456036 0.999468982
1770028902647819776.000000 0.468110412 -0.116187856 0.047676709 0.002053104 0.030458806 0.008335137 0.999499202
1770028902947823872.000000 0.464997530 -0.030167609 0.043325547 0.003839330 0.031948175 0.004620565 0.999471486
1770028903247826432.000000 0.451253176 0.061427169 0.041964985 0.003335886 0.033882119 0.000636428 0.999420106
1770028903547827456.000000 0.425912321 0.142314687 0.039435830 0.002023916 0.034470845 -0.002793817 0.999399781
1770028903847822592.000000 0.392712206 0.207944617 0.038631525 0.001569851 0.033819750 -0.004835469 0.999415040
1770028904114480896.000000 0.360743642 0.226657197 0.034935940 -0.000196880 0.031512138 -0.006289000 0.999483585
1770028904381162496.000000 0.324573487 0.222349048 0.025751073 0.000168410 0.027870607 -0.006160581 0.999592543
1770028904614487552.000000 0.288433969 0.200209960 0.016293757 0.003325159 0.024587864 -0.005106865 0.999679089
1770028904914484224.000000 0.234605417 0.152220801 0.003429272 0.010803992 0.019888226 -0.003118352 0.999738991
1770028905114487296.000000 0.202214301 0.108669810 -0.007880930 0.023984496 0.012187338 -0.000847928 0.999637723
1770028905381159936.000000 0.161385402 0.040792268 -0.012018910 0.049957093 -0.007451279 -0.003075433 0.998718858
1770028909214524672.000000 -0.169135541 0.197061181 -0.014829348 -0.013754270 0.006490320 -0.080030732 0.996676385
1770028910847832576.000000 0.200504273 -0.142500311 0.006434970 0.029616017 0.074374929 -0.023155302 0.996521533
1770028913047829760.000000 0.457943439 0.031799767 0.041710537 0.003512421 0.032853808 0.002259457 0.999451458
1770028913347884544.000000 0.436167270 0.119640149 0.040075146 0.002601031 0.034537911 -0.001749138 0.999398470
1770028915214498048.000000 0.173183516 0.058821257 -0.009342697 0.044784959 -0.000782111 -0.002334348 0.998993635
1770028918814499072.000000 -0.203994215 0.182848245 -0.009407921 -0.011397098 0.003023501 -0.057724819 0.998262882
1770028924981200128.000000 0.192902371 0.094894134 -0.008629513 0.031183090 0.007937440 -0.001379938 0.999481201
1770028925247848192.000000 0.150060520 0.013601419 -0.019820729 0.054409560 -0.016169770 -0.003939770 0.998380005
1770028925414514944.000000 0.114904433 -0.043219425 -0.008208956 0.063283913 -0.036211282 -0.005709998 0.997322083
1770028929381169920.000000 -0.089100689 0.169288903 -0.013754830 -0.006650686 0.010768967 -0.048058566 0.998764336
1770028929814513664.000000 0.006078942 0.092722960 -0.003833416 0.015371196 0.024371026 -0.034006163 0.999006212
1770028930081164544.000000 0.057473324 0.024730599 0.001699326 0.039655797 0.049147118 -0.032404125 0.997477829
1770028930114501632.000000 0.064576685 0.013432090 -0.000669288 0.041174091 0.052982345 -0.031655267 0.997244000
1770028930614502912.000000 0.192680508 -0.137619391 0.003389369 0.038023029 0.077485450 -0.024989808 0.995954692
1770028935247834112.000000 0.127890989 -0.021404458 -0.010291219 0.060736977 -0.028581154 -0.005622070 0.997728705
1770028935714491904.000000 0.031118467 -0.177833915 -0.001855165 0.050404448 -0.042191938 0.003454738 0.997831285
1770028938081165824.000000 -0.102181822 -0.018951068 -0.000406185 -0.001557184 0.000205241 0.000645939 0.999998569
1770028938647841792.000000 -0.053639583 0.014134004 -0.000567273 -0.001528198 0.002055706 0.001176214 0.999996066
1770028942047861760.000000 0.000115384 -0.001917253 -0.001875445 0.000031089 -0.000037837 0.001159754 0.999999344
