1769787293.574445 0.0000000 0.0000000 0.0000000 -0.0000000 -0.0000000 -0.0000000 1.0000000
1769787293.641111 0.0000646 0.0001123 0.0008906 -0.0002628 -0.0001654 -0.0009193 0.9999996
1769787293.674445 0.0000388 0.0001774 0.0007463 -0.0002649 -0.0001353 -0.0010503 0.9999994
1769787293.741111 0.0000977 0.0003380 0.0012302 -0.0007125 -0.0005787 -0.0022231 0.9999971
1769787293.874444 0.0001063 0.0001176 0.0013104 -0.0008318 -0.0004821 -0.0020615 0.9999974
1769787294.007777 0.0001098 0.0000438 0.0010920 -0.0009072 -0.0002882 -0.0016646 0.9999982
1769787294.441111 0.0000484 0.0002038 0.0009607 -0.0006960 -0.0004444 -0.0021825 0.9999973
1769787294.607778 0.0000124 0.0000774 0.0009319 -0.0007952 -0.0004097 -0.0022255 0.9999971
1769787294.874444 0.0001015 0.0000379 0.0012517 -0.0010313 -0.0006551 -0.0030356 0.9999947
1769787297.974453 0.0049082 0.0000434 0.0082177 0.0022452 0.0025328 -0.0075887 0.9999655
1769787298.041120 0.0001948 0.0005163 0.0014673 0.0032965 0.0053942 -0.0108855 0.9999208
1769787298.207787 0.0016092 0.0004388 0.0071051 0.0019139 0.0074487 -0.0124673 0.9998927
1769787298.641120 -0.0004507 0.0003742 0.0010768 0.0050489 0.0140804 -0.0125641 0.9998092
1769787299.107786 -0.0007885 0.0006201 0.0010154 0.0055538 0.0227152 -0.0144486 0.9996222
1769787300.907785 -0.0065460 -0.0025352 -0.0012294 -0.0236587 0.0691189 -0.0116639 0.9972597
1769787301.174452 -0.0060072 -0.0049524 0.0012032 -0.0342209 0.0736459 -0.0111984 0.9966342
1769787301.241118 -0.0065316 -0.0055914 0.0013970 -0.0370275 0.0754971 -0.0103785 0.9964043
1769787301.907784 -0.0078740 -0.0092910 0.0012116 -0.0590426 0.0816375 -0.0055497 0.9948962
1769787301.974450 -0.0080116 -0.0095703 0.0006925 -0.0604734 0.0815039 -0.0052789 0.9948227
1769787302.241118 -0.0078896 -0.0103472 0.0020028 -0.0646631 0.0799624 -0.0040738 0.9946900
1769787302.307784 -0.0081556 -0.0095927 -0.0007372 -0.0648410 0.0791624 -0.0030990 0.9947459
1769787302.741117 -0.0066379 -0.0102979 0.0019545 -0.0618120 0.0711297 -0.0034426 0.9955441
1769787302.874451 -0.0065771 -0.0095289 0.0008122 -0.0585796 0.0680841 -0.0036341 0.9959517
1769787302.941117 -0.0064751 -0.0089235 0.0003767 -0.0560925 0.0658800 -0.0050185 0.9962370
1769787303.107784 -0.0053001 -0.0083004 0.0003097 -0.0503635 0.0605939 -0.0045019 0.9968809
1769787303.174450 -0.0051970 -0.0076470 -0.0006296 -0.0470990 0.0583075 -0.0058403 0.9971699
1769787303.307784 -0.0043584 -0.0068484 0.0002940 -0.0404932 0.0537829 -0.0056512 0.9977153
1769787303.441150 -0.0035601 -0.0056861 -0.0000858 -0.0328810 0.0486574 -0.0071182 0.9982488
1769787303.607818 -0.0024374 -0.0041263 -0.0010856 -0.0224843 0.0410567 -0.0077066 0.9988741
1769787303.641150 -0.0022557 -0.0041375 -0.0013761 -0.0202341 0.0398542 -0.0091326 0.9989589
1769787303.707817 -0.0019888 -0.0035670 -0.0009693 -0.0152467 0.0373502 -0.0109013 0.9991264
1769787303.741151 -0.0016602 -0.0034032 -0.0009615 -0.0124484 0.0357522 -0.0106741 0.9992262
1769787303.774484 -0.0015122 -0.0031043 -0.0011625 -0.0095189 0.0342034 -0.0128530 0.9992869
1769787303.841150 -0.0012548 -0.0029876 -0.0008720 -0.0040570 0.0314741 -0.0138874 0.9993998
1769787303.874485 -0.0012681 -0.0028882 -0.0004527 -0.0016064 0.0299867 -0.0148815 0.9994382
1769787304.074484 -0.0006320 -0.0013176 -0.0009373 0.0193281 0.0202363 -0.0176500 0.9994526
1769787304.107817 -0.0008488 -0.0013167 -0.0008207 0.0220150 0.0184984 -0.0177430 0.9994290
1769787304.141150 -0.0003890 -0.0007008 -0.0010175 0.0262043 0.0145975 -0.0180935 0.9993863
1769787304.241150 -0.0004822 -0.0003656 -0.0006833 0.0363004 0.0065058 -0.0171085 0.9991733
1769787304.307817 -0.0002176 0.0003987 -0.0003807 0.0423598 -0.0014132 -0.0175558 0.9989471
1769787304.341150 -0.0002264 0.0003926 -0.0007735 0.0451507 -0.0045532 -0.0196968 0.9987756
1769787304.374484 -0.0001075 0.0006223 -0.0006897 0.0474649 -0.0086864 -0.0189688 0.9986550
1769787304.407817 -0.0001718 0.0012490 -0.0002428 0.0509062 -0.0114414 -0.0182006 0.9984720
1769787304.441150 -0.0000216 0.0009671 -0.0002973 0.0516098 -0.0152455 -0.0191713 0.9983669
1769787304.474483 0.0002221 0.0008457 0.0001324 0.0526986 -0.0190323 -0.0189806 0.9982487
1769787304.507816 0.0002464 0.0007417 0.0003891 0.0538778 -0.0222333 -0.0179517 0.9981386
1769787304.574484 0.0002001 0.0014475 0.0000797 0.0566247 -0.0258507 -0.0130852 0.9979751
1769787304.674484 0.0001554 0.0020816 -0.0000490 0.0582277 -0.0264270 -0.0043468 0.9979440
1769787304.741150 0.0006964 0.0023145 0.0009778 0.0481199 -0.0246138 -0.0034401 0.9985324
1769787304.907816 0.0007730 0.0027111 0.0019384 0.0207440 -0.0219886 -0.0034752 0.9995369
1769787305.007816 0.0011994 0.0029950 0.0018900 0.0133762 -0.0220896 -0.0044280 0.9996567
1769787305.107816 0.0017167 0.0037632 0.0027340 0.0110604 -0.0237368 -0.0041166 0.9996486
1769787305.207817 0.0022108 0.0046863 0.0010290 0.0124202 -0.0254662 -0.0053866 0.9995840
1769787305.241149 0.0024551 0.0045887 0.0013787 0.0136328 -0.0261460 -0.0051931 0.9995517
1769787305.274484 0.0023094 0.0050543 0.0007838 0.0154242 -0.0263895 -0.0061257 0.9995140
1769787305.341149 0.0023647 0.0054358 -0.0000566 0.0188930 -0.0268995 -0.0039833 0.9994516
1769787305.441150 0.0019838 0.0052736 -0.0033658 0.0273407 -0.0276526 -0.0028547 0.9992396
1769787305.474483 0.0019701 0.0051615 -0.0030317 0.0295594 -0.0275000 -0.0025022 0.9991816
1769787305.541150 0.0021277 0.0054321 -0.0031163 0.0356579 -0.0282213 -0.0021795 0.9989631
1769787305.574483 0.0021701 0.0056482 -0.0031056 0.0392321 -0.0281193 -0.0021765 0.9988320
1769787305.641149 0.0022489 0.0056833 -0.0029810 0.0443795 -0.0282751 -0.0024490 0.9986116
1769787305.741149 0.0022938 0.0059685 -0.0027952 0.0515510 -0.0282854 -0.0008791 0.9982694
1769787305.774483 0.0023721 0.0058829 -0.0026108 0.0533373 -0.0286511 -0.0010180 0.9981650
1769787306.441149 0.0025040 0.0066567 -0.0023914 0.0751434 -0.0336886 0.0050878 0.9965906
1769787306.541149 0.0023856 0.0068675 -0.0027425 0.0762146 -0.0352506 0.0060294 0.9964499
1769787306.741150 0.0027128 0.0065962 -0.0021498 0.0754219 -0.0383042 0.0067967 0.9963925
1769787307.041148 0.0028591 0.0061504 -0.0027515 0.0717323 -0.0423353 0.0078414 0.9964942
1769787307.074482 0.0028637 0.0060398 -0.0029969 0.0707943 -0.0426436 0.0093848 0.9965348
1769787307.174482 0.0032520 0.0054784 -0.0030279 0.0677973 -0.0449564 0.0083988 0.9966503
1769787307.307815 0.0032655 0.0058069 -0.0042355 0.0649874 -0.0468463 0.0089089 0.9967461
1769787307.407815 0.0030820 0.0056450 -0.0044879 0.0623956 -0.0479883 0.0095108 0.9968518
1769787307.741149 0.0044283 0.0039125 -0.0065578 0.0470575 -0.0519077 0.0037902 0.9975353
1769787307.841148 0.0044990 0.0031146 -0.0064946 0.0406016 -0.0537580 0.0049298 0.9977160
1769787307.874482 0.0043692 0.0029502 -0.0065935 0.0392046 -0.0533202 0.0039044 0.9978000
1769787308.174481 0.0048263 0.0000816 -0.0069270 0.0196493 -0.0554983 0.0031287 0.9982605
1769787308.307815 0.0049249 -0.0011437 -0.0070216 0.0097471 -0.0563058 0.0024297 0.9983631
1769787308.507815 0.0050402 -0.0033603 -0.0077915 -0.0043323 -0.0570441 0.0031920 0.9983572
1769787308.674481 0.0050569 -0.0051520 -0.0078797 -0.0156562 -0.0581130 -0.0321661 0.9976689
1769787308.774482 0.0052006 -0.0062984 -0.0082321 -0.0220647 -0.0598080 -0.0706752 0.9954603
1769787308.841147 0.0050458 -0.0070415 -0.0084054 -0.0251387 -0.0613228 -0.0930218 0.9934558
1769787308.874482 0.0056797 -0.0069732 -0.0065168 -0.0267589 -0.0620398 -0.1062471 0.9920416
1769787308.907814 0.0054181 -0.0078411 -0.0072458 -0.0294630 -0.0623117 -0.1158535 0.9908719
1769787308.941148 0.0054277 -0.0080814 -0.0072444 -0.0315377 -0.0627852 -0.1280706 0.9892732
1769787309.274482 0.0057131 -0.0117025 -0.0072456 -0.0489140 -0.0682237 -0.2313536 0.9692412
1769787309.307814 0.0058848 -0.0121136 -0.0070542 -0.0503848 -0.0691812 -0.2399742 0.9669994
1769787309.341146 0.0061997 -0.0128029 -0.0070717 -0.0519706 -0.0700275 -0.2495641 0.9644237
1769787309.507813 0.0059058 -0.0142173 -0.0067945 -0.0591293 -0.0717845 -0.2879361 0.9531231
1769787309.607815 0.0055747 -0.0149651 -0.0072273 -0.0640737 -0.0726502 -0.3105021 0.9456241
1769787309.674480 0.0055707 -0.0156472 -0.0077271 -0.0664002 -0.0735470 -0.3233228 0.9410867
1769787309.707814 0.0056116 -0.0161241 -0.0075966 -0.0675049 -0.0745158 -0.3290719 0.9389367
1769787309.874481 0.0051594 -0.0169162 -0.0081430 -0.0736343 -0.0742571 -0.3561622 0.9285539
1769787310.007813 0.0047403 -0.0174866 -0.0075224 -0.0769867 -0.0734945 -0.3731905 0.9216293
1769787310.107813 0.0044402 -0.0178851 -0.0071204 -0.0796696 -0.0721086 -0.3827626 0.9175761
1769787310.241147 0.0041300 -0.0182233 -0.0075432 -0.0826912 -0.0699348 -0.3928324 0.9132108
1769787310.274481 0.0041532 -0.0184082 -0.0074586 -0.0836086 -0.0696715 -0.3946580 0.9123599
1769787310.341146 0.0038880 -0.0184099 -0.0071368 -0.0848234 -0.0686581 -0.3970710 0.9112769
1769787310.374480 0.0035669 -0.0183801 -0.0074482 -0.0854032 -0.0676946 -0.3974573 0.9111264
1769787310.507813 0.0031960 -0.0182292 -0.0068110 -0.0868247 -0.0642047 -0.3991389 0.9105094
1769787310.541147 0.0028507 -0.0182584 -0.0073590 -0.0872117 -0.0627495 -0.3987983 0.9107231
1769787310.974478 0.0012183 -0.0174030 -0.0041839 -0.0879631 -0.0419837 -0.3753502 0.9217440
1769787311.041145 0.0020374 -0.0176689 0.0010358 -0.0877881 -0.0387903 -0.3687490 0.9245608
1769787311.107811 0.0016884 -0.0177080 0.0006808 -0.0868247 -0.0345568 -0.3620272 0.9274716
1769787311.241146 0.0001336 -0.0162752 0.0003190 -0.0826661 -0.0231458 -0.3417798 0.9358510
1769787311.274479 0.0001852 -0.0160348 0.0003790 -0.0818068 -0.0213412 -0.3355001 0.9382387
1769787311.307811 0.0003107 -0.0158159 0.0009197 -0.0813968 -0.0192004 -0.3301514 0.9402159
1769787311.374478 -0.0000997 -0.0153948 0.0013299 -0.0789418 -0.0139072 -0.3142615 0.9459463
1769787311.441145 -0.0005500 -0.0147135 0.0017773 -0.0759118 -0.0075689 -0.2975134 0.9516648
1769787311.507812 -0.0013476 -0.0136621 0.0012194 -0.0723448 -0.0012901 -0.2758295 0.9584794
1769787311.541145 -0.0012943 -0.0133846 0.0015302 -0.0708042 0.0015472 -0.2668660 0.9611279
1769787311.574478 -0.0016523 -0.0128626 0.0013614 -0.0682719 0.0051954 -0.2518154 0.9653502
1769787311.641145 -0.0022045 -0.0117694 0.0013305 -0.0636112 0.0115153 -0.2296614 0.9711213
1769787311.674479 -0.0021964 -0.0116784 0.0021727 -0.0618138 0.0142802 -0.2176268 0.9739681
1769787311.707812 -0.0024390 -0.0115655 0.0020540 -0.0601181 0.0170330 -0.2089846 0.9759207
1769787311.741144 -0.0027883 -0.0110571 0.0016531 -0.0574789 0.0198499 -0.1991077 0.9780891
1769787311.774479 -0.0032210 -0.0104024 0.0010760 -0.0546823 0.0221838 -0.1884519 0.9803079
1769787311.807811 -0.0032510 -0.0107736 0.0021208 -0.0528124 0.0253694 -0.1804110 0.9818448
1769787311.841144 -0.0034676 -0.0100285 0.0019456 -0.0494764 0.0282939 -0.1733957 0.9832017
1769787311.941145 -0.0038103 -0.0096586 0.0024727 -0.0407375 0.0340539 -0.1663215 0.9846410
1769787311.974478 -0.0038436 -0.0094264 0.0018956 -0.0366240 0.0358097 -0.1678211 0.9844859
1769787312.007811 -0.0039652 -0.0088161 0.0015961 -0.0325717 0.0386828 -0.1674054 0.9845904
1769787312.041144 -0.0046678 -0.0083597 0.0021617 -0.0288204 0.0423653 -0.1676357 0.9845166
1769787312.074478 -0.0040164 -0.0086283 0.0036014 -0.0255011 0.0451165 -0.1665385 0.9846721
1769787312.107811 -0.0037913 -0.0088909 0.0042035 -0.0214511 0.0489132 -0.1658163 0.9847093
1769787312.141144 -0.0040646 -0.0084998 0.0038748 -0.0183667 0.0516925 -0.1671374 0.9844062
1769787312.174478 -0.0038171 -0.0085595 0.0045155 -0.0141763 0.0559909 -0.1675475 0.9841707
1769787312.207812 -0.0044468 -0.0084204 0.0037392 -0.0119091 0.0592969 -0.1669469 0.9841091
1769787312.241146 -0.0033750 -0.0083866 0.0053172 -0.0080661 0.0611120 -0.1702641 0.9834685
1769787312.274479 -0.0045618 -0.0077923 0.0041232 -0.0030395 0.0659995 -0.1680658 0.9835592
1769787312.307811 -0.0044284 -0.0072165 0.0039987 0.0011620 0.0698984 -0.1696861 0.9830155
1769787312.341144 -0.0041266 -0.0073922 0.0047470 0.0046407 0.0729844 -0.1699096 0.9827423
1769787312.374478 -0.0043422 -0.0073711 0.0049138 0.0069265 0.0777896 -0.1702145 0.9823074
1769787312.407811 -0.0043022 -0.0073165 0.0050012 0.0082318 0.0827814 -0.1719993 0.9815782
1769787312.441144 -0.0041670 -0.0073361 0.0052633 0.0099047 0.0858933 -0.1727248 0.9811679
1769787312.474477 -0.0037699 -0.0074856 0.0056497 0.0108362 0.0902933 -0.1741594 0.9805092
1769787312.574478 -0.0035435 -0.0072585 0.0060435 0.0140054 0.1036298 -0.1796152 0.9781631
1769787312.674478 -0.0036597 -0.0065348 0.0065689 0.0176396 0.1168413 -0.1838481 0.9758262
1769787312.707811 -0.0034965 -0.0062255 0.0068969 0.0180665 0.1200892 -0.1873769 0.9747523
1769787312.874478 -0.0036827 -0.0050148 0.0084598 0.0173543 0.1276086 -0.1860227 0.9740691
1769787313.007811 -0.0046152 -0.0045490 0.0089043 -0.0082550 0.1198782 -0.1559646 0.9804265
1769787313.041144 -0.0051718 -0.0042620 0.0063594 -0.0117662 0.1182918 -0.1497219 0.9815559
1769787313.141144 -0.0048105 -0.0034015 0.0094007 -0.0173702 0.1156620 -0.1359689 0.9837850
1769787313.207811 -0.0045093 -0.0036718 0.0112146 -0.0203272 0.1151593 -0.1215201 0.9856764
1769787313.241145 -0.0036059 -0.0029024 0.0133947 -0.0216388 0.1147528 -0.1176154 0.9861695
1769787313.274478 -0.0059352 -0.0024144 0.0097361 -0.0201487 0.1149135 -0.1109953 0.9869493
1769787313.341143 -0.0050409 -0.0026880 0.0116969 -0.0196535 0.1145957 -0.1047871 0.9876747
1769787313.374478 -0.0049393 -0.0030100 0.0131794 -0.0182948 0.1156474 -0.1000263 0.9880717
1769787313.407811 -0.0056060 -0.0016039 0.0110551 -0.0165843 0.1154456 -0.0982442 0.9883043
1769787313.507810 -0.0061952 -0.0007885 0.0119028 -0.0108938 0.1165705 -0.0909830 0.9889463
1769787313.674477 -0.0059734 -0.0004811 0.0131299 0.0026113 0.1176111 -0.0807507 0.9897677
1769787314.074477 -0.0054416 0.0001004 0.0146574 0.0304955 0.1215699 -0.0815078 0.9887605
1769787314.107810 -0.0053363 0.0000097 0.0153160 0.0327895 0.1220626 -0.0784690 0.9888722
1769787314.707810 -0.0058564 0.0006538 0.0167154 0.0488854 0.1337774 -0.0760205 0.9868813
1769787315.007810 -0.0068234 0.0009165 0.0156631 0.0491593 0.1386897 -0.0716523 0.9865164
1769787315.074476 -0.0064310 0.0002426 0.0166769 0.0474790 0.1400858 -0.0718791 0.9863849
1769787315.141142 -0.0068375 0.0006059 0.0163440 0.0458352 0.1413238 -0.0738647 0.9861393
1769787315.341142 -0.0072521 0.0000484 0.0153396 0.0416429 0.1446597 -0.0725180 0.9859415
1769787315.741142 -0.0091250 -0.0004819 0.0137620 0.0327199 0.1515289 -0.0601024 0.9860812
1769787316.141141 -0.0104896 -0.0022571 0.0105655 0.0098438 0.1552384 -0.0622432 0.9858651
1769787316.174476 -0.0098524 -0.0022659 0.0129823 0.0070983 0.1551172 -0.0641615 0.9857848
1769787316.207809 -0.0113188 -0.0030580 0.0107152 0.0052966 0.1564651 -0.0612967 0.9857654
1769787316.341141 -0.0082664 -0.0039892 0.0162434 -0.0042417 0.1572842 -0.0597543 0.9857348
1769787316.374475 -0.0110680 -0.0043025 0.0118839 -0.0069648 0.1579369 -0.0600212 0.9855987
1769787316.441142 -0.0065169 -0.0039111 0.0189188 -0.0120387 0.1581171 -0.0595932 0.9855469
1769787316.474475 -0.0106577 -0.0058249 0.0132845 -0.0140653 0.1603101 -0.0531501 0.9855343
1769787316.507808 -0.0102625 -0.0056926 0.0136856 -0.0169112 0.1597644 -0.0536057 0.9855536
1769787316.574475 -0.0103668 -0.0059453 0.0135948 -0.0222490 0.1588390 -0.0578122 0.9853593
1769787316.607810 -0.0110225 -0.0062632 0.0126861 -0.0249881 0.1594471 -0.0565084 0.9852710
1769787316.674475 -0.0114790 -0.0068040 0.0122352 -0.0291801 0.1600207 -0.0547886 0.9851599
1769787316.807808 -0.0129460 -0.0080140 0.0098401 -0.0393678 0.1597642 -0.0557363 0.9847939
1769787316.841141 -0.0012046 -0.0048489 0.0028730 -0.0403897 0.1562845 -0.0486852 0.9856843
1769787317.241141 -0.0129859 -0.0096483 0.0107250 -0.0704194 0.1593736 -0.0427286 0.9837762
1769787317.441141 -0.0105344 -0.0104713 0.0011859 -0.0819042 0.1591958 -0.0397674 0.9830397
1769787318.241169 -0.0146476 -0.0064870 0.0087378 -0.1143370 0.1402476 -0.0357963 0.9828409
1769787318.274505 -0.0150486 -0.0069171 0.0087023 -0.1149090 0.1400096 -0.0354814 0.9828196
1769787318.374503 -0.0184394 -0.0067223 0.0069717 -0.1160453 0.1374913 -0.0379402 0.9829497
1769787318.707836 -0.0159087 -0.0075455 0.0017278 -0.1185251 0.1257860 -0.0347625 0.9843380
1769787319.007837 -0.0154179 -0.0074844 0.0054377 -0.1150512 0.1145330 -0.0361792 0.9860713
1769787319.241168 -0.0148635 -0.0074590 0.0057314 -0.1087573 0.1056892 -0.0344455 0.9878336
1769787319.274503 -0.0145221 -0.0071844 0.0052982 -0.1079718 0.1038085 -0.0376484 0.9880023
1769787319.307836 -0.0145618 -0.0072388 0.0056245 -0.1057706 0.1025691 -0.0349087 0.9884703
1769787319.407835 -0.0138737 -0.0068691 0.0061772 -0.1019303 0.0983547 -0.0328523 0.9893722
1769787319.474501 -0.0141527 -0.0081124 0.0047669 -0.0987766 0.0956002 -0.0330252 0.9899561
1769787319.574502 -0.0151054 -0.0066713 0.0014143 -0.0929137 0.0910746 -0.0317722 0.9909909
1769787319.607836 -0.0132975 -0.0062669 0.0049863 -0.0911731 0.0897720 -0.0315454 0.9912786
1769787319.707836 -0.0138777 -0.0059974 0.0021151 -0.0860737 0.0844559 -0.0332857 0.9921445
1769787319.741168 -0.0126841 -0.0055797 0.0041510 -0.0843548 0.0830147 -0.0321231 0.9924520
1769787319.841168 -0.0116088 -0.0053774 0.0052433 -0.0788716 0.0784355 -0.0318696 0.9932832
1769787319.874503 -0.0111079 -0.0051279 0.0054518 -0.0768098 0.0767557 -0.0336508 0.9935172
1769787320.007835 -0.0101672 -0.0037284 0.0042546 -0.0671575 0.0693240 -0.0351315 0.9947110
1769787320.041168 -0.0106668 -0.0041329 0.0047552 -0.0649426 0.0688435 -0.0327055 0.9949741
1769787320.074502 -0.0096783 -0.0031100 0.0076739 -0.0626976 0.0681445 -0.0331443 0.9951516
1769787320.107835 -0.0099602 -0.0030672 0.0046943 -0.0605615 0.0661273 -0.0343323 0.9953797
1769787320.141167 -0.0101191 -0.0033672 0.0050017 -0.0591372 0.0656771 -0.0348683 0.9954765
1769787320.174502 -0.0094580 -0.0036930 0.0051909 -0.0575620 0.0637767 -0.0374303 0.9955994
1769787320.207836 -0.0093925 -0.0030034 0.0051589 -0.0529817 0.0627482 -0.0383240 0.9958850
1769787320.307836 -0.0084131 -0.0032787 0.0074623 -0.0436267 0.0575926 -0.0402586 0.9965737
1769787320.407835 -0.0083609 -0.0023398 0.0066136 -0.0324616 0.0518478 -0.0402745 0.9973145
1769787320.474501 -0.0078646 -0.0025908 0.0071056 -0.0270672 0.0475798 -0.0409474 0.9976607
1769787320.507836 -0.0076391 -0.0023813 0.0074079 -0.0243821 0.0458223 -0.0409854 0.9978107
1769787320.607836 -0.0075361 -0.0012031 0.0065477 -0.0118307 0.0401597 -0.0407249 0.9982929
1769787320.641168 -0.0075423 -0.0009487 0.0067577 -0.0084826 0.0380931 -0.0423476 0.9983405
1769787320.674501 -0.0075189 -0.0011106 0.0067556 -0.0058967 0.0354266 -0.0427752 0.9984390
1769787320.707835 -0.0072408 -0.0006386 0.0071179 -0.0017212 0.0316987 -0.0435192 0.9985482
1769787320.741167 -0.0067216 -0.0005405 0.0078467 0.0012203 0.0278478 -0.0402154 0.9988022
1769787320.874502 -0.0065614 0.0005908 0.0077993 0.0148665 0.0117444 -0.0394764 0.9990409
1769787320.907834 -0.0068080 0.0012950 0.0071744 0.0187376 0.0082002 -0.0385531 0.9990472
1769787320.941168 -0.0065834 0.0008829 0.0079947 0.0211538 0.0031179 -0.0358860 0.9991271
1769787321.041167 -0.0053773 0.0015639 0.0091531 0.0282721 -0.0096742 -0.0321024 0.9990378
1769787321.074502 -0.0058521 0.0018887 0.0090610 0.0295162 -0.0119009 -0.0302121 0.9990367
1769787321.174501 -0.0057944 0.0019039 0.0086351 0.0322369 -0.0166786 -0.0156586 0.9992184
1769787321.207834 -0.0051075 0.0020577 0.0096725 0.0332101 -0.0187798 -0.0110620 0.9992107
1769787321.274503 -0.0046655 0.0024489 0.0110016 0.0276097 -0.0147639 -0.0104391 0.9994552
1769787321.574501 -0.0022681 0.0025062 0.0141984 -0.0139591 -0.0116290 -0.0154556 0.9997155
1769787321.674501 -0.0046976 0.0026611 0.0097000 -0.0150685 -0.0112247 -0.0163013 0.9996905
1769787321.707835 -0.0034180 0.0021515 0.0112470 -0.0154433 -0.0124459 -0.0154799 0.9996834
1769787321.741167 -0.0035761 0.0026408 0.0110826 -0.0138100 -0.0126423 -0.0166535 0.9996860
1769787321.807834 -0.0040423 0.0025453 0.0091965 -0.0111414 -0.0123615 -0.0158820 0.9997354
1769787321.941168 -0.0061488 0.0015603 0.0043207 -0.0027257 -0.0127852 -0.0144883 0.9998096
1769787321.974501 -0.0097030 0.0006989 -0.0021944 0.0009034 -0.0115799 -0.0138834 0.9998362
1769787322.041167 -0.0093338 0.0010229 -0.0022392 0.0063134 -0.0119389 -0.0152427 0.9997926
1769787322.074501 -0.0097257 0.0011524 -0.0019282 0.0101210 -0.0107706 -0.0129991 0.9998063
1769787322.141166 -0.0090605 0.0010991 -0.0019983 0.0136947 -0.0120039 -0.0148620 0.9997237
1769787322.407834 -0.0092969 0.0016204 -0.0018427 0.0260109 -0.0117856 -0.0154329 0.9994730
1769787322.441167 -0.0092989 0.0016993 -0.0013895 0.0275182 -0.0114344 -0.0156254 0.9994338
1769787323.274502 -0.0088116 0.0015961 -0.0012588 0.0362299 -0.0192273 -0.0104915 0.9991034
1769787323.307834 -0.0086275 0.0014841 -0.0015642 0.0359071 -0.0201195 -0.0105442 0.9990970
1769787323.374500 -0.0087753 0.0014680 -0.0021532 0.0351057 -0.0209100 -0.0113732 0.9991001
1769787323.441167 -0.0087445 0.0012161 -0.0015477 0.0336106 -0.0219568 -0.0100971 0.9991428
1769787323.607834 -0.0086158 0.0011933 -0.0021759 0.0308670 -0.0235755 -0.0091615 0.9992034
1769787323.741165 -0.0085700 0.0007823 -0.0013610 0.0275146 -0.0251488 -0.0096038 0.9992589
1769787323.874500 -0.0082381 0.0003088 -0.0010082 0.0230135 -0.0269322 -0.0085213 0.9993360
1769787323.941166 -0.0083593 0.0004093 -0.0025734 0.0203869 -0.0277572 -0.0070105 0.9993822
1769787324.041166 -0.0081256 0.0005271 -0.0039703 0.0165961 -0.0295483 -0.0112799 0.9993619
1769787324.274501 -0.0080628 -0.0009920 -0.0034176 0.0046451 -0.0307424 -0.0130543 0.9994313
1769787324.307833 -0.0080726 -0.0013204 -0.0042104 0.0028227 -0.0317656 -0.0105580 0.9994356
1769787324.341166 -0.0081014 -0.0013627 -0.0038467 0.0017315 -0.0313124 -0.0128552 0.9994255
1769787324.674500 -0.0071389 -0.0043062 -0.0065290 -0.0217162 -0.0345224 -0.0144587 0.9990634
1769787324.841165 -0.0079044 -0.0058312 -0.0053873 -0.0331790 -0.0337245 -0.0081601 0.9988470
1769787324.874500 -0.0078230 -0.0062192 -0.0070542 -0.0353848 -0.0342457 -0.0097397 0.9987394
1769787324.907831 -0.0074942 -0.0067870 -0.0064638 -0.0378415 -0.0346264 -0.0092859 0.9986405
1769787325.007833 -0.0073274 -0.0067941 -0.0088382 -0.0444167 -0.0345344 -0.0126307 0.9983361
1769787325.041165 -0.0077548 -0.0087089 -0.0073353 -0.0471828 -0.0343646 -0.0118821 0.9982243
1769787325.074499 -0.0077724 -0.0083397 -0.0061463 -0.0493077 -0.0348295 -0.0229663 0.9979119
1769787325.141165 -0.0076509 -0.0091829 -0.0056741 -0.0537360 -0.0377615 -0.0464221 0.9967605
1769787325.174499 -0.0072745 -0.0095728 -0.0054288 -0.0564605 -0.0396590 -0.0617191 0.9957058
1769787325.374499 -0.0074527 -0.0124492 -0.0051340 -0.0715332 -0.0444282 -0.1309179 0.9878106
1769787325.441169 -0.0075154 -0.0127611 -0.0074927 -0.0755435 -0.0462210 -0.1538533 0.9841169
1769787325.541169 -0.0073153 -0.0150685 -0.0041947 -0.0820749 -0.0488461 -0.1883715 0.9774426
1769787325.574502 -0.0071735 -0.0150148 -0.0052082 -0.0837426 -0.0503958 -0.1982004 0.9752764
1769787325.607836 -0.0070383 -0.0154982 -0.0038801 -0.0854449 -0.0521939 -0.2103194 0.9724920
1769787325.807835 -0.0076131 -0.0186081 -0.0048873 -0.0968594 -0.0574641 -0.2675430 0.9569414
1769787325.841168 -0.0072574 -0.0186140 -0.0064654 -0.0979666 -0.0588449 -0.2745050 0.9547706
1769787325.941169 -0.0078859 -0.0204142 -0.0037779 -0.1033771 -0.0620672 -0.2989297 0.9466266
1769787326.141168 -0.0078238 -0.0219310 -0.0065753 -0.1121753 -0.0667702 -0.3418205 0.9306542
1769787326.674502 -0.0097356 -0.0243189 -0.0072602 -0.1275403 -0.0649944 -0.4070630 0.9021136
1769787326.707835 -0.0098338 -0.0245670 -0.0072752 -0.1285164 -0.0650614 -0.4097807 0.9007388
1769787326.874502 -0.0105703 -0.0245017 -0.0068872 -0.1311049 -0.0619202 -0.4143797 0.8984803
1769787326.941169 -0.0106484 -0.0244595 -0.0065194 -0.1319168 -0.0599975 -0.4142927 0.8985320
1769787327.007834 -0.0109073 -0.0244278 -0.0062292 -0.1326893 -0.0583244 -0.4146867 0.8983467
1769787327.274503 -0.0126992 -0.0237884 -0.0053150 -0.1334721 -0.0443194 -0.4038215 0.9039631
1769787327.307835 -0.0126188 -0.0234926 -0.0065317 -0.1329580 -0.0425294 -0.4010458 0.9053594
1769787327.341167 -0.0129347 -0.0235749 -0.0057417 -0.1335174 -0.0411341 -0.3992031 0.9061556
1769787327.441168 -0.0133718 -0.0232013 -0.0050988 -0.1327721 -0.0351328 -0.3912600 0.9099741
1769787327.474501 -0.0138208 -0.0228809 -0.0061063 -0.1321461 -0.0325825 -0.3877261 0.9116712
1769787327.574501 -0.0140184 -0.0224938 -0.0052159 -0.1305101 -0.0270118 -0.3788245 0.9158217
1769787327.641167 -0.0148217 -0.0220512 -0.0055593 -0.1289653 -0.0208752 -0.3679997 0.9206022
1769787327.674500 -0.0149831 -0.0219378 -0.0056441 -0.1289384 -0.0184617 -0.3630824 0.9226078
1769787327.741167 -0.0156320 -0.0213476 -0.0049612 -0.1265516 -0.0125877 -0.3497313 0.9281780
1769787327.774503 -0.0154421 -0.0209273 -0.0051727 -0.1251944 -0.0098409 -0.3440277 0.9305238
1769787327.807834 -0.0158833 -0.0206561 -0.0051088 -0.1239365 -0.0061876 -0.3361169 0.9336096
1769787327.841167 -0.0160644 -0.0200634 -0.0053572 -0.1223688 -0.0031298 -0.3291130 0.9363230
1769787327.874501 -0.0162383 -0.0195088 -0.0053972 -0.1195596 -0.0000983 -0.3216009 0.9392967
1769787327.907834 -0.0164748 -0.0195896 -0.0054838 -0.1195019 0.0032961 -0.3115171 0.9426906
1769787327.941168 -0.0170314 -0.0190543 -0.0054794 -0.1175437 0.0076713 -0.3024918 0.9458454
1769787327.974501 -0.0171075 -0.0188302 -0.0043916 -0.1164708 0.0109198 -0.2929067 0.9489579
1769787328.007835 -0.0175720 -0.0182088 -0.0040724 -0.1145903 0.0157795 -0.2803037 0.9529166
1769787328.041167 -0.0175462 -0.0176875 -0.0041517 -0.1120724 0.0183035 -0.2695845 0.9562578
1769787328.074501 -0.0187629 -0.0172186 -0.0056053 -0.1101452 0.0230832 -0.2542074 0.9605800
1769787328.141167 -0.0184288 -0.0167119 -0.0037751 -0.1051444 0.0290063 -0.2310532 0.9668080
1769787328.207834 -0.0192372 -0.0158280 -0.0047969 -0.0999548 0.0356276 -0.2108207 0.9717481
1769787328.274503 -0.0196904 -0.0149115 -0.0044961 -0.0943964 0.0413993 -0.1917670 0.9760128
1769787328.307835 -0.0201498 -0.0146097 -0.0043884 -0.0924489 0.0450092 -0.1838229 0.9775667
1769787328.374501 -0.0201910 -0.0140989 -0.0048725 -0.0844762 0.0482028 -0.1797144 0.9788989
1769787328.407834 -0.0202575 -0.0141512 -0.0049398 -0.0816295 0.0506275 -0.1795827 0.9790422
1769787328.574501 -0.0206962 -0.0128139 -0.0052335 -0.0647182 0.0620794 -0.1798339 0.9796007
1769787328.641166 -0.0205814 -0.0120822 -0.0052205 -0.0564586 0.0684390 -0.1815844 0.9793649
1769787328.674500 -0.0209369 -0.0124346 -0.0051785 -0.0541642 0.0718387 -0.1817114 0.9792275
1769787328.707834 -0.0209247 -0.0118938 -0.0046075 -0.0498273 0.0756253 -0.1807007 0.9793596
1769787328.774502 -0.0203906 -0.0116348 -0.0041962 -0.0428542 0.0807566 -0.1837815 0.9787064
1769787328.807833 -0.0204343 -0.0115165 -0.0034469 -0.0401003 0.0849521 -0.1841582 0.9783971
1769787328.841166 -0.0208459 -0.0110804 -0.0040454 -0.0371054 0.0896806 -0.1849705 0.9779399
1769787328.874501 -0.0209302 -0.0113011 -0.0038642 -0.0355935 0.0940894 -0.1860774 0.9773717
1769787328.974500 -0.0202303 -0.0106684 -0.0029957 -0.0297200 0.1066140 -0.1911173 0.9753073
1769787329.007833 -0.0201472 -0.0107069 -0.0029251 -0.0280498 0.1117721 -0.1925008 0.9745069
1769787329.041167 -0.0200146 -0.0106789 -0.0022586 -0.0277001 0.1162668 -0.1938448 0.9737243
1769787329.107833 -0.0197356 -0.0101844 -0.0020778 -0.0264864 0.1237916 -0.1984570 0.9718997
1769787329.174500 -0.0200126 -0.0096720 -0.0022690 -0.0249801 0.1319721 -0.2025822 0.9700102
1769787329.207834 -0.0197783 -0.0093615 -0.0016245 -0.0250170 0.1347318 -0.2061118 0.9688857
1769787329.307834 -0.0203249 -0.0079479 -0.0018817 -0.0227235 0.1393984 -0.2059046 0.9683259
1769787329.341166 -0.0208654 -0.0077900 -0.0011708 -0.0246981 0.1407547 -0.1997718 0.9693654
1769787329.441167 -0.0215561 -0.0068818 -0.0034452 -0.0442368 0.1355839 -0.1818178 0.9729350
1769787329.541167 -0.0223858 -0.0062227 -0.0022377 -0.0551816 0.1333784 -0.1612456 0.9763018
1769787329.574499 -0.0226417 -0.0063611 -0.0010235 -0.0568219 0.1326883 -0.1510760 0.9779270
1769787329.607834 -0.0224848 -0.0060525 -0.0020364 -0.0583094 0.1315617 -0.1484073 0.9784002
1769787329.641167 -0.0229735 -0.0053906 -0.0004239 -0.0582118 0.1332906 -0.1415089 0.9791937
1769787329.674500 -0.0226612 -0.0053646 -0.0003830 -0.0593641 0.1317421 -0.1343189 0.9803460
1769787329.741166 -0.0235003 -0.0042527 -0.0007445 -0.0601106 0.1331001 -0.1264962 0.9811574
1769787329.774501 -0.0235775 -0.0045319 -0.0004668 -0.0606094 0.1325288 -0.1219321 0.9817817
1769787329.807832 -0.0238939 -0.0040055 0.0000538 -0.0590127 0.1329646 -0.1164506 0.9824852
1769787329.841166 -0.0238786 -0.0042379 -0.0004642 -0.0588980 0.1330030 -0.1145485 0.9827105
1769787329.974499 -0.0244469 -0.0027136 0.0003345 -0.0501427 0.1349755 -0.1013702 0.9843736
1769787330.007833 -0.0245369 -0.0022285 -0.0007495 -0.0478445 0.1346066 -0.0995178 0.9847275
1769787330.074500 -0.0246689 -0.0022818 0.0008115 -0.0438553 0.1354666 -0.0991661 0.9848307
1769787330.274501 -0.0251117 -0.0010831 0.0011210 -0.0232012 0.1375436 -0.0918000 0.9859596
1769787330.307833 -0.0248722 -0.0009119 0.0013215 -0.0201528 0.1374395 -0.0922540 0.9859987
1769787330.374500 -0.0247826 -0.0008895 0.0014980 -0.0155076 0.1380000 -0.0909569 0.9861249
1769787330.607833 -0.0246997 -0.0001556 0.0028060 -0.0004308 0.1410115 -0.0887725 0.9860198
1769787330.874499 -0.0281998 -0.0012446 -0.0032150 0.0108052 0.1459669 -0.0838719 0.9856685
1769787331.207833 -0.0250981 0.0004401 0.0039525 0.0146281 0.1531232 -0.0861686 0.9843345
1769787331.374498 -0.0259777 -0.0000210 0.0027680 0.0129287 0.1555143 -0.0839099 0.9841785
1769787331.441165 -0.0264041 -0.0000459 0.0022419 0.0127876 0.1574184 -0.0844538 0.9838310
1769787331.674498 -0.0265764 -0.0000940 0.0029021 0.0083697 0.1620293 -0.0860689 0.9829897
1769787331.774501 -0.0266390 -0.0000963 0.0024656 0.0074783 0.1632006 -0.0861430 0.9827965
1769787331.907831 -0.0279922 -0.0007970 0.0017319 0.0020751 0.1678870 -0.0838516 0.9822314
1769787332.107831 -0.0281249 0.0001024 0.0048163 -0.0046301 0.1705209 -0.0866519 0.9815257
1769787332.341164 -0.0257303 -0.0031603 0.0090893 -0.0185882 0.1751249 -0.0832972 0.9808401
1769787332.607832 -0.0387441 -0.0910800 -0.0292310 -0.0555943 0.1824903 -0.0714413 0.9790315
1769787332.707831 -0.0261702 -0.0029460 0.0029660 -0.0393276 0.1783180 -0.0879163 0.9792481
1769787332.907831 -0.0275068 -0.0020908 0.0085133 -0.0536941 0.1818246 -0.0867136 0.9780273
1769787334.607849 -0.0449840 -0.0066897 0.0102563 -0.1577017 0.1671053 -0.0766290 0.9702237
1769787335.074515 -0.0505018 -0.0080241 0.0065279 -0.1649659 0.1533940 -0.0760063 0.9713288
1769787335.107848 -0.0509994 -0.0113514 0.0025984 -0.1658864 0.1534198 -0.0741102 0.9713145
1769787335.407848 -0.0488584 -0.0063922 0.0087950 -0.1633560 0.1419440 -0.0760519 0.9733359
1769787335.441181 -0.0488322 -0.0063768 0.0092251 -0.1628173 0.1412248 -0.0743812 0.9736599
1769787335.507849 -0.0506998 -0.0077969 0.0088772 -0.1622144 0.1392685 -0.0749645 0.9739975
1769787335.541181 -0.0503831 -0.0081808 0.0089910 -0.1611117 0.1374578 -0.0740327 0.9745089
1769787335.607848 -0.0485920 -0.0054791 0.0084557 -0.1587626 0.1336629 -0.0753488 0.9753211
1769787335.641181 -0.0549030 -0.0078255 0.0121524 -0.1591236 0.1349122 -0.0745742 0.9751498
1769787335.674514 -0.0565978 -0.0094396 0.0127353 -0.1586259 0.1342654 -0.0732110 0.9754234
1769787335.707848 -0.0559049 -0.0089729 0.0133093 -0.1574808 0.1327035 -0.0746711 0.9757120
1769787335.741180 -0.0564968 -0.0088865 0.0124872 -0.1559457 0.1316343 -0.0749545 0.9760816
1769787335.774516 -0.0557843 -0.0083663 0.0130117 -0.1546303 0.1304567 -0.0744772 0.9764854
1769787335.807847 -0.0552883 -0.0089161 0.0134427 -0.1536777 0.1286020 -0.0729120 0.9769998
1769787335.841181 -0.0547150 -0.0085910 0.0147455 -0.1519028 0.1274761 -0.0715322 0.9775268
1769787335.907847 -0.0560568 -0.0092945 0.0117516 -0.1497121 0.1236560 -0.0746937 0.9781188
1769787335.941181 -0.0541675 -0.0079064 0.0133468 -0.1480814 0.1215270 -0.0752976 0.9785874
1769787336.041180 -0.0536158 -0.0080313 0.0131969 -0.1425506 0.1177051 -0.0713355 0.9801714
1769787336.074514 -0.0526977 -0.0078690 0.0141769 -0.1414495 0.1155790 -0.0729900 0.9804621
1769787336.141180 -0.0589647 -0.0099207 0.0074143 -0.1378343 0.1137162 -0.0732677 0.9811739
1769787336.174514 -0.0556890 -0.0112139 0.0116110 -0.1374439 0.1119497 -0.0718699 0.9815351
1769787336.241180 -0.0597031 -0.0115755 0.0065688 -0.1328642 0.1089111 -0.0723354 0.9824730
1769787336.374514 -0.0576615 -0.0104126 0.0077096 -0.1244880 0.1019899 -0.0720881 0.9843293
1769787336.407847 -0.0575725 -0.0103340 0.0077918 -0.1229309 0.1005417 -0.0726693 0.9846312
1769787336.441180 -0.0576720 -0.0106658 0.0064766 -0.1207158 0.0987635 -0.0721420 0.9851239
1769787336.474513 -0.0574200 -0.0103997 0.0065556 -0.1190701 0.0977277 -0.0740166 0.9852884
1769787336.507847 -0.0573447 -0.0101334 0.0066038 -0.1162066 0.0959717 -0.0743628 0.9857767
1769787336.541180 -0.0568240 -0.0098278 0.0071928 -0.1138442 0.0942949 -0.0751543 0.9861541
1769787336.574513 -0.0568959 -0.0101753 0.0067402 -0.1128703 0.0927845 -0.0748765 0.9864304
1769787336.607848 -0.0572692 -0.0102971 0.0065134 -0.1104483 0.0906804 -0.0758834 0.9868232
1769787336.641180 -0.0561464 -0.0098756 0.0073598 -0.1081695 0.0884778 -0.0782229 0.9870928
1769787336.674514 -0.0560624 -0.0094155 0.0079678 -0.1043530 0.0864805 -0.0793328 0.9875920
1769787336.707848 -0.0569082 -0.0101528 0.0060304 -0.1017209 0.0857076 -0.0784255 0.9880064
1769787336.774515 -0.0563601 -0.0097559 0.0071286 -0.0957101 0.0833451 -0.0804664 0.9886447
1769787336.807847 -0.0564693 -0.0098612 0.0062860 -0.0933162 0.0809609 -0.0814146 0.9889940
1769787336.941180 -0.0549189 -0.0092361 0.0095358 -0.0802660 0.0724815 -0.0813781 0.9907984
1769787336.974514 -0.0565516 -0.0090023 0.0057490 -0.0761285 0.0706659 -0.0817571 0.9912248
1769787337.041180 -0.0533551 -0.0076377 0.0113198 -0.0692905 0.0667519 -0.0805961 0.9920924
1769787337.074513 -0.0560952 -0.0085142 0.0065964 -0.0655144 0.0660930 -0.0813286 0.9923332
1769787337.141179 -0.0548377 -0.0078187 0.0083677 -0.0591751 0.0598500 -0.0819068 0.9930799
1769787337.174514 -0.0562995 -0.0085431 0.0063073 -0.0556721 0.0579711 -0.0806321 0.9934981
1769787337.207847 -0.0557238 -0.0080711 0.0065332 -0.0529842 0.0536836 -0.0817438 0.9937951
1769787337.241179 -0.0552655 -0.0076019 0.0073528 -0.0482227 0.0499730 -0.0805829 0.9943258
1769787337.274515 -0.0556588 -0.0082704 0.0061077 -0.0461621 0.0457725 -0.0790112 0.9947519
1769787337.341179 -0.0563796 -0.0087775 0.0049377 -0.0410789 0.0375670 -0.0788267 0.9953330
1769787337.374513 -0.0561856 -0.0083318 0.0047030 -0.0375020 0.0332201 -0.0773369 0.9957455
1769787337.474512 -0.0551723 -0.0087906 0.0054128 -0.0310245 0.0208356 -0.0702493 0.9968292
1769787337.507846 -0.0552070 -0.0084478 0.0055325 -0.0287793 0.0177119 -0.0672921 0.9971609
1769787337.541180 -0.0542792 -0.0078533 0.0063935 -0.0268955 0.0144094 -0.0636806 0.9975038
1769787337.674513 -0.0536844 -0.0080265 0.0072150 -0.0256298 0.0093035 -0.0494267 0.9984055
1769787337.774515 -0.0548624 -0.0079238 0.0055809 -0.0375234 0.0150836 -0.0465456 0.9980972
1769787337.841179 -0.0535710 -0.0076808 0.0078830 -0.0526655 0.0163477 -0.0474065 0.9973524
1769787338.041179 -0.0519018 -0.0061678 0.0107478 -0.0694708 0.0182142 -0.0523329 0.9960439
1769787338.074513 -0.0519095 -0.0061808 0.0100555 -0.0706058 0.0172007 -0.0536766 0.9959105
1769787338.107846 -0.0518307 -0.0064735 0.0098738 -0.0710704 0.0172106 -0.0537168 0.9958752
1769787338.174513 -0.0515407 -0.0062230 0.0100157 -0.0711264 0.0163550 -0.0545302 0.9958414
1769787338.241178 -0.0516545 -0.0062713 0.0089658 -0.0692675 0.0154625 -0.0549166 0.9959654
1769787338.274515 -0.0516933 -0.0066461 0.0081999 -0.0680108 0.0155342 -0.0557418 0.9960051
1769787338.441179 -0.0508376 -0.0076600 0.0056229 -0.0558472 0.0128707 -0.0514781 0.9970284
1769787338.507847 -0.0508103 -0.0074559 0.0055205 -0.0512302 0.0133210 -0.0521099 0.9972375
1769787338.674512 -0.0508756 -0.0068672 0.0055128 -0.0407281 0.0140515 -0.0528456 0.9976729
1769787338.874513 -0.0500795 -0.0070067 0.0067716 -0.0309937 0.0122401 -0.0535024 0.9980116
1769787338.907845 -0.0502042 -0.0066223 0.0065567 -0.0287834 0.0123243 -0.0519543 0.9981585
1769787339.641179 -0.0492995 -0.0067802 0.0065164 -0.0213471 0.0037878 -0.0501490 0.9985064
1769787339.707845 -0.0493145 -0.0068404 0.0060244 -0.0222116 0.0032593 -0.0504733 0.9984731
1769787339.907845 -0.0491874 -0.0071925 0.0054748 -0.0256033 0.0007591 -0.0487579 0.9984821
1769787339.941179 -0.0490972 -0.0074437 0.0060992 -0.0255975 -0.0000536 -0.0489709 0.9984722
1769787340.007847 -0.0489916 -0.0074150 0.0056147 -0.0270921 -0.0008175 -0.0473687 0.9985097
1769787340.041178 -0.0491624 -0.0076715 0.0057976 -0.0275027 -0.0009078 -0.0461926 0.9985535
1769787340.107845 -0.0490380 -0.0079841 0.0044082 -0.0296645 -0.0020121 -0.0468126 0.9984611
1769787340.407845 -0.0488105 -0.0094911 0.0053901 -0.0407316 -0.0051865 -0.0461644 0.9980897
1769787340.541178 -0.0485462 -0.0098599 0.0046744 -0.0455109 -0.0067299 -0.0466487 0.9978514
1769787340.707844 -0.0485647 -0.0101881 0.0043104 -0.0516855 -0.0079590 -0.0473974 0.9975063
1769787340.741177 -0.0482712 -0.0109182 0.0042477 -0.0545507 -0.0083768 -0.0497071 0.9972379
1769787340.774512 -0.0488281 -0.0109054 0.0038381 -0.0550771 -0.0081262 -0.0450976 0.9974300
1769787340.874512 -0.0481759 -0.0115793 0.0043661 -0.0603874 -0.0089568 -0.0456526 0.9970903
1769787340.907844 -0.0478838 -0.0038201 -0.0308375 -0.0538130 -0.0098089 -0.0442046 0.9975239
1769787341.074511 -0.0482609 -0.0138028 0.0033185 -0.0747127 -0.0106185 -0.0443606 0.9961613
1769787341.541190 -0.0498058 -0.0183060 0.0017199 -0.1052110 -0.0076059 -0.0453514 0.9933861
1769787342.974522 -0.0533424 -0.0326293 0.0006331 -0.1854433 -0.0601591 -0.3995599 0.8957363
1769787343.374522 -0.0551774 -0.0329972 -0.0018887 -0.1936696 -0.0543720 -0.4194268 0.8852214
1769787343.407855 -0.0560345 -0.0331530 -0.0032403 -0.1939788 -0.0527378 -0.4182408 0.8858135
1769787343.507855 -0.0554554 -0.0327014 -0.0010336 -0.1948816 -0.0499283 -0.4199778 0.8849559
1769787343.641188 -0.0556669 -0.0323201 -0.0003401 -0.1952711 -0.0441266 -0.4158680 0.8871166
1769787343.674522 -0.0562458 -0.0322557 -0.0007694 -0.1953585 -0.0416852 -0.4147901 0.8877199
1769787343.707855 -0.0563305 -0.0322254 -0.0006327 -0.1952992 -0.0398507 -0.4112051 0.8894833
1769787343.741188 -0.0566402 -0.0320910 -0.0020231 -0.1948662 -0.0384188 -0.4103010 0.8900586
1769787343.774523 -0.0566402 -0.0321512 -0.0011919 -0.1953333 -0.0363549 -0.4085307 0.8908568
1769787343.874522 -0.0571714 -0.0314606 -0.0018497 -0.1935180 -0.0295232 -0.4018788 0.8945237
1769787343.974521 -0.0580793 -0.0312587 -0.0021918 -0.1924695 -0.0218129 -0.3911967 0.8996915
1769787344.007854 -0.0577215 -0.0308728 -0.0021671 -0.1914015 -0.0198102 -0.3879678 0.9013623
1769787344.074522 -0.0584982 -0.0304141 -0.0021383 -0.1899095 -0.0141880 -0.3803776 0.9050117
1769787344.141187 -0.0586465 -0.0300242 -0.0020603 -0.1889278 -0.0088744 -0.3723886 0.9086002
1769787344.174521 -0.0585421 -0.0295454 -0.0016903 -0.1873416 -0.0063006 -0.3676565 0.9108744
1769787344.207855 -0.0588658 -0.0293444 -0.0016065 -0.1866144 -0.0028770 -0.3611938 0.9136224
1769787344.241187 -0.0587203 -0.0286488 -0.0009393 -0.1852544 0.0000227 -0.3559838 0.9159456
1769787344.274522 -0.0592722 -0.0288660 -0.0019461 -0.1844693 0.0036500 -0.3501516 0.9183418
1769787344.307855 -0.0594111 -0.0283395 -0.0015879 -0.1827563 0.0074108 -0.3417693 0.9218129
1769787344.341188 -0.0594041 -0.0278353 -0.0010937 -0.1808190 0.0116277 -0.3351829 0.9245657
1769787344.374521 -0.0597677 -0.0276541 -0.0021319 -0.1789188 0.0142603 -0.3273045 0.9277157
1769787344.407854 -0.0597780 -0.0272966 -0.0016556 -0.1773813 0.0185080 -0.3184431 0.9310141
1769787344.474521 -0.0600695 -0.0262843 -0.0007549 -0.1733356 0.0276211 -0.2986461 0.9380844
1769787344.507854 -0.0611352 -0.0264641 -0.0023813 -0.1718861 0.0335301 -0.2846496 0.9424996
1769787344.541189 -0.0622559 -0.0252490 -0.0056424 -0.1681629 0.0379612 -0.2763428 0.9454707
1769787344.641187 -0.0621685 -0.0247004 -0.0019981 -0.1618764 0.0506615 -0.2420440 0.9553241
1769787344.707855 -0.0623608 -0.0231380 -0.0012454 -0.1535584 0.0571951 -0.2222497 0.9611210
1769787344.774521 -0.0617477 -0.0227202 0.0000843 -0.1496021 0.0616538 -0.2094477 0.9643390
1769787344.907854 -0.0616561 -0.0217207 0.0007979 -0.1363002 0.0704498 -0.2059024 0.9664695
1769787344.941188 -0.0617776 -0.0216766 0.0008414 -0.1338634 0.0724873 -0.2079414 0.9662229
1769787344.974520 -0.0619556 -0.0217373 0.0010150 -0.1299671 0.0754180 -0.2075958 0.9666047
1769787345.007854 -0.0610975 -0.0216855 0.0020135 -0.1273430 0.0771221 -0.2088623 0.9665467
1769787345.074520 -0.0612909 -0.0213199 0.0021451 -0.1210000 0.0830959 -0.2117279 0.9662430
1769787345.107854 -0.0609846 -0.0212402 0.0025667 -0.1178688 0.0849813 -0.2126752 0.9662579
1769787345.141187 -0.0610293 -0.0211214 0.0025001 -0.1147822 0.0887922 -0.2155134 0.9656578
1769787345.241187 -0.0605415 -0.0207183 0.0034375 -0.1041491 0.0974111 -0.2173965 0.9656101
1769787345.307854 -0.0605979 -0.0203587 0.0034008 -0.0986825 0.1049823 -0.2214209 0.9644756
1769787345.341187 -0.0600997 -0.0203699 0.0038709 -0.0978889 0.1078553 -0.2261679 0.9631371
1769787345.374520 -0.0599428 -0.0205068 0.0040769 -0.0965245 0.1111050 -0.2272834 0.9626427
1769787345.407853 -0.0597161 -0.0199840 0.0044255 -0.0928692 0.1163825 -0.2265395 0.9625540
1769787345.441187 -0.0593650 -0.0196123 0.0056052 -0.0906734 0.1214988 -0.2283825 0.9616953
1769787345.474519 -0.0596791 -0.0195259 0.0047696 -0.0900472 0.1246140 -0.2319791 0.9604939
1769787345.541187 -0.0597266 -0.0192180 0.0054953 -0.0870765 0.1347895 -0.2348781 0.9586875
1769787345.674520 -0.0593415 -0.0182393 0.0062091 -0.0847145 0.1473583 -0.2455391 0.9543687
1769787345.774520 -0.0591406 -0.0183284 0.0062006 -0.0867684 0.1499760 -0.2440355 0.9541620
1769787346.274520 -0.0584762 -0.0161332 0.0099679 -0.1331597 0.1432321 -0.1704997 0.9657551
1769787346.307853 -0.0583382 -0.0161273 0.0095397 -0.1300787 0.1425675 -0.1656814 0.9671111
1769787346.474518 -0.0594796 -0.0152937 0.0082378 -0.1195820 0.1439490 -0.1485640 0.9710343
1769787346.507853 -0.0586457 -0.0150493 0.0096263 -0.1192632 0.1438004 -0.1512913 0.9706743
1769787346.574519 -0.0591533 -0.0143184 0.0088205 -0.1122341 0.1442595 -0.1489772 0.9718017
1769787350.307865 -0.0604618 -0.0248040 0.0207261 -0.1821809 0.2026390 -0.1044362 0.9564731
1769787350.441198 -0.0637617 -0.0264055 0.0179458 -0.1902883 0.2041760 -0.0963518 0.9554156
1769787350.574531 -0.0646582 -0.0274827 0.0151958 -0.1976083 0.1993978 -0.1034633 0.9541944
1769787351.407864 -0.0641448 -0.0314893 0.0146768 -0.2258328 0.1788325 -0.0910488 0.9532726
1769787351.541197 -0.0652299 -0.0327604 0.0126792 -0.2268462 0.1741386 -0.0874254 0.9542397
1769787351.674531 -0.0636044 -0.0330434 0.0120404 -0.2269594 0.1694442 -0.0872065 0.9550776
1769787351.741197 -0.0628715 -0.0329176 0.0135499 -0.2264451 0.1671847 -0.0851758 0.9557809
1769787351.874531 -0.0617142 -0.0327583 0.0132975 -0.2245441 0.1613246 -0.0858695 0.9571733
1769787352.041197 -0.0605595 -0.0323159 0.0135852 -0.2211326 0.1545513 -0.0851498 0.9591474
1769787352.074530 -0.0606433 -0.0323310 0.0131422 -0.2207233 0.1535544 -0.0853943 0.9593801
1769787352.274531 -0.0589579 -0.0318090 0.0138028 -0.2140044 0.1444876 -0.0833526 0.9624852
1769787352.374529 -0.0579266 -0.0311339 0.0136659 -0.2093752 0.1391403 -0.0850617 0.9641403
1769787352.407863 -0.0581272 -0.0314270 0.0129732 -0.2081754 0.1379328 -0.0844252 0.9646294
1769787352.441196 -0.0588020 -0.0306038 0.0118032 -0.2055155 0.1365202 -0.0824286 0.9655730
1769787352.474529 -0.0574662 -0.0312800 0.0134358 -0.2044588 0.1336441 -0.0844755 0.9660226
1769787352.507863 -0.0580480 -0.0308168 0.0122461 -0.2031641 0.1329478 -0.0828012 0.9665367
1769787352.607864 -0.0561853 -0.0302552 0.0127391 -0.1977287 0.1261996 -0.0856107 0.9683222
1769787352.707863 -0.0552248 -0.0297188 0.0122595 -0.1933322 0.1205563 -0.0867276 0.9698284
1769787352.841196 -0.0542073 -0.0281007 0.0116103 -0.1832102 0.1132073 -0.0884621 0.9725187
1769787352.874531 -0.0547066 -0.0283242 0.0104407 -0.1810367 0.1120635 -0.0855247 0.9733206
1769787352.907862 -0.0539523 -0.0278683 0.0114354 -0.1793136 0.1103357 -0.0875566 0.9736563
1769787352.974529 -0.0534166 -0.0273619 0.0118409 -0.1740030 0.1072566 -0.0889904 0.9748332
1769787353.074529 -0.0524634 -0.0269594 0.0123263 -0.1675848 0.1022706 -0.0896606 0.9764308
1769787353.107863 -0.0523502 -0.0268496 0.0125467 -0.1662336 0.1010883 -0.0915234 0.9766120
1769787353.141195 -0.0515747 -0.0267579 0.0148852 -0.1632862 0.0994153 -0.0910679 0.9773234
1769787353.241195 -0.0514748 -0.0263132 0.0130332 -0.1538685 0.0937570 -0.0955038 0.9789858
1769787353.274530 -0.0514436 -0.0262712 0.0132085 -0.1512042 0.0922852 -0.0965724 0.9794358
1769787353.374530 -0.0511697 -0.0256716 0.0151012 -0.1409546 0.0873367 -0.0939642 0.9816694
1769787353.407862 -0.0510084 -0.0260342 0.0142729 -0.1397283 0.0848650 -0.0958378 0.9818804
1769787353.474529 -0.0511768 -0.0255638 0.0129758 -0.1321234 0.0813696 -0.0941699 0.9833893
1769787353.507862 -0.0509748 -0.0256451 0.0133311 -0.1301897 0.0797437 -0.0954003 0.9836617
1769787353.541197 -0.0508532 -0.0254030 0.0135810 -0.1264128 0.0778955 -0.0951017 0.9843311
1769787353.641196 -0.0508303 -0.0251267 0.0132411 -0.1173974 0.0687929 -0.0951470 0.9861199
1769787353.707863 -0.0501476 -0.0246511 0.0142506 -0.1111642 0.0613231 -0.0955241 0.9872979
1769787353.741195 -0.0502126 -0.0242105 0.0141405 -0.1083474 0.0582110 -0.0944393 0.9879036
1769787354.207862 -0.0494909 -0.0225488 0.0138608 -0.0911818 0.0266195 -0.0630059 0.9934825
1769787354.274531 -0.0487231 -0.0223082 0.0160207 -0.1079151 0.0305238 -0.0636721 0.9916494
1769787354.374529 -0.0481821 -0.0218852 0.0166816 -0.1231855 0.0333157 -0.0637032 0.9897764
1769787354.407862 -0.0478800 -0.0216156 0.0176971 -0.1267021 0.0324041 -0.0648196 0.9892902
1769787354.507862 -0.0477047 -0.0216917 0.0166348 -0.1321234 0.0330218 -0.0672587 0.9883974
1769787354.641195 -0.0480522 -0.0219195 0.0148728 -0.1334341 0.0303126 -0.0703175 0.9880951
1769787354.774529 -0.0464694 -0.0215858 0.0150663 -0.1287489 0.0283417 -0.0683581 0.9889123
1769787354.807862 -0.0459781 -0.0216540 0.0154880 -0.1276750 0.0264323 -0.0685577 0.9890906
1769787354.941196 -0.0459621 -0.0211807 0.0157027 -0.1160737 0.0278548 -0.0668935 0.9905939
1769787355.007862 -0.0458288 -0.0208146 0.0156363 -0.1102301 0.0272403 -0.0672157 0.9912565
1769787355.074528 -0.0457868 -0.0204841 0.0158128 -0.1054187 0.0274934 -0.0684111 0.9916909
1769787355.674528 -0.0447072 -0.0192624 0.0163840 -0.0842630 0.0235344 -0.0687497 0.9937904
1769787355.841194 -0.0445929 -0.0193828 0.0165310 -0.0821160 0.0218243 -0.0672210 0.9941137
1769787355.907860 -0.0447011 -0.0194537 0.0160776 -0.0815019 0.0207979 -0.0669938 0.9942015
1769787356.274527 -0.0441842 -0.0203180 0.0161295 -0.0848002 0.0157286 -0.0645743 0.9941789
1769787356.341194 -0.0443490 -0.0205658 0.0156644 -0.0859774 0.0151180 -0.0635509 0.9941533
1769787356.474527 -0.0442535 -0.0207298 0.0152401 -0.0885946 0.0134126 -0.0635457 0.9939482
1769787356.674544 -0.0443897 -0.0213554 0.0153551 -0.0934902 0.0116936 -0.0620457 0.9936162
1769787356.741210 -0.0443915 -0.0215547 0.0149535 -0.0947452 0.0122331 -0.0591653 0.9936665
1769787356.774544 -0.0440285 -0.0216599 0.0152540 -0.0967195 0.0106286 -0.0625503 0.9932874
1769787356.907877 -0.0440214 -0.0215644 0.0152952 -0.0990323 0.0099511 -0.0630617 0.9930342
1769787357.174544 -0.0444332 -0.0233363 0.0143580 -0.1131014 0.0088667 -0.0607819 0.9916829
1769787357.207878 -0.0443304 -0.0230898 0.0136937 -0.1134046 0.0077642 -0.0638586 0.9914642
1769787357.274545 -0.0440847 -0.0239525 0.0150121 -0.1180160 0.0077899 -0.0618165 0.9910551
1769787357.307878 -0.0449444 -0.0238955 0.0113008 -0.1193226 0.0074833 -0.0596833 0.9910318
1769787357.507877 -0.0452185 -0.0260682 0.0129666 -0.1323712 0.0083737 -0.0549678 0.9896395
1769787357.541210 -0.0450318 -0.0261907 0.0135064 -0.1348840 0.0078001 -0.0564085 0.9892237
1769787357.707877 -0.0452559 -0.0277590 0.0137420 -0.1450358 0.0079385 -0.0522623 0.9880133
1769787357.941211 -0.0457151 -0.0304071 0.0150778 -0.1637330 0.0120770 -0.0483400 0.9852456
1769787358.107877 -0.0463299 -0.0325903 0.0141174 -0.1766236 0.0021713 -0.0958211 0.9796008
1769787358.474542 -0.0453400 -0.0355569 0.0155558 -0.2045847 -0.0259057 -0.2257243 0.9521148
1769787358.507876 -0.0450907 -0.0349415 0.0173040 -0.2055350 -0.0258441 -0.2334870 0.9500375
1769787358.541210 -0.0449596 -0.0360692 0.0164788 -0.2082875 -0.0302831 -0.2465748 0.9459916
1769787358.607877 -0.0453852 -0.0369113 0.0158367 -0.2123266 -0.0335901 -0.2640402 0.9402510
1769787358.641210 -0.0452660 -0.0369562 0.0170397 -0.2138664 -0.0350453 -0.2722645 0.9374994
1769787358.674543 -0.0451184 -0.0375100 0.0154890 -0.2155772 -0.0390377 -0.2829032 0.9337924
1769787358.807877 -0.0452037 -0.0387823 0.0171531 -0.2227749 -0.0469528 -0.3175029 0.9205208
1769787359.241209 -0.0468158 -0.0420545 0.0157793 -0.2401151 -0.0642426 -0.3958856 0.8840205
1769787359.541211 -0.0474133 -0.0422894 0.0175429 -0.2483901 -0.0658799 -0.4291925 0.8658845
1769787359.574542 -0.0476597 -0.0427569 0.0174807 -0.2499830 -0.0666622 -0.4324238 0.8637560
1769787359.641208 -0.0479590 -0.0424947 0.0172092 -0.2504342 -0.0657295 -0.4353736 0.8622135
1769787359.674542 -0.0481919 -0.0425841 0.0167151 -0.2503033 -0.0652135 -0.4359167 0.8620163
1769787359.907875 -0.0488512 -0.0423901 0.0181285 -0.2546408 -0.0607966 -0.4412062 0.8583699
1769787359.941209 -0.0488332 -0.0426499 0.0184561 -0.2549522 -0.0599022 -0.4406202 0.8586414
1769787360.141208 -0.0497739 -0.0420359 0.0177159 -0.2553063 -0.0502147 -0.4356952 0.8616652
1769787360.341208 -0.0504033 -0.0408107 0.0180647 -0.2530488 -0.0372109 -0.4238808 0.8688537
1769787360.407875 -0.0507350 -0.0405043 0.0184493 -0.2528408 -0.0311459 -0.4172830 0.8723396
1769787360.441208 -0.0511004 -0.0404782 0.0182643 -0.2527359 -0.0288472 -0.4154560 0.8733205
1769787360.474540 -0.0512711 -0.0405608 0.0180206 -0.2519039 -0.0262266 -0.4105807 0.8759453
1769787360.541209 -0.0516928 -0.0399580 0.0178346 -0.2496969 -0.0205014 -0.4046673 0.8794746
1769787360.607876 -0.0516092 -0.0392862 0.0185095 -0.2482967 -0.0139949 -0.3960135 0.8839266
1769787360.641208 -0.0513641 -0.0389069 0.0191664 -0.2483275 -0.0120801 -0.3936444 0.8850038
1769787360.674542 -0.0517969 -0.0386877 0.0186519 -0.2457550 -0.0069943 -0.3850932 0.8895273
1769787360.707875 -0.0518033 -0.0386491 0.0182245 -0.2444691 -0.0045804 -0.3807416 0.8917677
1769787360.807875 -0.0518494 -0.0374357 0.0199571 -0.2401181 0.0083066 -0.3598548 0.9015425
1769787360.841208 -0.0521773 -0.0371702 0.0193726 -0.2395042 0.0121154 -0.3530890 0.9043335
1769787360.874542 -0.0518975 -0.0370249 0.0194518 -0.2377014 0.0151535 -0.3449892 0.9078826
1769787360.941209 -0.0539120 -0.0357331 0.0180727 -0.2327137 0.0280490 -0.3272487 0.9154048
1769787361.007875 -0.0528694 -0.0355250 0.0187593 -0.2290997 0.0365871 -0.3075535 0.9228140
1769787361.141207 -0.0537525 -0.0335821 0.0195446 -0.2184143 0.0555851 -0.2596211 0.9390433
1769787361.207875 -0.0540202 -0.0328865 0.0189099 -0.2113624 0.0621376 -0.2438053 0.9444702
1769787361.241207 -0.0535756 -0.0325954 0.0183310 -0.2089136 0.0626254 -0.2402635 0.9458894
1769787361.407875 -0.0544452 -0.0315391 0.0183958 -0.1913631 0.0741939 -0.2369685 0.9495901
1769787361.441207 -0.0541039 -0.0314555 0.0195919 -0.1896351 0.0767362 -0.2367932 0.9497784
1769787361.541208 -0.0528953 -0.0313210 0.0206540 -0.1775820 0.0829736 -0.2384444 0.9511700
1769787361.707875 -0.0540655 -0.0303412 0.0200346 -0.1585050 0.0985349 -0.2454036 0.9512855
1769787361.807875 -0.0536472 -0.0300173 0.0202450 -0.1505884 0.1094853 -0.2503397 0.9500875
1769787362.907873 -0.0527417 -0.0240166 0.0247065 -0.1727235 0.1505992 -0.1798904 0.9566221
1769787363.107874 -0.0528232 -0.0232035 0.0250676 -0.1557791 0.1518214 -0.1731119 0.9605808
1769787363.274542 -0.0528318 -0.0226632 0.0254236 -0.1405485 0.1538413 -0.1719077 0.9628223
1769787364.574537 -0.0539294 -0.0218871 0.0255164 -0.1083089 0.1770547 -0.1629566 0.9645548
1769787364.707871 -0.0541882 -0.0219024 0.0264264 -0.1107933 0.1808623 -0.1616894 0.9637792
1769787364.941204 -0.0544124 -0.0223587 0.0265203 -0.1188888 0.1850150 -0.1629763 0.9618075
1769787367.141202 -0.0653585 -0.0146063 0.0110300 -0.2415155 0.2063624 -0.1425213 0.9374287
1769787367.174536 -0.0653562 -0.0142944 0.0118765 -0.2431946 0.2053032 -0.1418861 0.9373235
1769787367.241202 -0.0648258 -0.0140707 0.0126478 -0.2451897 0.2058963 -0.1399265 0.9369681
1769787367.841202 -0.0641157 -0.0156208 0.0124171 -0.2626263 0.1897113 -0.1337118 0.9365672
1769787368.041202 -0.0639918 -0.0161605 0.0121485 -0.2650841 0.1846716 -0.1295370 0.9374685
1769787368.074535 -0.0639235 -0.0159986 0.0119829 -0.2651161 0.1829295 -0.1306182 0.9376509
1769787368.174534 -0.0639061 -0.0162916 0.0116060 -0.2652275 0.1803104 -0.1292500 0.9383160
1769787368.241201 -0.0629349 -0.0159027 0.0124144 -0.2650713 0.1771310 -0.1289193 0.9390110
1769787368.474534 -0.0625211 -0.0162400 0.0112804 -0.2612963 0.1677592 -0.1279365 0.9419200
1769787368.541203 -0.0631571 -0.0162666 0.0103784 -0.2595632 0.1647292 -0.1281416 0.9429056
1769787368.607869 -0.0625221 -0.0162653 0.0113066 -0.2584339 0.1621191 -0.1268191 0.9438465
1769787368.641202 -0.0616089 -0.0159511 0.0117367 -0.2573075 0.1602070 -0.1272874 0.9444175
1769787368.674535 -0.0620540 -0.0160739 0.0110812 -0.2562450 0.1589953 -0.1269254 0.9449598
1769787368.707868 -0.0621235 -0.0160882 0.0106861 -0.2550013 0.1576393 -0.1271854 0.9454883
1769787368.807869 -0.0613648 -0.0159301 0.0113757 -0.2511089 0.1534303 -0.1261456 0.9473599
1769787368.841202 -0.0612824 -0.0158959 0.0111495 -0.2499491 0.1518832 -0.1255472 0.9479952
1769787368.874535 -0.0608023 -0.0155444 0.0113090 -0.2483481 0.1502210 -0.1255435 0.9486810
1769787368.907868 -0.0614239 -0.0158544 0.0107871 -0.2472420 0.1487817 -0.1251481 0.9492489
1769787368.941202 -0.0608664 -0.0154802 0.0108280 -0.2454758 0.1473556 -0.1253814 0.9498987
1769787368.974534 -0.0609217 -0.0155603 0.0103467 -0.2441915 0.1454925 -0.1259938 0.9504357
1769787369.141201 -0.0595272 -0.0153007 0.0112298 -0.2370159 0.1379820 -0.1223869 0.9538375
1769787369.174534 -0.0596753 -0.0153275 0.0110420 -0.2345656 0.1364327 -0.1222496 0.9546832
1769787369.207868 -0.0603647 -0.0157138 0.0095668 -0.2335071 0.1349622 -0.1237293 0.9549611
1769787369.274536 -0.0589851 -0.0151630 0.0108632 -0.2297418 0.1310380 -0.1231548 0.9564939
1769787369.341201 -0.0581173 -0.0147931 0.0113321 -0.2265920 0.1276956 -0.1228749 0.9577326
1769787369.374534 -0.0584315 -0.0150357 0.0105552 -0.2236171 0.1256073 -0.1224611 0.9587604
1769787369.407867 -0.0584977 -0.0149214 0.0100058 -0.2212949 0.1252160 -0.1203953 0.9596117
1769787369.441201 -0.0573748 -0.0145593 0.0108909 -0.2189110 0.1221172 -0.1219058 0.9603668
1769787369.474533 -0.0573690 -0.0144257 0.0104675 -0.2171495 0.1200343 -0.1235655 0.9608171
1769787369.574534 -0.0552293 -0.0136649 0.0137824 -0.2107521 0.1146121 -0.1250816 0.9627057
1769787369.641201 -0.0551293 -0.0130740 0.0122791 -0.2040239 0.1088095 -0.1282361 0.9644119
1769787369.674534 -0.0550593 -0.0130613 0.0126788 -0.2006477 0.1075940 -0.1274930 0.9653546
1769787369.707868 -0.0541653 -0.0129482 0.0132579 -0.1972773 0.1050410 -0.1286394 0.9661781
1769787369.741200 -0.0547361 -0.0126494 0.0127723 -0.1946786 0.1036343 -0.1283605 0.9668939
1769787369.774534 -0.0546885 -0.0126110 0.0125616 -0.1913496 0.1027610 -0.1278352 0.9677209
1769787369.841201 -0.0543189 -0.0122894 0.0130894 -0.1859269 0.0976976 -0.1292566 0.9691125
1769787369.941201 -0.0543665 -0.0117228 0.0134145 -0.1747327 0.0930757 -0.1213262 0.9726692
1769787370.007868 -0.0529593 -0.0115279 0.0138948 -0.1690435 0.0859503 -0.1287982 0.9733694
1769787370.207868 -0.0541211 -0.0115361 0.0129029 -0.1579746 0.0705846 -0.1289478 0.9764396
1769787372.341228 -0.0469889 -0.0026092 0.0127936 -0.1312736 0.0353327 -0.1124566 0.9843131
1769787373.807894 -0.0470878 -0.0088703 0.0117240 -0.1704504 0.0329823 -0.1072784 0.9789537
1769787373.974559 -0.0472187 -0.0094673 0.0116622 -0.1766011 0.0343720 -0.1067021 0.9778779
1769787374.141226 -0.0478301 -0.0104272 0.0116020 -0.1838053 0.0371204 -0.1077736 0.9763312
1769787374.174560 -0.0479485 -0.0105987 0.0117230 -0.1853518 0.0373275 -0.1085752 0.9759421
1769787374.507893 -0.0488503 -0.0121097 0.0117906 -0.1976962 0.0436669 -0.1100302 0.9730893
1769787374.641227 -0.0492078 -0.0126718 0.0120387 -0.2020424 0.0462193 -0.1101774 0.9720615
1769787374.674559 -0.0493100 -0.0126490 0.0121852 -0.2027006 0.0467351 -0.1107923 0.9718300
1769787374.841226 -0.0498481 -0.0132722 0.0122081 -0.2073527 0.0500748 -0.1109384 0.9706647
1769787375.107893 -0.0505570 -0.0136811 0.0123266 -0.2124605 0.0554484 -0.1116251 0.9691883
1769787375.207893 -0.0506632 -0.0136535 0.0126476 -0.2141311 0.0573691 -0.1121447 0.9686487
1769787375.274559 -0.0508765 -0.0137646 0.0125757 -0.2149823 0.0585282 -0.1128045 0.9683141
1769787376.074559 -0.0527007 -0.0132790 0.0129848 -0.2171181 0.0725789 -0.1169540 0.9663922
1769787376.141225 -0.0527364 -0.0133143 0.0132092 -0.2170598 0.0735505 -0.1169110 0.9663370
1769787376.241225 -0.0528063 -0.0131857 0.0132105 -0.2169011 0.0743154 -0.1179743 0.9661849
1769787376.274558 -0.0528166 -0.0131885 0.0132077 -0.2167411 0.0744495 -0.1181873 0.9661844
1769787377.141225 -0.0536493 -0.0122897 0.0130597 -0.2118814 0.0803555 -0.1228395 0.9662089
1769787377.741224 -0.0536467 -0.0119167 0.0133962 -0.2101813 0.0811560 -0.1247412 0.9662697
1769787377.941225 -0.0536681 -0.0118034 0.0134459 -0.2098600 0.0811143 -0.1248345 0.9663310
1769787378.407891 -0.0536845 -0.0118208 0.0134365 -0.2096335 0.0806115 -0.1253094 0.9663608
1769787380.574568 -0.0536505 -0.0118271 0.0135281 -0.2098053 0.0805900 -0.1251000 0.9663524
1769787380.607903 -0.0537183 -0.0117975 0.0134664 -0.2097312 0.0806732 -0.1251930 0.9663495
1769787380.674568 -0.0536799 -0.0117866 0.0134932 -0.2097844 0.0806112 -0.1251195 0.9663527
1769787380.907901 -0.0536764 -0.0117111 0.0135383 -0.2096027 0.0806570 -0.1252717 0.9663686
