1769787293574444544.000000 0.000000000 0.000000000 0.000000000 -0.000000000 -0.000000000 -0.000000000 1.000000000
1769787293641110784.000000 0.000064612 0.000112298 0.000890563 -0.000262753 -0.000165417 -0.000919270 0.999999583
1769787293674444800.000000 0.000038844 0.000177437 0.000746270 -0.000264912 -0.000135299 -0.001050303 0.999999404
1769787293741111296.000000 0.000097688 0.000338011 0.001230162 -0.000712459 -0.000578657 -0.002223116 0.999997139
1769787293874444288.000000 0.000106336 0.000117582 0.001310446 -0.000831764 -0.000482130 -0.002061463 0.999997437
1769787294007777536.000000 0.000109844 0.000043843 0.001091999 -0.000907200 -0.000288154 -0.001664573 0.999998212
1769787294441110784.000000 0.000048372 0.000203755 0.000960745 -0.000695980 -0.000444431 -0.002182514 0.999997318
1769787294607778304.000000 0.000012400 0.000077413 0.000931924 -0.000795212 -0.000409725 -0.002225537 0.999997139
1769787294874443520.000000 0.000101487 0.000037911 0.001251653 -0.001031256 -0.000655119 -0.003035554 0.999994695
1769787297974453248.000000 0.004908200 0.000043424 0.008217695 0.002245180 0.002532823 -0.007588663 0.999965489
1769787298041120000.000000 0.000194791 0.000516279 0.001467335 0.003296516 0.005394154 -0.010885484 0.999920785
1769787298207787264.000000 0.001609161 0.000438755 0.007105111 0.001913886 0.007448718 -0.012467306 0.999892712
1769787298641119744.000000 -0.000450716 0.000374157 0.001076766 0.005048872 0.014080396 -0.012564141 0.999809206
1769787299107786240.000000 -0.000788494 0.000620137 0.001015353 0.005553776 0.022715233 -0.014448568 0.999622166
1769787300907784704.000000 -0.006545979 -0.002535247 -0.001229401 -0.023658697 0.069118865 -0.011663919 0.997259676
1769787301174451712.000000 -0.006007170 -0.004952367 0.001203186 -0.034220852 0.073645882 -0.011198414 0.996634245
1769787301241118464.000000 -0.006531575 -0.005591370 0.001396959 -0.037027545 0.075497106 -0.010378480 0.996404290
1769787301907783936.000000 -0.007874049 -0.009290998 0.001211579 -0.059042592 0.081637472 -0.005549743 0.994896233
1769787301974450176.000000 -0.008011565 -0.009570302 0.000692520 -0.060473379 0.081503920 -0.005278946 0.994822741
1769787302241117952.000000 -0.007889629 -0.010347240 0.002002765 -0.064663082 0.079962358 -0.004073826 0.994690001
1769787302307784192.000000 -0.008155619 -0.009592682 -0.000737245 -0.064840995 0.079162404 -0.003099038 0.994745910
1769787302741117440.000000 -0.006637929 -0.010297932 0.001954463 -0.061811991 0.071129739 -0.003442631 0.995544076
1769787302874450944.000000 -0.006577070 -0.009528902 0.000812232 -0.058579635 0.068084061 -0.003634073 0.995951712
1769787302941117184.000000 -0.006475107 -0.008923539 0.000376697 -0.056092501 0.065880001 -0.005018481 0.996237040
1769787303107783680.000000 -0.005300110 -0.008300363 0.000309663 -0.050363541 0.060593873 -0.004501904 0.996880949
1769787303174449920.000000 -0.005196979 -0.007647003 -0.000629561 -0.047098991 0.058307465 -0.005840279 0.997169912
1769787303307783680.000000 -0.004358447 -0.006848368 0.000294007 -0.040493190 0.053782891 -0.005651202 0.997715294
1769787303441150464.000000 -0.003560083 -0.005686056 -0.000085805 -0.032880995 0.048657399 -0.007118177 0.998248816
1769787303607818240.000000 -0.002437412 -0.004126323 -0.001085553 -0.022484254 0.041056722 -0.007706631 0.998874068
1769787303641150208.000000 -0.002255742 -0.004137500 -0.001376098 -0.020234078 0.039854188 -0.009132646 0.998958886
1769787303707817216.000000 -0.001988822 -0.003567050 -0.000969335 -0.015246650 0.037350185 -0.010901312 0.999126434
1769787303741150976.000000 -0.001660201 -0.003403246 -0.000961526 -0.012448449 0.035752241 -0.010674096 0.999226153
1769787303774484480.000000 -0.001512201 -0.003104268 -0.001162456 -0.009518908 0.034203351 -0.012853023 0.999286890
1769787303841149696.000000 -0.001254808 -0.002987639 -0.000871983 -0.004057025 0.031474113 -0.013887362 0.999399841
1769787303874484480.000000 -0.001268088 -0.002888160 -0.000452652 -0.001606449 0.029986665 -0.014881520 0.999438226
1769787304074484224.000000 -0.000632043 -0.001317556 -0.000937282 0.019328132 0.020236291 -0.017650025 0.999452591
1769787304107817472.000000 -0.000848826 -0.001316704 -0.000820675 0.022014977 0.018498385 -0.017743023 0.999429047
1769787304141149696.000000 -0.000389034 -0.000700826 -0.001017477 0.026204349 0.014597498 -0.018093478 0.999386251
1769787304241150208.000000 -0.000482151 -0.000365624 -0.000683257 0.036300369 0.006505806 -0.017108500 0.999173343
1769787304307816960.000000 -0.000217591 0.000398750 -0.000380692 0.042359751 -0.001413242 -0.017555796 0.998947144
1769787304341149696.000000 -0.000226428 0.000392642 -0.000773507 0.045150660 -0.004553218 -0.019696802 0.998775601
1769787304374483712.000000 -0.000107547 0.000622307 -0.000689668 0.047464870 -0.008686449 -0.018968781 0.998655021
1769787304407816704.000000 -0.000171824 0.001248991 -0.000242785 0.050906178 -0.011441437 -0.018200554 0.998472035
1769787304441150208.000000 -0.000021613 0.000967060 -0.000297314 0.051609755 -0.015245454 -0.019171324 0.998366892
1769787304474482688.000000 0.000222133 0.000845726 0.000132412 0.052698582 -0.019032294 -0.018980604 0.998248696
1769787304507816192.000000 0.000246389 0.000741741 0.000389073 0.053877767 -0.022233326 -0.017951660 0.998138607
1769787304574483712.000000 0.000200124 0.001447544 0.000079739 0.056624696 -0.025850745 -0.013085198 0.997975051
1769787304674483712.000000 0.000155366 0.002081595 -0.000048968 0.058227725 -0.026427049 -0.004346793 0.997943997
1769787304741150464.000000 0.000696404 0.002314469 0.000977761 0.048119888 -0.024613760 -0.003440051 0.998532355
1769787304907815936.000000 0.000773037 0.002711097 0.001938421 0.020743968 -0.021988617 -0.003475226 0.999536932
1769787305007815936.000000 0.001199364 0.002994967 0.001890033 0.013376179 -0.022089643 -0.004427969 0.999656737
1769787305107816192.000000 0.001716741 0.003763247 0.002733962 0.011060422 -0.023736781 -0.004116612 0.999648571
1769787305207816960.000000 0.002210847 0.004686251 0.001029039 0.012420167 -0.025466153 -0.005386609 0.999584019
1769787305241149184.000000 0.002455091 0.004588742 0.001378654 0.013632804 -0.026146032 -0.005193071 0.999551713
1769787305274483712.000000 0.002309358 0.005054272 0.000783770 0.015424239 -0.026389526 -0.006125666 0.999513984
1769787305341148928.000000 0.002364740 0.005435833 -0.000056580 0.018893007 -0.026899485 -0.003983274 0.999451637
1769787305441149696.000000 0.001983800 0.005273576 -0.003365812 0.027340671 -0.027652554 -0.002854701 0.999239564
1769787305474482432.000000 0.001970073 0.005161450 -0.003031661 0.029559352 -0.027499994 -0.002502152 0.999181569
1769787305541149696.000000 0.002127654 0.005432061 -0.003116307 0.035657872 -0.028221266 -0.002179535 0.998963118
1769787305574482944.000000 0.002170077 0.005648211 -0.003105604 0.039232090 -0.028119329 -0.002176518 0.998832047
1769787305641148928.000000 0.002248895 0.005683273 -0.002980991 0.044379491 -0.028275141 -0.002449034 0.998611569
1769787305741149440.000000 0.002293785 0.005968456 -0.002795162 0.051550988 -0.028285354 -0.000879092 0.998269379
1769787305774483200.000000 0.002372140 0.005882943 -0.002610832 0.053337276 -0.028651077 -0.001017987 0.998164952
1769787306441148928.000000 0.002504017 0.006656720 -0.002391439 0.075143412 -0.033688553 0.005087824 0.996590555
1769787306541148672.000000 0.002385555 0.006867502 -0.002742547 0.076214552 -0.035250556 0.006029401 0.996449947
1769787306741150208.000000 0.002712769 0.006596196 -0.002149809 0.075421929 -0.038304169 0.006796693 0.996392548
1769787307041147904.000000 0.002859134 0.006150388 -0.002751461 0.071732305 -0.042335320 0.007841378 0.996494234
1769787307074481920.000000 0.002863686 0.006039810 -0.002996944 0.070794292 -0.042643588 0.009384814 0.996534824
1769787307174482176.000000 0.003251988 0.005478447 -0.003027896 0.067797311 -0.044956401 0.008398756 0.996650338
1769787307307815424.000000 0.003265468 0.005806915 -0.004235545 0.064987421 -0.046846282 0.008908852 0.996746063
1769787307407814912.000000 0.003082015 0.005645007 -0.004487902 0.062395606 -0.047988255 0.009510840 0.996851802
1769787307741148928.000000 0.004428262 0.003912491 -0.006557838 0.047057495 -0.051907748 0.003790223 0.997535348
1769787307841147904.000000 0.004499034 0.003114576 -0.006494598 0.040601619 -0.053757969 0.004929805 0.997716010
1769787307874482432.000000 0.004369178 0.002950239 -0.006593487 0.039204620 -0.053320192 0.003904431 0.997799993
1769787308174481408.000000 0.004826254 0.000081564 -0.006926968 0.019649310 -0.055498291 0.003128676 0.998260498
1769787308307814656.000000 0.004924936 -0.001143673 -0.007021626 0.009747082 -0.056305785 0.002429692 0.998363078
1769787308507814912.000000 0.005040209 -0.003360264 -0.007791482 -0.004332303 -0.057044137 0.003192022 0.998357177
1769787308674481152.000000 0.005056857 -0.005152037 -0.007879718 -0.015656209 -0.058113031 -0.032166082 0.997668862
1769787308774481408.000000 0.005200636 -0.006298443 -0.008232053 -0.022064723 -0.059807993 -0.070675232 0.995460272
1769787308841146880.000000 0.005045832 -0.007041470 -0.008405377 -0.025138713 -0.061322752 -0.093021795 0.993455827
1769787308874481664.000000 0.005679722 -0.006973173 -0.006516782 -0.026758851 -0.062039837 -0.106247105 0.992041647
1769787308907813632.000000 0.005418083 -0.007841074 -0.007245837 -0.029463010 -0.062311660 -0.115853459 0.990871906
1769787308941148160.000000 0.005427741 -0.008081388 -0.007244357 -0.031537686 -0.062785178 -0.128070593 0.989273190
1769787309274481664.000000 0.005713148 -0.011702539 -0.007245630 -0.048914012 -0.068223678 -0.231353581 0.969241202
1769787309307813888.000000 0.005884798 -0.012113585 -0.007054165 -0.050384812 -0.069181234 -0.239974171 0.966999352
1769787309341146368.000000 0.006199741 -0.012802868 -0.007071727 -0.051970568 -0.070027530 -0.249564052 0.964423656
1769787309507813376.000000 0.005905787 -0.014217290 -0.006794524 -0.059129328 -0.071784474 -0.287936091 0.953123093
1769787309607814912.000000 0.005574706 -0.014965086 -0.007227288 -0.064073652 -0.072650217 -0.310502052 0.945624113
1769787309674480128.000000 0.005570726 -0.015647206 -0.007727119 -0.066400237 -0.073547013 -0.323322773 0.941086709
1769787309707813632.000000 0.005611561 -0.016124073 -0.007596586 -0.067504950 -0.074515842 -0.329071879 0.938936710
1769787309874480896.000000 0.005159426 -0.016916169 -0.008142952 -0.073634282 -0.074257135 -0.356162190 0.928553939
1769787310007813376.000000 0.004740277 -0.017486596 -0.007522428 -0.076986693 -0.073494539 -0.373190492 0.921629250
1769787310107812608.000000 0.004440187 -0.017885098 -0.007120431 -0.079669632 -0.072108552 -0.382762641 0.917576075
1769787310241147392.000000 0.004129984 -0.018223271 -0.007543225 -0.082691237 -0.069934838 -0.392832398 0.913210809
1769787310274480896.000000 0.004153186 -0.018408205 -0.007458646 -0.083608605 -0.069671467 -0.394657969 0.912359893
1769787310341145856.000000 0.003888009 -0.018409858 -0.007136800 -0.084823370 -0.068658136 -0.397071034 0.911276937
1769787310374479616.000000 0.003566892 -0.018380105 -0.007448238 -0.085403249 -0.067694634 -0.397457302 0.911126435
1769787310507812864.000000 0.003195989 -0.018229239 -0.006810959 -0.086824745 -0.064204685 -0.399138898 0.910509408
1769787310541146624.000000 0.002850725 -0.018258415 -0.007358985 -0.087211698 -0.062749527 -0.398798347 0.910723090
1769787310974478336.000000 0.001218340 -0.017402966 -0.004183863 -0.087963074 -0.041983731 -0.375350177 0.921744049
1769787311041144832.000000 0.002037374 -0.017668927 0.001035818 -0.087788060 -0.038790282 -0.368748993 0.924560845
1769787311107811328.000000 0.001688422 -0.017707992 0.000680817 -0.086824745 -0.034556761 -0.362027198 0.927471638
1769787311241145856.000000 0.000133588 -0.016275171 0.000319001 -0.082666092 -0.023145789 -0.341779798 0.935851038
1769787311274479360.000000 0.000185243 -0.016034752 0.000378980 -0.081806801 -0.021341180 -0.335500062 0.938238740
1769787311307811584.000000 0.000310741 -0.015815860 0.000919747 -0.081396826 -0.019200450 -0.330151379 0.940215945
1769787311374478336.000000 -0.000099695 -0.015394812 0.001329865 -0.078941830 -0.013907238 -0.314261496 0.945946336
1769787311441144832.000000 -0.000550039 -0.014713464 0.001777308 -0.075911850 -0.007568899 -0.297513425 0.951664805
1769787311507811840.000000 -0.001347634 -0.013662104 0.001219388 -0.072344750 -0.001290058 -0.275829494 0.958479404
1769787311541144576.000000 -0.001294273 -0.013384611 0.001530175 -0.070804216 0.001547247 -0.266865969 0.961127937
1769787311574478080.000000 -0.001652343 -0.012862601 0.001361411 -0.068271942 0.005195434 -0.251815408 0.965350211
1769787311641144576.000000 -0.002204507 -0.011769373 0.001330537 -0.063611224 0.011515260 -0.229661390 0.971121311
1769787311674478848.000000 -0.002196389 -0.011678448 0.002172727 -0.061813753 0.014280227 -0.217626750 0.973968089
1769787311707811584.000000 -0.002438972 -0.011565549 0.002053980 -0.060118083 0.017033033 -0.208984599 0.975920677
1769787311741144320.000000 -0.002788276 -0.011057078 0.001653071 -0.057478875 0.019849913 -0.199107692 0.978089094
1769787311774479360.000000 -0.003221006 -0.010402427 0.001075987 -0.054682303 0.022183757 -0.188451916 0.980307937
1769787311807810816.000000 -0.003251007 -0.010773643 0.002120808 -0.052812409 0.025369359 -0.180411041 0.981844783
1769787311841144320.000000 -0.003467563 -0.010028530 0.001945553 -0.049476437 0.028293893 -0.173395693 0.983201683
1769787311941145344.000000 -0.003810341 -0.009658607 0.002472662 -0.040737465 0.034053914 -0.166321531 0.984641016
1769787311974478336.000000 -0.003843616 -0.009426368 0.001895602 -0.036623992 0.035809681 -0.167821094 0.984485865
1769787312007811328.000000 -0.003965203 -0.008816068 0.001596054 -0.032571685 0.038682785 -0.167405382 0.984590352
1769787312041144320.000000 -0.004667842 -0.008359706 0.002161704 -0.028820397 0.042365283 -0.167635709 0.984516561
1769787312074477568.000000 -0.004016435 -0.008628312 0.003601423 -0.025501084 0.045116547 -0.166538507 0.984672070
1769787312107810816.000000 -0.003791335 -0.008890913 0.004203479 -0.021451119 0.048913211 -0.165816322 0.984709263
1769787312141144064.000000 -0.004064633 -0.008499812 0.003874814 -0.018366747 0.051692538 -0.167137399 0.984406233
1769787312174478080.000000 -0.003817115 -0.008559511 0.004515545 -0.014176297 0.055990923 -0.167547494 0.984170675
1769787312207812096.000000 -0.004446847 -0.008420440 0.003739168 -0.011909062 0.059296917 -0.166946888 0.984109104
1769787312241145600.000000 -0.003374961 -0.008386630 0.005317236 -0.008066103 0.061112043 -0.170264110 0.983468533
1769787312274479104.000000 -0.004561789 -0.007792254 0.004123195 -0.003039471 0.065999545 -0.168065757 0.983559191
1769787312307811072.000000 -0.004428404 -0.007216455 0.003998748 0.001162019 0.069898449 -0.169686124 0.983015537
1769787312341143808.000000 -0.004126647 -0.007392161 0.004746950 0.004640748 0.072984383 -0.169909626 0.982742310
1769787312374478336.000000 -0.004342248 -0.007371140 0.004913751 0.006926451 0.077789612 -0.170214504 0.982307374
1769787312407810816.000000 -0.004302174 -0.007316459 0.005001213 0.008231808 0.082781427 -0.171999276 0.981578171
1769787312441144320.000000 -0.004167002 -0.007336081 0.005263320 0.009904702 0.085893266 -0.172724783 0.981167912
1769787312474477312.000000 -0.003769900 -0.007485627 0.005649680 0.010836241 0.090293266 -0.174159378 0.980509162
1769787312574477824.000000 -0.003543504 -0.007258508 0.006043531 0.014005351 0.103629805 -0.179615155 0.978163123
1769787312674477568.000000 -0.003659686 -0.006534837 0.006568876 0.017639594 0.116841279 -0.183848143 0.975826204
1769787312707811072.000000 -0.003496515 -0.006225466 0.006896878 0.018066507 0.120089218 -0.187376902 0.974752307
1769787312874477824.000000 -0.003682689 -0.005014766 0.008459788 0.017354252 0.127608553 -0.186022744 0.974069059
1769787313007810816.000000 -0.004615226 -0.004549019 0.008904345 -0.008255047 0.119878180 -0.155964628 0.980426490
1769787313041144320.000000 -0.005171818 -0.004261983 0.006359352 -0.011766152 0.118291818 -0.149721891 0.981555879
1769787313141143808.000000 -0.004810527 -0.003401535 0.009400675 -0.017370155 0.115662016 -0.135968909 0.983785033
1769787313207811072.000000 -0.004509329 -0.003671847 0.011214648 -0.020327192 0.115159325 -0.121520109 0.985676408
1769787313241144576.000000 -0.003605905 -0.002902396 0.013394689 -0.021638842 0.114752807 -0.117615432 0.986169457
1769787313274478336.000000 -0.005935163 -0.002414353 0.009736099 -0.020148722 0.114913478 -0.110995263 0.986949325
1769787313341143296.000000 -0.005040901 -0.002687977 0.011696870 -0.019653521 0.114595704 -0.104787149 0.987674654
1769787313374477568.000000 -0.004939271 -0.003009989 0.013179391 -0.018294822 0.115647398 -0.100026332 0.988071740
1769787313407810816.000000 -0.005606026 -0.001603949 0.011055056 -0.016584296 0.115445644 -0.098244205 0.988304257
1769787313507810048.000000 -0.006195171 -0.000788549 0.011902789 -0.010893828 0.116570540 -0.090982996 0.988946319
1769787313674477056.000000 -0.005973416 -0.000481149 0.013129865 0.002611296 0.117611133 -0.080750741 0.989767730
1769787314074477056.000000 -0.005441575 0.000100376 0.014657401 0.030495515 0.121569924 -0.081507824 0.988760471
1769787314107810048.000000 -0.005336264 0.000009731 0.015316003 0.032789517 0.122062586 -0.078469038 0.988872230
1769787314707809792.000000 -0.005856418 0.000653818 0.016715392 0.048885360 0.133777395 -0.076020472 0.986881316
1769787315007809792.000000 -0.006823359 0.000916473 0.015663058 0.049159326 0.138689697 -0.071652263 0.986516356
1769787315074476288.000000 -0.006430980 0.000242645 0.016676921 0.047478974 0.140085787 -0.071879134 0.986384869
1769787315141142016.000000 -0.006837453 0.000605863 0.016343953 0.045835245 0.141323850 -0.073864713 0.986139297
1769787315341142272.000000 -0.007252109 0.000048413 0.015339563 0.041642871 0.144659653 -0.072518036 0.985941470
1769787315741141760.000000 -0.009125018 -0.000481883 0.013761958 0.032719877 0.151528850 -0.060102411 0.986081243
1769787316141141504.000000 -0.010489595 -0.002257092 0.010565470 0.009843847 0.155238450 -0.062243208 0.985865057
1769787316174475776.000000 -0.009852383 -0.002265880 0.012982261 0.007098273 0.155117229 -0.064161494 0.985784769
1769787316207809536.000000 -0.011318754 -0.003057955 0.010715246 0.005296631 0.156465083 -0.061296750 0.985765398
1769787316341141504.000000 -0.008266440 -0.003989220 0.016243385 -0.004241729 0.157284230 -0.059754252 0.985734820
1769787316374475264.000000 -0.011068006 -0.004302477 0.011883876 -0.006964761 0.157936916 -0.060021233 0.985598743
1769787316441141760.000000 -0.006516874 -0.003911101 0.018918794 -0.012038740 0.158117071 -0.059593223 0.985546947
1769787316474474752.000000 -0.010657744 -0.005824861 0.013284517 -0.014065319 0.160310149 -0.053150069 0.985534310
1769787316507808256.000000 -0.010262465 -0.005692647 0.013685560 -0.016911186 0.159764409 -0.053605709 0.985553563
1769787316574475264.000000 -0.010366822 -0.005945329 0.013594816 -0.022248954 0.158839047 -0.057812162 0.985359311
1769787316607810560.000000 -0.011022512 -0.006263172 0.012686073 -0.024988091 0.159447104 -0.056508362 0.985271037
1769787316674475008.000000 -0.011479029 -0.006804010 0.012235202 -0.029180054 0.160020709 -0.054788627 0.985159934
1769787316807808256.000000 -0.012946015 -0.008013983 0.009840126 -0.039367780 0.159764171 -0.055736285 0.984793901
1769787316841141248.000000 -0.001204620 -0.004848866 0.002872971 -0.040389694 0.156284481 -0.048685189 0.985684335
1769787317241140736.000000 -0.012985948 -0.009648254 0.010724952 -0.070419416 0.159373581 -0.042728592 0.983776152
1769787317441141248.000000 -0.010534439 -0.010471349 0.001185931 -0.081904158 0.159195825 -0.039767414 0.983039677
1769787318241169152.000000 -0.014647583 -0.006487033 0.008737753 -0.114337020 0.140247613 -0.035796337 0.982840896
1769787318274504704.000000 -0.015048577 -0.006917133 0.008702321 -0.114909001 0.140009552 -0.035481427 0.982819617
1769787318374503168.000000 -0.018439427 -0.006722289 0.006971702 -0.116045341 0.137491345 -0.037940182 0.982949734
1769787318707836160.000000 -0.015908673 -0.007545478 0.001727798 -0.118525088 0.125786036 -0.034762457 0.984337986
1769787319007836928.000000 -0.015417857 -0.007484444 0.005437712 -0.115051150 0.114532962 -0.036179222 0.986071289
1769787319241168128.000000 -0.014863522 -0.007459012 0.005731379 -0.108757272 0.105689213 -0.034445457 0.987833619
1769787319274503168.000000 -0.014522108 -0.007184359 0.005298174 -0.107971847 0.103808478 -0.037648357 0.988002300
1769787319307836160.000000 -0.014561776 -0.007238753 0.005624461 -0.105770566 0.102569088 -0.034908731 0.988470316
1769787319407835136.000000 -0.013873661 -0.006869114 0.006177232 -0.101930261 0.098354712 -0.032852277 0.989372194
1769787319474501120.000000 -0.014152749 -0.008112359 0.004766937 -0.098776557 0.095600151 -0.033025220 0.989956141
1769787319574502400.000000 -0.015105449 -0.006671332 0.001414312 -0.092913717 0.091074616 -0.031772189 0.990990937
1769787319607835904.000000 -0.013297548 -0.006266948 0.004986284 -0.091173053 0.089771986 -0.031545393 0.991278648
1769787319707835904.000000 -0.013877701 -0.005997404 0.002115063 -0.086073734 0.084455892 -0.033285733 0.992144465
1769787319741168384.000000 -0.012684112 -0.005579650 0.004151009 -0.084354751 0.083014742 -0.032123141 0.992452025
1769787319841168128.000000 -0.011608780 -0.005377417 0.005243308 -0.078871556 0.078435488 -0.031869579 0.993283212
1769787319874502656.000000 -0.011107932 -0.005127941 0.005451825 -0.076809801 0.076755725 -0.033650815 0.993517220
1769787320007834880.000000 -0.010167186 -0.003728442 0.004254554 -0.067157529 0.069324024 -0.035131477 0.994710982
1769787320041168128.000000 -0.010666834 -0.004132944 0.004755153 -0.064942606 0.068843462 -0.032705482 0.994974077
1769787320074502400.000000 -0.009678304 -0.003110033 0.007673937 -0.062697634 0.068144470 -0.033144303 0.995151639
1769787320107835392.000000 -0.009960175 -0.003067222 0.004694324 -0.060561482 0.066127338 -0.034332275 0.995379746
1769787320141167360.000000 -0.010119091 -0.003367159 0.005001715 -0.059137195 0.065677054 -0.034868296 0.995476544
1769787320174502400.000000 -0.009458028 -0.003693027 0.005190865 -0.057562038 0.063776657 -0.037430320 0.995599389
1769787320207835648.000000 -0.009392538 -0.003003357 0.005158863 -0.052981671 0.062748246 -0.038324039 0.995884955
1769787320307835648.000000 -0.008413133 -0.003278707 0.007462312 -0.043626714 0.057592567 -0.040258631 0.996573687
1769787320407834880.000000 -0.008360879 -0.002339845 0.006613577 -0.032461550 0.051847830 -0.040274471 0.997314453
1769787320474500864.000000 -0.007864633 -0.002590764 0.007105598 -0.027067171 0.047579840 -0.040947404 0.997660697
1769787320507835904.000000 -0.007639082 -0.002381311 0.007407914 -0.024382140 0.045822315 -0.040985387 0.997810662
1769787320607835648.000000 -0.007536055 -0.001203064 0.006547669 -0.011830678 0.040159702 -0.040724903 0.998292923
1769787320641167616.000000 -0.007542250 -0.000948697 0.006757660 -0.008482559 0.038093109 -0.042347644 0.998340487
1769787320674501120.000000 -0.007518948 -0.001110585 0.006755648 -0.005896745 0.035426553 -0.042775244 0.998439014
1769787320707834624.000000 -0.007240848 -0.000638594 0.007117895 -0.001721236 0.031698745 -0.043519218 0.998548150
1769787320741167104.000000 -0.006721650 -0.000540508 0.007846726 0.001220283 0.027847823 -0.040215410 0.998802185
1769787320874501632.000000 -0.006561363 0.000590802 0.007799289 0.014866464 0.011744405 -0.039476357 0.999040902
1769787320907834368.000000 -0.006808009 0.001295037 0.007174363 0.018737635 0.008200167 -0.038553149 0.999047220
1769787320941168384.000000 -0.006583443 0.000882877 0.007994712 0.021153817 0.003117895 -0.035885967 0.999127150
1769787321041167616.000000 -0.005377258 0.001563892 0.009153122 0.028272077 -0.009674157 -0.032102413 0.999037802
1769787321074501632.000000 -0.005852072 0.001888683 0.009061043 0.029516231 -0.011900901 -0.030212076 0.999036729
1769787321174501376.000000 -0.005794396 0.001903899 0.008635140 0.032236893 -0.016678624 -0.015658647 0.999218404
1769787321207834368.000000 -0.005107545 0.002057681 0.009672546 0.033210110 -0.018779768 -0.011062021 0.999210715
1769787321274503168.000000 -0.004665450 0.002448873 0.011001618 0.027609736 -0.014763887 -0.010439135 0.999455214
1769787321574500864.000000 -0.002268120 0.002506193 0.014198418 -0.013959053 -0.011628959 -0.015455612 0.999715507
1769787321674500864.000000 -0.004697569 0.002661145 0.009699962 -0.015068538 -0.011224655 -0.016301271 0.999690533
1769787321707834624.000000 -0.003417952 0.002151482 0.011246996 -0.015443253 -0.012445928 -0.015479852 0.999683440
1769787321741166592.000000 -0.003576093 0.002640759 0.011082623 -0.013810045 -0.012642339 -0.016653532 0.999686003
1769787321807834368.000000 -0.004042251 0.002545330 0.009196537 -0.011141423 -0.012361525 -0.015882023 0.999735415
1769787321941167872.000000 -0.006148762 0.001560320 0.004320657 -0.002725652 -0.012785218 -0.014488313 0.999809623
1769787321974501120.000000 -0.009702979 0.000698943 -0.002194390 0.000903354 -0.011579867 -0.013883412 0.999836206
1769787322041166848.000000 -0.009333799 0.001022856 -0.002239164 0.006313397 -0.011938929 -0.015242686 0.999792635
1769787322074500608.000000 -0.009725688 0.001152443 -0.001928235 0.010120960 -0.010770599 -0.012999118 0.999806285
1769787322141166336.000000 -0.009060508 0.001099128 -0.001998261 0.013694700 -0.012003913 -0.014862016 0.999723732
1769787322407834112.000000 -0.009296885 0.001620415 -0.001842719 0.026010854 -0.011785553 -0.015432929 0.999473035
1769787322441166848.000000 -0.009298886 0.001699346 -0.001389460 0.027518153 -0.011434363 -0.015625374 0.999433756
1769787323274501632.000000 -0.008811615 0.001596134 -0.001258830 0.036229875 -0.019227276 -0.010491464 0.999103427
1769787323307833600.000000 -0.008627462 0.001484066 -0.001564209 0.035907082 -0.020119507 -0.010544184 0.999096990
1769787323374500352.000000 -0.008775283 0.001468046 -0.002153218 0.035105705 -0.020910027 -0.011373195 0.999100089
1769787323441166592.000000 -0.008744506 0.001216082 -0.001547681 0.033610556 -0.021956818 -0.010097100 0.999142826
1769787323607833600.000000 -0.008615766 0.001193313 -0.002175900 0.030867008 -0.023575518 -0.009161482 0.999203444
1769787323741165312.000000 -0.008570001 0.000782326 -0.001360958 0.027514568 -0.025148775 -0.009603783 0.999258876
1769787323874499584.000000 -0.008238138 0.000308837 -0.001008197 0.023013541 -0.026932204 -0.008521348 0.999336004
1769787323941166080.000000 -0.008359251 0.000409347 -0.002573383 0.020386863 -0.027757199 -0.007010451 0.999382198
1769787324041166080.000000 -0.008125608 0.000527103 -0.003970252 0.016596064 -0.029548347 -0.011279924 0.999361932
1769787324274500864.000000 -0.008062760 -0.000992007 -0.003417601 0.004645136 -0.030742375 -0.013054321 0.999431312
1769787324307832832.000000 -0.008072617 -0.001320385 -0.004210362 0.002822671 -0.031765569 -0.010557965 0.999435604
1769787324341165824.000000 -0.008101391 -0.001362665 -0.003846748 0.001731516 -0.031312391 -0.012855160 0.999425471
1769787324674499840.000000 -0.007138929 -0.004306159 -0.006528996 -0.021716248 -0.034522355 -0.014458667 0.999063373
1769787324841164800.000000 -0.007904372 -0.005831223 -0.005387307 -0.033178963 -0.033724513 -0.008160109 0.998847008
1769787324874499584.000000 -0.007822986 -0.006219207 -0.007054177 -0.035384782 -0.034245741 -0.009739748 0.998739362
1769787324907831296.000000 -0.007494215 -0.006786979 -0.006463847 -0.037841540 -0.034626387 -0.009285911 0.998640478
1769787325007833344.000000 -0.007327412 -0.006794092 -0.008838245 -0.044416718 -0.034534357 -0.012630695 0.998336136
1769787325041165312.000000 -0.007754833 -0.008708859 -0.007335324 -0.047182824 -0.034364574 -0.011882138 0.998224258
1769787325074498816.000000 -0.007772415 -0.008339712 -0.006146341 -0.049307656 -0.034829523 -0.022966275 0.997911930
1769787325141164544.000000 -0.007650902 -0.009182898 -0.005674125 -0.053735971 -0.037761513 -0.046422135 0.996760547
1769787325174499072.000000 -0.007274493 -0.009572809 -0.005428824 -0.056460511 -0.039659023 -0.061719127 0.995705843
1769787325374498560.000000 -0.007452716 -0.012449184 -0.005133976 -0.071533233 -0.044428192 -0.130917922 0.987810552
1769787325441168896.000000 -0.007515446 -0.012761099 -0.007492690 -0.075543500 -0.046221040 -0.153853297 0.984116852
1769787325541169152.000000 -0.007315333 -0.015068548 -0.004194653 -0.082074925 -0.048846100 -0.188371480 0.977442563
1769787325574502144.000000 -0.007173545 -0.015014756 -0.005208171 -0.083742633 -0.050395805 -0.198200375 0.975276411
1769787325607836160.000000 -0.007038317 -0.015498213 -0.003880125 -0.085444860 -0.052193858 -0.210319400 0.972492039
1769787325807835392.000000 -0.007613098 -0.018608078 -0.004887331 -0.096859373 -0.057464134 -0.267543018 0.956941426
1769787325841168384.000000 -0.007257442 -0.018614026 -0.006465402 -0.097966611 -0.058844898 -0.274505019 0.954770565
1769787325941168896.000000 -0.007885897 -0.020414168 -0.003777942 -0.103377059 -0.062067211 -0.298929721 0.946626604
1769787326141167872.000000 -0.007823766 -0.021931034 -0.006575301 -0.112175278 -0.066770203 -0.341820508 0.930654168
1769787326674501888.000000 -0.009735604 -0.024318933 -0.007260184 -0.127540261 -0.064994372 -0.407063007 0.902113616
1769787326707835136.000000 -0.009833776 -0.024566967 -0.007275186 -0.128516436 -0.065061368 -0.409780651 0.900738835
1769787326874501888.000000 -0.010570325 -0.024501657 -0.006887152 -0.131104872 -0.061920196 -0.414379746 0.898480296
1769787326941168896.000000 -0.010648401 -0.024459476 -0.006519412 -0.131916806 -0.059997454 -0.414292693 0.898532033
1769787327007834112.000000 -0.010907309 -0.024427764 -0.006229215 -0.132689342 -0.058324352 -0.414686710 0.898346663
1769787327274502912.000000 -0.012699234 -0.023788430 -0.005314957 -0.133472115 -0.044319388 -0.403821468 0.903963089
1769787327307835136.000000 -0.012618804 -0.023492608 -0.006531742 -0.132957965 -0.042529449 -0.401045829 0.905359387
1769787327341167104.000000 -0.012934722 -0.023574896 -0.005741718 -0.133517370 -0.041134112 -0.399203122 0.906155646
1769787327441167872.000000 -0.013371792 -0.023201279 -0.005098778 -0.132772133 -0.035132784 -0.391259998 0.909974098
1769787327474501120.000000 -0.013820752 -0.022880893 -0.006106292 -0.132146090 -0.032582518 -0.387726098 0.911671162
1769787327574501120.000000 -0.014018379 -0.022493798 -0.005215863 -0.130510077 -0.027011776 -0.378824532 0.915821731
1769787327641167104.000000 -0.014821698 -0.022051211 -0.005559338 -0.128965333 -0.020875219 -0.367999673 0.920602202
1769787327674500352.000000 -0.014983079 -0.021937815 -0.005644090 -0.128938407 -0.018461706 -0.363082439 0.922607839
1769787327741166848.000000 -0.015631963 -0.021347553 -0.004961204 -0.126551628 -0.012587724 -0.349731296 0.928177953
1769787327774502400.000000 -0.015442088 -0.020927304 -0.005172675 -0.125194415 -0.009840942 -0.344027668 0.930523753
1769787327807833600.000000 -0.015883328 -0.020656068 -0.005108782 -0.123936467 -0.006187616 -0.336116880 0.933609605
1769787327841167104.000000 -0.016064420 -0.020063415 -0.005357227 -0.122368783 -0.003129843 -0.329112977 0.936322987
1769787327874500864.000000 -0.016238302 -0.019508820 -0.005397223 -0.119559593 -0.000098348 -0.321600944 0.939296722
1769787327907833600.000000 -0.016474823 -0.019589556 -0.005483816 -0.119501866 0.003296120 -0.311517149 0.942690551
1769787327941167872.000000 -0.017031424 -0.019054256 -0.005479405 -0.117543682 0.007671295 -0.302491784 0.945845366
1769787327974501120.000000 -0.017107476 -0.018830234 -0.004391566 -0.116470791 0.010919767 -0.292906672 0.948957860
1769787328007835392.000000 -0.017572042 -0.018208841 -0.004072446 -0.114590302 0.015779521 -0.280303746 0.952916563
1769787328041167104.000000 -0.017546173 -0.017687520 -0.004151706 -0.112072386 0.018303474 -0.269584477 0.956257820
1769787328074500864.000000 -0.018762875 -0.017218551 -0.005605320 -0.110145152 0.023083227 -0.254207402 0.960579991
1769787328141166592.000000 -0.018428782 -0.016711928 -0.003775078 -0.105144419 0.029006295 -0.231053218 0.966808021
1769787328207834368.000000 -0.019237237 -0.015827963 -0.004796940 -0.099954776 0.035627622 -0.210820660 0.971748114
1769787328274502656.000000 -0.019690445 -0.014911452 -0.004496106 -0.094396360 0.041399300 -0.191767022 0.976012766
1769787328307834880.000000 -0.020149766 -0.014609679 -0.004388356 -0.092448853 0.045009207 -0.183822915 0.977566659
1769787328374500864.000000 -0.020190969 -0.014098871 -0.004872477 -0.084476247 0.048202816 -0.179714411 0.978898883
1769787328407833600.000000 -0.020257456 -0.014151229 -0.004939787 -0.081629477 0.050627470 -0.179582655 0.979042172
1769787328574501376.000000 -0.020696163 -0.012813874 -0.005233529 -0.064718239 0.062079370 -0.179833889 0.979600668
1769787328641166336.000000 -0.020581359 -0.012082195 -0.005220460 -0.056458581 0.068438977 -0.181584358 0.979364932
1769787328674500352.000000 -0.020936936 -0.012434618 -0.005178515 -0.054164179 0.071838677 -0.181711406 0.979227483
1769787328707833600.000000 -0.020924736 -0.011893800 -0.004607507 -0.049827263 0.075625286 -0.180700719 0.979359627
1769787328774501888.000000 -0.020390602 -0.011634842 -0.004196202 -0.042854201 0.080756627 -0.183781475 0.978706419
1769787328807833344.000000 -0.020434335 -0.011516547 -0.003446869 -0.040100306 0.084952138 -0.184158161 0.978397071
1769787328841166592.000000 -0.020845890 -0.011080417 -0.004045416 -0.037105419 0.089680597 -0.184970543 0.977939904
1769787328874500864.000000 -0.020930225 -0.011301136 -0.003864217 -0.035593528 0.094089448 -0.186077431 0.977371693
1769787328974500352.000000 -0.020230263 -0.010668403 -0.002995727 -0.029719984 0.106613986 -0.191117272 0.975307345
1769787329007833344.000000 -0.020147227 -0.010706926 -0.002925078 -0.028049810 0.111772105 -0.192500830 0.974506855
1769787329041166592.000000 -0.020014595 -0.010678936 -0.002258619 -0.027700089 0.116266780 -0.193844810 0.973724306
1769787329107833344.000000 -0.019735591 -0.010184408 -0.002077826 -0.026486358 0.123791605 -0.198457018 0.971899688
1769787329174500352.000000 -0.020012580 -0.009672037 -0.002269004 -0.024980074 0.131972134 -0.202582225 0.970010221
1769787329207834368.000000 -0.019778291 -0.009361490 -0.001624458 -0.025016982 0.134731844 -0.206111789 0.968885660
1769787329307833856.000000 -0.020324850 -0.007947889 -0.001881698 -0.022723489 0.139398426 -0.205904648 0.968325853
1769787329341166080.000000 -0.020865448 -0.007789970 -0.001170787 -0.024698090 0.140754744 -0.199771762 0.969365418
1769787329441166592.000000 -0.021556087 -0.006881806 -0.003445204 -0.044236824 0.135583863 -0.181817770 0.972934961
1769787329541166592.000000 -0.022385826 -0.006222710 -0.002237657 -0.055181604 0.133378386 -0.161245555 0.976301789
1769787329574499072.000000 -0.022641711 -0.006361142 -0.001023459 -0.056821883 0.132688284 -0.151076049 0.977926970
1769787329607834112.000000 -0.022484807 -0.006052543 -0.002036429 -0.058309395 0.131561682 -0.148407266 0.978400171
1769787329641166592.000000 -0.022973517 -0.005390621 -0.000423918 -0.058211800 0.133290619 -0.141508892 0.979193687
1769787329674500096.000000 -0.022661231 -0.005364606 -0.000383027 -0.059364073 0.131742105 -0.134318933 0.980346024
1769787329741166080.000000 -0.023500256 -0.004252727 -0.000744465 -0.060110573 0.133100063 -0.126496151 0.981157362
1769787329774500608.000000 -0.023577541 -0.004531888 -0.000466750 -0.060609434 0.132528812 -0.121932104 0.981781662
1769787329807832320.000000 -0.023893917 -0.004005479 0.000053786 -0.059012741 0.132964626 -0.116450578 0.982485235
1769787329841165568.000000 -0.023878625 -0.004237907 -0.000464246 -0.058897998 0.133003041 -0.114548489 0.982710481
1769787329974499584.000000 -0.024446916 -0.002713634 0.000334456 -0.050142672 0.134975493 -0.101370230 0.984373629
1769787330007832832.000000 -0.024536885 -0.002228485 -0.000749511 -0.047844548 0.134606570 -0.099517822 0.984727502
1769787330074499584.000000 -0.024668895 -0.002281846 0.000811489 -0.043855343 0.135466620 -0.099166118 0.984830737
1769787330274501120.000000 -0.025111664 -0.001083096 0.001121039 -0.023201240 0.137543559 -0.091800034 0.985959589
1769787330307832832.000000 -0.024872193 -0.000911872 0.001321485 -0.020152807 0.137439504 -0.092254028 0.985998750
1769787330374499840.000000 -0.024782609 -0.000889507 0.001497952 -0.015507603 0.137999997 -0.090956874 0.986124933
1769787330607833088.000000 -0.024699677 -0.000155592 0.002805960 -0.000430765 0.141011491 -0.088772453 0.986019790
1769787330874499072.000000 -0.028199840 -0.001244589 -0.003214958 0.010805195 0.145966858 -0.083871901 0.985668540
1769787331207832576.000000 -0.025098130 0.000440058 0.003952532 0.014628103 0.153123170 -0.086168647 0.984334469
1769787331374498048.000000 -0.025977679 -0.000021024 0.002768036 0.012928740 0.155514270 -0.083909877 0.984178483
1769787331441165056.000000 -0.026404068 -0.000045924 0.002241903 0.012787578 0.157418430 -0.084453769 0.983831048
1769787331674498304.000000 -0.026576430 -0.000094022 0.002902115 0.008369748 0.162029266 -0.086068898 0.982989669
1769787331774500608.000000 -0.026639041 -0.000096315 0.002465641 0.007478264 0.163200602 -0.086143009 0.982796550
1769787331907831296.000000 -0.027992195 -0.000797003 0.001731914 0.002075132 0.167886972 -0.083851583 0.982231438
1769787332107831552.000000 -0.028124884 0.000102391 0.004816322 -0.004630092 0.170520946 -0.086651869 0.981525660
1769787332341164032.000000 -0.025730263 -0.003160340 0.009089306 -0.018588232 0.175124899 -0.083297245 0.980840147
1769787332607831808.000000 -0.038744140 -0.091079995 -0.029231036 -0.055594254 0.182490274 -0.071441278 0.979031503
1769787332707831296.000000 -0.026170237 -0.002946002 0.002966050 -0.039327618 0.178318009 -0.087916307 0.979248106
1769787332907831040.000000 -0.027506789 -0.002090767 0.008513324 -0.053694095 0.181824565 -0.086713627 0.978027344
1769787334607848960.000000 -0.044984035 -0.006689675 0.010256254 -0.157701746 0.167105347 -0.076628990 0.970223665
1769787335074515456.000000 -0.050501764 -0.008024069 0.006527897 -0.164965928 0.153394029 -0.076006345 0.971328795
1769787335107848192.000000 -0.050999448 -0.011351397 0.002598373 -0.165886447 0.153419778 -0.074110165 0.971314490
1769787335407847680.000000 -0.048858378 -0.006392177 0.008795032 -0.163356036 0.141943991 -0.076051861 0.973335922
1769787335441180672.000000 -0.048832163 -0.006376797 0.009225069 -0.162817329 0.141224846 -0.074381240 0.973659873
1769787335507848704.000000 -0.050699800 -0.007796873 0.008877197 -0.162214428 0.139268547 -0.074964531 0.973997474
1769787335541181440.000000 -0.050383054 -0.008180768 0.008990992 -0.161111742 0.137457773 -0.074032702 0.974508882
1769787335607848192.000000 -0.048592001 -0.005479071 0.008455743 -0.158762634 0.133662924 -0.075348817 0.975321114
1769787335641180928.000000 -0.054903038 -0.007825485 0.012152397 -0.159123614 0.134912208 -0.074574232 0.975149751
1769787335674514176.000000 -0.056597766 -0.009439614 0.012735334 -0.158625886 0.134265423 -0.073211037 0.975423396
1769787335707848192.000000 -0.055904903 -0.008972863 0.013309328 -0.157480836 0.132703498 -0.074671105 0.975712001
1769787335741180160.000000 -0.056496844 -0.008886501 0.012487210 -0.155945659 0.131634325 -0.074954465 0.976081550
1769787335774515712.000000 -0.055784341 -0.008366307 0.013011722 -0.154630288 0.130456701 -0.074477188 0.976485372
1769787335807846912.000000 -0.055288270 -0.008916080 0.013442654 -0.153677657 0.128601953 -0.072912045 0.976999819
1769787335841180928.000000 -0.054714970 -0.008591047 0.014745459 -0.151902825 0.127476066 -0.071532235 0.977526784
1769787335907846912.000000 -0.056056805 -0.009294519 0.011751550 -0.149712145 0.123656020 -0.074693657 0.978118777
1769787335941181440.000000 -0.054167487 -0.007906383 0.013346838 -0.148081422 0.121526979 -0.075297572 0.978587449
1769787336041180416.000000 -0.053615756 -0.008031309 0.013196873 -0.142550588 0.117705062 -0.071335539 0.980171442
1769787336074514432.000000 -0.052697659 -0.007868975 0.014176933 -0.141449541 0.115579002 -0.072989993 0.980462134
1769787336141179648.000000 -0.058964696 -0.009920671 0.007414302 -0.137834340 0.113716230 -0.073267683 0.981173873
1769787336174514176.000000 -0.055688970 -0.011213892 0.011610983 -0.137443870 0.111949660 -0.071869917 0.981535137
1769787336241180160.000000 -0.059703138 -0.011575543 0.006568808 -0.132864207 0.108911060 -0.072335437 0.982472956
1769787336374514432.000000 -0.057661545 -0.010412607 0.007709576 -0.124488004 0.101989888 -0.072088107 0.984329283
1769787336407847168.000000 -0.057572499 -0.010334033 0.007791752 -0.122930914 0.100541659 -0.072669260 0.984631181
1769787336441180160.000000 -0.057672027 -0.010665750 0.006476633 -0.120715789 0.098763503 -0.072142042 0.985123873
1769787336474513408.000000 -0.057420049 -0.010399690 0.006555638 -0.119070128 0.097727686 -0.074016623 0.985288382
1769787336507847168.000000 -0.057344731 -0.010133383 0.006603798 -0.116206564 0.095971659 -0.074362800 0.985776663
1769787336541180160.000000 -0.056823973 -0.009827764 0.007192758 -0.113844164 0.094294854 -0.075154275 0.986154079
1769787336574513408.000000 -0.056895871 -0.010175319 0.006740170 -0.112870306 0.092784479 -0.074876480 0.986430407
1769787336607847680.000000 -0.057269152 -0.010297088 0.006513423 -0.110448293 0.090680420 -0.075883403 0.986823201
1769787336641180160.000000 -0.056146424 -0.009875603 0.007359790 -0.108169459 0.088477828 -0.078222901 0.987092793
1769787336674514176.000000 -0.056062359 -0.009415504 0.007967835 -0.104353018 0.086480513 -0.079332784 0.987591982
1769787336707847680.000000 -0.056908213 -0.010152768 0.006030427 -0.101720855 0.085707590 -0.078425489 0.988006353
1769787336774515456.000000 -0.056360096 -0.009755903 0.007128612 -0.095710129 0.083345115 -0.080466390 0.988644719
1769787336807846656.000000 -0.056469291 -0.009861222 0.006285977 -0.093316182 0.080960907 -0.081414618 0.988994002
1769787336941180416.000000 -0.054918937 -0.009236110 0.009535847 -0.080265984 0.072481528 -0.081378087 0.990798354
1769787336974513920.000000 -0.056551617 -0.009002302 0.005749017 -0.076128513 0.070665903 -0.081757106 0.991224766
1769787337041179648.000000 -0.053355120 -0.007637741 0.011319787 -0.069290474 0.066751897 -0.080596104 0.992092371
1769787337074513152.000000 -0.056095224 -0.008514192 0.006596426 -0.065514401 0.066093050 -0.081328578 0.992333233
1769787337141179392.000000 -0.054837666 -0.007818693 0.008367685 -0.059175149 0.059850018 -0.081906803 0.993079901
1769787337174513664.000000 -0.056299489 -0.008543147 0.006307349 -0.055672076 0.057971086 -0.080632083 0.993498087
1769787337207847424.000000 -0.055723816 -0.008071086 0.006533163 -0.052984238 0.053683557 -0.081743844 0.993795097
1769787337241179392.000000 -0.055265531 -0.007601918 0.007352754 -0.048222661 0.049972959 -0.080582872 0.994325757
1769787337274515200.000000 -0.055658765 -0.008270352 0.006107681 -0.046162050 0.045772485 -0.079011202 0.994751871
1769787337341179392.000000 -0.056379572 -0.008777508 0.004937689 -0.041078877 0.037567038 -0.078826733 0.995332956
1769787337374513408.000000 -0.056185625 -0.008331762 0.004702978 -0.037501987 0.033220142 -0.077336870 0.995745480
1769787337474512384.000000 -0.055172324 -0.008790636 0.005412815 -0.031024493 0.020835569 -0.070249282 0.996829212
1769787337507846400.000000 -0.055207018 -0.008447792 0.005532533 -0.028779320 0.017711934 -0.067292102 0.997160912
1769787337541179648.000000 -0.054279227 -0.007853284 0.006393533 -0.026895477 0.014409448 -0.063680649 0.997503817
1769787337674512896.000000 -0.053684358 -0.008026473 0.007215011 -0.025629815 0.009303521 -0.049426723 0.998405516
1769787337774514944.000000 -0.054862387 -0.007923787 0.005580908 -0.037523434 0.015083565 -0.046545606 0.998097181
1769787337841179392.000000 -0.053570967 -0.007680783 0.007883004 -0.052665506 0.016347675 -0.047406495 0.997352362
1769787338041179136.000000 -0.051901840 -0.006167840 0.010747808 -0.069470756 0.018214168 -0.052332893 0.996043861
1769787338074512640.000000 -0.051909462 -0.006180772 0.010055516 -0.070605770 0.017200716 -0.053676620 0.995910525
1769787338107845632.000000 -0.051830675 -0.006473512 0.009873846 -0.071070403 0.017210579 -0.053716809 0.995875180
1769787338174512896.000000 -0.051540736 -0.006223003 0.010015707 -0.071126401 0.016354956 -0.054530151 0.995841384
1769787338241178368.000000 -0.051654465 -0.006271312 0.008965817 -0.069267511 0.015462458 -0.054916631 0.995965421
1769787338274514944.000000 -0.051693294 -0.006646074 0.008199863 -0.068010770 0.015534246 -0.055741817 0.996005058
1769787338441179392.000000 -0.050837621 -0.007660021 0.005622881 -0.055847209 0.012870707 -0.051478066 0.997028351
1769787338507847168.000000 -0.050810337 -0.007455876 0.005520491 -0.051230215 0.013320954 -0.052109908 0.997237504
1769787338674511872.000000 -0.050875552 -0.006867212 0.005512819 -0.040728070 0.014051521 -0.052845649 0.997672856
1769787338874512640.000000 -0.050079465 -0.007006717 0.006771614 -0.030993700 0.012240135 -0.053502392 0.998011589
1769787338907844864.000000 -0.050204229 -0.006622291 0.006556731 -0.028783370 0.012324304 -0.051954314 0.998158514
1769787339641178624.000000 -0.049299516 -0.006780156 0.006516356 -0.021347092 0.003787823 -0.050148997 0.998506427
1769787339707845376.000000 -0.049314499 -0.006840448 0.006024440 -0.022211604 0.003259302 -0.050473288 0.998473108
1769787339907844864.000000 -0.049187418 -0.007192533 0.005474803 -0.025603345 0.000759147 -0.048757941 0.998482108
1769787339941178880.000000 -0.049097203 -0.007443692 0.006099210 -0.025597505 -0.000053602 -0.048970945 0.998472154
1769787340007846656.000000 -0.048991587 -0.007414992 0.005614679 -0.027092054 -0.000817532 -0.047368683 0.998509705
1769787340041177600.000000 -0.049162388 -0.007671472 0.005797586 -0.027502690 -0.000907797 -0.046192572 0.998553455
1769787340107844864.000000 -0.049038045 -0.007984088 0.004408177 -0.029664472 -0.002012074 -0.046812650 0.998461068
1769787340407844608.000000 -0.048810460 -0.009491130 0.005390128 -0.040731627 -0.005186518 -0.046164352 0.998089671
1769787340541178112.000000 -0.048546202 -0.009859899 0.004674389 -0.045510903 -0.006729876 -0.046648670 0.997851372
1769787340707844352.000000 -0.048564728 -0.010188082 0.004310369 -0.051685549 -0.007958993 -0.047397450 0.997506261
1769787340741177088.000000 -0.048271153 -0.010918236 0.004247712 -0.054550730 -0.008376754 -0.049707111 0.997237861
1769787340774512128.000000 -0.048828095 -0.010905435 0.003838139 -0.055077113 -0.008126237 -0.045097578 0.997430027
1769787340874511616.000000 -0.048175879 -0.011579276 0.004366145 -0.060387377 -0.008956833 -0.045652591 0.997090280
1769787340907843584.000000 -0.047883846 -0.003820057 -0.030837489 -0.053812958 -0.009808878 -0.044204619 0.997523904
1769787341074510848.000000 -0.048260894 -0.013802813 0.003318480 -0.074712709 -0.010618531 -0.044360586 0.996161342
1769787341541190144.000000 -0.049805790 -0.018306030 0.001719929 -0.105210990 -0.007605903 -0.045351360 0.993386149
1769787342974521856.000000 -0.053342436 -0.032629304 0.000633077 -0.185443282 -0.060159065 -0.399559915 0.895736337
1769787343374521856.000000 -0.055177361 -0.032997243 -0.001888724 -0.193669602 -0.054372020 -0.419426769 0.885221422
1769787343407855104.000000 -0.056034487 -0.033152994 -0.003240289 -0.193978801 -0.052737787 -0.418240815 0.885813534
1769787343507855104.000000 -0.055455383 -0.032701358 -0.001033561 -0.194881558 -0.049928255 -0.419977754 0.884955943
1769787343641188096.000000 -0.055666894 -0.032320142 -0.000340088 -0.195271060 -0.044126637 -0.415868044 0.887116551
1769787343674521600.000000 -0.056245752 -0.032255709 -0.000769389 -0.195358470 -0.041685190 -0.414790124 0.887719870
1769787343707855104.000000 -0.056330476 -0.032225378 -0.000632720 -0.195299238 -0.039850708 -0.411205053 0.889483273
1769787343741187584.000000 -0.056640197 -0.032091036 -0.002023128 -0.194866210 -0.038418766 -0.410300970 0.890058637
1769787343774522624.000000 -0.056640171 -0.032151185 -0.001191945 -0.195333332 -0.036354885 -0.408530742 0.890856802
1769787343874522112.000000 -0.057171449 -0.031460635 -0.001849676 -0.193517998 -0.029523209 -0.401878774 0.894523740
1769787343974521088.000000 -0.058079284 -0.031258736 -0.002191805 -0.192469493 -0.021812906 -0.391196728 0.899691522
1769787344007854336.000000 -0.057721466 -0.030872848 -0.002167059 -0.191401482 -0.019810215 -0.387967795 0.901362300
1769787344074521600.000000 -0.058498193 -0.030414138 -0.002138350 -0.189909488 -0.014188020 -0.380377591 0.905011654
1769787344141187072.000000 -0.058646511 -0.030024150 -0.002060342 -0.188927814 -0.008874374 -0.372388631 0.908600152
1769787344174521088.000000 -0.058542144 -0.029545361 -0.001690255 -0.187341556 -0.006300571 -0.367656499 0.910874367
1769787344207855104.000000 -0.058865834 -0.029344400 -0.001606484 -0.186614394 -0.002877049 -0.361193776 0.913622379
1769787344241187328.000000 -0.058720313 -0.028648840 -0.000939338 -0.185254440 0.000022719 -0.355983824 0.915945590
1769787344274521856.000000 -0.059272178 -0.028865974 -0.001946059 -0.184469283 0.003650034 -0.350151569 0.918341815
1769787344307855104.000000 -0.059411056 -0.028339466 -0.001587858 -0.182756260 0.007410843 -0.341769278 0.921812892
1769787344341187840.000000 -0.059404142 -0.027835339 -0.001093732 -0.180818975 0.011627723 -0.335182935 0.924565673
1769787344374521344.000000 -0.059767701 -0.027654149 -0.002131914 -0.178918809 0.014260339 -0.327304542 0.927715719
1769787344407853824.000000 -0.059778027 -0.027296595 -0.001655642 -0.177381307 0.018507989 -0.318443060 0.931014121
1769787344474520576.000000 -0.060069546 -0.026284259 -0.000754885 -0.173335582 0.027621107 -0.298646063 0.938084424
1769787344507854080.000000 -0.061135173 -0.026464082 -0.002381347 -0.171886101 0.033530127 -0.284649581 0.942499638
1769787344541188864.000000 -0.062255912 -0.025249019 -0.005642409 -0.168162927 0.037961185 -0.276342779 0.945470691
1769787344641187072.000000 -0.062168516 -0.024700403 -0.001998059 -0.161876425 0.050661542 -0.242044032 0.955324113
1769787344707854592.000000 -0.062360764 -0.023137970 -0.001245382 -0.153558373 0.057195101 -0.222249731 0.961121023
1769787344774520576.000000 -0.061747685 -0.022720182 0.000084336 -0.149602085 0.061653834 -0.209447652 0.964339018
1769787344907853568.000000 -0.061656147 -0.021720698 0.000797854 -0.136300176 0.070449792 -0.205902353 0.966469526
1769787344941187840.000000 -0.061777610 -0.021676593 0.000841422 -0.133863434 0.072487332 -0.207941383 0.966222882
1769787344974520320.000000 -0.061955586 -0.021737251 0.001015006 -0.129967064 0.075418003 -0.207595795 0.966604710
1769787345007853568.000000 -0.061097525 -0.021685548 0.002013510 -0.127343044 0.077122092 -0.208862290 0.966546655
1769787345074520064.000000 -0.061290935 -0.021319905 0.002145070 -0.120999999 0.083095901 -0.211727858 0.966242969
1769787345107853568.000000 -0.060984649 -0.021240247 0.002566664 -0.117868774 0.084981285 -0.212675199 0.966257930
1769787345141186816.000000 -0.061029259 -0.021121399 0.002500111 -0.114782222 0.088792220 -0.215513378 0.965657771
1769787345241186560.000000 -0.060541537 -0.020718319 0.003437479 -0.104149058 0.097411133 -0.217396513 0.965610087
1769787345307854080.000000 -0.060597863 -0.020358659 0.003400805 -0.098682530 0.104982264 -0.221420914 0.964475632
1769787345341187072.000000 -0.060099654 -0.020369934 0.003870894 -0.097888924 0.107855320 -0.226167873 0.963137090
1769787345374520064.000000 -0.059942808 -0.020506833 0.004076920 -0.096524499 0.111105047 -0.227283388 0.962642670
1769787345407852800.000000 -0.059716113 -0.019984048 0.004425473 -0.092869207 0.116382539 -0.226539522 0.962554038
1769787345441186816.000000 -0.059364952 -0.019612290 0.005605165 -0.090673402 0.121498786 -0.228382453 0.961695313
1769787345474519040.000000 -0.059679057 -0.019525871 0.004769602 -0.090047151 0.124614045 -0.231979132 0.960493922
1769787345541187072.000000 -0.059726585 -0.019218016 0.005495335 -0.087076485 0.134789467 -0.234878123 0.958687544
1769787345674520576.000000 -0.059341513 -0.018239308 0.006209054 -0.084714480 0.147358283 -0.245539084 0.954368711
1769787345774519808.000000 -0.059140638 -0.018328391 0.006200623 -0.086768433 0.149975985 -0.244035527 0.954162002
1769787346274520064.000000 -0.058476172 -0.016133167 0.009967927 -0.133159667 0.143232107 -0.170499712 0.965755105
1769787346307853312.000000 -0.058338199 -0.016127255 0.009539676 -0.130078688 0.142567500 -0.165681437 0.967111051
1769787346474517760.000000 -0.059479628 -0.015293691 0.008237781 -0.119581982 0.143949047 -0.148563951 0.971034288
1769787346507853056.000000 -0.058645748 -0.015049294 0.009626254 -0.119263195 0.143800393 -0.151291266 0.970674336
1769787346574519040.000000 -0.059153251 -0.014318402 0.008820495 -0.112234086 0.144259498 -0.148977190 0.971801698
1769787350307864832.000000 -0.060461808 -0.024803981 0.020726083 -0.182180941 0.202638999 -0.104436219 0.956473053
1769787350441197824.000000 -0.063761726 -0.026405502 0.017945791 -0.190288290 0.204175964 -0.096351840 0.955415606
1769787350574531328.000000 -0.064658158 -0.027482729 0.015195815 -0.197608307 0.199397802 -0.103463337 0.954194367
1769787351407864064.000000 -0.064144768 -0.031489320 0.014676753 -0.225832835 0.178832531 -0.091048777 0.953272581
1769787351541197312.000000 -0.065229900 -0.032760352 0.012679172 -0.226846233 0.174138606 -0.087425351 0.954239666
1769787351674530816.000000 -0.063604437 -0.033043407 0.012040431 -0.226959378 0.169444218 -0.087206468 0.955077589
1769787351741196800.000000 -0.062871538 -0.032917615 0.013549949 -0.226445064 0.167184651 -0.085175753 0.955780864
1769787351874530560.000000 -0.061714206 -0.032758310 0.013297508 -0.224544093 0.161324635 -0.085869521 0.957173288
1769787352041196544.000000 -0.060559493 -0.032315858 0.013585177 -0.221132621 0.154551342 -0.085149787 0.959147394
1769787352074529792.000000 -0.060643349 -0.032331035 0.013142211 -0.220723301 0.153554410 -0.085394308 0.959380090
1769787352274531072.000000 -0.058957905 -0.031809017 0.013802822 -0.214004442 0.144487649 -0.083352596 0.962485194
1769787352374529280.000000 -0.057926647 -0.031133905 0.013665861 -0.209375218 0.139140338 -0.085061707 0.964140296
1769787352407863040.000000 -0.058127176 -0.031427048 0.012973176 -0.208175391 0.137932763 -0.084425166 0.964629412
1769787352441196544.000000 -0.058801971 -0.030603793 0.011803242 -0.205515549 0.136520237 -0.082428552 0.965572953
1769787352474528768.000000 -0.057466239 -0.031280007 0.013435781 -0.204458848 0.133644104 -0.084475458 0.966022611
1769787352507863296.000000 -0.058048028 -0.030816844 0.012246071 -0.203164086 0.132947788 -0.082801163 0.966536701
1769787352607863552.000000 -0.056185275 -0.030255180 0.012739140 -0.197728708 0.126199573 -0.085610688 0.968322217
1769787352707863040.000000 -0.055224776 -0.029718790 0.012259510 -0.193332180 0.120556332 -0.086727574 0.969828427
1769787352841195776.000000 -0.054207254 -0.028100688 0.011610342 -0.183210239 0.113207348 -0.088462122 0.972518682
1769787352874530816.000000 -0.054706603 -0.028324157 0.010440703 -0.181036726 0.112063535 -0.085524745 0.973320603
1769787352907862528.000000 -0.053952251 -0.027868297 0.011435426 -0.179313555 0.110335715 -0.087556556 0.973656297
1769787352974529280.000000 -0.053416613 -0.027361892 0.011840926 -0.174002960 0.107256562 -0.088990420 0.974833190
1769787353074529536.000000 -0.052463435 -0.026959393 0.012326312 -0.167584792 0.102270596 -0.089660555 0.976430774
1769787353107863040.000000 -0.052350227 -0.026849594 0.012546653 -0.166233629 0.101088293 -0.091523424 0.976612031
1769787353141195008.000000 -0.051574651 -0.026757929 0.014885187 -0.163286209 0.099415302 -0.091067858 0.977323353
1769787353241195264.000000 -0.051474769 -0.026313225 0.013033229 -0.153868496 0.093756974 -0.095503837 0.978985786
1769787353274530048.000000 -0.051443584 -0.026271172 0.013208477 -0.151204169 0.092285216 -0.096572384 0.979435802
1769787353374529536.000000 -0.051169705 -0.025671635 0.015101166 -0.140954643 0.087336652 -0.093964204 0.981669426
1769787353407862272.000000 -0.051008403 -0.026034176 0.014272902 -0.139728323 0.084864952 -0.095837779 0.981880367
1769787353474528512.000000 -0.051176809 -0.025563840 0.012975764 -0.132123426 0.081369579 -0.094169855 0.983389258
1769787353507862016.000000 -0.050974805 -0.025645148 0.013331052 -0.130189732 0.079743721 -0.095400251 0.983661711
1769787353541197056.000000 -0.050853189 -0.025403010 0.013581017 -0.126412779 0.077895500 -0.095101699 0.984331131
1769787353641195776.000000 -0.050830297 -0.025126707 0.013241105 -0.117397398 0.068792902 -0.095147021 0.986119866
1769787353707862528.000000 -0.050147612 -0.024651065 0.014250571 -0.111164197 0.061323110 -0.095524065 0.987297893
1769787353741195264.000000 -0.050212588 -0.024210541 0.014140520 -0.108347423 0.058210965 -0.094439320 0.987903595
1769787354207862272.000000 -0.049490884 -0.022548819 0.013860762 -0.091181822 0.026619487 -0.063005880 0.993482530
1769787354274530560.000000 -0.048723146 -0.022308165 0.016020719 -0.107915059 0.030523779 -0.063672096 0.991649389
1769787354374528768.000000 -0.048182145 -0.021885158 0.016681597 -0.123185530 0.033315737 -0.063703224 0.989776373
1769787354407862016.000000 -0.047879953 -0.021615611 0.017697059 -0.126702115 0.032404061 -0.064819612 0.989290178
1769787354507861760.000000 -0.047704693 -0.021691702 0.016634837 -0.132123381 0.033021759 -0.067258678 0.988397360
1769787354641194752.000000 -0.048052162 -0.021919452 0.014872803 -0.133434087 0.030312581 -0.070317529 0.988095105
1769787354774529280.000000 -0.046469375 -0.021585772 0.015066341 -0.128748864 0.028341742 -0.068358123 0.988912344
1769787354807861760.000000 -0.045978125 -0.021654023 0.015488042 -0.127674952 0.026432276 -0.068557747 0.989090621
1769787354941195776.000000 -0.045962121 -0.021180740 0.015702672 -0.116073713 0.027854776 -0.066893488 0.990593910
1769787355007861504.000000 -0.045828804 -0.020814616 0.015636269 -0.110230133 0.027240252 -0.067215748 0.991256475
1769787355074528256.000000 -0.045786791 -0.020484056 0.015812755 -0.105418697 0.027493378 -0.068411142 0.991690934
1769787355674528000.000000 -0.044707227 -0.019262362 0.016384037 -0.084263019 0.023534361 -0.068749681 0.993790448
1769787355841193984.000000 -0.044592876 -0.019382752 0.016531019 -0.082116008 0.021824308 -0.067220956 0.994113684
1769787355907860224.000000 -0.044701096 -0.019453714 0.016077638 -0.081501946 0.020797854 -0.066993818 0.994201541
1769787356274527232.000000 -0.044184193 -0.020318044 0.016129540 -0.084800169 0.015728626 -0.064574279 0.994178891
1769787356341193984.000000 -0.044348974 -0.020565810 0.015664427 -0.085977398 0.015117997 -0.063550852 0.994153261
1769787356474526720.000000 -0.044253487 -0.020729842 0.015240101 -0.088594563 0.013412616 -0.063545741 0.993948221
1769787356674544128.000000 -0.044389680 -0.021355411 0.015355125 -0.093490168 0.011693598 -0.062045701 0.993616223
1769787356741210112.000000 -0.044391453 -0.021554744 0.014953453 -0.094745167 0.012233139 -0.059165288 0.993666530
1769787356774544128.000000 -0.044028498 -0.021659886 0.015254045 -0.096719459 0.010628610 -0.062550329 0.993287385
1769787356907876608.000000 -0.044021357 -0.021564439 0.015295194 -0.099032275 0.009951122 -0.063061744 0.993034184
1769787357174543872.000000 -0.044433229 -0.023336284 0.014357968 -0.113101371 0.008866676 -0.060781874 0.991682947
1769787357207878144.000000 -0.044330385 -0.023089759 0.013693708 -0.113404602 0.007764154 -0.063858561 0.991464198
1769787357274545152.000000 -0.044084698 -0.023952505 0.015012093 -0.118015975 0.007789853 -0.061816528 0.991055131
1769787357307877888.000000 -0.044944394 -0.023895452 0.011300758 -0.119322605 0.007483259 -0.059683293 0.991031826
1769787357507876608.000000 -0.045218457 -0.026068155 0.012966581 -0.132371247 0.008373695 -0.054967791 0.989639461
1769787357541210368.000000 -0.045031812 -0.026190728 0.013506370 -0.134883970 0.007800133 -0.056408543 0.989223719
1769787357707876608.000000 -0.045255944 -0.027759001 0.013741951 -0.145035788 0.007938489 -0.052262284 0.988013327
1769787357941210624.000000 -0.045715086 -0.030407131 0.015077841 -0.163733035 0.012076993 -0.048339963 0.985245645
1769787358107876608.000000 -0.046329882 -0.032590348 0.014117443 -0.176623613 0.002171304 -0.095821097 0.979600847
1769787358474542336.000000 -0.045340031 -0.035556890 0.015555775 -0.204584673 -0.025905719 -0.225724295 0.952114820
1769787358507876096.000000 -0.045090668 -0.034941547 0.017303996 -0.205535039 -0.025844140 -0.233486950 0.950037539
1769787358541210112.000000 -0.044959560 -0.036069192 0.016478827 -0.208287537 -0.030283106 -0.246574774 0.945991576
1769787358607877120.000000 -0.045385189 -0.036911320 0.015836705 -0.212326571 -0.033590052 -0.264040232 0.940250993
1769787358641209600.000000 -0.045266040 -0.036956236 0.017039746 -0.213866368 -0.035045292 -0.272264540 0.937499404
1769787358674542848.000000 -0.045118373 -0.037509952 0.015488967 -0.215577200 -0.039037738 -0.282903165 0.933792412
1769787358807876608.000000 -0.045203682 -0.038782254 0.017153099 -0.222774923 -0.046952758 -0.317502946 0.920520842
1769787359241208832.000000 -0.046815827 -0.042054474 0.015779343 -0.240115121 -0.064242572 -0.395885557 0.884020507
1769787359541210624.000000 -0.047413297 -0.042289376 0.017542912 -0.248390093 -0.065879866 -0.429192454 0.865884542
1769787359574542336.000000 -0.047659703 -0.042756945 0.017480690 -0.249982998 -0.066662230 -0.432423770 0.863756001
1769787359641208320.000000 -0.047959007 -0.042494673 0.017209236 -0.250434250 -0.065729491 -0.435373634 0.862213492
1769787359674542080.000000 -0.048191935 -0.042584091 0.016715074 -0.250303268 -0.065213546 -0.435916662 0.862016320
1769787359907875072.000000 -0.048851199 -0.042390097 0.018128520 -0.254640847 -0.060796600 -0.441206247 0.858369887
1769787359941209344.000000 -0.048833169 -0.042649850 0.018456120 -0.254952192 -0.059902191 -0.440620154 0.858641386
1769787360141207808.000000 -0.049773917 -0.042035911 0.017715918 -0.255306304 -0.050214659 -0.435695171 0.861665189
1769787360341208576.000000 -0.050403304 -0.040810734 0.018064685 -0.253048778 -0.037210912 -0.423880756 0.868853688
1769787360407875328.000000 -0.050735023 -0.040504329 0.018449293 -0.252840817 -0.031145867 -0.417282969 0.872339606
1769787360441208064.000000 -0.051100444 -0.040478181 0.018264297 -0.252735883 -0.028847190 -0.415456027 0.873320520
1769787360474540544.000000 -0.051271144 -0.040560819 0.018020647 -0.251903921 -0.026226645 -0.410580695 0.875945270
1769787360541208832.000000 -0.051692810 -0.039958015 0.017834598 -0.249696925 -0.020501433 -0.404667288 0.879474580
1769787360607876352.000000 -0.051609159 -0.039286222 0.018509483 -0.248296708 -0.013994918 -0.396013528 0.883926570
1769787360641208320.000000 -0.051364146 -0.038906928 0.019166354 -0.248327523 -0.012080063 -0.393644392 0.885003805
1769787360674541824.000000 -0.051796909 -0.038687721 0.018651912 -0.245755032 -0.006994285 -0.385093242 0.889527261
1769787360707875328.000000 -0.051803272 -0.038649134 0.018224545 -0.244469121 -0.004580387 -0.380741566 0.891767740
1769787360807875072.000000 -0.051849436 -0.037435714 0.019957053 -0.240118071 0.008306622 -0.359854817 0.901542485
1769787360841208320.000000 -0.052177265 -0.037170202 0.019372610 -0.239504188 0.012115363 -0.353089005 0.904333532
1769787360874542080.000000 -0.051897530 -0.037024938 0.019451795 -0.237701371 0.015153508 -0.344989151 0.907882631
1769787360941208576.000000 -0.053912036 -0.035733126 0.018072674 -0.232713699 0.028049000 -0.327248663 0.915404797
1769787361007875072.000000 -0.052869353 -0.035524987 0.018759336 -0.229099721 0.036587145 -0.307553500 0.922813952
1769787361141207552.000000 -0.053752501 -0.033582095 0.019544575 -0.218414322 0.055585053 -0.259621084 0.939043343
1769787361207875584.000000 -0.054020189 -0.032886472 0.018909926 -0.211362377 0.062137552 -0.243805349 0.944470167
1769787361241207040.000000 -0.053575650 -0.032595363 0.018331017 -0.208913580 0.062625371 -0.240263537 0.945889354
1769787361407874560.000000 -0.054445203 -0.031539071 0.018395830 -0.191363066 0.074193880 -0.236968473 0.949590087
1769787361441207296.000000 -0.054103933 -0.031455547 0.019591890 -0.189635128 0.076736212 -0.236793220 0.949778438
1769787361541208064.000000 -0.052895308 -0.031321034 0.020654043 -0.177581981 0.082973637 -0.238444358 0.951169968
1769787361707874816.000000 -0.054065511 -0.030341161 0.020034580 -0.158505008 0.098534949 -0.245403633 0.951285541
1769787361807874816.000000 -0.053647190 -0.030017272 0.020244958 -0.150588423 0.109485276 -0.250339717 0.950087488
1769787362907873280.000000 -0.052741699 -0.024016570 0.024706524 -0.172723502 0.150599167 -0.179890409 0.956622124
1769787363107874048.000000 -0.052823208 -0.023203541 0.025067557 -0.155779064 0.151821420 -0.173111886 0.960580766
1769787363274541568.000000 -0.052831769 -0.022663211 0.025423585 -0.140548527 0.153841287 -0.171907723 0.962822258
1769787364574536960.000000 -0.053929411 -0.021887094 0.025516421 -0.108308919 0.177054673 -0.162956640 0.964554846
1769787364707870720.000000 -0.054188229 -0.021902427 0.026426399 -0.110793270 0.180862263 -0.161689386 0.963779151
1769787364941204224.000000 -0.054412372 -0.022358667 0.026520332 -0.118888825 0.185015023 -0.162976265 0.961807549
1769787367141201664.000000 -0.065358475 -0.014606301 0.011029992 -0.241515532 0.206362441 -0.142521262 0.937428653
1769787367174536448.000000 -0.065356195 -0.014294417 0.011876475 -0.243194550 0.205303177 -0.141886130 0.937323511
1769787367241201920.000000 -0.064825848 -0.014070658 0.012647802 -0.245189652 0.205896348 -0.139926523 0.936968148
1769787367841201920.000000 -0.064115718 -0.015620828 0.012417065 -0.262626350 0.189711303 -0.133711755 0.936567247
1769787368041201920.000000 -0.063991755 -0.016160477 0.012148450 -0.265084088 0.184671611 -0.129537016 0.937468469
1769787368074534912.000000 -0.063923508 -0.015998648 0.011982907 -0.265116125 0.182929516 -0.130618170 0.937650919
1769787368174534400.000000 -0.063906081 -0.016291577 0.011606027 -0.265227526 0.180310354 -0.129250020 0.938316047
1769787368241201152.000000 -0.062934928 -0.015902676 0.012414368 -0.265071273 0.177131012 -0.128919259 0.939010978
1769787368474534144.000000 -0.062521063 -0.016240034 0.011280424 -0.261296272 0.167759240 -0.127936497 0.941920042
1769787368541202944.000000 -0.063157149 -0.016266551 0.010378448 -0.259563237 0.164729223 -0.128141597 0.942905605
1769787368607868928.000000 -0.062522076 -0.016265307 0.011306552 -0.258433938 0.162119091 -0.126819119 0.943846524
1769787368641201920.000000 -0.061608948 -0.015951067 0.011736726 -0.257307500 0.160207048 -0.127287403 0.944417536
1769787368674534656.000000 -0.062054034 -0.016073875 0.011081222 -0.256244957 0.158995286 -0.126925409 0.944959760
1769787368707868416.000000 -0.062123463 -0.016088249 0.010686141 -0.255001277 0.157639280 -0.127185434 0.945488274
1769787368807868928.000000 -0.061364837 -0.015930077 0.011375695 -0.251108885 0.153430268 -0.126145616 0.947359920
1769787368841201664.000000 -0.061282396 -0.015895948 0.011149499 -0.249949083 0.151883215 -0.125547156 0.947995186
1769787368874534912.000000 -0.060802341 -0.015544437 0.011308984 -0.248348117 0.150221020 -0.125543550 0.948680997
1769787368907867648.000000 -0.061423950 -0.015854374 0.010787051 -0.247241959 0.148781717 -0.125148147 0.949248850
1769787368941201664.000000 -0.060866419 -0.015480179 0.010827975 -0.245475754 0.147355646 -0.125381395 0.949898660
1769787368974534144.000000 -0.060921736 -0.015560340 0.010346666 -0.244191483 0.145492524 -0.125993833 0.950435698
1769787369141200640.000000 -0.059527151 -0.015300677 0.011229772 -0.237015873 0.137981966 -0.122386858 0.953837454
1769787369174534400.000000 -0.059675284 -0.015327512 0.011042013 -0.234565616 0.136432678 -0.122249618 0.954683244
1769787369207868160.000000 -0.060364716 -0.015713762 0.009566776 -0.233507067 0.134962246 -0.123729303 0.954961121
1769787369274535680.000000 -0.058985118 -0.015162991 0.010863233 -0.229741752 0.131038040 -0.123154841 0.956493914
1769787369341200640.000000 -0.058117278 -0.014793108 0.011332070 -0.226591989 0.127695575 -0.122874901 0.957732558
1769787369374533888.000000 -0.058431484 -0.015035719 0.010555168 -0.223617062 0.125607282 -0.122461073 0.958760440
1769787369407867392.000000 -0.058497708 -0.014921416 0.010005804 -0.221294850 0.125216037 -0.120395303 0.959611654
1769787369441200640.000000 -0.057374798 -0.014559336 0.010890943 -0.218910992 0.122117169 -0.121905796 0.960366786
1769787369474533376.000000 -0.057368983 -0.014425658 0.010467487 -0.217149466 0.120034330 -0.123565480 0.960817099
1769787369574533888.000000 -0.055229332 -0.013664939 0.013782439 -0.210752055 0.114612050 -0.125081643 0.962705731
1769787369641200896.000000 -0.055129290 -0.013074022 0.012279050 -0.204023853 0.108809486 -0.128236145 0.964411855
1769787369674533888.000000 -0.055059288 -0.013061300 0.012678769 -0.200647742 0.107594036 -0.127492964 0.965354621
1769787369707868160.000000 -0.054165334 -0.012948173 0.013257912 -0.197277308 0.105040967 -0.128639370 0.966178060
1769787369741200128.000000 -0.054736122 -0.012649384 0.012772287 -0.194678649 0.103634283 -0.128360465 0.966893911
1769787369774533632.000000 -0.054688465 -0.012611017 0.012561550 -0.191349611 0.102761045 -0.127835244 0.967720866
1769787369841201152.000000 -0.054318897 -0.012289368 0.013089353 -0.185926899 0.097697623 -0.129256561 0.969112515
1769787369941201152.000000 -0.054366477 -0.011722827 0.013414498 -0.174732670 0.093075685 -0.121326186 0.972669244
1769787370007867648.000000 -0.052959263 -0.011527892 0.013894777 -0.169043511 0.085950285 -0.128798172 0.973369360
1769787370207867648.000000 -0.054121088 -0.011536144 0.012902909 -0.157974631 0.070584632 -0.128947809 0.976439595
1769787372341228032.000000 -0.046988949 -0.002609190 0.012793574 -0.131273553 0.035332669 -0.112456560 0.984313130
1769787373807894016.000000 -0.047087796 -0.008870325 0.011723961 -0.170450360 0.032982271 -0.107278362 0.978953660
1769787373974558976.000000 -0.047218725 -0.009467253 0.011662201 -0.176601127 0.034371980 -0.106702149 0.977877915
1769787374141225984.000000 -0.047830131 -0.010427177 0.011602004 -0.183805272 0.037120417 -0.107773602 0.976331174
1769787374174560256.000000 -0.047948476 -0.010598693 0.011722988 -0.185351804 0.037327528 -0.108575150 0.975942075
1769787374507892736.000000 -0.048850287 -0.012109734 0.011790577 -0.197696209 0.043666918 -0.110030226 0.973089278
1769787374641226496.000000 -0.049207777 -0.012671759 0.012038744 -0.202042356 0.046219315 -0.110177398 0.972061515
1769787374674559232.000000 -0.049310036 -0.012649011 0.012185182 -0.202700585 0.046735112 -0.110792257 0.971829951
1769787374841226240.000000 -0.049848109 -0.013272230 0.012208106 -0.207352698 0.050074808 -0.110938400 0.970664740
1769787375107892736.000000 -0.050557047 -0.013681142 0.012326607 -0.212460533 0.055448424 -0.111625075 0.969188273
1769787375207893248.000000 -0.050663181 -0.013653485 0.012647578 -0.214131087 0.057369146 -0.112144656 0.968648732
1769787375274559488.000000 -0.050876513 -0.013764555 0.012575676 -0.214982271 0.058528155 -0.112804495 0.968314111
1769787376074558720.000000 -0.052700739 -0.013279003 0.012984821 -0.217118144 0.072578870 -0.116953954 0.966392159
1769787376141224960.000000 -0.052736372 -0.013314273 0.013209168 -0.217059836 0.073550485 -0.116911039 0.966337025
1769787376241224704.000000 -0.052806307 -0.013185662 0.013210486 -0.216901138 0.074315362 -0.117974311 0.966184855
1769787376274558208.000000 -0.052816622 -0.013188453 0.013207663 -0.216741085 0.074449539 -0.118187346 0.966184437
1769787377141224704.000000 -0.053649347 -0.012289736 0.013059655 -0.211881354 0.080355495 -0.122839496 0.966208935
1769787377741223936.000000 -0.053646743 -0.011916730 0.013396189 -0.210181251 0.081156008 -0.124741182 0.966269732
1769787377941224448.000000 -0.053668067 -0.011803433 0.013445906 -0.209859952 0.081114270 -0.124834456 0.966331005
1769787378407890944.000000 -0.053684544 -0.011820793 0.013436476 -0.209633470 0.080611512 -0.125309423 0.966360807
1769787380574567680.000000 -0.053650480 -0.011827091 0.013528101 -0.209805295 0.080590017 -0.125099957 0.966352403
1769787380607902464.000000 -0.053718325 -0.011797518 0.013466398 -0.209731236 0.080673173 -0.125192970 0.966349542
1769787380674567680.000000 -0.053679947 -0.011786645 0.013493218 -0.209784433 0.080611244 -0.125119492 0.966352701
1769787380907901184.000000 -0.053676352 -0.011711149 0.013538273 -0.209602654 0.080656953 -0.125271723 0.966368556
