1770030160994402816.000000 0.000000000 0.000000000 0.000000000 -0.000000000 -0.000000000 -0.000000000 1.000000000
1770030161661051392.000000 0.000188563 -0.009608901 -0.008574384 -0.000720389 -0.000076470 0.000183105 0.999999762
1770030161927718912.000000 -0.010202713 -0.012378882 -0.004886813 -0.000255252 0.001234517 -0.002869349 0.999995112
1770030163727715584.000000 -0.002909099 -0.005861766 -0.008252199 -0.000255193 0.000184548 -0.000641419 0.999999762
1770030165361065472.000000 0.001435338 -0.010834096 -0.013042136 -0.001541738 -0.000454709 -0.000856639 0.999998391
1770030166494395136.000000 0.028772658 -0.024985541 -0.015408005 -0.000952194 -0.004310465 -0.000948669 0.999989808
1770030167027711744.000000 0.043081064 -0.034445532 -0.015867509 0.001332825 -0.002880561 -0.001289985 0.999994159
1770030167661057536.000000 0.077604756 -0.032100748 0.006725485 0.004433365 -0.001362253 -0.001211918 0.999988556
1770030168127713536.000000 0.101906896 -0.048155658 -0.012380509 0.005530964 0.002433697 0.001633109 0.999980450
1770030169827714560.000000 0.262330532 -0.017901674 -0.032540489 0.006623301 0.020485079 0.005119746 0.999755144
1770030170294398208.000000 0.308531135 0.040437635 -0.018328419 0.006871493 0.027503112 0.003507149 0.999591947
1770030170427727872.000000 0.318420529 0.054645784 -0.026311314 0.005732813 0.028931623 0.002850714 0.999560893
1770030170694407424.000000 0.342670858 0.087312981 -0.022205701 0.003781114 0.031980742 0.003298633 0.999475896
1770030170994406400.000000 0.367449701 0.131168887 -0.021689393 0.002497089 0.033513039 0.002998128 0.999430716
1770030171194399744.000000 0.375211030 0.167985618 -0.013529738 0.002503824 0.035439163 0.001625487 0.999367356
1770030171394403328.000000 0.391911507 0.187517837 -0.025540717 -0.000214179 0.035954680 0.001778066 0.999351799
1770030171561069568.000000 0.399811149 0.207958370 -0.018472984 -0.001435993 0.036295343 -0.000075870 0.999340117
1770030171727723008.000000 0.416110039 0.232386976 -0.008893714 -0.002012110 0.035093505 -0.000687556 0.999381781
1770030171894386176.000000 0.419478327 0.253602654 -0.015670791 -0.002724159 0.035511840 0.000224255 0.999365509
1770030172194429696.000000 0.419839829 0.295849383 -0.012629996 -0.001524178 0.036319334 -0.001527679 0.999337912
1770030172561066752.000000 0.419805825 0.316069543 -0.013268801 -0.002692345 0.034290247 -0.001902825 0.999406517
1770030172894397952.000000 0.403942585 0.316760898 -0.014685728 -0.003425457 0.031423122 -0.002385570 0.999497473
1770030173261063936.000000 0.379459649 0.303830475 -0.027390806 -0.001084082 0.029878916 -0.001065372 0.999552369
1770030173461055744.000000 0.353986144 0.285870224 -0.016649481 -0.000872350 0.029861353 -0.002069929 0.999551535
1770030173661070848.000000 0.336454540 0.254625201 -0.021986583 0.000817383 0.027483013 -0.001670781 0.999620557
1770030173894421248.000000 0.303324282 0.226733327 -0.031698886 0.005305945 0.025571072 -0.000558418 0.999658763
1770030174061055744.000000 0.272341341 0.190938368 -0.026908362 0.007562360 0.026094435 -0.000221352 0.999630868
1770030174494411520.000000 0.200127468 0.102923065 -0.037817761 0.027193448 0.020053361 -0.002969671 0.999424636
1770030174627727872.000000 0.184719861 0.085906453 -0.031315837 0.039570872 0.014144292 -0.003843871 0.999109268
1770030174827732992.000000 0.151328400 0.043856908 -0.056211021 0.058147352 0.005253100 -0.007352978 0.998267114
1770030174961054976.000000 0.143556938 -0.004506706 -0.051148485 0.066063218 -0.010067371 -0.005081575 0.997751713
1770030175127720960.000000 0.112730429 -0.059981722 -0.070996471 0.074891120 -0.031008977 -0.008898112 0.996669769
1770030175361064192.000000 0.054486550 -0.130719066 -0.038323641 0.081670918 -0.056549475 -0.006517037 0.995032430
1770030175494392320.000000 0.029816719 -0.170836300 -0.015390608 0.077321894 -0.059761353 0.002793500 0.995209634
1770030175661062656.000000 -0.001857071 -0.205505997 -0.023459509 0.033108927 -0.045922130 0.008166873 0.998362839
1770030175827718912.000000 -0.052482821 -0.231309801 0.001006738 -0.004714569 -0.034498252 0.000265388 0.999393642
1770030175994486272.000000 -0.096396402 -0.256827623 0.009032228 -0.028319202 -0.025936637 -0.003958738 0.999254584
1770030179894385408.000000 -0.583441854 -0.100333653 -0.035883483 0.010707770 -0.005492427 -0.004303352 0.999918342
1770030180161051136.000000 -0.579906046 -0.016917633 -0.039243966 0.006525094 -0.005376341 -0.004387258 0.999954641
1770030180294398208.000000 -0.581732571 0.033415217 -0.026421351 0.004057568 -0.005289882 -0.036116570 0.999325335
1770030180461068800.000000 -0.587773263 0.077347368 -0.037873857 -0.001749164 -0.006801486 -0.083855256 0.996453226
1770030180694383104.000000 -0.604035378 0.158035412 -0.037492607 -0.009497732 -0.002677207 -0.151761562 0.988367915
1770030180861051392.000000 -0.604038537 0.209222600 -0.034749024 -0.013527985 -0.001743925 -0.196900308 0.980328619
1770030180894380800.000000 -0.598112583 0.227662534 -0.029736536 -0.012962935 -0.002265380 -0.207008451 0.978250682
1770030181027721472.000000 -0.605331838 0.260306060 -0.043752879 -0.017229296 0.000023662 -0.239877358 0.970650315
1770030181194385152.000000 -0.602430701 0.306775719 -0.042683911 -0.021336813 0.000986354 -0.276273817 0.960841596
1770030181394416128.000000 -0.592467964 0.357904494 -0.038131118 -0.024908056 0.002328203 -0.312893867 0.949458599
1770030181627724544.000000 -0.572860181 0.400394678 -0.049261026 -0.029527796 0.003031857 -0.348756194 0.936743319
1770030181894388992.000000 -0.552605450 0.443793982 -0.047472633 -0.032267321 0.005436165 -0.379338950 0.924678981
1770030182194380288.000000 -0.503704131 0.470687538 -0.048989303 -0.034256432 0.006433045 -0.395754218 0.917694807
1770030182494384640.000000 -0.472052664 0.475682557 -0.057907369 -0.035930619 0.008038852 -0.403662682 0.914166749
1770030183027713536.000000 -0.365379095 0.429448336 -0.049126659 -0.035668097 0.008586390 -0.380960464 0.923863232
1770030183327715840.000000 -0.308044255 0.379040748 -0.047797441 -0.031237287 0.012840183 -0.351521790 0.935570359
1770030183494379008.000000 -0.276667535 0.337625742 -0.047965042 -0.029148765 0.015598088 -0.326759368 0.944529176
1770030183627721472.000000 -0.233352453 0.316244811 -0.030987723 -0.023448527 0.015638376 -0.299248248 0.953758955
1770030183761051904.000000 -0.203420103 0.268694311 -0.022959542 -0.021126155 0.016139016 -0.262446493 0.964580238
1770030183927713536.000000 -0.150665253 0.225959018 -0.019334557 -0.012961561 0.017277708 -0.207884908 0.977914810
1770030184561050624.000000 -0.001949733 0.059019335 -0.031901699 0.043172318 0.047366980 -0.143364146 0.987592638
1770030184727716608.000000 0.034961011 -0.003095808 -0.054957762 0.057963584 0.065290049 -0.141688719 0.986053646
1770030184894388224.000000 0.063214131 -0.043715108 -0.040432967 0.067682095 0.093290024 -0.139224797 0.983530641
1770030185094382592.000000 0.109776996 -0.108222626 -0.044004720 0.066794783 0.123619661 -0.140374869 0.980077326
1770030185261051904.000000 0.159343749 -0.152024776 -0.037969992 0.058636308 0.135375202 -0.142502785 0.978738129
1770030185427720960.000000 0.216309860 -0.182157487 -0.045450877 0.029129280 0.120427109 -0.123145767 0.984623730
1770030185527720192.000000 0.258230299 -0.209602833 -0.044368092 -0.001241971 0.101871148 -0.103363357 0.989412367
1770030185761042688.000000 0.322149903 -0.226101235 -0.005213640 -0.032348972 0.076854900 -0.063450195 0.994495332
1770030185994416384.000000 0.387659758 -0.272824138 0.015087930 -0.045742154 0.060646214 -0.033914261 0.996533751
1770030186194398464.000000 0.428339928 -0.314532638 -0.000647004 -0.041676108 0.051084846 -0.017458776 0.997671604
1770030186394390272.000000 0.474717349 -0.356203377 -0.004425028 -0.029007815 0.044403780 -0.014309389 0.998489916
1770030186527716864.000000 0.477976829 -0.362956375 -0.013273867 -0.014708342 0.044220969 -0.013776085 0.998818517
1770030186661053696.000000 0.497205287 -0.364674240 -0.002561909 -0.002443136 0.043942794 -0.008313839 0.998996496
1770030186794404864.000000 0.530062258 -0.402617961 -0.015269161 0.003686585 0.040319938 -0.005483832 0.999164999
1770030187227705088.000000 0.604990661 -0.436552197 -0.020353513 0.020389063 0.037008591 -0.000029563 0.999106944
1770030187694426368.000000 0.651009738 -0.401611090 -0.031079534 0.030619889 0.037652530 0.001992782 0.998819709
1770030188561031936.000000 0.734580219 -0.314175367 -0.031628393 0.029945767 0.040943071 0.004771525 0.998701274
1770030189761057280.000000 0.757543564 -0.025662715 -0.032644022 0.016212950 0.046070788 0.003263406 0.998801291
1770030190094368512.000000 0.755871654 0.057905406 -0.029890507 0.010761843 0.045566346 0.002467173 0.998900354
1770030190394365184.000000 0.735170841 0.164440855 -0.020710457 0.010490813 0.047246240 -0.000844140 0.998827875
1770030190694371584.000000 0.736626387 0.218051106 -0.018438300 0.004228922 0.047093857 -0.000085360 0.998881519
1770030190861044736.000000 0.728356302 0.268783391 -0.014564460 0.004222899 0.045789756 -0.001508800 0.998941064
1770030191127725568.000000 0.708177686 0.320424139 -0.017361650 0.000356625 0.044611257 -0.003242507 0.998999119
1770030191294377216.000000 0.694047570 0.347912312 -0.012172685 -0.000725622 0.043236859 -0.001630433 0.999063253
1770030191461059584.000000 0.676672459 0.372818142 -0.008472475 -0.001443345 0.042289868 -0.003113696 0.999099493
1770030191661025536.000000 0.650792718 0.400782913 -0.011817606 -0.001743698 0.041308384 -0.004441839 0.999135077
1770030191861031424.000000 0.626539230 0.410182178 -0.020567905 -0.004664124 0.039066292 -0.007059294 0.999200821
1770030191994362112.000000 0.605979383 0.421245098 -0.016578920 -0.004389196 0.038900055 -0.005587969 0.999217868
1770030192161041920.000000 0.584671021 0.425139964 -0.019909861 -0.005766154 0.038342588 -0.005914504 0.999230504
1770030192394363136.000000 0.550426304 0.422776818 -0.015362146 -0.005906416 0.037773386 -0.007376574 0.999241650
1770030192627700480.000000 0.511996329 0.417473823 -0.015256175 -0.005422663 0.036492586 -0.007275055 0.999292791
1770030192794380544.000000 0.488055050 0.398582399 -0.016442932 -0.005233728 0.034671512 -0.006453929 0.999364257
1770030192894381568.000000 0.463400990 0.392478347 -0.011162143 -0.004680262 0.034901030 -0.007062004 0.999354899
1770030193027704832.000000 0.450388461 0.384070456 -0.020441595 -0.000871669 0.032112785 -0.003823373 0.999476552
1770030193161086208.000000 0.427970409 0.356131077 -0.016414633 -0.003186102 0.032521900 -0.004673541 0.999455035
1770030193327706624.000000 0.391964465 0.333991975 -0.021377930 0.000311710 0.030738762 -0.002634063 0.999523938
1770030193661026816.000000 0.328611642 0.252908528 -0.023351146 0.003095806 0.029224450 -0.002774143 0.999564230
1770030194561027328.000000 0.167977348 0.048985496 -0.050916944 0.057789508 0.008814321 -0.007420233 0.998262346
1770030194761034752.000000 0.142398134 0.008506246 -0.053041279 0.078743100 -0.005848962 -0.010040030 0.996827245
1770030194927685120.000000 0.122818045 -0.043386128 -0.079019099 0.090581618 -0.029342847 -0.009000447 0.995415986
1770030195061014784.000000 0.082558841 -0.093181483 -0.041251559 0.096825197 -0.047978729 -0.008724822 0.994106054
1770030195161014272.000000 0.062207092 -0.135626465 0.014930777 0.098740876 -0.062914617 -0.003162358 0.993117332
1770030195361016064.000000 0.013271064 -0.208203122 -0.003109969 0.090663202 -0.072482720 0.010467822 0.993185222
1770030195461021440.000000 0.003793722 -0.218995377 -0.030424379 0.071785316 -0.063744284 0.015559243 0.995259523
1770030195894345728.000000 -0.123306721 -0.316938013 0.013928415 -0.017133577 -0.034706693 0.004843670 0.999238908
1770030196561025024.000000 -0.259564906 -0.515823722 -0.005747505 -0.003156876 -0.013044874 0.000627997 0.999909759
1770030197127686656.000000 -0.361482918 -0.606579602 -0.035418708 0.012587260 -0.005234156 0.000250179 0.999907076
1770030199294366720.000000 -0.585521102 -0.219722360 -0.031376649 0.014309024 -0.005273534 -0.003680548 0.999876976
1770030199494352896.000000 -0.587066352 -0.151419818 -0.034058258 0.012656934 -0.004908314 -0.004864182 0.999896049
1770030199727707392.000000 -0.584440529 -0.082852319 -0.029107818 0.008944593 -0.006160503 -0.003048506 0.999936402
1770030199927692288.000000 -0.578942955 -0.027205309 -0.024734156 0.004558601 -0.006751586 -0.000709145 0.999966562
1770030200094350336.000000 -0.591538131 0.034494299 -0.020030770 0.001673264 -0.006820973 -0.043586407 0.999024987
1770030200694351872.000000 -0.612872064 0.232039005 -0.024392566 -0.016059795 -0.000555492 -0.215252891 0.976426125
1770030201527672576.000000 -0.574875474 0.430021644 -0.031828843 -0.031286497 0.004570095 -0.367501408 0.929485321
1770030202494337536.000000 -0.443563461 0.468984634 -0.039262012 -0.036304411 0.010127874 -0.399714977 0.915864289
1770030202794342144.000000 -0.384514123 0.433461905 -0.038810484 -0.035170551 0.011201699 -0.381690770 0.923552811
1770030202927676160.000000 -0.356034845 0.411484420 -0.032441065 -0.033941075 0.012306728 -0.370759308 0.928026974
1770030203361032448.000000 -0.258845985 0.313973874 -0.033261746 -0.026289109 0.016314860 -0.303344786 0.952378392
1770030203594345216.000000 -0.192053184 0.241711468 -0.027256368 -0.019274082 0.017378872 -0.235104144 0.971623659
1770030203727667968.000000 -0.150325790 0.200334266 -0.029712912 -0.013704383 0.017585289 -0.194338173 0.980681241
1770030203794343168.000000 -0.127444074 0.181659877 -0.028898181 -0.010358772 0.017247796 -0.175895751 0.984203160
1770030203927670784.000000 -0.093208842 0.143612176 -0.033094823 -0.002141717 0.019802039 -0.152928054 0.988036633
1770030204061007616.000000 -0.058208954 0.107863098 -0.029157298 0.011336785 0.025120232 -0.147370115 0.988697410
1770030204661012480.000000 0.068387605 -0.043556761 -0.038365018 0.068523601 0.094087996 -0.139620304 0.983340323
1770030204827669504.000000 0.115849838 -0.099601403 -0.037963651 0.068788417 0.118525915 -0.137978300 0.980908632
1770030205061013504.000000 0.185792908 -0.174833193 -0.042714238 0.056208786 0.133440316 -0.138599545 0.979706347
1770030205227670016.000000 0.232124746 -0.196463078 -0.042533476 0.014738861 0.112925395 -0.115861237 0.986715198
1770030208494352128.000000 0.770820796 -0.320173353 -0.031971335 0.024608217 0.039120365 0.008709541 0.998893499
1770030208961009152.000000 0.790862799 -0.212993056 -0.027578386 0.019443965 0.041233093 0.009085951 0.998919010
1770030209261012480.000000 0.784844637 -0.107043281 -0.027220458 0.019050118 0.043475766 0.004949606 0.998860598
1770030209661024768.000000 0.787221014 -0.009027252 -0.019864680 0.012554378 0.043828234 0.005275719 0.998946249
1770030210027677184.000000 0.781598032 0.101584882 -0.010391260 0.009026171 0.043441754 0.003410512 0.999009371
1770030210327661568.000000 0.765458643 0.189066380 -0.006848106 0.006342870 0.043932959 0.001794508 0.999012768
1770030210594342400.000000 0.745843709 0.262390703 -0.009971960 0.004147625 0.045236699 0.000278529 0.998967648
1770030211260999168.000000 0.679643035 0.386500567 -0.016564693 -0.001286482 0.041064668 -0.003132056 0.999150753
1770030211694360832.000000 0.625392914 0.424625218 -0.020041700 -0.003116411 0.037038177 -0.005257051 0.999295175
1770030212160994304.000000 0.557684958 0.431614161 -0.022520259 -0.005878023 0.036371615 -0.006852405 0.999297619
1770030212427671552.000000 0.511609495 0.421504766 -0.020859195 -0.004842333 0.035208277 -0.006588822 0.999346554
1770030212760993792.000000 0.455152780 0.391718894 -0.016992604 -0.001692356 0.032960914 -0.004206309 0.999446392
1770030213094328576.000000 0.398934990 0.333564699 -0.022008600 0.000899467 0.029364150 -0.002153991 0.999566078
1770030213494326528.000000 0.320070297 0.242151499 -0.020704314 0.005841853 0.027262151 -0.000957965 0.999610782
1770030213960991488.000000 0.225949645 0.128003374 -0.033756878 0.023636380 0.023210129 -0.004215798 0.999442279
1770030214261010944.000000 0.169845894 0.065279849 -0.041648619 0.052887615 0.012818638 -0.008599089 0.998481154
1770030215027667712.000000 0.033389438 -0.176443905 0.004268572 0.095798902 -0.072283924 0.005635627 0.992756724
1770030215094332160.000000 0.020065017 -0.203012243 -0.004872513 0.091946527 -0.073179848 0.010855137 0.993011951
1770030215194329856.000000 -0.002688234 -0.225057214 0.000497958 0.082454845 -0.065939218 0.013458641 0.994319916
1770030215294329600.000000 -0.019581083 -0.237812534 -0.023063388 0.043973003 -0.057120401 0.013112483 0.997312248
1770030217960978944.000000 -0.515324771 -0.524053037 -0.039595142 0.021283861 -0.002823764 -0.002472907 0.999766409
1770030218694316032.000000 -0.573835850 -0.330835491 -0.029261773 0.018312620 -0.003968149 -0.004335618 0.999815047
1770030219194315520.000000 -0.585384071 -0.171773016 -0.023490259 0.013071528 -0.005132421 -0.003500792 0.999895275
1770030220227646720.000000 -0.611169577 0.163306266 -0.020975053 -0.009194139 -0.002647842 -0.157312676 0.987502515
1770030220661000448.000000 -0.609896779 0.291541308 -0.026379287 -0.020799641 0.000639860 -0.264645129 0.964121342
1770030221060999168.000000 -0.594710588 0.389710724 -0.030010691 -0.027950812 0.003555022 -0.338611811 0.940504253
1770030221494331392.000000 -0.552299798 0.457365185 -0.037764955 -0.033480503 0.005517804 -0.387286574 0.921334743
1770030221927640320.000000 -0.494656593 0.480841517 -0.038005553 -0.035984751 0.008281481 -0.404511958 0.913786948
1770030222294317824.000000 -0.436887205 0.465249836 -0.040799007 -0.036149342 0.010006392 -0.397805303 0.916702807
1770030222660981248.000000 -0.363912493 0.419515163 -0.035687864 -0.033442330 0.012507766 -0.373220056 0.927055538
1770030223527637760.000000 -0.136772826 0.187254414 -0.027052926 -0.012094122 0.017584566 -0.182480544 0.982977808
1770030224227650048.000000 0.020426815 0.011185179 -0.031109666 0.058584079 0.064330868 -0.143536016 0.985812783
1770030224294306560.000000 0.037772145 -0.009172579 -0.027692344 0.062667355 0.073695637 -0.142236084 0.985094249
1770030224494321152.000000 0.082897142 -0.069308907 -0.036576599 0.069273636 0.105955891 -0.139595613 0.982083261
1770030224660997376.000000 0.135751113 -0.124957904 -0.036044449 0.065743409 0.127506733 -0.139670014 0.979751050
1770030224894312960.000000 0.203986198 -0.193536490 -0.042631578 0.045438509 0.128775790 -0.132937983 0.981671870
1770030225160976640.000000 0.285065353 -0.223395318 -0.015099999 -0.019986345 0.088658713 -0.085759491 0.992162049
1770030225660973312.000000 0.430422813 -0.336162329 0.007769156 -0.048428375 0.051906157 -0.021377949 0.997247934
1770030225960973568.000000 0.481580496 -0.407311231 -0.000865110 -0.026878607 0.044686638 -0.007700304 0.998609722
1770030226894317568.000000 0.650811791 -0.497009754 -0.027489521 0.018138215 0.034930732 0.006156943 0.999206126
1770030227727684864.000000 0.735069752 -0.432306498 -0.035142604 0.025246987 0.037158243 0.009139084 0.998948634
1770030228260993280.000000 0.774122000 -0.325510561 -0.028355369 0.023884242 0.039330196 0.009411018 0.998896480
1770030228661000960.000000 0.783805490 -0.220537856 -0.026195943 0.021007692 0.041415062 0.007922096 0.998889744
1770030229260971520.000000 0.789824605 -0.052241653 -0.020725660 0.014408138 0.043394677 0.005268138 0.998940229
1770030229827639808.000000 0.776972711 0.117712922 -0.007866864 0.009447962 0.043981802 0.003050755 0.998983026
1770030230194322432.000000 0.755464256 0.218154401 -0.010225538 0.005357835 0.045538299 0.000946133 0.998947799
1770030230627639296.000000 0.717500806 0.320214480 -0.011427992 0.001660458 0.043858401 -0.001138263 0.999035716
1770030230960966912.000000 0.680469036 0.379783928 -0.012956209 -0.000477429 0.042416647 -0.003008648 0.999095380
1770030231294305024.000000 0.640463531 0.415847689 -0.016137784 -0.002932971 0.040240075 -0.004689561 0.999174774
1770030231560989952.000000 0.604879856 0.430817693 -0.017867528 -0.004475418 0.038284816 -0.005920162 0.999239326
1770030232027640576.000000 0.536556423 0.432272375 -0.017711796 -0.004870821 0.036553260 -0.006921336 0.999295890
1770030232294305792.000000 0.496744514 0.413122714 -0.022985259 -0.004248685 0.033990260 -0.005790286 0.999396384
1770030232560989184.000000 0.451200485 0.386999786 -0.019256232 -0.001053474 0.031733628 -0.003073116 0.999491096
1770030232794280192.000000 0.408768415 0.344136894 -0.020210270 0.000384268 0.029828493 -0.003317138 0.999549508
1770030232960950016.000000 0.380452842 0.313780040 -0.025067290 0.002813335 0.028370176 -0.001102465 0.999592960
1770030233127615744.000000 0.346647799 0.274890572 -0.022271950 0.003690787 0.027920708 -0.000639155 0.999603152
1770030233394281984.000000 0.293588638 0.208591312 -0.022191098 0.008601035 0.026528066 0.000113767 0.999611080
1770030233660948736.000000 0.239968285 0.144627944 -0.034228530 0.018955458 0.023794293 -0.002739653 0.999533415
1770030234794300928.000000 0.033689030 -0.182434678 -0.008882757 0.095116548 -0.072452873 0.005765513 0.992809236
1770030234894278656.000000 0.010436256 -0.213918313 0.003429029 0.089579560 -0.071723342 0.013891997 0.993296683
1770030234960946944.000000 0.004124681 -0.222737759 0.002182980 0.079517968 -0.065816775 0.014458959 0.994553149
1770030235260990976.000000 -0.077291362 -0.291565418 -0.004251868 -0.000972106 -0.043004446 0.010609581 0.999018133
1770030235760949504.000000 -0.201102421 -0.424243271 0.008126189 -0.020315969 -0.022059467 -0.000224090 0.999550223
1770030236060946432.000000 -0.257619828 -0.514245152 -0.009156775 -0.004110372 -0.013156022 0.000159542 0.999904990
1770030236627616512.000000 -0.359908700 -0.604613721 -0.034161996 0.012563457 -0.005442100 0.000010068 0.999906301
1770030236994306304.000000 -0.422969520 -0.612804413 -0.041651942 0.016820271 -0.002926964 -0.000660160 0.999854028
1770030237060965120.000000 -0.431351960 -0.609168053 -0.038823936 0.017726542 -0.002570114 -0.000545604 0.999839425
1770030237160962560.000000 -0.446877599 -0.601536572 -0.040720414 0.019309692 -0.002694675 -0.000964220 0.999809444
1770030237294285824.000000 -0.465448737 -0.589534819 -0.041540101 0.020421097 -0.002499439 -0.001062799 0.999787807
1770030237360955648.000000 -0.473296493 -0.581781089 -0.041570507 0.020646967 -0.002223280 -0.001398755 0.999783397
1770030237461008896.000000 -0.486497521 -0.569100380 -0.040801797 0.021096034 -0.002413407 -0.001733045 0.999773026
1770030237560959744.000000 -0.498704940 -0.555249393 -0.041778587 0.021251149 -0.002680595 -0.002126413 0.999768317
1770030237627632128.000000 -0.507064044 -0.540825665 -0.039111950 0.021463091 -0.002325926 -0.002185178 0.999764562
1770030237760945664.000000 -0.519639969 -0.514267325 -0.037019406 0.021448834 -0.002613368 -0.002252820 0.999763966
1770030238394283264.000000 -0.572634757 -0.348925710 -0.033336688 0.018797854 -0.003469781 -0.004282564 0.999808133
1770030238660964096.000000 -0.582805812 -0.266346633 -0.029997874 0.016641464 -0.004261620 -0.004653784 0.999841630
1770030239094294016.000000 -0.586225927 -0.126962781 -0.021956574 0.011635676 -0.005928812 -0.004273681 0.999905586
1770030239560950016.000000 -0.587787569 0.021465639 -0.018910680 0.004425635 -0.006754646 -0.028046858 0.999574006
1770030240227604736.000000 -0.613542795 0.240765214 -0.024222530 -0.015360439 -0.000335925 -0.220456719 0.975275755
1770030240961009664.000000 -0.581522524 0.415428579 -0.033231601 -0.030063599 0.004039348 -0.357216239 0.933529019
1770030241494269184.000000 -0.527102172 0.475933760 -0.040649716 -0.035404269 0.009489556 -0.399824411 0.915858567
1770030242027608832.000000 -0.443808556 0.467446923 -0.040468432 -0.036488812 0.010349836 -0.399580479 0.915913165
1770030242327634432.000000 -0.391744137 0.434656411 -0.052610766 -0.034344018 0.013372874 -0.383250505 0.922908843
1770030242627610368.000000 -0.322211385 0.380155146 -0.037650861 -0.030499520 0.014706321 -0.350578249 0.935921133
1770030242694270976.000000 -0.306944489 0.360105515 -0.034687944 -0.030662905 0.015211343 -0.339981854 0.939808905
1770030242727628800.000000 -0.299435318 0.351290137 -0.038424656 -0.030054623 0.014972301 -0.334557742 0.941776872
1770030242927681024.000000 -0.245175540 0.296212137 -0.030194793 -0.025946766 0.016196238 -0.291922599 0.955952764
1770030243260941824.000000 -0.145124733 0.195459068 -0.028653938 -0.012736229 0.017450335 -0.189482555 0.981646419
1770030243527638784.000000 -0.071581952 0.120119810 -0.030532861 0.005570113 0.022452720 -0.148785323 0.988598883
1770030243727606272.000000 -0.027556516 0.072054170 -0.033900969 0.029504273 0.036730748 -0.145132035 0.988289952
1770030243994272256.000000 0.024185013 0.007992050 -0.034307435 0.059024476 0.064824872 -0.143054694 0.985824168
1770030244260977152.000000 0.088289738 -0.068982713 -0.033641353 0.069587745 0.107135862 -0.139482006 0.981949210
1770030244560933888.000000 0.181472674 -0.167786971 -0.044337898 0.056921341 0.133996904 -0.141311795 0.979201615
1770030244794266880.000000 0.250238895 -0.199122488 -0.031425111 0.002664077 0.105222173 -0.105691254 0.988812745
1770030245027610880.000000 0.320071489 -0.234609246 -0.003879027 -0.033690747 0.077522077 -0.067595042 0.994125843
1770030245594272256.000000 0.461611003 -0.369338483 0.005272891 -0.037029404 0.047115758 -0.010858224 0.998143792
1770030245860945152.000000 0.503054619 -0.434936255 -0.012622103 -0.015597568 0.042197902 -0.004777272 0.998976111
1770030246194267392.000000 0.567472696 -0.495302945 -0.029984780 0.001643552 0.037625242 0.002506576 0.999287426
1770030246727618816.000000 0.653423190 -0.518230498 -0.030079506 0.017576877 0.035716645 0.008824226 0.999168396
1770030247460941056.000000 0.738635182 -0.447348177 -0.027764438 0.023892311 0.036883760 0.010821196 0.998975277
1770030248060968960.000000 0.781595945 -0.315272510 -0.028560933 0.023962598 0.038772658 0.009909975 0.998911560
1770030248494281216.000000 0.784722447 -0.193928942 -0.024689030 0.021341007 0.042170886 0.007067167 0.998857498
1770030248860947968.000000 0.788303077 -0.091206267 -0.024010196 0.017493838 0.043638203 0.006219075 0.998874903
1770030248927614976.000000 0.788634121 -0.075111270 -0.022030929 0.016361559 0.043592192 0.005695731 0.998899221
1770030249227643904.000000 0.788674712 -0.007029172 -0.012276626 0.010343003 0.043694913 0.005126631 0.998978198
1770030249627603712.000000 0.777904630 0.123779498 -0.009961108 0.007694482 0.043473091 0.002624121 0.999021530
1770030249927610368.000000 0.756374478 0.208766267 -0.008857431 0.004999017 0.045266759 0.000524086 0.998962283
1770030250194318848.000000 0.731898248 0.281688243 -0.008815488 0.003898192 0.045329556 -0.000601607 0.998964310
1770030250394296064.000000 0.712662101 0.325426191 -0.011328297 0.002356104 0.044565182 -0.001845043 0.999002039
1770030250794298880.000000 0.669573545 0.389688730 -0.013504437 -0.001226207 0.042298071 -0.004096622 0.999095857
1770030251260957440.000000 0.611324191 0.429383278 -0.014452682 -0.003552901 0.038266342 -0.005857796 0.999244094
1770030251894270464.000000 0.518320858 0.427284807 -0.015209152 -0.004626719 0.036024641 -0.006184478 0.999321043
1770030252194268672.000000 0.469494134 0.400633335 -0.016401794 -0.002590525 0.033188917 -0.004876666 0.999433875
1770030252560949760.000000 0.407758623 0.346246421 -0.020324318 0.001126737 0.029854631 -0.002912669 0.999549389
1770030252760939264.000000 0.373348832 0.305411875 -0.023817319 0.002886961 0.028221000 -0.001059924 0.999596953
1770030253094299136.000000 0.306001604 0.222946614 -0.025391022 0.007245402 0.026473872 -0.000542794 0.999623120
1770030253360976384.000000 0.252335966 0.157047793 -0.032179125 0.014878495 0.024299394 -0.001239229 0.999593258
1770030253660967424.000000 0.194672495 0.093008481 -0.049633387 0.041843131 0.017361008 -0.005892396 0.998955965
1770030253960957184.000000 0.152102455 0.027687142 -0.053461481 0.071933910 0.002205766 -0.008668813 0.997369289
1770030254194276096.000000 0.121025883 -0.047512107 -0.060810801 0.088293351 -0.027389841 -0.008224990 0.995683908
1770030254327603712.000000 0.094134957 -0.093751438 -0.016035726 0.095295064 -0.048327658 -0.004037886 0.994267106
1770030254460934400.000000 0.060323559 -0.147402287 -0.020182645 0.097746700 -0.065295137 -0.000634158 0.993066847
1770030254560936960.000000 0.033753276 -0.182661265 -0.003324145 0.094686382 -0.072342917 0.006248252 0.992855489
1770030254627611648.000000 0.017247051 -0.204100609 -0.000347645 0.091166914 -0.071936838 0.011922511 0.993162394
1770030254760939264.000000 0.001202052 -0.219011918 0.009004659 0.066116586 -0.061499737 0.014544211 0.995808661
1770030254894300416.000000 -0.043825302 -0.260416389 -0.016384924 0.023082446 -0.049418610 0.011058280 0.998450160
1770030255394269440.000000 -0.169928551 -0.364009440 0.017396329 -0.023208609 -0.026276479 -0.001723193 0.999383807
1770030255694274304.000000 -0.218414053 -0.445984870 0.007818750 -0.013278769 -0.017551037 -0.001310128 0.999756932
1770030255994248960.000000 -0.261470020 -0.511863112 -0.010470340 -0.000770665 -0.011165950 0.000298719 0.999937356
1770030256260929536.000000 -0.297015816 -0.543127120 -0.030453676 0.006538173 -0.007251510 0.000329753 0.999952316
1770030256560922880.000000 -0.332427710 -0.546182692 -0.032875564 0.010736012 -0.004125739 -0.000560010 0.999933720
1770030256927582976.000000 -0.362464041 -0.521848679 -0.031747326 0.016295927 -0.002620540 -0.001004910 0.999863327
1770030257427590912.000000 -0.387087673 -0.446955651 -0.036366023 0.018541344 -0.000803892 -0.002394236 0.999824882
1770030257894265088.000000 -0.387957871 -0.353745908 -0.034641471 0.016942762 -0.000426162 -0.003249741 0.999851108
1770030258594266880.000000 -0.354870915 -0.202133104 -0.033055432 0.012720234 -0.000576248 -0.002254565 0.999916375
1770030259594282752.000000 -0.278342068 -0.029196642 -0.031471163 0.005499867 0.001793463 -0.003047692 0.999978662
1770030260494257152.000000 -0.190343440 0.037229385 -0.030253304 -0.000163704 0.003590705 -0.001511313 0.999992430
1770030261427582976.000000 -0.112320371 0.038218055 -0.029831892 -0.001565943 0.004566461 -0.001215596 0.999987602
1770030262560952064.000000 -0.052141044 0.008156874 -0.033125822 -0.001517513 0.003106339 0.001332319 0.999993145
