1770030160.994403 0.0000000 0.0000000 0.0000000 -0.0000000 -0.0000000 -0.0000000 1.0000000
1770030161.661052 0.0001886 -0.0096089 -0.0085744 -0.0007204 -0.0000765 0.0001831 0.9999998
1770030161.927719 -0.0102027 -0.0123789 -0.0048868 -0.0002553 0.0012345 -0.0028693 0.9999951
1770030163.727715 -0.0029091 -0.0058618 -0.0082522 -0.0002552 0.0001845 -0.0006414 0.9999998
1770030165.361065 0.0014353 -0.0108341 -0.0130421 -0.0015417 -0.0004547 -0.0008566 0.9999984
1770030166.494395 0.0287727 -0.0249855 -0.0154080 -0.0009522 -0.0043105 -0.0009487 0.9999898
1770030167.027712 0.0430811 -0.0344455 -0.0158675 0.0013328 -0.0028806 -0.0012900 0.9999942
1770030167.661057 0.0776048 -0.0321007 0.0067255 0.0044334 -0.0013623 -0.0012119 0.9999886
1770030168.127713 0.1019069 -0.0481557 -0.0123805 0.0055310 0.0024337 0.0016331 0.9999804
1770030169.827715 0.2623305 -0.0179017 -0.0325405 0.0066233 0.0204851 0.0051197 0.9997551
1770030170.294398 0.3085311 0.0404376 -0.0183284 0.0068715 0.0275031 0.0035071 0.9995919
1770030170.427728 0.3184205 0.0546458 -0.0263113 0.0057328 0.0289316 0.0028507 0.9995609
1770030170.694407 0.3426709 0.0873130 -0.0222057 0.0037811 0.0319807 0.0032986 0.9994759
1770030170.994406 0.3674497 0.1311689 -0.0216894 0.0024971 0.0335130 0.0029981 0.9994307
1770030171.194400 0.3752110 0.1679856 -0.0135297 0.0025038 0.0354392 0.0016255 0.9993674
1770030171.394403 0.3919115 0.1875178 -0.0255407 -0.0002142 0.0359547 0.0017781 0.9993518
1770030171.561069 0.3998111 0.2079584 -0.0184730 -0.0014360 0.0362953 -0.0000759 0.9993401
1770030171.727723 0.4161100 0.2323870 -0.0088937 -0.0020121 0.0350935 -0.0006876 0.9993818
1770030171.894386 0.4194783 0.2536027 -0.0156708 -0.0027242 0.0355118 0.0002243 0.9993655
1770030172.194430 0.4198398 0.2958494 -0.0126300 -0.0015242 0.0363193 -0.0015277 0.9993379
1770030172.561067 0.4198058 0.3160695 -0.0132688 -0.0026923 0.0342902 -0.0019028 0.9994065
1770030172.894398 0.4039426 0.3167609 -0.0146857 -0.0034255 0.0314231 -0.0023856 0.9994975
1770030173.261064 0.3794596 0.3038305 -0.0273908 -0.0010841 0.0298789 -0.0010654 0.9995524
1770030173.461056 0.3539861 0.2858702 -0.0166495 -0.0008723 0.0298614 -0.0020699 0.9995515
1770030173.661071 0.3364545 0.2546252 -0.0219866 0.0008174 0.0274830 -0.0016708 0.9996206
1770030173.894421 0.3033243 0.2267333 -0.0316989 0.0053059 0.0255711 -0.0005584 0.9996588
1770030174.061056 0.2723413 0.1909384 -0.0269084 0.0075624 0.0260944 -0.0002214 0.9996309
1770030174.494411 0.2001275 0.1029231 -0.0378178 0.0271934 0.0200534 -0.0029697 0.9994246
1770030174.627728 0.1847199 0.0859065 -0.0313158 0.0395709 0.0141443 -0.0038439 0.9991093
1770030174.827733 0.1513284 0.0438569 -0.0562110 0.0581474 0.0052531 -0.0073530 0.9982671
1770030174.961055 0.1435569 -0.0045067 -0.0511485 0.0660632 -0.0100674 -0.0050816 0.9977517
1770030175.127721 0.1127304 -0.0599817 -0.0709965 0.0748911 -0.0310090 -0.0088981 0.9966698
1770030175.361064 0.0544866 -0.1307191 -0.0383236 0.0816709 -0.0565495 -0.0065170 0.9950324
1770030175.494392 0.0298167 -0.1708363 -0.0153906 0.0773219 -0.0597614 0.0027935 0.9952096
1770030175.661063 -0.0018571 -0.2055060 -0.0234595 0.0331089 -0.0459221 0.0081669 0.9983628
1770030175.827719 -0.0524828 -0.2313098 0.0010067 -0.0047146 -0.0344983 0.0002654 0.9993936
1770030175.994486 -0.0963964 -0.2568276 0.0090322 -0.0283192 -0.0259366 -0.0039587 0.9992546
1770030179.894385 -0.5834419 -0.1003337 -0.0358835 0.0107078 -0.0054924 -0.0043034 0.9999183
1770030180.161051 -0.5799060 -0.0169176 -0.0392440 0.0065251 -0.0053763 -0.0043873 0.9999546
1770030180.294398 -0.5817326 0.0334152 -0.0264214 0.0040576 -0.0052899 -0.0361166 0.9993253
1770030180.461069 -0.5877733 0.0773474 -0.0378739 -0.0017492 -0.0068015 -0.0838553 0.9964532
1770030180.694383 -0.6040354 0.1580354 -0.0374926 -0.0094977 -0.0026772 -0.1517616 0.9883679
1770030180.861051 -0.6040385 0.2092226 -0.0347490 -0.0135280 -0.0017439 -0.1969003 0.9803286
1770030180.894381 -0.5981126 0.2276625 -0.0297365 -0.0129629 -0.0022654 -0.2070085 0.9782507
1770030181.027721 -0.6053318 0.2603061 -0.0437529 -0.0172293 0.0000237 -0.2398774 0.9706503
1770030181.194385 -0.6024307 0.3067757 -0.0426839 -0.0213368 0.0009864 -0.2762738 0.9608416
1770030181.394416 -0.5924680 0.3579045 -0.0381311 -0.0249081 0.0023282 -0.3128939 0.9494586
1770030181.627725 -0.5728602 0.4003947 -0.0492610 -0.0295278 0.0030319 -0.3487562 0.9367433
1770030181.894389 -0.5526055 0.4437940 -0.0474726 -0.0322673 0.0054362 -0.3793389 0.9246790
1770030182.194380 -0.5037041 0.4706875 -0.0489893 -0.0342564 0.0064330 -0.3957542 0.9176948
1770030182.494385 -0.4720527 0.4756826 -0.0579074 -0.0359306 0.0080389 -0.4036627 0.9141667
1770030183.027714 -0.3653791 0.4294483 -0.0491267 -0.0356681 0.0085864 -0.3809605 0.9238632
1770030183.327716 -0.3080443 0.3790407 -0.0477974 -0.0312373 0.0128402 -0.3515218 0.9355704
1770030183.494379 -0.2766675 0.3376257 -0.0479650 -0.0291488 0.0155981 -0.3267594 0.9445292
1770030183.627722 -0.2333525 0.3162448 -0.0309877 -0.0234485 0.0156384 -0.2992482 0.9537590
1770030183.761052 -0.2034201 0.2686943 -0.0229595 -0.0211262 0.0161390 -0.2624465 0.9645802
1770030183.927714 -0.1506653 0.2259590 -0.0193346 -0.0129616 0.0172777 -0.2078849 0.9779148
1770030184.561051 -0.0019497 0.0590193 -0.0319017 0.0431723 0.0473670 -0.1433641 0.9875926
1770030184.727717 0.0349610 -0.0030958 -0.0549578 0.0579636 0.0652900 -0.1416887 0.9860536
1770030184.894388 0.0632141 -0.0437151 -0.0404330 0.0676821 0.0932900 -0.1392248 0.9835306
1770030185.094383 0.1097770 -0.1082226 -0.0440047 0.0667948 0.1236197 -0.1403749 0.9800773
1770030185.261052 0.1593437 -0.1520248 -0.0379700 0.0586363 0.1353752 -0.1425028 0.9787381
1770030185.427721 0.2163099 -0.1821575 -0.0454509 0.0291293 0.1204271 -0.1231458 0.9846237
1770030185.527720 0.2582303 -0.2096028 -0.0443681 -0.0012420 0.1018711 -0.1033634 0.9894124
1770030185.761043 0.3221499 -0.2261012 -0.0052136 -0.0323490 0.0768549 -0.0634502 0.9944953
1770030185.994416 0.3876598 -0.2728241 0.0150879 -0.0457422 0.0606462 -0.0339143 0.9965338
1770030186.194398 0.4283399 -0.3145326 -0.0006470 -0.0416761 0.0510848 -0.0174588 0.9976716
1770030186.394390 0.4747173 -0.3562034 -0.0044250 -0.0290078 0.0444038 -0.0143094 0.9984899
1770030186.527717 0.4779768 -0.3629564 -0.0132739 -0.0147083 0.0442210 -0.0137761 0.9988185
1770030186.661054 0.4972053 -0.3646742 -0.0025619 -0.0024431 0.0439428 -0.0083138 0.9989965
1770030186.794405 0.5300623 -0.4026180 -0.0152692 0.0036866 0.0403199 -0.0054838 0.9991650
1770030187.227705 0.6049907 -0.4365522 -0.0203535 0.0203891 0.0370086 -0.0000296 0.9991069
1770030187.694426 0.6510097 -0.4016111 -0.0310795 0.0306199 0.0376525 0.0019928 0.9988197
1770030188.561032 0.7345802 -0.3141754 -0.0316284 0.0299458 0.0409431 0.0047715 0.9987013
1770030189.761057 0.7575436 -0.0256627 -0.0326440 0.0162129 0.0460708 0.0032634 0.9988013
1770030190.094368 0.7558717 0.0579054 -0.0298905 0.0107618 0.0455663 0.0024672 0.9989004
1770030190.394365 0.7351708 0.1644409 -0.0207105 0.0104908 0.0472462 -0.0008441 0.9988279
1770030190.694371 0.7366264 0.2180511 -0.0184383 0.0042289 0.0470939 -0.0000854 0.9988815
1770030190.861045 0.7283563 0.2687834 -0.0145645 0.0042229 0.0457898 -0.0015088 0.9989411
1770030191.127726 0.7081777 0.3204241 -0.0173617 0.0003566 0.0446113 -0.0032425 0.9989991
1770030191.294377 0.6940476 0.3479123 -0.0121727 -0.0007256 0.0432369 -0.0016304 0.9990633
1770030191.461060 0.6766725 0.3728181 -0.0084725 -0.0014433 0.0422899 -0.0031137 0.9990995
1770030191.661026 0.6507927 0.4007829 -0.0118176 -0.0017437 0.0413084 -0.0044418 0.9991351
1770030191.861032 0.6265392 0.4101822 -0.0205679 -0.0046641 0.0390663 -0.0070593 0.9992008
1770030191.994362 0.6059794 0.4212451 -0.0165789 -0.0043892 0.0389001 -0.0055880 0.9992179
1770030192.161042 0.5846710 0.4251400 -0.0199099 -0.0057662 0.0383426 -0.0059145 0.9992305
1770030192.394363 0.5504263 0.4227768 -0.0153621 -0.0059064 0.0377734 -0.0073766 0.9992417
1770030192.627701 0.5119963 0.4174738 -0.0152562 -0.0054227 0.0364926 -0.0072751 0.9992928
1770030192.794380 0.4880551 0.3985824 -0.0164429 -0.0052337 0.0346715 -0.0064539 0.9993643
1770030192.894382 0.4634010 0.3924783 -0.0111621 -0.0046803 0.0349010 -0.0070620 0.9993549
1770030193.027705 0.4503885 0.3840705 -0.0204416 -0.0008717 0.0321128 -0.0038234 0.9994766
1770030193.161086 0.4279704 0.3561311 -0.0164146 -0.0031861 0.0325219 -0.0046735 0.9994550
1770030193.327707 0.3919645 0.3339920 -0.0213779 0.0003117 0.0307388 -0.0026341 0.9995239
1770030193.661027 0.3286116 0.2529085 -0.0233511 0.0030958 0.0292244 -0.0027741 0.9995642
1770030194.561027 0.1679773 0.0489855 -0.0509169 0.0577895 0.0088143 -0.0074202 0.9982623
1770030194.761035 0.1423981 0.0085062 -0.0530413 0.0787431 -0.0058490 -0.0100400 0.9968272
1770030194.927685 0.1228180 -0.0433861 -0.0790191 0.0905816 -0.0293428 -0.0090004 0.9954160
1770030195.061015 0.0825588 -0.0931815 -0.0412516 0.0968252 -0.0479787 -0.0087248 0.9941061
1770030195.161014 0.0622071 -0.1356265 0.0149308 0.0987409 -0.0629146 -0.0031624 0.9931173
1770030195.361016 0.0132711 -0.2082031 -0.0031100 0.0906632 -0.0724827 0.0104678 0.9931852
1770030195.461021 0.0037937 -0.2189954 -0.0304244 0.0717853 -0.0637443 0.0155592 0.9952595
1770030195.894346 -0.1233067 -0.3169380 0.0139284 -0.0171336 -0.0347067 0.0048437 0.9992389
1770030196.561025 -0.2595649 -0.5158237 -0.0057475 -0.0031569 -0.0130449 0.0006280 0.9999098
1770030197.127687 -0.3614829 -0.6065796 -0.0354187 0.0125873 -0.0052342 0.0002502 0.9999071
1770030199.294367 -0.5855211 -0.2197224 -0.0313766 0.0143090 -0.0052735 -0.0036805 0.9998770
1770030199.494353 -0.5870664 -0.1514198 -0.0340583 0.0126569 -0.0049083 -0.0048642 0.9998960
1770030199.727707 -0.5844405 -0.0828523 -0.0291078 0.0089446 -0.0061605 -0.0030485 0.9999364
1770030199.927692 -0.5789430 -0.0272053 -0.0247342 0.0045586 -0.0067516 -0.0007091 0.9999666
1770030200.094350 -0.5915381 0.0344943 -0.0200308 0.0016733 -0.0068210 -0.0435864 0.9990250
1770030200.694352 -0.6128721 0.2320390 -0.0243926 -0.0160598 -0.0005555 -0.2152529 0.9764261
1770030201.527673 -0.5748755 0.4300216 -0.0318288 -0.0312865 0.0045701 -0.3675014 0.9294853
1770030202.494338 -0.4435635 0.4689846 -0.0392620 -0.0363044 0.0101279 -0.3997150 0.9158643
1770030202.794342 -0.3845141 0.4334619 -0.0388105 -0.0351706 0.0112017 -0.3816908 0.9235528
1770030202.927676 -0.3560348 0.4114844 -0.0324411 -0.0339411 0.0123067 -0.3707593 0.9280270
1770030203.361032 -0.2588460 0.3139739 -0.0332617 -0.0262891 0.0163149 -0.3033448 0.9523784
1770030203.594345 -0.1920532 0.2417115 -0.0272564 -0.0192741 0.0173789 -0.2351041 0.9716237
1770030203.727668 -0.1503258 0.2003343 -0.0297129 -0.0137044 0.0175853 -0.1943382 0.9806812
1770030203.794343 -0.1274441 0.1816599 -0.0288982 -0.0103588 0.0172478 -0.1758958 0.9842032
1770030203.927671 -0.0932088 0.1436122 -0.0330948 -0.0021417 0.0198020 -0.1529281 0.9880366
1770030204.061008 -0.0582090 0.1078631 -0.0291573 0.0113368 0.0251202 -0.1473701 0.9886974
1770030204.661012 0.0683876 -0.0435568 -0.0383650 0.0685236 0.0940880 -0.1396203 0.9833403
1770030204.827669 0.1158498 -0.0996014 -0.0379637 0.0687884 0.1185259 -0.1379783 0.9809086
1770030205.061013 0.1857929 -0.1748332 -0.0427142 0.0562088 0.1334403 -0.1385995 0.9797063
1770030205.227670 0.2321247 -0.1964631 -0.0425335 0.0147389 0.1129254 -0.1158612 0.9867152
1770030208.494352 0.7708208 -0.3201734 -0.0319713 0.0246082 0.0391204 0.0087095 0.9988935
1770030208.961009 0.7908628 -0.2129931 -0.0275784 0.0194440 0.0412331 0.0090860 0.9989190
1770030209.261013 0.7848446 -0.1070433 -0.0272205 0.0190501 0.0434758 0.0049496 0.9988606
1770030209.661025 0.7872210 -0.0090273 -0.0198647 0.0125544 0.0438282 0.0052757 0.9989462
1770030210.027677 0.7815980 0.1015849 -0.0103913 0.0090262 0.0434418 0.0034105 0.9990094
1770030210.327662 0.7654586 0.1890664 -0.0068481 0.0063429 0.0439330 0.0017945 0.9990128
1770030210.594342 0.7458437 0.2623907 -0.0099720 0.0041476 0.0452367 0.0002785 0.9989676
1770030211.260999 0.6796430 0.3865006 -0.0165647 -0.0012865 0.0410647 -0.0031321 0.9991508
1770030211.694361 0.6253929 0.4246252 -0.0200417 -0.0031164 0.0370382 -0.0052571 0.9992952
1770030212.160994 0.5576850 0.4316142 -0.0225203 -0.0058780 0.0363716 -0.0068524 0.9992976
1770030212.427672 0.5116095 0.4215048 -0.0208592 -0.0048423 0.0352083 -0.0065888 0.9993466
1770030212.760994 0.4551528 0.3917189 -0.0169926 -0.0016924 0.0329609 -0.0042063 0.9994464
1770030213.094329 0.3989350 0.3335647 -0.0220086 0.0008995 0.0293642 -0.0021540 0.9995661
1770030213.494327 0.3200703 0.2421515 -0.0207043 0.0058419 0.0272622 -0.0009580 0.9996108
1770030213.960991 0.2259496 0.1280034 -0.0337569 0.0236364 0.0232101 -0.0042158 0.9994423
1770030214.261011 0.1698459 0.0652798 -0.0416486 0.0528876 0.0128186 -0.0085991 0.9984812
1770030215.027668 0.0333894 -0.1764439 0.0042686 0.0957989 -0.0722839 0.0056356 0.9927567
1770030215.094332 0.0200650 -0.2030122 -0.0048725 0.0919465 -0.0731798 0.0108551 0.9930120
1770030215.194330 -0.0026882 -0.2250572 0.0004980 0.0824548 -0.0659392 0.0134586 0.9943199
1770030215.294330 -0.0195811 -0.2378125 -0.0230634 0.0439730 -0.0571204 0.0131125 0.9973122
1770030217.960979 -0.5153248 -0.5240530 -0.0395951 0.0212839 -0.0028238 -0.0024729 0.9997664
1770030218.694316 -0.5738358 -0.3308355 -0.0292618 0.0183126 -0.0039681 -0.0043356 0.9998150
1770030219.194315 -0.5853841 -0.1717730 -0.0234903 0.0130715 -0.0051324 -0.0035008 0.9998953
1770030220.227647 -0.6111696 0.1633063 -0.0209751 -0.0091941 -0.0026478 -0.1573127 0.9875025
1770030220.661000 -0.6098968 0.2915413 -0.0263793 -0.0207996 0.0006399 -0.2646451 0.9641213
1770030221.060999 -0.5947106 0.3897107 -0.0300107 -0.0279508 0.0035550 -0.3386118 0.9405043
1770030221.494331 -0.5522998 0.4573652 -0.0377650 -0.0334805 0.0055178 -0.3872866 0.9213347
1770030221.927640 -0.4946566 0.4808415 -0.0380056 -0.0359848 0.0082815 -0.4045120 0.9137869
1770030222.294318 -0.4368872 0.4652498 -0.0407990 -0.0361493 0.0100064 -0.3978053 0.9167028
1770030222.660981 -0.3639125 0.4195152 -0.0356879 -0.0334423 0.0125078 -0.3732201 0.9270555
1770030223.527638 -0.1367728 0.1872544 -0.0270529 -0.0120941 0.0175846 -0.1824805 0.9829778
1770030224.227650 0.0204268 0.0111852 -0.0311097 0.0585841 0.0643309 -0.1435360 0.9858128
1770030224.294307 0.0377721 -0.0091726 -0.0276923 0.0626674 0.0736956 -0.1422361 0.9850942
1770030224.494321 0.0828971 -0.0693089 -0.0365766 0.0692736 0.1059559 -0.1395956 0.9820833
1770030224.660997 0.1357511 -0.1249579 -0.0360444 0.0657434 0.1275067 -0.1396700 0.9797511
1770030224.894313 0.2039862 -0.1935365 -0.0426316 0.0454385 0.1287758 -0.1329380 0.9816719
1770030225.160977 0.2850654 -0.2233953 -0.0151000 -0.0199863 0.0886587 -0.0857595 0.9921620
1770030225.660973 0.4304228 -0.3361623 0.0077692 -0.0484284 0.0519062 -0.0213779 0.9972479
1770030225.960974 0.4815805 -0.4073112 -0.0008651 -0.0268786 0.0446866 -0.0077003 0.9986097
1770030226.894318 0.6508118 -0.4970098 -0.0274895 0.0181382 0.0349307 0.0061569 0.9992061
1770030227.727685 0.7350698 -0.4323065 -0.0351426 0.0252470 0.0371582 0.0091391 0.9989486
1770030228.260993 0.7741220 -0.3255106 -0.0283554 0.0238842 0.0393302 0.0094110 0.9988965
1770030228.661001 0.7838055 -0.2205379 -0.0261959 0.0210077 0.0414151 0.0079221 0.9988897
1770030229.260972 0.7898246 -0.0522417 -0.0207257 0.0144081 0.0433947 0.0052681 0.9989402
1770030229.827640 0.7769727 0.1177129 -0.0078669 0.0094480 0.0439818 0.0030508 0.9989830
1770030230.194322 0.7554643 0.2181544 -0.0102255 0.0053578 0.0455383 0.0009461 0.9989478
1770030230.627639 0.7175008 0.3202145 -0.0114280 0.0016605 0.0438584 -0.0011383 0.9990357
1770030230.960967 0.6804690 0.3797839 -0.0129562 -0.0004774 0.0424166 -0.0030086 0.9990954
1770030231.294305 0.6404635 0.4158477 -0.0161378 -0.0029330 0.0402401 -0.0046896 0.9991748
1770030231.560990 0.6048799 0.4308177 -0.0178675 -0.0044754 0.0382848 -0.0059202 0.9992393
1770030232.027641 0.5365564 0.4322724 -0.0177118 -0.0048708 0.0365533 -0.0069213 0.9992959
1770030232.294306 0.4967445 0.4131227 -0.0229853 -0.0042487 0.0339903 -0.0057903 0.9993964
1770030232.560989 0.4512005 0.3869998 -0.0192562 -0.0010535 0.0317336 -0.0030731 0.9994911
1770030232.794280 0.4087684 0.3441369 -0.0202103 0.0003843 0.0298285 -0.0033171 0.9995495
1770030232.960950 0.3804528 0.3137800 -0.0250673 0.0028133 0.0283702 -0.0011025 0.9995930
1770030233.127616 0.3466478 0.2748906 -0.0222719 0.0036908 0.0279207 -0.0006392 0.9996032
1770030233.394282 0.2935886 0.2085913 -0.0221911 0.0086010 0.0265281 0.0001138 0.9996111
1770030233.660949 0.2399683 0.1446279 -0.0342285 0.0189555 0.0237943 -0.0027397 0.9995334
1770030234.794301 0.0336890 -0.1824347 -0.0088828 0.0951165 -0.0724529 0.0057655 0.9928092
1770030234.894279 0.0104363 -0.2139183 0.0034290 0.0895796 -0.0717233 0.0138920 0.9932967
1770030234.960947 0.0041247 -0.2227378 0.0021830 0.0795180 -0.0658168 0.0144590 0.9945531
1770030235.260991 -0.0772914 -0.2915654 -0.0042519 -0.0009721 -0.0430044 0.0106096 0.9990181
1770030235.760950 -0.2011024 -0.4242433 0.0081262 -0.0203160 -0.0220595 -0.0002241 0.9995502
1770030236.060946 -0.2576198 -0.5142452 -0.0091568 -0.0041104 -0.0131560 0.0001595 0.9999050
1770030236.627616 -0.3599087 -0.6046137 -0.0341620 0.0125635 -0.0054421 0.0000101 0.9999063
1770030236.994306 -0.4229695 -0.6128044 -0.0416519 0.0168203 -0.0029270 -0.0006602 0.9998540
1770030237.060965 -0.4313520 -0.6091681 -0.0388239 0.0177265 -0.0025701 -0.0005456 0.9998394
1770030237.160963 -0.4468776 -0.6015366 -0.0407204 0.0193097 -0.0026947 -0.0009642 0.9998094
1770030237.294286 -0.4654487 -0.5895348 -0.0415401 0.0204211 -0.0024994 -0.0010628 0.9997878
1770030237.360956 -0.4732965 -0.5817811 -0.0415705 0.0206470 -0.0022233 -0.0013988 0.9997834
1770030237.461009 -0.4864975 -0.5691004 -0.0408018 0.0210960 -0.0024134 -0.0017330 0.9997730
1770030237.560960 -0.4987049 -0.5552494 -0.0417786 0.0212511 -0.0026806 -0.0021264 0.9997683
1770030237.627632 -0.5070640 -0.5408257 -0.0391119 0.0214631 -0.0023259 -0.0021852 0.9997646
1770030237.760946 -0.5196400 -0.5142673 -0.0370194 0.0214488 -0.0026134 -0.0022528 0.9997640
1770030238.394283 -0.5726348 -0.3489257 -0.0333367 0.0187979 -0.0034698 -0.0042826 0.9998081
1770030238.660964 -0.5828058 -0.2663466 -0.0299979 0.0166415 -0.0042616 -0.0046538 0.9998416
1770030239.094294 -0.5862259 -0.1269628 -0.0219566 0.0116357 -0.0059288 -0.0042737 0.9999056
1770030239.560950 -0.5877876 0.0214656 -0.0189107 0.0044256 -0.0067546 -0.0280469 0.9995740
1770030240.227605 -0.6135428 0.2407652 -0.0242225 -0.0153604 -0.0003359 -0.2204567 0.9752758
1770030240.961010 -0.5815225 0.4154286 -0.0332316 -0.0300636 0.0040393 -0.3572162 0.9335290
1770030241.494269 -0.5271022 0.4759338 -0.0406497 -0.0354043 0.0094896 -0.3998244 0.9158586
1770030242.027609 -0.4438086 0.4674469 -0.0404684 -0.0364888 0.0103498 -0.3995805 0.9159132
1770030242.327634 -0.3917441 0.4346564 -0.0526108 -0.0343440 0.0133729 -0.3832505 0.9229088
1770030242.627610 -0.3222114 0.3801551 -0.0376509 -0.0304995 0.0147063 -0.3505782 0.9359211
1770030242.694271 -0.3069445 0.3601055 -0.0346879 -0.0306629 0.0152113 -0.3399819 0.9398089
1770030242.727629 -0.2994353 0.3512901 -0.0384247 -0.0300546 0.0149723 -0.3345577 0.9417769
1770030242.927681 -0.2451755 0.2962121 -0.0301948 -0.0259468 0.0161962 -0.2919226 0.9559528
1770030243.260942 -0.1451247 0.1954591 -0.0286539 -0.0127362 0.0174503 -0.1894826 0.9816464
1770030243.527639 -0.0715820 0.1201198 -0.0305329 0.0055701 0.0224527 -0.1487853 0.9885989
1770030243.727606 -0.0275565 0.0720542 -0.0339010 0.0295043 0.0367307 -0.1451320 0.9882900
1770030243.994272 0.0241850 0.0079920 -0.0343074 0.0590245 0.0648249 -0.1430547 0.9858242
1770030244.260977 0.0882897 -0.0689827 -0.0336414 0.0695877 0.1071359 -0.1394820 0.9819492
1770030244.560934 0.1814727 -0.1677870 -0.0443379 0.0569213 0.1339969 -0.1413118 0.9792016
1770030244.794267 0.2502389 -0.1991225 -0.0314251 0.0026641 0.1052222 -0.1056913 0.9888127
1770030245.027611 0.3200715 -0.2346092 -0.0038790 -0.0336907 0.0775221 -0.0675950 0.9941258
1770030245.594272 0.4616110 -0.3693385 0.0052729 -0.0370294 0.0471158 -0.0108582 0.9981438
1770030245.860945 0.5030546 -0.4349363 -0.0126221 -0.0155976 0.0421979 -0.0047773 0.9989761
1770030246.194268 0.5674727 -0.4953029 -0.0299848 0.0016436 0.0376252 0.0025066 0.9992874
1770030246.727619 0.6534232 -0.5182305 -0.0300795 0.0175769 0.0357166 0.0088242 0.9991684
1770030247.460941 0.7386352 -0.4473482 -0.0277644 0.0238923 0.0368838 0.0108212 0.9989753
1770030248.060969 0.7815959 -0.3152725 -0.0285609 0.0239626 0.0387727 0.0099100 0.9989116
1770030248.494281 0.7847224 -0.1939289 -0.0246890 0.0213410 0.0421709 0.0070672 0.9988575
1770030248.860948 0.7883031 -0.0912063 -0.0240102 0.0174938 0.0436382 0.0062191 0.9988749
1770030248.927615 0.7886341 -0.0751113 -0.0220309 0.0163616 0.0435922 0.0056957 0.9988992
1770030249.227644 0.7886747 -0.0070292 -0.0122766 0.0103430 0.0436949 0.0051266 0.9989782
1770030249.627604 0.7779046 0.1237795 -0.0099611 0.0076945 0.0434731 0.0026241 0.9990215
1770030249.927610 0.7563745 0.2087663 -0.0088574 0.0049990 0.0452668 0.0005241 0.9989623
1770030250.194319 0.7318982 0.2816882 -0.0088155 0.0038982 0.0453296 -0.0006016 0.9989643
1770030250.394296 0.7126621 0.3254262 -0.0113283 0.0023561 0.0445652 -0.0018450 0.9990020
1770030250.794299 0.6695735 0.3896887 -0.0135044 -0.0012262 0.0422981 -0.0040966 0.9990959
1770030251.260957 0.6113242 0.4293833 -0.0144527 -0.0035529 0.0382663 -0.0058578 0.9992441
1770030251.894270 0.5183209 0.4272848 -0.0152092 -0.0046267 0.0360246 -0.0061845 0.9993210
1770030252.194269 0.4694941 0.4006333 -0.0164018 -0.0025905 0.0331889 -0.0048767 0.9994339
1770030252.560950 0.4077586 0.3462464 -0.0203243 0.0011267 0.0298546 -0.0029127 0.9995494
1770030252.760939 0.3733488 0.3054119 -0.0238173 0.0028870 0.0282210 -0.0010599 0.9995970
1770030253.094299 0.3060016 0.2229466 -0.0253910 0.0072454 0.0264739 -0.0005428 0.9996231
1770030253.360976 0.2523360 0.1570478 -0.0321791 0.0148785 0.0242994 -0.0012392 0.9995933
1770030253.660967 0.1946725 0.0930085 -0.0496334 0.0418431 0.0173610 -0.0058924 0.9989560
1770030253.960957 0.1521025 0.0276871 -0.0534615 0.0719339 0.0022058 -0.0086688 0.9973693
1770030254.194276 0.1210259 -0.0475121 -0.0608108 0.0882934 -0.0273898 -0.0082250 0.9956839
1770030254.327604 0.0941350 -0.0937514 -0.0160357 0.0952951 -0.0483277 -0.0040379 0.9942671
1770030254.460934 0.0603236 -0.1474023 -0.0201826 0.0977467 -0.0652951 -0.0006342 0.9930668
1770030254.560937 0.0337533 -0.1826613 -0.0033241 0.0946864 -0.0723429 0.0062483 0.9928555
1770030254.627612 0.0172471 -0.2041006 -0.0003476 0.0911669 -0.0719368 0.0119225 0.9931624
1770030254.760939 0.0012021 -0.2190119 0.0090047 0.0661166 -0.0614997 0.0145442 0.9958087
1770030254.894300 -0.0438253 -0.2604164 -0.0163849 0.0230824 -0.0494186 0.0110583 0.9984502
1770030255.394269 -0.1699286 -0.3640094 0.0173963 -0.0232086 -0.0262765 -0.0017232 0.9993838
1770030255.694274 -0.2184141 -0.4459849 0.0078188 -0.0132788 -0.0175510 -0.0013101 0.9997569
1770030255.994249 -0.2614700 -0.5118631 -0.0104703 -0.0007707 -0.0111659 0.0002987 0.9999374
1770030256.260930 -0.2970158 -0.5431271 -0.0304537 0.0065382 -0.0072515 0.0003298 0.9999523
1770030256.560923 -0.3324277 -0.5461827 -0.0328756 0.0107360 -0.0041257 -0.0005600 0.9999337
1770030256.927583 -0.3624640 -0.5218487 -0.0317473 0.0162959 -0.0026205 -0.0010049 0.9998633
1770030257.427591 -0.3870877 -0.4469557 -0.0363660 0.0185413 -0.0008039 -0.0023942 0.9998249
1770030257.894265 -0.3879579 -0.3537459 -0.0346415 0.0169428 -0.0004262 -0.0032497 0.9998511
1770030258.594267 -0.3548709 -0.2021331 -0.0330554 0.0127202 -0.0005762 -0.0022546 0.9999164
1770030259.594283 -0.2783421 -0.0291966 -0.0314712 0.0054999 0.0017935 -0.0030477 0.9999787
1770030260.494257 -0.1903434 0.0372294 -0.0302533 -0.0001637 0.0035907 -0.0015113 0.9999924
1770030261.427583 -0.1123204 0.0382181 -0.0298319 -0.0015659 0.0045665 -0.0012156 0.9999876
1770030262.560952 -0.0521410 0.0081569 -0.0331258 -0.0015175 0.0031063 0.0013323 0.9999931
