1769787677.591217 0.0000000 0.0000000 0.0000000 -0.0000000 -0.0000000 -0.0000000 1.0000000
1769787677.657883 0.0001760 -0.0003175 0.0003024 -0.0004091 -0.0001398 0.0011324 0.9999993
1769787677.691217 0.0000339 -0.0004913 0.0002372 -0.0008562 0.0001119 0.0012622 0.9999989
1769787677.757884 -0.0001638 -0.0005285 0.0002685 -0.0008115 0.0005881 0.0013575 0.9999986
1769787677.924550 -0.0001613 -0.0005247 0.0002965 -0.0008497 0.0004981 0.0017164 0.9999980
1769787678.057883 -0.0001011 -0.0005700 0.0002473 -0.0010748 0.0005016 0.0015761 0.9999981
1769787678.157883 -0.0002792 -0.0005404 0.0000732 -0.0009278 0.0006118 0.0013795 0.9999985
1769787678.291218 -0.0001915 -0.0004913 0.0001861 -0.0009844 0.0006306 0.0010113 0.9999988
1769787678.457883 -0.0001536 -0.0005407 0.0002611 -0.0010168 0.0004740 0.0011368 0.9999987
1769787679.924567 0.0000267 -0.0005279 0.0001341 -0.0009856 0.0003393 0.0005998 0.9999993
1769787684.024565 0.0007042 -0.0002124 0.0011422 0.0015249 0.0002330 -0.0042490 0.9999898
1769787684.391232 0.0013397 -0.0006726 0.0015222 0.0020134 0.0023217 -0.0060908 0.9999768
1769787684.724565 0.0008757 -0.0000245 0.0013800 0.0040467 0.0061132 -0.0082003 0.9999395
1769787684.824564 0.0006846 -0.0000001 0.0014064 0.0043268 0.0073965 -0.0088096 0.9999245
1769787685.757899 -0.0013281 0.0005478 -0.0008284 0.0059343 0.0274085 -0.0150783 0.9994930
1769787685.857897 -0.0027910 -0.0003718 -0.0014186 0.0052050 0.0308761 -0.0160826 0.9993803
1769787686.157897 -0.0019681 0.0005176 -0.0009960 0.0029124 0.0380591 -0.0156260 0.9991491
1769787686.357897 -0.0028281 0.0003658 -0.0013355 0.0017164 0.0443961 -0.0139551 0.9989151
1769787686.391230 -0.0026973 0.0000318 -0.0002813 0.0006118 0.0448463 -0.0163629 0.9988597
1769787686.424557 -0.0026080 0.0000041 -0.0000142 0.0001273 0.0455872 -0.0161935 0.9988291
1769787686.724557 -0.0043369 0.0003652 -0.0031746 -0.0036083 0.0548396 -0.0146249 0.9983816
1769787686.857890 -0.0040629 -0.0007200 -0.0012252 -0.0076118 0.0593268 -0.0144414 0.9981052
1769787686.924556 -0.0037745 -0.0011065 0.0000353 -0.0092656 0.0606177 -0.0132723 0.9980298
1769787686.957891 -0.0051504 -0.0002625 -0.0018593 -0.0089953 0.0628413 -0.0144029 0.9978791
1769787687.024557 -0.0047178 -0.0013638 -0.0014879 -0.0122415 0.0648337 -0.0120250 0.9977486
1769787687.124557 -0.0045362 -0.0007653 -0.0007345 -0.0151857 0.0672026 -0.0115802 0.9975566
1769787687.157890 -0.0053007 -0.0019229 -0.0011865 -0.0171038 0.0683249 -0.0105870 0.9974604
1769787687.191224 -0.0063563 -0.0014607 -0.0036881 -0.0172588 0.0689639 -0.0123072 0.9973939
1769787687.457890 -0.0060771 -0.0020933 -0.0020069 -0.0269323 0.0746896 -0.0132238 0.9967554
1769787687.491223 -0.0060711 -0.0029462 -0.0020393 -0.0295371 0.0745547 -0.0110047 0.9967186
1769787687.524557 -0.0071502 -0.0033502 -0.0027374 -0.0282110 0.0778568 -0.0075810 0.9965365
1769787687.557891 -0.0097529 -0.0035845 -0.0074728 -0.0309555 0.0762144 -0.0124579 0.9965330
1769787687.591223 -0.0066745 -0.0028001 -0.0033186 -0.0322832 0.0770359 -0.0118134 0.9964355
1769787687.691223 -0.0076035 -0.0038407 -0.0019510 -0.0346725 0.0812290 -0.0064799 0.9960711
1769787687.724557 -0.0078632 -0.0041529 -0.0017983 -0.0369123 0.0819798 -0.0071880 0.9959242
1769787687.757891 -0.0081436 -0.0037261 -0.0027241 -0.0369057 0.0821093 -0.0068226 0.9959164
1769787687.891223 -0.0086085 -0.0050569 -0.0037645 -0.0426994 0.0842161 -0.0054587 0.9955173
1769787687.924556 -0.0081011 -0.0052567 -0.0020005 -0.0438540 0.0851521 -0.0041975 0.9953936
1769787687.991223 -0.0090117 -0.0057712 -0.0065198 -0.0462225 0.0854197 -0.0028478 0.9952682
1769787688.024557 -0.0095702 -0.0054691 -0.0040026 -0.0464779 0.0874747 -0.0025429 0.9950787
1769787688.291224 -0.0095019 -0.0069933 -0.0041285 -0.0562219 0.0878875 -0.0014005 0.9945416
1769787688.424556 -0.0096415 -0.0069867 -0.0042003 -0.0582483 0.0889602 0.0011449 0.9943299
1769787688.557890 -0.0093844 -0.0080566 -0.0033328 -0.0624164 0.0885481 0.0006927 0.9941142
1769787688.957890 -0.0094249 -0.0081841 -0.0048460 -0.0655356 0.0841191 0.0017036 0.9942968
1769787689.057889 -0.0091300 -0.0082859 -0.0044239 -0.0663667 0.0814461 0.0009752 0.9944652
1769787689.091223 -0.0094508 -0.0088367 -0.0044530 -0.0668438 0.0821142 0.0040983 0.9943703
1769787689.157888 -0.0091609 -0.0090386 -0.0041785 -0.0668774 0.0813198 0.0046419 0.9944310
1769787689.191222 -0.0093626 -0.0087668 -0.0043050 -0.0663132 0.0810736 0.0033613 0.9944940
1769787689.324555 -0.0086431 -0.0083490 -0.0046245 -0.0636680 0.0786541 0.0015758 0.9948655
1769787689.357889 -0.0085517 -0.0087072 -0.0043605 -0.0644394 0.0781612 0.0014285 0.9948549
1769787689.624556 -0.0077270 -0.0077526 -0.0049421 -0.0567546 0.0713330 0.0022217 0.9958341
1769787689.691222 -0.0074582 -0.0075329 -0.0044023 -0.0544888 0.0694590 0.0017442 0.9960940
1769787689.724555 -0.0072529 -0.0073810 -0.0042227 -0.0538090 0.0680875 0.0007087 0.9962270
1769787689.857888 -0.0061918 -0.0067238 -0.0039261 -0.0473565 0.0633361 -0.0022168 0.9968656
1769787689.891222 -0.0061851 -0.0063551 -0.0043175 -0.0455538 0.0619530 -0.0019288 0.9970371
1769787689.924555 -0.0058984 -0.0061541 -0.0042287 -0.0436334 0.0607033 -0.0021694 0.9971994
1769787689.957889 -0.0058438 -0.0060334 -0.0041303 -0.0422838 0.0599094 -0.0017865 0.9973062
1769787690.057889 -0.0052188 -0.0052080 -0.0048280 -0.0361147 0.0552687 -0.0038421 0.9978108
1769787690.091222 -0.0051582 -0.0050818 -0.0047994 -0.0339118 0.0541827 -0.0038070 0.9979478
1769787690.124555 -0.0048591 -0.0048542 -0.0049185 -0.0318612 0.0524101 -0.0041545 0.9981086
1769787690.157888 -0.0047142 -0.0044387 -0.0048015 -0.0293796 0.0513766 -0.0040850 0.9982388
1769787690.191221 -0.0046146 -0.0043538 -0.0048999 -0.0273406 0.0498823 -0.0036739 0.9983740
1769787690.257890 -0.0040521 -0.0039440 -0.0046988 -0.0229965 0.0468736 -0.0059161 0.9986185
1769787690.291223 -0.0038559 -0.0038709 -0.0047222 -0.0208772 0.0453845 -0.0066576 0.9987292
1769787690.324555 -0.0036298 -0.0037409 -0.0046155 -0.0182373 0.0438062 -0.0079441 0.9988420
1769787690.457888 -0.0031738 -0.0027140 -0.0045987 -0.0054308 0.0377952 -0.0096918 0.9992238
1769787690.557888 -0.0024688 -0.0022908 -0.0039861 0.0039535 0.0322547 -0.0120170 0.9993997
1769787690.591221 -0.0020814 -0.0021935 -0.0043996 0.0071993 0.0299976 -0.0130638 0.9994387
1769787690.724555 -0.0021668 -0.0012589 -0.0036980 0.0207470 0.0231492 -0.0154425 0.9993975
1769787690.757888 -0.0021415 -0.0011365 -0.0040868 0.0238750 0.0198249 -0.0154397 0.9993991
1769787690.791222 -0.0020726 -0.0010957 -0.0033245 0.0267556 0.0175481 -0.0170698 0.9993422
1769787690.857888 -0.0022530 -0.0011944 -0.0038555 0.0318898 0.0119648 -0.0173300 0.9992695
1769787690.891222 -0.0020073 -0.0009467 -0.0031772 0.0352107 0.0077331 -0.0175634 0.9991956
1769787690.924554 -0.0018441 -0.0006441 -0.0031215 0.0373311 0.0043599 -0.0192016 0.9991090
1769787691.024555 -0.0015755 -0.0003212 -0.0027069 0.0443994 -0.0065732 -0.0198627 0.9987948
1769787691.057888 -0.0015261 0.0001082 -0.0038825 0.0468056 -0.0093695 -0.0183805 0.9986910
1769787691.091221 -0.0015942 -0.0000905 -0.0029808 0.0478793 -0.0123704 -0.0180025 0.9986143
1769787691.124555 -0.0017001 0.0002786 -0.0023818 0.0504217 -0.0146524 -0.0143458 0.9985175
1769787691.157887 -0.0015938 0.0004394 -0.0023608 0.0513285 -0.0165677 -0.0120534 0.9984717
1769787691.191221 -0.0018059 0.0010221 -0.0025077 0.0533921 -0.0187751 -0.0092656 0.9983541
1769787691.224555 -0.0010941 0.0009222 -0.0021731 0.0535412 -0.0199444 -0.0069240 0.9983425
1769787691.257889 -0.0013895 0.0012096 -0.0018931 0.0542527 -0.0197150 -0.0042713 0.9983235
1769787691.291222 -0.0014268 0.0015533 -0.0020913 0.0547097 -0.0189185 -0.0009363 0.9983227
1769787691.424554 -0.0013938 0.0021129 -0.0012577 0.0280921 -0.0156852 -0.0011709 0.9994816
1769787691.457887 -0.0007926 0.0023470 -0.0010841 0.0234936 -0.0163450 -0.0019544 0.9995885
1769787691.491221 -0.0004402 0.0019975 -0.0008725 0.0202117 -0.0168640 -0.0008200 0.9996532
1769787691.624554 0.0000886 0.0030393 -0.0003983 0.0132329 -0.0181729 -0.0019034 0.9997455
1769787691.691221 0.0004696 0.0032118 0.0003338 0.0111978 -0.0192026 -0.0030632 0.9997482
1769787691.724554 0.0004172 0.0032801 0.0001709 0.0109926 -0.0190472 -0.0042132 0.9997493
1769787691.891222 0.0016571 0.0045085 0.0007808 0.0168490 -0.0238226 -0.0043868 0.9995646
1769787691.924554 0.0018465 0.0045610 0.0009427 0.0185505 -0.0250182 -0.0047558 0.9995036
1769787691.957888 0.0017139 0.0051474 0.0001583 0.0208866 -0.0246915 -0.0028774 0.9994727
1769787692.024554 0.0018421 0.0055142 0.0004992 0.0260405 -0.0255486 -0.0029042 0.9993302
1769787692.057887 0.0023556 0.0054574 0.0004528 0.0290731 -0.0268798 -0.0022591 0.9992133
1769787692.091221 0.0019438 0.0057116 0.0008123 0.0317483 -0.0252567 -0.0013458 0.9991758
1769787692.224554 0.0026729 0.0064248 0.0008922 0.0446292 -0.0276948 0.0001245 0.9986197
1769787692.357887 0.0025469 0.0067509 0.0014055 0.0543376 -0.0275679 0.0013420 0.9981411
1769787692.391221 0.0026115 0.0065038 0.0012648 0.0556774 -0.0277785 0.0011886 0.9980616
1769787692.491220 0.0025818 0.0065631 0.0017759 0.0605636 -0.0279796 0.0009862 0.9977717
1769787692.691221 0.0029214 0.0069953 0.0017352 0.0689592 -0.0300361 0.0021386 0.9971649
1769787693.091220 0.0032989 0.0072305 0.0020771 0.0756593 -0.0352706 0.0057374 0.9964932
1769787693.124553 0.0033230 0.0072419 0.0016823 0.0758761 -0.0355929 0.0051446 0.9964685
1769787693.224554 0.0035150 0.0070974 0.0019181 0.0759826 -0.0373286 0.0057757 0.9963934
1769787693.291221 0.0035192 0.0072685 0.0010468 0.0765126 -0.0386708 0.0065523 0.9962969
1769787693.324553 0.0035442 0.0071229 0.0013541 0.0762050 -0.0390400 0.0068063 0.9963043
1769787693.491220 0.0037974 0.0069778 0.0013231 0.0745355 -0.0417612 0.0071773 0.9963177
1769787693.624553 0.0039716 0.0066817 0.0007863 0.0719680 -0.0438590 0.0075831 0.9964134
1769787693.724553 0.0043347 0.0062090 0.0009423 0.0694925 -0.0452082 0.0066146 0.9965357
1769787693.857886 0.0043620 0.0058877 0.0005188 0.0663646 -0.0470194 0.0077027 0.9966573
1769787693.924552 0.0043680 0.0058265 -0.0003260 0.0637713 -0.0483319 0.0088619 0.9967541
1769787694.224553 0.0051235 0.0038382 -0.0012421 0.0495388 -0.0525845 0.0078383 0.9973562
1769787694.324553 0.0054405 0.0030631 -0.0013828 0.0441005 -0.0536484 0.0085712 0.9975488
1769787694.357886 0.0029328 0.0025476 -0.0156701 0.0427227 -0.0547265 0.0058020 0.9975701
1769787694.391219 0.0053930 0.0026293 -0.0017920 0.0409533 -0.0545993 0.0080556 0.9976357
1769787694.424553 0.0057375 0.0019837 -0.0022458 0.0385985 -0.0557364 0.0077847 0.9976688
1769787694.457886 0.0049229 0.0025838 -0.0031283 0.0374060 -0.0552660 0.0093706 0.9977267
1769787694.491219 0.0052411 0.0019038 -0.0035914 0.0351907 -0.0555136 0.0118759 0.9977669
1769787694.791219 0.0059887 -0.0015748 -0.0041241 0.0125723 -0.0591790 0.0101193 0.9981170
1769787694.857885 0.0061642 -0.0020533 -0.0038191 0.0069776 -0.0602979 0.0105265 0.9981005
1769787694.891219 0.0060489 -0.0021710 -0.0043728 0.0052000 -0.0597726 0.0099067 0.9981493
1769787694.924552 0.0060711 -0.0025483 -0.0053209 0.0037510 -0.0601256 0.0138790 0.9980873
1769787695.024552 0.0063044 -0.0038789 -0.0044801 -0.0047231 -0.0608732 0.0130166 0.9980494
1769787695.057885 0.0051113 -0.0040555 -0.0137640 -0.0069426 -0.0604555 0.0140581 0.9980478
1769787695.124552 0.0063974 -0.0043220 -0.0043432 -0.0116185 -0.0611020 0.0151657 0.9979487
1769787695.257887 0.0066538 -0.0068707 -0.0056550 -0.0211929 -0.0627666 -0.0175235 0.9976493
1769787695.291219 0.0067022 -0.0071225 -0.0051923 -0.0234515 -0.0635766 -0.0295034 0.9972651
1769787695.324552 0.0065794 -0.0074741 -0.0030224 -0.0247395 -0.0642741 -0.0408132 0.9967904
1769787695.391219 0.0063647 -0.0089713 -0.0042777 -0.0302832 -0.0662479 -0.0653470 0.9952005
1769787695.424552 0.0064173 -0.0092031 -0.0049199 -0.0319966 -0.0668494 -0.0770598 0.9942682
1769787695.491218 0.0067076 -0.0097630 -0.0041511 -0.0355245 -0.0675590 -0.0984461 0.9922107
1769787695.524552 0.0068000 -0.0106934 -0.0043396 -0.0378243 -0.0679159 -0.1109918 0.9907763
1769787695.591218 0.0071844 -0.0117142 -0.0031758 -0.0423496 -0.0696276 -0.1308701 0.9880443
1769787695.624552 0.0069720 -0.0117915 -0.0036474 -0.0435913 -0.0699510 -0.1411334 0.9865537
1769787695.657885 0.0072541 -0.0128040 -0.0044146 -0.0483427 -0.0715031 -0.1574327 0.9837506
1769787695.691219 0.0066988 -0.0125904 -0.0055426 -0.0479548 -0.0709007 -0.1631078 0.9828883
1769787695.724552 0.0068208 -0.0132739 -0.0048075 -0.0498210 -0.0713465 -0.1721186 0.9812251
1769787695.757885 0.0065943 -0.0135025 -0.0051251 -0.0507885 -0.0727109 -0.1804232 0.9795821
1769787695.791219 0.0069472 -0.0139356 -0.0055999 -0.0535572 -0.0736038 -0.1929238 0.9769824
1769787695.824551 0.0063575 -0.0139197 -0.0060540 -0.0546143 -0.0737509 -0.1999633 0.9754962
1769787695.891219 0.0063460 -0.0146485 -0.0054799 -0.0576021 -0.0754598 -0.2175838 0.9714140
1769787695.924551 0.0059668 -0.0145433 -0.0077373 -0.0589856 -0.0746555 -0.2279824 0.9690053
1769787695.957885 0.0071489 -0.0159127 -0.0027387 -0.0608055 -0.0764338 -0.2361860 0.9667868
1769787695.991219 0.0065944 -0.0154195 -0.0055859 -0.0612623 -0.0778620 -0.2435277 0.9648206
1769787696.024551 0.0061378 -0.0158045 -0.0059041 -0.0628329 -0.0775856 -0.2523527 0.9624711
1769787696.257886 0.0064341 -0.0177869 -0.0064734 -0.0733436 -0.0813146 -0.3021671 0.9469444
1769787696.291219 0.0064556 -0.0186413 -0.0055839 -0.0747830 -0.0825052 -0.3086860 0.9446235
1769787696.324551 0.0067032 -0.0189317 -0.0046626 -0.0761269 -0.0828758 -0.3150069 0.9423943
1769787696.424551 0.0063856 -0.0197113 -0.0048359 -0.0802922 -0.0837262 -0.3301152 0.9367855
1769787696.591218 0.0059623 -0.0205787 -0.0049042 -0.0857380 -0.0831195 -0.3526203 0.9281159
1769787696.624551 0.0058058 -0.0205388 -0.0049943 -0.0861882 -0.0829474 -0.3569560 0.9264306
1769787696.691219 0.0056084 -0.0210669 -0.0047724 -0.0885053 -0.0827492 -0.3625565 0.9240520
1769787696.724551 0.0054616 -0.0208983 -0.0054013 -0.0889973 -0.0822462 -0.3671361 0.9222398
1769787696.824551 0.0054819 -0.0212065 -0.0050451 -0.0913164 -0.0798541 -0.3742634 0.9193538
1769787697.124551 0.0035250 -0.0210142 -0.0051380 -0.0943718 -0.0719632 -0.3747979 0.9194791
1769787697.191218 0.0032705 -0.0210530 -0.0059440 -0.0963512 -0.0696621 -0.3784446 0.9179561
1769787697.491217 0.0023085 -0.0204942 -0.0050816 -0.0989607 -0.0556120 -0.3658652 0.9237190
1769787697.557884 0.0018684 -0.0198167 -0.0050656 -0.0973437 -0.0515251 -0.3608894 0.9260822
1769787697.624551 0.0021835 -0.0194841 -0.0046903 -0.0971612 -0.0484217 -0.3562749 0.9280535
1769787697.657883 0.0014542 -0.0191247 -0.0055342 -0.0954958 -0.0449959 -0.3482251 0.9314479
1769787697.757885 0.0012885 -0.0188968 -0.0042198 -0.0949484 -0.0391504 -0.3376155 0.9356644
1769787697.824550 0.0009747 -0.0180688 -0.0038787 -0.0932066 -0.0338916 -0.3279257 0.9394832
1769787697.924550 -0.0003383 -0.0171181 -0.0040617 -0.0899260 -0.0238129 -0.3074740 0.9469984
1769787697.957884 -0.0001026 -0.0168887 -0.0031344 -0.0887990 -0.0222626 -0.3001484 0.9494894
1769787698.024550 -0.0010743 -0.0160305 -0.0040123 -0.0857815 -0.0151198 -0.2837044 0.9549475
1769787698.057884 -0.0012114 -0.0160305 -0.0034328 -0.0849201 -0.0126447 -0.2739734 0.9578973
1769787698.091217 -0.0013391 -0.0155990 -0.0033894 -0.0839311 -0.0089395 -0.2629097 0.9611213
1769787698.157883 -0.0017741 -0.0148868 -0.0029997 -0.0805552 -0.0028243 -0.2414496 0.9670600
1769787698.224551 -0.0027937 -0.0140962 -0.0026249 -0.0767199 0.0051994 -0.2160349 0.9733530
1769787698.257883 -0.0025830 -0.0140280 -0.0033198 -0.0745035 0.0058273 -0.2025543 0.9764154
1769787698.291218 -0.0032266 -0.0138201 -0.0038648 -0.0732329 0.0094855 -0.1921467 0.9785840
1769787698.324550 -0.0033874 -0.0135199 -0.0029942 -0.0713018 0.0129797 -0.1824747 0.9805359
1769787698.357883 -0.0033332 -0.0131171 -0.0021133 -0.0687543 0.0157706 -0.1731054 0.9823740
1769787698.391217 -0.0032951 -0.0131332 -0.0017240 -0.0675002 0.0172973 -0.1632419 0.9841223
1769787698.457883 -0.0036998 -0.0123300 -0.0016848 -0.0614043 0.0228237 -0.1518917 0.9862239
1769787698.491217 -0.0043281 -0.0119358 -0.0027684 -0.0580085 0.0255872 -0.1474287 0.9870386
1769787698.524551 -0.0039536 -0.0119642 -0.0022999 -0.0554863 0.0262947 -0.1480983 0.9870647
1769787698.557884 -0.0042774 -0.0118783 -0.0019421 -0.0518710 0.0302237 -0.1465549 0.9873792
1769787698.624550 -0.0047174 -0.0112511 -0.0013641 -0.0436648 0.0363464 -0.1449896 0.9878008
1769787698.657883 -0.0050054 -0.0109693 -0.0016811 -0.0396506 0.0397414 -0.1444635 0.9879164
1769787698.724550 -0.0050868 -0.0103162 -0.0014708 -0.0314018 0.0460401 -0.1462978 0.9876696
1769787698.757883 -0.0051781 -0.0104881 -0.0017458 -0.0297449 0.0487234 -0.1463816 0.9875797
1769787698.824549 -0.0053158 -0.0102209 -0.0017267 -0.0237213 0.0554176 -0.1466421 0.9873512
1769787698.857882 -0.0048989 -0.0103138 -0.0016031 -0.0208727 0.0571100 -0.1487583 0.9870024
1769787698.891217 -0.0052730 -0.0098228 -0.0020630 -0.0171971 0.0606975 -0.1501046 0.9866553
1769787698.991216 -0.0050868 -0.0097691 -0.0021398 -0.0113539 0.0722491 -0.1569977 0.9848872
1769787699.024550 -0.0049429 -0.0098179 -0.0020443 -0.0098441 0.0762881 -0.1573959 0.9845353
1769787699.091217 -0.0051477 -0.0088450 -0.0028223 -0.0039963 0.0861299 -0.1594070 0.9834404
1769787699.124549 -0.0051614 -0.0093157 -0.0017771 -0.0050098 0.0910194 -0.1609262 0.9827477
1769787699.191216 -0.0046697 -0.0087852 -0.0016479 -0.0017962 0.0980319 -0.1668009 0.9811035
1769787699.224550 -0.0051899 -0.0083437 -0.0041649 -0.0015521 0.1019240 -0.1678378 0.9805303
1769787699.257882 -0.0049747 -0.0086520 -0.0036189 -0.0026586 0.1053504 -0.1706328 0.9796830
1769787699.357882 -0.0053599 -0.0080506 -0.0022320 -0.0015028 0.1163281 -0.1738711 0.9778724
1769787699.391216 -0.0057650 -0.0076285 -0.0022061 -0.0013451 0.1186283 -0.1738991 0.9775912
1769787699.624549 -0.0074446 -0.0059086 -0.0025234 -0.0276676 0.1144715 -0.1388653 0.9832839
1769787699.657882 -0.0077265 -0.0059668 -0.0021875 -0.0308639 0.1147384 -0.1301713 0.9843464
1769787699.724549 -0.0087988 -0.0054696 -0.0036994 -0.0356202 0.1129416 -0.1211486 0.9855447
1769787699.757882 -0.0081619 -0.0054815 -0.0021272 -0.0367865 0.1125127 -0.1148312 0.9863070
1769787699.791217 -0.0079537 -0.0048663 -0.0007524 -0.0373420 0.1124727 -0.1117749 0.9866417
1769787699.824549 -0.0084264 -0.0047272 -0.0012778 -0.0377728 0.1127139 -0.1046957 0.9873741
1769787699.891217 -0.0085236 -0.0047745 0.0006084 -0.0383013 0.1129574 -0.0971605 0.9880959
1769787699.924549 -0.0086816 -0.0041015 -0.0006297 -0.0382357 0.1131525 -0.0936311 0.9884168
1769787700.024549 -0.0090459 -0.0033583 -0.0000839 -0.0347542 0.1137772 -0.0848638 0.9892649
1769787700.057883 -0.0097444 -0.0028264 -0.0006619 -0.0319037 0.1154938 -0.0809365 0.9894911
1769787700.124549 -0.0096420 -0.0025627 0.0004402 -0.0265619 0.1162400 -0.0747887 0.9900451
1769787700.157882 -0.0098152 -0.0023199 -0.0002698 -0.0258211 0.1169293 -0.0748767 0.9899769
1769787700.191216 -0.0102538 -0.0022936 -0.0004088 -0.0229680 0.1167484 -0.0740600 0.9901300
1769787700.291217 -0.0105150 -0.0014660 -0.0001011 -0.0124156 0.1186503 -0.0697817 0.9904032
1769787700.357882 -0.0109034 -0.0013987 -0.0006484 -0.0058282 0.1196679 -0.0673452 0.9905101
1769787700.424549 -0.0104472 -0.0011582 -0.0000071 0.0000498 0.1197694 -0.0662695 0.9905875
1769787700.491216 -0.0107282 -0.0011438 0.0000784 0.0055323 0.1209774 -0.0654987 0.9904765
1769787700.957882 -0.0110797 -0.0002895 0.0012995 0.0291003 0.1287577 -0.0611262 0.9893625
1769787701.157881 -0.0112773 -0.0004995 0.0016211 0.0326165 0.1329813 -0.0615960 0.9886648
1769787701.491215 -0.0120370 -0.0002765 0.0012794 0.0331741 0.1389659 -0.0604592 0.9878930
1769787701.824570 -0.0123722 -0.0007822 0.0021226 0.0295643 0.1466275 -0.0587023 0.9870058
1769787702.024570 -0.0113935 -0.0009352 0.0039670 0.0229147 0.1499214 -0.0607220 0.9865654
1769787702.091237 -0.0121653 -0.0011527 0.0026432 0.0203413 0.1507253 -0.0609313 0.9864864
1769787702.257902 -0.0124710 -0.0011569 0.0030212 0.0155125 0.1542124 -0.0609975 0.9860311
1769787702.591236 -0.0140615 -0.0019585 0.0012978 -0.0034589 0.1601571 -0.0646240 0.9849678
1769787702.857902 -0.0196152 -0.0035767 -0.0045759 -0.0192599 0.1656728 -0.0632758 0.9839603
1769787702.891236 -0.0124492 -0.0049290 0.0043872 -0.0232608 0.1646205 -0.0585763 0.9843413
1769787703.357902 -0.0167039 -0.0037225 -0.0001978 -0.0572980 0.1672995 -0.0575541 0.9825555
1769787703.391236 -0.0136228 -0.0035711 0.0052555 -0.0589195 0.1672134 -0.0538195 0.9826859
1769787704.091235 -0.0143501 -0.0068840 0.0044547 -0.1099733 0.1617348 -0.0453341 0.9796390
1769787704.424568 -0.0164321 -0.0086447 -0.0000702 -0.1273816 0.1555052 -0.0426473 0.9786590
1769787704.557901 -0.0174070 -0.0091012 -0.0034309 -0.1333782 0.1515862 -0.0420484 0.9785008
1769787704.591234 -0.0158852 -0.0093195 0.0002902 -0.1356185 0.1499869 -0.0428542 0.9784044
1769787704.857901 -0.0156536 -0.0099446 -0.0004938 -0.1429081 0.1421420 -0.0405805 0.9786349
1769787704.924567 -0.0154159 -0.0101508 0.0000062 -0.1438403 0.1391377 -0.0395576 0.9789718
1769787704.991234 -0.0155470 -0.0102151 -0.0002817 -0.1447083 0.1378239 -0.0384301 0.9790747
1769787705.157900 -0.0160478 -0.0106903 -0.0023289 -0.1467746 0.1326195 -0.0350128 0.9796140
1769787705.357901 -0.0151918 -0.0107772 -0.0012841 -0.1471526 0.1256903 -0.0351846 0.9804643
1769787705.524567 -0.0137965 -0.0104342 -0.0008898 -0.1448222 0.1188744 -0.0348043 0.9816741
1769787705.557901 -0.0145786 -0.0104255 -0.0021247 -0.1441720 0.1176463 -0.0344689 0.9819296
1769787705.591234 -0.0142110 -0.0102791 -0.0014279 -0.1435001 0.1165209 -0.0346207 0.9821568
1769787705.657900 -0.0137113 -0.0109348 -0.0015743 -0.1418881 0.1127684 -0.0325783 0.9828987
1769787705.691234 -0.0135160 -0.0102965 -0.0017503 -0.1410515 0.1106562 -0.0357018 0.9831506
1769787705.824567 -0.0136686 -0.0104543 -0.0027228 -0.1364122 0.1054275 -0.0350714 0.9844018
1769787705.857900 -0.0127379 -0.0100426 -0.0016568 -0.1348657 0.1034570 -0.0331045 0.9848919
1769787705.891234 -0.0122138 -0.0095001 -0.0014675 -0.1332734 0.1013585 -0.0348506 0.9852666
1769787705.957901 -0.0118079 -0.0095010 -0.0007359 -0.1311168 0.0989698 -0.0339477 0.9858301
1769787705.991233 -0.0120935 -0.0093673 -0.0014637 -0.1290057 0.0974446 -0.0341238 0.9862544
1769787706.024569 -0.0117367 -0.0096553 -0.0016758 -0.1280619 0.0950979 -0.0357129 0.9865502
1769787706.091234 -0.0116216 -0.0092167 -0.0022814 -0.1242361 0.0915025 -0.0374614 0.9873142
1769787706.224567 -0.0108493 -0.0085920 -0.0028487 -0.1164890 0.0850964 -0.0348594 0.9889256
1769787706.291235 -0.0121952 -0.0085196 -0.0058697 -0.1127022 0.0815213 -0.0378711 0.9895546
1769787706.324567 -0.0115837 -0.0090139 -0.0057628 -0.1108361 0.0795035 -0.0369525 0.9899642
1769787706.391234 -0.0108888 -0.0079223 -0.0057019 -0.1058665 0.0763485 -0.0373958 0.9907395
1769787706.424567 -0.0112358 -0.0085725 -0.0061688 -0.1045403 0.0750903 -0.0378746 0.9909583
1769787706.457900 -0.0119639 -0.0084654 -0.0076937 -0.1021508 0.0735602 -0.0378344 0.9913237
1769787706.491233 -0.0109295 -0.0081375 -0.0068556 -0.0998278 0.0711137 -0.0378112 0.9917397
1769787706.524567 -0.0111756 -0.0079935 -0.0071854 -0.0973349 0.0699252 -0.0379197 0.9920678
1769787706.557901 -0.0113123 -0.0076422 -0.0082515 -0.0946587 0.0678054 -0.0388450 0.9924380
1769787706.591233 -0.0112001 -0.0075093 -0.0078997 -0.0929798 0.0667995 -0.0398385 0.9926256
1769787706.624567 -0.0110942 -0.0076460 -0.0083401 -0.0903923 0.0653157 -0.0391487 0.9929907
1769787706.657899 -0.0103844 -0.0071960 -0.0077358 -0.0878020 0.0625392 -0.0398489 0.9933739
1769787706.724567 -0.0104322 -0.0072187 -0.0081516 -0.0840593 0.0602104 -0.0424259 0.9937348
1769787706.791235 -0.0097280 -0.0067540 -0.0076366 -0.0779942 0.0559705 -0.0456502 0.9943341
1769787706.857899 -0.0100599 -0.0066912 -0.0087789 -0.0707851 0.0524941 -0.0467827 0.9950101
1769787706.891234 -0.0092817 -0.0065049 -0.0078822 -0.0678097 0.0500785 -0.0493257 0.9952191
1769787706.924566 -0.0089223 -0.0064551 -0.0074110 -0.0634845 0.0487617 -0.0477943 0.9956444
1769787706.991233 -0.0081630 -0.0061324 -0.0069858 -0.0561250 0.0437798 -0.0486362 0.9962770
1769787707.024567 -0.0082757 -0.0063026 -0.0069582 -0.0533364 0.0422607 -0.0491306 0.9964715
1769787707.057899 -0.0078721 -0.0058474 -0.0070951 -0.0494090 0.0395571 -0.0498921 0.9967471
1769787707.124567 -0.0076582 -0.0057502 -0.0069194 -0.0435218 0.0353534 -0.0514083 0.9971024
1769787707.224566 -0.0073532 -0.0053077 -0.0073150 -0.0321258 0.0296254 -0.0508507 0.9977497
1769787707.291235 -0.0071224 -0.0050792 -0.0067735 -0.0247877 0.0242884 -0.0506342 0.9981142
1769787707.324567 -0.0066262 -0.0049918 -0.0059445 -0.0218641 0.0207663 -0.0516658 0.9982091
1769787707.357899 -0.0069455 -0.0045597 -0.0062662 -0.0182459 0.0173545 -0.0536249 0.9982436
1769787707.391233 -0.0064985 -0.0047622 -0.0058611 -0.0152459 0.0135812 -0.0522441 0.9984256
1769787707.491233 -0.0063222 -0.0044638 -0.0055725 -0.0052866 0.0013092 -0.0500037 0.9987342
1769787707.524567 -0.0062066 -0.0044243 -0.0049110 -0.0033797 -0.0026583 -0.0513883 0.9986695
1769787707.557900 -0.0061027 -0.0044997 -0.0049328 -0.0017536 -0.0067012 -0.0504035 0.9987050
1769787707.591233 -0.0059312 -0.0042296 -0.0047341 0.0013607 -0.0104124 -0.0471330 0.9988334
1769787707.624566 -0.0059457 -0.0041515 -0.0041611 0.0018147 -0.0144714 -0.0483845 0.9987223
1769787707.757899 -0.0061031 -0.0034457 -0.0043716 0.0069690 -0.0228478 -0.0324399 0.9991882
1769787707.791235 -0.0059981 -0.0033234 -0.0043865 0.0074813 -0.0233308 -0.0278859 0.9993109
1769787707.891232 -0.0056348 -0.0033185 -0.0026365 0.0006676 -0.0207120 -0.0221503 0.9995399
1769787707.957900 -0.0057339 -0.0029948 -0.0025683 -0.0142951 -0.0194055 -0.0220084 0.9994672
1769787707.991232 -0.0061050 -0.0031909 -0.0013907 -0.0201797 -0.0180912 -0.0205483 0.9994215
1769787708.024566 -0.0055090 -0.0029107 -0.0010835 -0.0241676 -0.0180434 -0.0212806 0.9993185
1769787708.091233 -0.0055599 -0.0027079 -0.0002860 -0.0293161 -0.0184236 -0.0218281 0.9991620
1769787708.257899 -0.0030789 -0.0016406 0.0027355 -0.0340638 -0.0222297 -0.0245896 0.9988698
1769787708.324566 -0.0047761 -0.0015119 -0.0025240 -0.0331185 -0.0230623 -0.0280521 0.9987915
1769787708.391232 -0.0050789 -0.0008742 -0.0030116 -0.0292855 -0.0242656 -0.0298456 0.9988307
1769787708.424566 -0.0049781 -0.0010694 -0.0046676 -0.0271264 -0.0248859 -0.0307006 0.9988505
1769787708.524565 -0.0047718 -0.0018790 -0.0055616 -0.0202511 -0.0260655 -0.0298381 0.9990096
1769787708.591233 -0.0045145 -0.0010359 -0.0060488 -0.0138075 -0.0259967 -0.0313710 0.9990743
1769787708.757898 -0.0037815 -0.0006338 -0.0055371 -0.0010698 -0.0282462 -0.0281056 0.9992052
1769787708.791234 -0.0037205 -0.0004335 -0.0054002 0.0006724 -0.0283314 -0.0281937 0.9992007
1769787708.824565 -0.0036803 -0.0005002 -0.0054026 0.0029473 -0.0286056 -0.0285193 0.9991795
1769787708.957899 -0.0035530 -0.0003280 -0.0044500 0.0093715 -0.0292910 -0.0270664 0.9991605
1769787709.057899 -0.0029910 0.0000571 -0.0051491 0.0135171 -0.0311824 -0.0271711 0.9990529
1769787709.091232 -0.0027267 -0.0001524 -0.0055737 0.0137318 -0.0321166 -0.0279981 0.9989976
1769787709.791230 -0.0021634 -0.0003987 -0.0044715 0.0204688 -0.0396432 -0.0246369 0.9987004
1769787709.857894 -0.0021425 -0.0004879 -0.0049587 0.0194150 -0.0405170 -0.0241177 0.9986991
1769787710.024561 -0.0017873 -0.0008772 -0.0052579 0.0170638 -0.0428356 -0.0239896 0.9986483
1769787710.157894 -0.0018360 -0.0011659 -0.0053907 0.0148819 -0.0445507 -0.0229334 0.9986330
1769787710.324561 -0.0016458 -0.0020539 -0.0056007 0.0098871 -0.0466926 -0.0202621 0.9986548
1769787710.457894 -0.0015882 -0.0015836 -0.0059264 0.0078069 -0.0474268 -0.0222087 0.9985973
1769787710.757894 -0.0013001 -0.0026865 -0.0084998 -0.0053834 -0.0508272 -0.0233426 0.9984201
1769787710.791228 -0.0011813 -0.0035793 -0.0072130 -0.0083729 -0.0510752 -0.0235054 0.9983830
1769787710.857894 -0.0015316 -0.0036470 -0.0084610 -0.0110462 -0.0513556 -0.0223732 0.9983687
1769787710.891228 -0.0012582 -0.0038522 -0.0089234 -0.0133336 -0.0517486 -0.0214340 0.9983411
1769787710.924560 -0.0013715 -0.0038909 -0.0090228 -0.0145981 -0.0519352 -0.0215031 0.9983122
1769787710.957894 -0.0012893 -0.0047532 -0.0083423 -0.0176086 -0.0518410 -0.0214807 0.9982690
1769787711.024560 -0.0013320 -0.0056288 -0.0085113 -0.0230969 -0.0530007 -0.0196594 0.9981338
1769787711.224560 -0.0013814 -0.0081188 -0.0085726 -0.0361145 -0.0527705 -0.0179808 0.9977914
1769787711.457893 -0.0011420 -0.0106401 -0.0095708 -0.0534957 -0.0531310 -0.0165290 0.9970166
1769787711.524560 -0.0015119 -0.0120033 -0.0087418 -0.0597911 -0.0529380 -0.0142735 0.9967040
1769787711.724560 -0.0014122 -0.0146700 -0.0084448 -0.0735306 -0.0559679 -0.0433253 0.9947783
1769787711.757893 -0.0012073 -0.0152271 -0.0090911 -0.0756918 -0.0574553 -0.0555289 0.9939247
1769787711.857893 -0.0009949 -0.0164780 -0.0075187 -0.0824599 -0.0603346 -0.0920232 0.9905008
1769787711.924560 -0.0009143 -0.0173371 -0.0078741 -0.0860030 -0.0630651 -0.1145578 0.9876755
1769787711.991226 -0.0008600 -0.0187929 -0.0091140 -0.0909165 -0.0654643 -0.1386240 0.9839878
1769787712.057893 -0.0005018 -0.0194079 -0.0080229 -0.0949837 -0.0678234 -0.1585025 0.9804361
1769787712.157893 -0.0002920 -0.0199309 -0.0077884 -0.0987583 -0.0712874 -0.1920949 0.9737887
1769787712.357893 -0.0003891 -0.0219670 -0.0074043 -0.1092991 -0.0788250 -0.2499018 0.9588480
1769787712.557894 -0.0011452 -0.0251593 -0.0079492 -0.1193877 -0.0851036 -0.2975639 0.9433768
1769787712.624560 -0.0013779 -0.0252972 -0.0077890 -0.1209281 -0.0860218 -0.3091865 0.9393510
1769787712.657892 -0.0012527 -0.0257426 -0.0089404 -0.1229456 -0.0877494 -0.3161257 0.9366157
1769787712.891227 -0.0014916 -0.0270515 -0.0085092 -0.1301691 -0.0920747 -0.3567858 0.9204794
1769787713.424559 -0.0035408 -0.0286376 -0.0083893 -0.1435654 -0.0867548 -0.4023042 0.9000077
1769787713.457892 -0.0037139 -0.0288364 -0.0083455 -0.1440204 -0.0862690 -0.4035312 0.8994322
1769787713.691226 -0.0046600 -0.0287956 -0.0083977 -0.1470101 -0.0786741 -0.4026925 0.9000207
1769787713.724559 -0.0047823 -0.0285377 -0.0084217 -0.1469492 -0.0771593 -0.4020097 0.9004669
1769787713.824559 -0.0053453 -0.0285302 -0.0075853 -0.1479435 -0.0715692 -0.3966130 0.9031549
1769787713.891226 -0.0054695 -0.0283015 -0.0077385 -0.1474124 -0.0687406 -0.3935558 0.9047973
1769787713.991225 -0.0060573 -0.0277579 -0.0083561 -0.1471690 -0.0628385 -0.3863709 0.9083558
1769787714.124559 -0.0069914 -0.0267817 -0.0087694 -0.1451811 -0.0528737 -0.3739241 0.9144986
1769787714.157892 -0.0072808 -0.0263608 -0.0096539 -0.1444765 -0.0503144 -0.3699075 0.9163861
1769787714.191226 -0.0071335 -0.0263012 -0.0082065 -0.1443247 -0.0481814 -0.3661222 0.9180433
1769787714.224559 -0.0072566 -0.0263203 -0.0079666 -0.1440388 -0.0459628 -0.3613114 0.9201056
1769787714.324559 -0.0079098 -0.0250495 -0.0087714 -0.1409464 -0.0369470 -0.3462977 0.9267399
1769787714.357892 -0.0081838 -0.0247501 -0.0086774 -0.1396384 -0.0336861 -0.3399358 0.9294138
1769787714.391225 -0.0082198 -0.0246006 -0.0079308 -0.1390862 -0.0307161 -0.3335751 0.9319009
1769787714.424558 -0.0084763 -0.0242978 -0.0090558 -0.1375807 -0.0280804 -0.3258880 0.9349225
1769787714.457892 -0.0086578 -0.0240746 -0.0088121 -0.1368962 -0.0247364 -0.3184281 0.9376839
1769787714.524559 -0.0091931 -0.0230313 -0.0090542 -0.1331159 -0.0173351 -0.3027473 0.9435697
1769787714.591225 -0.0094420 -0.0223338 -0.0089289 -0.1298952 -0.0103266 -0.2832706 0.9501465
1769787714.624558 -0.0099137 -0.0220091 -0.0087180 -0.1284273 -0.0055139 -0.2692803 0.9544444
1769787714.657892 -0.0102388 -0.0212313 -0.0088707 -0.1264976 -0.0016004 -0.2581288 0.9577919
1769787714.724559 -0.0106313 -0.0205805 -0.0089445 -0.1225360 0.0059570 -0.2343584 0.9643784
1769787714.757891 -0.0109124 -0.0199971 -0.0081402 -0.1201416 0.0096047 -0.2227367 0.9673997
1769787714.791226 -0.0112372 -0.0200624 -0.0091646 -0.1183788 0.0129903 -0.2129010 0.9697891
1769787714.824558 -0.0112235 -0.0197850 -0.0078547 -0.1166343 0.0161256 -0.2023955 0.9721999
1769787714.857891 -0.0112715 -0.0196509 -0.0082706 -0.1151852 0.0187830 -0.1939664 0.9740414
1769787714.924558 -0.0114568 -0.0187426 -0.0069951 -0.1096929 0.0241239 -0.1822081 0.9768243
1769787714.957892 -0.0115238 -0.0188358 -0.0060872 -0.1066842 0.0266782 -0.1783870 0.9777959
1769787715.057891 -0.0120471 -0.0179089 -0.0062538 -0.0951484 0.0348897 -0.1773919 0.9789084
1769787715.091226 -0.0117836 -0.0178503 -0.0053304 -0.0909179 0.0375427 -0.1776116 0.9791724
1769787715.157891 -0.0119362 -0.0172378 -0.0051727 -0.0831487 0.0439323 -0.1786411 0.9794098
1769787715.191225 -0.0121331 -0.0169121 -0.0051264 -0.0799084 0.0466137 -0.1795644 0.9793868
1769787715.224558 -0.0119942 -0.0168737 -0.0049255 -0.0764454 0.0496448 -0.1799906 0.9794360
1769787715.257890 -0.0123718 -0.0167227 -0.0048254 -0.0732714 0.0534098 -0.1798887 0.9794993
1769787715.291226 -0.0120654 -0.0167365 -0.0049864 -0.0701456 0.0560397 -0.1802549 0.9795138
1769787715.324558 -0.0121968 -0.0165060 -0.0051295 -0.0669966 0.0587126 -0.1841765 0.9788480
1769787715.391225 -0.0118406 -0.0167887 -0.0050098 -0.0620209 0.0640885 -0.1858740 0.9785177
1769787715.424558 -0.0117695 -0.0163260 -0.0046257 -0.0581687 0.0679347 -0.1860969 0.9784524
1769787715.457891 -0.0120203 -0.0161153 -0.0048013 -0.0553053 0.0726809 -0.1868295 0.9781378
1769787715.491224 -0.0115835 -0.0163755 -0.0041536 -0.0551256 0.0763598 -0.1897524 0.9773046
1769787715.557892 -0.0112589 -0.0160355 -0.0032278 -0.0515600 0.0857050 -0.1930206 0.9760837
1769787715.591224 -0.0113767 -0.0159344 -0.0042961 -0.0495406 0.0892280 -0.1975828 0.9749591
1769787715.657891 -0.0113362 -0.0155728 -0.0040224 -0.0488159 0.0975917 -0.2024138 0.9732017
1769787715.724558 -0.0107139 -0.0152898 -0.0022147 -0.0462320 0.1064972 -0.2046763 0.9719201
1769787715.824557 -0.0108455 -0.0148730 -0.0026638 -0.0463756 0.1141053 -0.2125740 0.9693512
1769787715.857890 -0.0108009 -0.0147178 -0.0019746 -0.0461502 0.1163625 -0.2140810 0.9687617
1769787715.991224 -0.0115082 -0.0136428 -0.0026646 -0.0584409 0.1165731 -0.2012880 0.9708133
1769787716.024558 -0.0115406 -0.0133336 -0.0025729 -0.0656433 0.1142000 -0.1954267 0.9718322
1769787716.057891 -0.0119258 -0.0131784 -0.0022774 -0.0711923 0.1132150 -0.1855054 0.9734998
1769787716.091224 -0.0118740 -0.0130149 -0.0027063 -0.0753393 0.1119154 -0.1804321 0.9742911
1769787716.257890 -0.0122707 -0.0116649 -0.0004565 -0.0848117 0.1112734 -0.1530071 0.9782709
1769787716.291225 -0.0125540 -0.0113674 0.0003572 -0.0853693 0.1124839 -0.1459539 0.9791613
1769787716.357890 -0.0125006 -0.0105493 0.0008274 -0.0862024 0.1123021 -0.1419708 0.9796947
1769787716.424557 -0.0129610 -0.0101379 0.0006885 -0.0846234 0.1132959 -0.1326739 0.9810202
1769787716.491224 -0.0133652 -0.0095509 0.0005173 -0.0815114 0.1145745 -0.1253754 0.9820945
1769787716.557890 -0.0140515 -0.0087153 0.0007748 -0.0765503 0.1165287 -0.1205791 0.9828641
1769787716.591224 -0.0137073 -0.0088712 0.0016254 -0.0744023 0.1173305 -0.1171742 0.9833453
1769787716.657890 -0.0140163 -0.0082304 0.0011616 -0.0690524 0.1177673 -0.1151736 0.9839196
1769787716.791225 -0.0140497 -0.0073880 0.0017356 -0.0563740 0.1192157 -0.1121011 0.9849076
1769787716.824557 -0.0141997 -0.0074271 0.0017457 -0.0530259 0.1195934 -0.1105786 0.9852198
1769787716.857890 -0.0142107 -0.0070974 0.0017322 -0.0490110 0.1198895 -0.1104030 0.9854114
1769787716.891224 -0.0140073 -0.0069237 0.0021762 -0.0467154 0.1202129 -0.1115829 0.9853506
1769787717.091224 -0.0140705 -0.0063746 0.0034318 -0.0314636 0.1230775 -0.1077211 0.9860315
1769787717.324573 -0.0141135 -0.0060360 0.0039745 -0.0206801 0.1268079 -0.1068567 0.9859380
1769787717.491239 -0.0142765 -0.0056979 0.0042236 -0.0159887 0.1294999 -0.1082757 0.9855204
1769787717.624573 -0.0145464 -0.0054997 0.0042303 -0.0125654 0.1323276 -0.1073049 0.9853005
1769787717.691240 -0.0146940 -0.0054044 0.0043397 -0.0117847 0.1338042 -0.1075930 0.9850793
1769787718.024574 -0.0152764 -0.0055759 0.0043922 -0.0128318 0.1395949 -0.1072960 0.9842948
1769787718.091240 -0.0153732 -0.0056889 0.0040076 -0.0134884 0.1403947 -0.1079760 0.9840978
1769787718.224573 -0.0156082 -0.0058799 0.0042412 -0.0154499 0.1436520 -0.1074949 0.9836515
1769787718.357905 -0.0161163 -0.0061039 0.0036536 -0.0180770 0.1462577 -0.1084557 0.9831171
1769787718.491239 -0.0168050 -0.0065769 0.0031851 -0.0225721 0.1493346 -0.1084425 0.9825630
1769787718.757905 -0.0176273 -0.0072765 0.0027723 -0.0323963 0.1544322 -0.1059063 0.9817765
1769787718.824572 -0.0175927 -0.0072602 0.0036521 -0.0361082 0.1562811 -0.1079097 0.9811360
1769787718.891239 -0.0188151 -0.0078632 0.0019529 -0.0382535 0.1578115 -0.1061842 0.9809980
1769787719.324572 -0.0188884 -0.0088988 0.0043382 -0.0665367 0.1632574 -0.1101702 0.9781526
1769787719.391238 -0.0190874 -0.0097985 0.0050388 -0.0714425 0.1653939 -0.1071616 0.9777818
1769787719.424571 -0.0150052 -0.0085589 0.0098286 -0.0741829 0.1652131 -0.1066854 0.9776604
1769787719.457905 -0.0188736 -0.0097840 0.0057331 -0.0757488 0.1664167 -0.1069845 0.9773034
1769787719.591238 -0.0199561 -0.0100776 0.0049533 -0.0851626 0.1683542 -0.1054138 0.9763668
1769787719.624572 -0.0177775 -0.0091072 0.0085712 -0.0884809 0.1680323 -0.1045777 0.9762171
1769787719.724572 -0.0180847 -0.0084200 0.0085055 -0.0948815 0.1685291 -0.1046557 0.9755217
1769787719.757905 -0.0180017 -0.0084947 0.0089726 -0.0980607 0.1686553 -0.1060713 0.9750325
1769787719.791240 -0.0170463 -0.0069281 0.0100740 -0.0997547 0.1686063 -0.1047368 0.9750134
1769787719.857904 -0.0174140 -0.0070177 0.0101609 -0.1056459 0.1684889 -0.1059119 0.9742860
1769787719.891238 -0.0179618 -0.0075421 0.0090443 -0.1080503 0.1687222 -0.1052550 0.9740531
1769787719.991238 -0.0176025 -0.0063360 0.0096552 -0.1153032 0.1691154 -0.1028118 0.9734141
1769787720.024571 -0.0177818 -0.0070769 0.0097479 -0.1179447 0.1690193 -0.1020463 0.9731948
1769787720.057904 -0.0170671 -0.0063561 0.0103543 -0.1192473 0.1690559 -0.1006415 0.9731760
1769787720.091238 -0.0181030 -0.0070242 0.0094021 -0.1226082 0.1687159 -0.1002758 0.9728551
1769787720.157904 -0.0177824 -0.0065510 0.0098559 -0.1268885 0.1691916 -0.0990894 0.9723450
1769787720.224572 -0.0171128 -0.0061221 0.0117800 -0.1314333 0.1684244 -0.0991043 0.9718729
1769787720.391238 -0.0167888 -0.0057790 0.0112161 -0.1435215 0.1674958 -0.0952502 0.9707081
1769787720.424571 -0.0170682 -0.0051285 0.0119423 -0.1449668 0.1683837 -0.0947392 0.9703896
1769787720.457904 -0.0176965 -0.0059076 0.0099723 -0.1469977 0.1678057 -0.0935115 0.9703034
1769787720.524571 -0.0174820 -0.0055639 0.0101410 -0.1505251 0.1661885 -0.0946440 0.9699309
1769787720.591238 -0.0179286 -0.0041657 0.0106444 -0.1534844 0.1654888 -0.0963774 0.9694160
1769787720.824571 -0.0220562 -0.0061233 0.0041667 -0.1662462 0.1610014 -0.1007128 0.9676248
1769787720.891238 -0.0204838 -0.0052827 0.0059100 -0.1693813 0.1597614 -0.0956317 0.9678020
1769787720.924570 -0.0218799 -0.0071554 0.0003882 -0.1703009 0.1594210 -0.0957691 0.9676833
1769787720.957904 -0.0212423 -0.0049896 0.0040577 -0.1707786 0.1582381 -0.0957313 0.9677969
1769787721.157904 -0.0264119 -0.0063933 0.0018282 -0.1787797 0.1569914 -0.0928002 0.9668400
1769787721.191238 -0.0223741 -0.0046297 0.0046468 -0.1800489 0.1540149 -0.0924116 0.9671204
1769787721.691237 -0.0251133 -0.0043784 0.0036198 -0.1874644 0.1400254 -0.0854210 0.9684799
1769787721.957904 -0.0265049 -0.0046178 0.0038733 -0.1873779 0.1312398 -0.0855675 0.9697133
1769787722.057903 -0.0260358 -0.0046522 0.0040822 -0.1856612 0.1269130 -0.0848598 0.9706811
1769787722.257903 -0.0273884 -0.0055016 0.0028222 -0.1800117 0.1178603 -0.0843637 0.9729273
1769787722.291238 -0.0275559 -0.0057267 0.0038607 -0.1791703 0.1165876 -0.0835743 0.9733040
1769787722.324570 -0.0274074 -0.0054990 0.0043681 -0.1781410 0.1156306 -0.0835888 0.9736058
1769787722.391237 -0.0274088 -0.0052304 0.0041603 -0.1757532 0.1128246 -0.0836069 0.9743671
1769787722.424570 -0.0270001 -0.0051802 0.0052047 -0.1748797 0.1114991 -0.0816300 0.9748444
1769787722.457903 -0.0273157 -0.0055763 0.0042356 -0.1736191 0.1091544 -0.0821214 0.9752937
1769787722.491236 -0.0275447 -0.0055392 0.0047275 -0.1726091 0.1083220 -0.0828254 0.9755062
1769787722.524573 -0.0269935 -0.0049798 0.0053610 -0.1705853 0.1061295 -0.0845111 0.9759585
1769787722.624570 -0.0280124 -0.0059425 0.0039388 -0.1656445 0.1004485 -0.0849053 0.9773756
1769787722.657903 -0.0287107 -0.0060630 0.0037055 -0.1642521 0.0999694 -0.0839509 0.9777421
1769787722.691236 -0.0287366 -0.0063316 0.0029331 -0.1626278 0.0976034 -0.0847816 0.9781809
1769787722.724570 -0.0277280 -0.0057561 0.0037077 -0.1603536 0.0953773 -0.0847460 0.9787789
1769787722.757903 -0.0290780 -0.0063349 0.0020805 -0.1588741 0.0944516 -0.0846895 0.9791147
1769787722.791238 -0.0276848 -0.0055486 0.0034292 -0.1576035 0.0920245 -0.0876871 0.9792873
1769787722.857903 -0.0284380 -0.0060110 0.0020719 -0.1531811 0.0894590 -0.0847926 0.9804810
1769787722.891237 -0.0274009 -0.0056219 0.0029324 -0.1513208 0.0877447 -0.0856440 0.9808506
1769787722.957903 -0.0278920 -0.0054692 0.0013994 -0.1469294 0.0845905 -0.0857039 0.9817897
1769787722.991236 -0.0278192 -0.0049840 0.0012668 -0.1447992 0.0836747 -0.0864951 0.9821153
1769787723.024570 -0.0259180 -0.0047596 0.0040583 -0.1429656 0.0812291 -0.0855235 0.9826741
1769787723.057903 -0.0263907 -0.0051061 0.0039524 -0.1420856 0.0805154 -0.0854942 0.9828630
1769787723.091236 -0.0264019 -0.0046966 0.0028925 -0.1402267 0.0794060 -0.0870433 0.9830843
1769787723.191236 -0.0256510 -0.0040653 0.0037682 -0.1339062 0.0751213 -0.0894466 0.9840860
1769787723.224570 -0.0256539 -0.0035978 0.0018626 -0.1313988 0.0730088 -0.0895976 0.9845691
1769787723.324570 -0.0249303 -0.0034053 0.0034726 -0.1216897 0.0683646 -0.0919614 0.9859315
1769787723.357902 -0.0245366 -0.0032143 0.0041018 -0.1189610 0.0667066 -0.0915856 0.9864130
1769787723.391236 -0.0246031 -0.0028899 0.0031172 -0.1152213 0.0648468 -0.0934454 0.9868065
1769787723.424570 -0.0242517 -0.0028203 0.0039893 -0.1115383 0.0625347 -0.0921511 0.9875003
1769787723.457902 -0.0240447 -0.0026459 0.0042560 -0.1085563 0.0607378 -0.0933758 0.9878297
1769787723.524569 -0.0234125 -0.0025648 0.0048205 -0.1025232 0.0562719 -0.0947373 0.9886088
1769787723.557903 -0.0235738 -0.0025603 0.0048969 -0.1002200 0.0546584 -0.0941624 0.9889903
1769787723.591236 -0.0231058 -0.0023991 0.0055037 -0.0972383 0.0522910 -0.0955108 0.9892867
1769787723.624569 -0.0232099 -0.0019553 0.0046581 -0.0929002 0.0506161 -0.0945767 0.9898802
1769787723.657902 -0.0234706 -0.0020593 0.0049122 -0.0909090 0.0495366 -0.0951342 0.9900662
1769787723.724570 -0.0231913 -0.0018039 0.0057460 -0.0840877 0.0453708 -0.0961979 0.9907658
1769787723.757902 -0.0225296 -0.0016435 0.0070159 -0.0813893 0.0425609 -0.0967103 0.9910659
1769787723.824569 -0.0227384 -0.0012835 0.0068039 -0.0761279 0.0357890 -0.0963692 0.9917846
1769787723.857902 -0.0228696 -0.0009081 0.0057051 -0.0732013 0.0322116 -0.0950538 0.9922544
1769787723.891236 -0.0224885 -0.0009723 0.0060925 -0.0711557 0.0275146 -0.0971003 0.9923464
1769787723.991235 -0.0225063 -0.0002609 0.0055931 -0.0630209 0.0150788 -0.0940487 0.9934565
1769787724.057902 -0.0225263 -0.0005354 0.0075079 -0.0584800 0.0078870 -0.0888660 0.9942941
1769787724.091236 -0.0221573 0.0004262 0.0064231 -0.0554367 0.0032296 -0.0871151 0.9946494
1769787724.191236 -0.0221310 0.0012106 0.0057028 -0.0506585 -0.0043989 -0.0755593 0.9958439
1769787724.224569 -0.0221697 0.0012090 0.0057304 -0.0507553 -0.0054622 -0.0716637 0.9961217
1769787724.257901 -0.0219962 0.0014315 0.0049581 -0.0498332 -0.0063422 -0.0657861 0.9965684
1769787724.291238 -0.0219555 0.0015789 0.0063519 -0.0497691 -0.0053380 -0.0622737 0.9968032
1769787724.324569 -0.0223022 0.0020984 0.0052253 -0.0496879 -0.0043688 -0.0615844 0.9968548
1769787724.424569 -0.0217194 0.0020655 0.0062762 -0.0730519 0.0009717 -0.0631261 0.9953279
1769787724.457902 -0.0217171 0.0018736 0.0064080 -0.0792694 0.0022959 -0.0631079 0.9948510
1769787724.491235 -0.0217056 0.0020435 0.0059634 -0.0833683 0.0029180 -0.0636125 0.9944821
1769787724.557902 -0.0209441 0.0021398 0.0067837 -0.0892588 0.0026456 -0.0652033 0.9938684
1769787724.591235 -0.0208952 0.0024115 0.0062110 -0.0912299 0.0025440 -0.0658055 0.9936500
1769787724.691235 -0.0206041 0.0030436 0.0063450 -0.0945093 0.0023397 -0.0674042 0.9932367
1769787724.791237 -0.0203606 0.0034605 0.0066034 -0.0942304 0.0013710 -0.0670838 0.9932867
1769787724.824569 -0.0200984 0.0037258 0.0058819 -0.0927529 0.0009075 -0.0672068 0.9934180
1769787725.024569 -0.0199717 0.0056558 0.0046516 -0.0801327 -0.0030741 -0.0645623 0.9946864
1769787725.057902 -0.0195099 0.0053062 0.0064768 -0.0776418 -0.0029260 -0.0648040 0.9948686
1769787725.191235 -0.0195203 0.0063665 0.0058125 -0.0666979 -0.0025354 -0.0648439 0.9956607
1769787725.224569 -0.0195833 0.0060731 0.0059740 -0.0658882 -0.0020708 -0.0645385 0.9957355
1769787725.257900 -0.0188246 0.0065733 0.0051964 -0.0632654 -0.0031117 -0.0646540 0.9958954
1769787725.391231 -0.0191275 0.0068599 0.0055682 -0.0555859 -0.0031844 -0.0645206 0.9963620
1769787725.491230 -0.0189327 0.0067747 0.0057969 -0.0525377 -0.0037670 -0.0652367 0.9964787
1769787725.591231 -0.0186058 0.0069418 0.0059818 -0.0501316 -0.0048116 -0.0671539 0.9964708
1769787725.791231 -0.0187232 0.0071567 0.0061506 -0.0455471 -0.0059813 -0.0640515 0.9968888
1769787726.224564 -0.0183924 0.0070614 0.0043693 -0.0429215 -0.0115931 -0.0625862 0.9970488
1769787726.257897 -0.0183683 0.0072018 0.0043808 -0.0432997 -0.0126739 -0.0632065 0.9969802
1769787726.357896 -0.0185154 0.0066741 0.0038122 -0.0446261 -0.0133209 -0.0619871 0.9969898
1769787726.491230 -0.0181481 0.0064447 0.0044517 -0.0468242 -0.0151040 -0.0613714 0.9969017
1769787726.657897 -0.0182642 0.0062010 0.0036426 -0.0500984 -0.0169555 -0.0602359 0.9967820
1769787726.724564 -0.0182053 0.0061370 0.0033680 -0.0520013 -0.0175920 -0.0607783 0.9966406
1769787726.991230 -0.0180708 0.0050567 0.0038181 -0.0594983 -0.0200506 -0.0573610 0.9963773
1769787727.157896 -0.0180165 0.0038636 0.0030304 -0.0677598 -0.0215107 -0.0564300 0.9958723
1769787727.257896 -0.0180656 0.0028383 0.0028878 -0.0742121 -0.0226622 -0.0558292 0.9954206
1769787727.291230 -0.0181824 0.0027121 0.0030976 -0.0765729 -0.0222141 -0.0563367 0.9952232
1769787727.324564 -0.0181347 0.0022115 0.0032643 -0.0785407 -0.0226451 -0.0549739 0.9951364
1769787727.357896 -0.0180167 0.0020918 0.0031944 -0.0810839 -0.0228051 -0.0563760 0.9948503
1769787727.391230 -0.0200138 0.0011000 0.0005043 -0.0835384 -0.0224220 -0.0574620 0.9945937
1769787727.424562 -0.0187716 0.0017645 0.0018746 -0.0835062 -0.0223401 -0.0522656 0.9948849
1769787727.657896 -0.0190341 -0.0007095 0.0025244 -0.1010692 -0.0229365 -0.0507300 0.9933204
1769787727.691230 -0.0188251 -0.0010771 0.0026808 -0.1029617 -0.0232502 -0.0484172 0.9932342
1769787727.724563 -0.0191164 -0.0013773 0.0011519 -0.1057256 -0.0238413 -0.0522301 0.9927365
1769787727.791231 -0.0182096 -0.0019413 0.0041282 -0.1124399 -0.0243536 -0.0526330 0.9919647
1769787727.891230 -0.0184207 -0.0033232 0.0036115 -0.1189047 -0.0236137 -0.0461695 0.9915506
1769787727.924562 -0.0193709 -0.0034223 0.0023294 -0.1187822 -0.0213540 -0.0428254 0.9917665
1769787728.091229 -0.0183380 -0.0053661 0.0061779 -0.1336513 -0.0219855 -0.0427308 0.9898627
1769787728.124563 -0.0191860 -0.0054265 0.0039921 -0.1342922 -0.0213770 -0.0458506 0.9896497
1769787728.157895 -0.0185358 -0.0053079 0.0056467 -0.1371908 -0.0247000 -0.0592136 0.9884647
1769787728.424562 -0.0187536 -0.0093662 0.0060757 -0.1568614 -0.0388425 -0.1497557 0.9754276
1769787728.457896 -0.0186203 -0.0091310 0.0066048 -0.1593157 -0.0418216 -0.1647455 0.9724857
1769787728.491229 -0.0190314 -0.0096320 0.0059289 -0.1611350 -0.0428926 -0.1730126 0.9707021
1769787728.524562 -0.0181728 -0.0100965 0.0089123 -0.1641624 -0.0452833 -0.1815756 0.9685197
1769787728.557897 -0.0187246 -0.0103783 0.0078738 -0.1656660 -0.0467385 -0.1932553 0.9659310
1769787728.591229 -0.0181068 -0.0101000 0.0081102 -0.1665036 -0.0490536 -0.2028900 0.9636939
1769787728.624562 -0.0183453 -0.0110276 0.0083921 -0.1693073 -0.0509797 -0.2150503 0.9604632
1769787728.657895 -0.0184140 -0.0110470 0.0076644 -0.1710415 -0.0521959 -0.2230220 0.9582701
1769787728.724563 -0.0184452 -0.0122062 0.0078125 -0.1755303 -0.0559805 -0.2425078 0.9524942
1769787728.757895 -0.0188735 -0.0125317 0.0079288 -0.1769665 -0.0568626 -0.2509749 0.9499795
1769787728.824562 -0.0190220 -0.0134570 0.0070551 -0.1811957 -0.0609686 -0.2701021 0.9436609
1769787728.857895 -0.0193064 -0.0139182 0.0072821 -0.1827403 -0.0623073 -0.2772030 0.9412132
1769787728.891230 -0.0192204 -0.0138784 0.0075795 -0.1838867 -0.0639874 -0.2857995 0.9383016
1769787728.924562 -0.0192888 -0.0141902 0.0075411 -0.1855579 -0.0652673 -0.2932767 0.9355732
1769787729.024562 -0.0194267 -0.0151227 0.0075793 -0.1899764 -0.0696305 -0.3156014 0.9270687
1769787729.091229 -0.0198787 -0.0158827 0.0071314 -0.1931102 -0.0717540 -0.3280944 0.9219077
1769787729.191229 -0.0200374 -0.0165307 0.0072608 -0.1969066 -0.0757893 -0.3481044 0.9134041
1769787729.224563 -0.0200936 -0.0166301 0.0071378 -0.1980612 -0.0768623 -0.3549729 0.9104165
1769787729.257895 -0.0201073 -0.0169023 0.0070298 -0.1991442 -0.0782972 -0.3604265 0.9079118
1769787729.357895 -0.0203955 -0.0174401 0.0075488 -0.2027145 -0.0805980 -0.3755267 0.9007722
1769787729.591228 -0.0210144 -0.0184035 0.0081163 -0.2098623 -0.0829086 -0.4024317 0.8872050
1769787729.624562 -0.0212954 -0.0185792 0.0077497 -0.2105171 -0.0826802 -0.4051948 0.8858125
1769787729.657894 -0.0212364 -0.0186249 0.0080904 -0.2111784 -0.0826650 -0.4078670 0.8844291
1769787729.724562 -0.0216672 -0.0187854 0.0073235 -0.2121732 -0.0809810 -0.4131869 0.8818737
1769787729.791228 -0.0217471 -0.0188859 0.0076089 -0.2136016 -0.0806947 -0.4166960 0.8799018
1769787729.857894 -0.0220148 -0.0188671 0.0076842 -0.2144938 -0.0800549 -0.4194157 0.8784498
1769787729.991227 -0.0225934 -0.0189451 0.0075471 -0.2166975 -0.0770584 -0.4216824 0.8770908
1769787730.057894 -0.0227775 -0.0188427 0.0077404 -0.2174195 -0.0750094 -0.4220824 0.8768973
1769787730.157894 -0.0232660 -0.0188408 0.0075311 -0.2183945 -0.0707672 -0.4198893 0.8780597
1769787730.291228 -0.0237843 -0.0185180 0.0071814 -0.2189557 -0.0644282 -0.4161454 0.8801877
1769787730.491227 -0.0248820 -0.0176964 0.0074954 -0.2179722 -0.0507182 -0.4029612 0.8874334
1769787730.557895 -0.0250666 -0.0171517 0.0082351 -0.2175587 -0.0458400 -0.3970464 0.8904611
1769787730.591228 -0.0251803 -0.0170379 0.0081042 -0.2174284 -0.0436983 -0.3943786 0.8917852
1769787730.624561 -0.0253048 -0.0171189 0.0083701 -0.2172471 -0.0411835 -0.3907191 0.8935582
1769787730.724561 -0.0257738 -0.0161809 0.0083417 -0.2150420 -0.0324502 -0.3783113 0.8997691
1769787730.757894 -0.0258348 -0.0159336 0.0084437 -0.2142313 -0.0291530 -0.3724604 0.9025122
1769787730.791229 -0.0249221 -0.0157923 0.0124051 -0.2140207 -0.0261645 -0.3678805 0.9045300
1769787730.824561 -0.0262472 -0.0156502 0.0084063 -0.2129651 -0.0230961 -0.3611579 0.9075667
1769787730.857894 -0.0264019 -0.0153482 0.0080407 -0.2118015 -0.0199089 -0.3550744 0.9103109
1769787730.891228 -0.0264160 -0.0149020 0.0084663 -0.2102942 -0.0162933 -0.3484067 0.9133037
1769787730.924561 -0.0263948 -0.0148089 0.0088705 -0.2095869 -0.0127960 -0.3421932 0.9158676
1769787730.957894 -0.0268354 -0.0146491 0.0085623 -0.2083152 -0.0085801 -0.3337207 0.9193268
1769787731.024561 -0.0269135 -0.0138294 0.0087603 -0.2058279 -0.0003582 -0.3172565 0.9257338
1769787731.057894 -0.0272309 -0.0132100 0.0089807 -0.2029259 0.0054629 -0.3068209 0.9298667
1769787731.091227 -0.0269987 -0.0127724 0.0098021 -0.2011974 0.0097249 -0.2965909 0.9335196
1769787731.124561 -0.0270478 -0.0124062 0.0098824 -0.1987095 0.0144506 -0.2851033 0.9375616
1769787731.157893 -0.0274413 -0.0122312 0.0101743 -0.1981012 0.0195862 -0.2721392 0.9414418
1769787731.191228 -0.0277960 -0.0119970 0.0095710 -0.1957500 0.0237861 -0.2596536 0.9453551
1769787731.224561 -0.0276135 -0.0119943 0.0105365 -0.1947706 0.0274875 -0.2501383 0.9480188
1769787731.257893 -0.0278422 -0.0114010 0.0101368 -0.1910403 0.0316339 -0.2416749 0.9508398
1769787731.291228 -0.0273781 -0.0110773 0.0109749 -0.1902940 0.0338029 -0.2359983 0.9523395
1769787731.324561 -0.0279093 -0.0110630 0.0102004 -0.1879543 0.0377667 -0.2261072 0.9550510
1769787731.391227 -0.0275747 -0.0105223 0.0104699 -0.1832786 0.0424812 -0.2170718 0.9578539
1769787731.424560 -0.0280316 -0.0097917 0.0107006 -0.1783273 0.0460695 -0.2109456 0.9599891
1769787731.457894 -0.0276269 -0.0098966 0.0110010 -0.1762090 0.0470347 -0.2129751 0.9598853
1769787731.491227 -0.0281912 -0.0097215 0.0112083 -0.1728843 0.0503992 -0.2112803 0.9606933
1769787731.524561 -0.0279319 -0.0094052 0.0112132 -0.1685104 0.0521924 -0.2119356 0.9612302
1769787731.624561 -0.0276479 -0.0093784 0.0122001 -0.1598083 0.0587655 -0.2162522 0.9613755
1769787731.691227 -0.0281823 -0.0087016 0.0117443 -0.1519295 0.0653617 -0.2158954 0.9623069
1769787731.724560 -0.0279979 -0.0088861 0.0126004 -0.1495132 0.0673834 -0.2184447 0.9619705
1769787731.791227 -0.0274049 -0.0086753 0.0137021 -0.1435445 0.0729928 -0.2211441 0.9618536
1769787731.824560 -0.0280368 -0.0082412 0.0124666 -0.1386519 0.0765277 -0.2203061 0.9624887
1769787731.891227 -0.0274845 -0.0081182 0.0140683 -0.1336130 0.0837882 -0.2265262 0.9611519
1769787731.924560 -0.0273955 -0.0078982 0.0136744 -0.1304034 0.0871673 -0.2273462 0.9610986
1769787732.124560 -0.0275490 -0.0078458 0.0137250 -0.1247357 0.1103947 -0.2421926 0.9558226
1769787732.291229 -0.0268666 -0.0062281 0.0151060 -0.1198255 0.1268822 -0.2541147 0.9512984
1769787732.324561 -0.0263916 -0.0061902 0.0154673 -0.1206800 0.1272283 -0.2572125 0.9503110
1769787732.357893 -0.0265621 -0.0055267 0.0147260 -0.1191293 0.1291571 -0.2564001 0.9504660
1769787732.391227 -0.0262186 -0.0050948 0.0162319 -0.1196221 0.1304654 -0.2557195 0.9504088
1769787732.424560 -0.0279633 -0.0049786 0.0124645 -0.1240954 0.1298182 -0.2533164 0.9505674
1769787732.457903 -0.0276227 -0.0044350 0.0151437 -0.1305996 0.1318679 -0.2439800 0.9518552
1769787732.491236 -0.0281218 -0.0037635 0.0151241 -0.1368780 0.1323879 -0.2330977 0.9536264
1769787732.591237 -0.0288653 -0.0027129 0.0147636 -0.1478464 0.1315435 -0.2122157 0.9569756
1769787732.691237 -0.0294221 -0.0020895 0.0149864 -0.1542281 0.1327028 -0.1964640 0.9591693
1769787732.724570 -0.0290822 -0.0017472 0.0154999 -0.1545797 0.1320223 -0.1926126 0.9599873
1769787732.757903 -0.0290005 -0.0015686 0.0161410 -0.1555538 0.1327455 -0.1885293 0.9605407
1769787732.791237 -0.0292422 -0.0012685 0.0158312 -0.1559787 0.1334225 -0.1837299 0.9613076
1769787732.891237 -0.0294997 0.0001363 0.0174693 -0.1540450 0.1370645 -0.1706791 0.9635103
1769787732.957903 -0.0304280 0.0004134 0.0157670 -0.1508446 0.1374083 -0.1655799 0.9648566
1769787733.091238 -0.0305408 0.0014167 0.0170613 -0.1419757 0.1399064 -0.1554000 0.9675329
1769787733.157903 -0.0296230 0.0019501 0.0181016 -0.1378765 0.1395448 -0.1552752 0.9681978
1769787733.191236 -0.0299279 0.0021619 0.0179070 -0.1342244 0.1405692 -0.1538859 0.9687844
1769787733.424569 -0.0296213 0.0035528 0.0192705 -0.1121789 0.1423059 -0.1507291 0.9718260
1769787733.591236 -0.0298936 0.0043959 0.0197363 -0.0998634 0.1459011 -0.1487251 0.9729445
1769787733.724570 -0.0298490 0.0049257 0.0203024 -0.0927344 0.1476207 -0.1490114 0.9733468
1769787733.891237 -0.0299669 0.0052604 0.0208379 -0.0866917 0.1511343 -0.1486226 0.9734240
1769787734.457902 -0.0310541 0.0055042 0.0214216 -0.0818974 0.1616320 -0.1487231 0.9721365
1769787734.691236 -0.0316931 0.0051528 0.0209446 -0.0842199 0.1663790 -0.1500128 0.9709383
1769787734.791235 -0.0318000 0.0050077 0.0210644 -0.0856756 0.1679184 -0.1490682 0.9706914
1769787734.957902 -0.0321865 0.0045767 0.0212955 -0.0898837 0.1716529 -0.1479508 0.9698282
1769787735.057902 -0.0326212 0.0041623 0.0208842 -0.0930478 0.1732117 -0.1475023 0.9693208
1769787735.191236 -0.0333485 0.0036569 0.0205535 -0.0981737 0.1762492 -0.1464742 0.9684232
1769787735.224569 -0.0334782 0.0035591 0.0202540 -0.0991707 0.1764185 -0.1461195 0.9683444
1769787735.391235 -0.0343341 0.0026681 0.0199092 -0.1068692 0.1803953 -0.1436335 0.9671639
1769787735.457902 -0.0342674 0.0024193 0.0205287 -0.1096434 0.1814546 -0.1419634 0.9669017
1769787735.657901 -0.0350500 0.0010469 0.0211756 -0.1221649 0.1845684 -0.1424104 0.9647433
1769787735.757901 -0.0353777 -0.0000835 0.0209344 -0.1289838 0.1864417 -0.1414927 0.9636299
1769787735.791235 -0.0351128 -0.0000231 0.0213938 -0.1312500 0.1867430 -0.1416703 0.9632393
1769787735.991235 -0.0369423 -0.0005524 0.0196763 -0.1446562 0.1894754 -0.1398675 0.9610468
1769787736.057902 -0.0366137 -0.0000226 0.0201668 -0.1497869 0.1903058 -0.1403624 0.9600240
1769787736.091235 -0.0365723 0.0007998 0.0198843 -0.1505176 0.1903358 -0.1405570 0.9598752
1769787736.191234 -0.0377250 -0.0002142 0.0190881 -0.1595902 0.1905523 -0.1423223 0.9581050
1769787736.257900 -0.0363604 0.0008855 0.0211914 -0.1644886 0.1918057 -0.1401514 0.9573461
1769787736.291235 -0.0360839 0.0008148 0.0213911 -0.1670216 0.1915244 -0.1389951 0.9571325
1769787736.324569 -0.0369270 0.0000785 0.0209012 -0.1705887 0.1920889 -0.1386522 0.9564397
1769787736.357901 -0.0366726 0.0003756 0.0214624 -0.1723682 0.1925885 -0.1379465 0.9561222
1769787736.457901 -0.0364532 0.0002359 0.0217059 -0.1789991 0.1931938 -0.1340775 0.9553317
1769787736.491234 -0.0376129 -0.0008314 0.0204440 -0.1819309 0.1931250 -0.1339388 0.9548111
1769787736.557901 -0.0369060 -0.0006206 0.0212952 -0.1863230 0.1928779 -0.1319543 0.9542903
1769787736.691234 -0.0368999 -0.0003025 0.0213111 -0.1957909 0.1942118 -0.1275474 0.9527221
1769787736.724568 -0.0371717 -0.0009078 0.0216274 -0.1984853 0.1941912 -0.1279196 0.9521187
1769787736.757900 -0.0371534 -0.0010260 0.0217036 -0.2001057 0.1940488 -0.1267122 0.9519700
1769787736.791236 -0.0382069 -0.0015812 0.0209870 -0.2027778 0.1951537 -0.1247560 0.9514369
1769787736.857901 -0.0378465 -0.0019082 0.0207471 -0.2074565 0.1946630 -0.1254141 0.9504417
1769787736.891234 -0.0383268 -0.0023887 0.0204077 -0.2091687 0.1954664 -0.1247221 0.9499925
1769787736.957901 -0.0384980 -0.0031956 0.0201521 -0.2141061 0.1939786 -0.1243328 0.9492483
1769787736.991233 -0.0384931 -0.0031201 0.0198628 -0.2159243 0.1930266 -0.1242677 0.9490390
1769787737.024567 -0.0392305 -0.0033903 0.0196718 -0.2177296 0.1934233 -0.1227774 0.9487397
1769787737.091235 -0.0391344 -0.0035029 0.0191821 -0.2205223 0.1920403 -0.1222919 0.9484383
1769787737.124568 -0.0396599 -0.0038617 0.0183282 -0.2228646 0.1908997 -0.1241014 0.9478859
1769787737.224568 -0.0387388 -0.0035532 0.0192156 -0.2285041 0.1890943 -0.1234881 0.9469846
1769787737.524567 -0.0397231 -0.0021676 0.0187320 -0.2422372 0.1833220 -0.1209526 0.9450316
1769787737.724567 -0.0421206 -0.0020571 0.0165112 -0.2459449 0.1801782 -0.1181444 0.9450338
1769787737.857900 -0.0429433 -0.0029448 0.0153510 -0.2494745 0.1744767 -0.1179448 0.9452034
1769787737.957901 -0.0446716 -0.0036732 0.0140503 -0.2506675 0.1730099 -0.1164753 0.9453396
1769787738.191234 -0.0446478 -0.0027576 0.0148474 -0.2526282 0.1665730 -0.1130312 0.9463913
1769787738.224567 -0.0450797 -0.0026395 0.0145820 -0.2522569 0.1661407 -0.1124275 0.9466382
1769787738.291235 -0.0453459 -0.0029610 0.0144037 -0.2524457 0.1638108 -0.1123345 0.9470049
1769787738.324568 -0.0449738 -0.0024575 0.0149519 -0.2522904 0.1625540 -0.1122561 0.9472720
1769787738.557900 -0.0455743 -0.0025528 0.0153650 -0.2498082 0.1536647 -0.1109423 0.9495656
1769787738.624567 -0.0453793 -0.0023803 0.0157426 -0.2484012 0.1501122 -0.1105573 0.9505473
1769787738.657899 -0.0451007 -0.0027724 0.0158141 -0.2477343 0.1484201 -0.1092878 0.9511337
1769787738.724566 -0.0453345 -0.0025828 0.0160983 -0.2459057 0.1455085 -0.1096670 0.9520141
1769787738.791233 -0.0461662 -0.0029062 0.0152831 -0.2435014 0.1429379 -0.1092153 0.9530729
1769787738.824567 -0.0454457 -0.0025373 0.0160835 -0.2427481 0.1410234 -0.1092771 0.9535430
1769787738.857900 -0.0454658 -0.0026176 0.0163141 -0.2414671 0.1399749 -0.1081419 0.9541520
1769787738.891233 -0.0458285 -0.0025315 0.0158657 -0.2397446 0.1378730 -0.1087437 0.9548237
1769787738.991233 -0.0466870 -0.0035973 0.0156993 -0.2365727 0.1324141 -0.1099010 0.9562539
1769787739.024566 -0.0461159 -0.0034926 0.0165213 -0.2351702 0.1311146 -0.1090085 0.9568809
1769787739.057900 -0.0467340 -0.0033872 0.0155675 -0.2333603 0.1297165 -0.1080176 0.9576266
1769787739.091234 -0.0463288 -0.0031392 0.0158916 -0.2314775 0.1276713 -0.1091468 0.9582303
1769787739.124567 -0.0464679 -0.0034973 0.0157950 -0.2300677 0.1265408 -0.1088279 0.9587559
1769787739.191232 -0.0481285 -0.0043381 0.0149637 -0.2262655 0.1227211 -0.1090669 0.9601291
1769787739.224566 -0.0490159 -0.0045802 0.0152235 -0.2251752 0.1217143 -0.1088761 0.9605352
1769787739.257899 -0.0487684 -0.0048295 0.0151548 -0.2233546 0.1197026 -0.1098795 0.9610986
1769787739.291233 -0.0488122 -0.0049649 0.0147422 -0.2215366 0.1173233 -0.1106034 0.9617296
1769787739.324567 -0.0482356 -0.0044991 0.0151879 -0.2191755 0.1154362 -0.1105863 0.9625006
1769787739.357899 -0.0479828 -0.0045570 0.0151833 -0.2172510 0.1139632 -0.1101711 0.9631598
1769787739.391233 -0.0475009 -0.0040343 0.0148676 -0.2142849 0.1117027 -0.1106412 0.9640348
1769787739.591232 -0.0476538 -0.0039569 0.0138129 -0.2037757 0.1020836 -0.1131225 0.9670873
1769787739.624567 -0.0477178 -0.0033866 0.0132170 -0.2017546 0.1007524 -0.1136098 0.9675934
1769787739.657899 -0.0477207 -0.0041021 0.0133928 -0.2008557 0.0993579 -0.1148320 0.9677802
1769787739.691233 -0.0474757 -0.0036413 0.0141498 -0.1979677 0.0975478 -0.1157597 0.9684487
1769787739.724566 -0.0473370 -0.0035316 0.0145650 -0.1959376 0.0962088 -0.1164473 0.9689130
1769787739.791234 -0.0472073 -0.0030356 0.0144436 -0.1889817 0.0927930 -0.1170228 0.9705571
1769787739.824566 -0.0468429 -0.0029761 0.0147981 -0.1860139 0.0910947 -0.1173885 0.9712470
1769787739.891233 -0.0465546 -0.0027652 0.0153473 -0.1792026 0.0873007 -0.1170400 0.9729166
1769787739.924565 -0.0462395 -0.0028129 0.0153395 -0.1764106 0.0849355 -0.1181220 0.9735053
1769787739.957899 -0.0459821 -0.0025041 0.0158493 -0.1733029 0.0832163 -0.1180812 0.9742166
1769787739.991232 -0.0458580 -0.0022727 0.0160798 -0.1703323 0.0807130 -0.1189942 0.9748399
1769787740.024565 -0.0454143 -0.0022261 0.0162977 -0.1687764 0.0786991 -0.1206882 0.9750668
1769787740.057899 -0.0453201 -0.0019630 0.0165904 -0.1647559 0.0764465 -0.1192857 0.9761057
1769787740.124565 -0.0451029 -0.0018934 0.0171282 -0.1588353 0.0726691 -0.1201125 0.9772735
1769787740.157899 -0.0448622 -0.0018313 0.0173950 -0.1557726 0.0705814 -0.1204995 0.9778717
1769787740.224566 -0.0448655 -0.0014282 0.0170139 -0.1503721 0.0652002 -0.1208682 0.9790445
1769787740.257898 -0.0446974 -0.0015105 0.0169097 -0.1484261 0.0613913 -0.1220467 0.9794413
1769787740.291232 -0.0446848 -0.0011790 0.0170067 -0.1454334 0.0581538 -0.1206751 0.9802576
1769787740.324561 -0.0446810 -0.0008111 0.0166615 -0.1422186 0.0542587 -0.1201390 0.9810181
1769787740.357893 -0.0445498 -0.0007042 0.0166409 -0.1391297 0.0503773 -0.1184508 0.9818730
1769787740.391227 -0.0442040 -0.0005023 0.0175658 -0.1363186 0.0461180 -0.1180503 0.9825246
1769787740.491226 -0.0441353 0.0001191 0.0170140 -0.1286914 0.0340348 -0.1122462 0.9847238
1769787740.524559 -0.0441532 0.0001666 0.0170970 -0.1272464 0.0298925 -0.1110206 0.9851849
1769787740.557895 -0.0440057 0.0002608 0.0176327 -0.1251862 0.0269393 -0.1081122 0.9858572
1769787740.591227 -0.0436889 0.0005396 0.0179569 -0.1241597 0.0237409 -0.1062854 0.9862678
1769787740.624560 -0.0435883 0.0008261 0.0179804 -0.1224571 0.0210886 -0.1024052 0.9869512
1769787740.657892 -0.0437542 0.0012597 0.0174717 -0.1206447 0.0195235 -0.0969645 0.9877558
1769787740.691227 -0.0436788 0.0014460 0.0166381 -0.1198289 0.0188785 -0.0928602 0.9882619
1769787740.757892 -0.0434261 0.0017209 0.0180384 -0.1186616 0.0199024 -0.0838882 0.9891846
1769787740.824561 -0.0429867 0.0017564 0.0192209 -0.1266170 0.0228915 -0.0826090 0.9882408
1769787740.924559 -0.0425692 0.0027075 0.0219238 -0.1478133 0.0267133 -0.0819891 0.9852489
1769787741.057893 -0.0411803 0.0035543 0.0245724 -0.1586418 0.0278167 -0.0820210 0.9835302
1769787741.091227 -0.0410711 0.0039122 0.0249058 -0.1603263 0.0270272 -0.0830110 0.9831959
1769787741.124560 -0.0407767 0.0051029 0.0258289 -0.1607443 0.0273747 -0.0821590 0.9831896
1769787741.291228 -0.0406152 0.0038329 0.0248054 -0.1602732 0.0239727 -0.0840680 0.9831940
1769787741.324561 -0.0401312 0.0041375 0.0253914 -0.1589597 0.0231483 -0.0841470 0.9834202
1769787741.424559 -0.0399768 0.0045031 0.0244844 -0.1529591 0.0220315 -0.0836707 0.9844376
1769787741.457892 -0.0397844 0.0045267 0.0245759 -0.1508297 0.0214584 -0.0835771 0.9847867
1769787741.491226 -0.0395893 0.0047864 0.0246433 -0.1481299 0.0209027 -0.0830761 0.9852508
1769787741.524559 -0.0397337 0.0044723 0.0249058 -0.1446873 0.0208539 -0.0824712 0.9858140
1769787741.724559 -0.0390576 0.0048537 0.0247855 -0.1307152 0.0198394 -0.0818230 0.9878385
1769787741.757892 -0.0390289 0.0050003 0.0244553 -0.1284777 0.0198491 -0.0822539 0.9880961
1769787741.857893 -0.0390716 0.0050369 0.0253975 -0.1244101 0.0196278 -0.0822695 0.9886196
1769787742.457892 -0.0383433 0.0055014 0.0257536 -0.1112553 0.0146496 -0.0800918 0.9904509
1769787742.524558 -0.0383222 0.0055358 0.0256369 -0.1107362 0.0136103 -0.0791900 0.9905964
1769787742.691226 -0.0382435 0.0052425 0.0251749 -0.1111460 0.0110753 -0.0778292 0.9906899
1769787742.724558 -0.0381864 0.0052769 0.0250599 -0.1112492 0.0106522 -0.0774781 0.9907105
1769787743.024558 -0.0380036 0.0049588 0.0250909 -0.1155045 0.0073484 -0.0763693 0.9903396
1769787743.091225 -0.0380827 0.0046249 0.0246680 -0.1173656 0.0067367 -0.0747038 0.9902521
1769787743.124559 -0.0380970 0.0045376 0.0247631 -0.1176531 0.0064436 -0.0741678 0.9902602
1769787743.157891 -0.0380802 0.0044686 0.0247267 -0.1187308 0.0063127 -0.0747930 0.9900854
1769787743.257891 -0.0380078 0.0039363 0.0246947 -0.1221383 0.0050256 -0.0738307 0.9897504
1769787743.291225 -0.0380269 0.0040095 0.0245318 -0.1229338 0.0046756 -0.0739218 0.9896469
1769787743.391225 -0.0379100 0.0037312 0.0241907 -0.1257528 0.0036804 -0.0738849 0.9892996
1769787743.524557 -0.0382775 0.0029376 0.0236731 -0.1309204 0.0031327 -0.0707004 0.9888637
1769787743.557893 -0.0380195 0.0022857 0.0234017 -0.1331698 0.0023263 -0.0715606 0.9885037
1769787743.691225 -0.0378450 0.0013737 0.0235920 -0.1403132 0.0010243 -0.0708998 0.9875649
1769787743.724558 -0.0380705 0.0004713 0.0235045 -0.1432135 0.0006479 -0.0683084 0.9873315
1769787743.791224 -0.0380019 0.0003538 0.0236031 -0.1470103 0.0004760 -0.0682162 0.9867798
1769787743.824558 -0.0381995 -0.0000625 0.0234854 -0.1489622 0.0008001 -0.0673689 0.9865450
1769787743.857891 -0.0381432 -0.0003173 0.0235189 -0.1510892 -0.0000341 -0.0680160 0.9861774
1769787743.924557 -0.0381200 -0.0010562 0.0229529 -0.1552548 -0.0005085 -0.0663943 0.9856407
1769787744.124558 -0.0384367 -0.0037854 0.0235377 -0.1699785 0.0003682 -0.0608219 0.9835690
1769787744.157890 -0.0384503 -0.0040954 0.0237744 -0.1722565 0.0003697 -0.0599348 0.9832271
1769787744.191224 -0.0386229 -0.0045884 0.0231863 -0.1753126 -0.0001500 -0.0617888 0.9825720
1769787744.257890 -0.0384023 -0.0049820 0.0249377 -0.1789541 0.0005374 -0.0576616 0.9821661
1769787744.291226 -0.0387220 -0.0056520 0.0239944 -0.1824035 0.0003420 -0.0588031 0.9814637
1769787744.324559 -0.0386019 -0.0055469 0.0251583 -0.1842189 0.0012965 -0.0581500 0.9811628
1769787744.357891 -0.0384531 -0.0061462 0.0247684 -0.1869768 0.0007949 -0.0577755 0.9806636
1769787744.391225 -0.0387000 -0.0066790 0.0246591 -0.1887391 0.0010625 -0.0562142 0.9804165
1769787744.457891 -0.0381736 -0.0069633 0.0260623 -0.1940372 0.0013267 -0.0563954 0.9793709
1769787744.557891 -0.0373791 -0.0068398 0.0278640 -0.2013486 0.0019097 -0.0540667 0.9780245
1769787744.591224 -0.0379529 -0.0077571 0.0270376 -0.2043619 0.0004293 -0.0597312 0.9770713
1769787744.624557 -0.0378475 -0.0078608 0.0274898 -0.2068510 -0.0023304 -0.0722756 0.9756964
1769787744.657890 -0.0376667 -0.0083692 0.0281358 -0.2100017 -0.0058297 -0.0839412 0.9740735
1769787744.691224 -0.0374333 -0.0088748 0.0287272 -0.2131813 -0.0076787 -0.0923429 0.9726086
1769787744.724557 -0.0373513 -0.0090261 0.0289659 -0.2152271 -0.0108007 -0.1048564 0.9708583
1769787744.757890 -0.0372144 -0.0089309 0.0286489 -0.2167520 -0.0137147 -0.1165195 0.9691510
1769787744.791224 -0.0369577 -0.0091687 0.0299274 -0.2196350 -0.0156408 -0.1280673 0.9670132
1769787744.824558 -0.0372178 -0.0099261 0.0295215 -0.2219560 -0.0179526 -0.1379397 0.9650834
1769787744.891225 -0.0367937 -0.0104108 0.0303697 -0.2279085 -0.0240796 -0.1624284 0.9597369
1769787744.924557 -0.0368186 -0.0109272 0.0298256 -0.2294381 -0.0261715 -0.1712688 0.9577788
1769787744.957891 -0.0369276 -0.0110147 0.0303054 -0.2318113 -0.0287732 -0.1813604 0.9552717
1769787744.991224 -0.0363509 -0.0114002 0.0311575 -0.2348035 -0.0322293 -0.1923207 0.9522821
1769787745.024557 -0.0367415 -0.0117905 0.0313410 -0.2370234 -0.0340423 -0.2028911 0.9494715
1769787745.057891 -0.0366145 -0.0120192 0.0315635 -0.2380179 -0.0366819 -0.2118216 0.9471713
1769787745.091224 -0.0369036 -0.0126519 0.0312045 -0.2414814 -0.0390372 -0.2221705 0.9438237
1769787745.124557 -0.0366828 -0.0125242 0.0319281 -0.2425693 -0.0409707 -0.2308695 0.9413718
1769787745.291224 -0.0370494 -0.0140705 0.0330247 -0.2522270 -0.0523729 -0.2744143 0.9264639
1769787745.391223 -0.0366940 -0.0150722 0.0338177 -0.2580851 -0.0602957 -0.2986568 0.9168210
1769787745.424557 -0.0371613 -0.0151865 0.0343486 -0.2592789 -0.0608222 -0.3053560 0.9142389
1769787745.457890 -0.0375744 -0.0162183 0.0340022 -0.2615703 -0.0625959 -0.3117652 0.9112987
1769787745.524556 -0.0369975 -0.0164406 0.0349325 -0.2639877 -0.0676208 -0.3261396 0.9051911
1769787745.557890 -0.0373226 -0.0165854 0.0349141 -0.2654161 -0.0691497 -0.3322716 0.9024235
1769787745.591223 -0.0372892 -0.0167724 0.0350238 -0.2666104 -0.0710131 -0.3397110 0.8991510
1769787745.657890 -0.0379928 -0.0177466 0.0330626 -0.2690817 -0.0744899 -0.3522696 0.8932818
1769787745.691223 -0.0380577 -0.0177750 0.0338649 -0.2701218 -0.0760776 -0.3572755 0.8908427
1769787745.724557 -0.0380992 -0.0175673 0.0352993 -0.2718321 -0.0768536 -0.3628865 0.8879833
1769787745.757890 -0.0380975 -0.0177599 0.0351990 -0.2730383 -0.0783982 -0.3691652 0.8848847
1769787746.024556 -0.0390241 -0.0192904 0.0344424 -0.2806316 -0.0854732 -0.4026583 0.8670678
1769787746.057889 -0.0391081 -0.0192032 0.0348242 -0.2816907 -0.0854177 -0.4051630 0.8655617
1769787746.091223 -0.0397013 -0.0199578 0.0327105 -0.2820614 -0.0857667 -0.4078963 0.8641216
1769787746.157889 -0.0399172 -0.0198712 0.0335077 -0.2836683 -0.0850527 -0.4123751 0.8615365
1769787746.257890 -0.0399166 -0.0199658 0.0344684 -0.2855873 -0.0844573 -0.4182064 0.8581436
1769787746.324558 -0.0401635 -0.0201451 0.0343715 -0.2868342 -0.0841950 -0.4217232 0.8560297
1769787746.424556 -0.0405510 -0.0200338 0.0348500 -0.2885592 -0.0822924 -0.4237587 0.8546286
1769787746.591223 -0.0407737 -0.0194644 0.0358066 -0.2899894 -0.0768147 -0.4233036 0.8548799
1769787746.624556 -0.0410659 -0.0194447 0.0356763 -0.2903051 -0.0749017 -0.4225524 0.8553140
1769787746.857889 -0.0419087 -0.0186165 0.0358488 -0.2904914 -0.0614127 -0.4138161 0.8605809
1769787746.991222 -0.0428736 -0.0182029 0.0356710 -0.2898388 -0.0502639 -0.4045056 0.8659343
1769787747.024556 -0.0424868 -0.0180600 0.0355666 -0.2895295 -0.0483473 -0.4025007 0.8670804
1769787747.057889 -0.0431466 -0.0180573 0.0351240 -0.2888953 -0.0459335 -0.3994234 0.8688444
1769787747.091223 -0.0434076 -0.0178319 0.0353151 -0.2887502 -0.0425377 -0.3964030 0.8704473
1769787747.124556 -0.0432513 -0.0174699 0.0355357 -0.2885772 -0.0398147 -0.3925078 0.8723965
1769787747.157889 -0.0433970 -0.0175169 0.0356776 -0.2881816 -0.0370352 -0.3884423 0.8744669
1769787747.257888 -0.0435672 -0.0166978 0.0364446 -0.2860311 -0.0268024 -0.3756212 0.8811224
1769787747.291224 -0.0437976 -0.0162615 0.0360762 -0.2848490 -0.0226183 -0.3694085 0.8842437
1769787747.324557 -0.0436458 -0.0160000 0.0365653 -0.2838199 -0.0193356 -0.3644805 0.8866941
1769787747.357888 -0.0438545 -0.0156342 0.0366669 -0.2828223 -0.0148319 -0.3578384 0.8897995
1769787747.391222 -0.0440964 -0.0155497 0.0362810 -0.2818360 -0.0105579 -0.3508793 0.8929394
1769787747.424556 -0.0441088 -0.0150919 0.0368124 -0.2803295 -0.0057462 -0.3429761 0.8965209
1769787747.457889 -0.0444474 -0.0146208 0.0365084 -0.2787046 -0.0008055 -0.3358307 0.8997449
1769787747.491222 -0.0445737 -0.0145325 0.0363982 -0.2770505 0.0035641 -0.3268041 0.9035648
1769787747.524555 -0.0445720 -0.0145452 0.0363241 -0.2752984 0.0085873 -0.3182360 0.9071179
1769787747.557889 -0.0456743 -0.0138716 0.0352197 -0.2723487 0.0154866 -0.3063577 0.9119930
1769787747.591222 -0.0450534 -0.0133153 0.0364573 -0.2705068 0.0209447 -0.2949885 0.9161710
1769787747.624556 -0.0454263 -0.0131802 0.0359228 -0.2684852 0.0263797 -0.2834327 0.9202639
1769787747.657888 -0.0458694 -0.0130990 0.0354091 -0.2664606 0.0316737 -0.2729645 0.9238430
1769787747.691223 -0.0453206 -0.0127500 0.0368495 -0.2648168 0.0363833 -0.2633694 0.9269223
1769787747.757888 -0.0462399 -0.0120356 0.0359936 -0.2594282 0.0462317 -0.2458779 0.9327935
1769787747.791222 -0.0454347 -0.0115694 0.0375289 -0.2575146 0.0496990 -0.2378406 0.9352262
1769787747.824552 -0.0460352 -0.0115289 0.0367066 -0.2543961 0.0540831 -0.2300874 0.9377726
1769787747.857884 -0.0466832 -0.0111046 0.0362739 -0.2512700 0.0577242 -0.2258805 0.9394197
1769787747.891218 -0.0465769 -0.0110332 0.0361443 -0.2472919 0.0602399 -0.2231135 0.9409773
1769787747.924550 -0.0466419 -0.0109163 0.0361446 -0.2438428 0.0623122 -0.2231340 0.9417373
1769787747.957884 -0.0468288 -0.0102994 0.0367505 -0.2405033 0.0656267 -0.2242212 0.9421126
1769787747.991216 -0.0463003 -0.0097549 0.0377280 -0.2363752 0.0675785 -0.2249224 0.9428520
1769787748.024550 -0.0467789 -0.0098685 0.0368742 -0.2326207 0.0697145 -0.2254370 0.9435071
1769787748.124550 -0.0472783 -0.0094238 0.0361546 -0.2207806 0.0788029 -0.2262484 0.9454405
1769787748.157883 -0.0469120 -0.0089314 0.0370424 -0.2171622 0.0815802 -0.2276291 0.9457115
1769787748.191217 -0.0468107 -0.0084204 0.0373033 -0.2134425 0.0844605 -0.2294312 0.9458700
1769787748.224550 -0.0472199 -0.0085731 0.0367494 -0.2094768 0.0876271 -0.2304645 0.9462172
1769787748.291217 -0.0466670 -0.0083375 0.0377635 -0.2040920 0.0924902 -0.2336549 0.9461488
1769787748.324551 -0.0465357 -0.0083369 0.0377070 -0.2003901 0.0955244 -0.2345321 0.9464215
1769787748.357883 -0.0467458 -0.0084543 0.0375323 -0.1979028 0.0990458 -0.2367961 0.9460191
1769787748.391217 -0.0464802 -0.0082047 0.0378480 -0.1955928 0.1029764 -0.2385970 0.9456272
1769787748.424550 -0.0465207 -0.0083185 0.0376682 -0.1941750 0.1064418 -0.2417241 0.9447411
1769787748.491216 -0.0462651 -0.0079487 0.0380424 -0.1900050 0.1152611 -0.2448737 0.9437425
1769787748.524549 -0.0461973 -0.0079237 0.0379817 -0.1887054 0.1185181 -0.2496372 0.9423508
1769787748.557883 -0.0458036 -0.0077884 0.0386768 -0.1875051 0.1224274 -0.2514454 0.9416096
1769787748.591216 -0.0456597 -0.0075081 0.0389846 -0.1864411 0.1265523 -0.2529374 0.9408756
1769787748.624550 -0.0457621 -0.0076259 0.0388806 -0.1860794 0.1302203 -0.2555964 0.9397274
1769787748.657883 -0.0456274 -0.0074287 0.0390835 -0.1853203 0.1330644 -0.2588096 0.9385989
1769787748.691217 -0.0456177 -0.0069692 0.0394689 -0.1845895 0.1370519 -0.2619829 0.9372878
1769787748.757882 -0.0455100 -0.0060565 0.0396394 -0.1833083 0.1413413 -0.2696555 0.9347227
1769787748.824551 -0.0458645 -0.0055833 0.0395855 -0.1834572 0.1448146 -0.2727610 0.9332597
1769787748.891217 -0.0457878 -0.0051096 0.0392089 -0.1879085 0.1453492 -0.2655395 0.9343730
1769787748.957883 -0.0453450 -0.0049587 0.0405353 -0.2026753 0.1447739 -0.2498853 0.9356925
1769787748.991216 -0.0452331 -0.0048574 0.0406921 -0.2087591 0.1442396 -0.2430018 0.9362504
1769787749.024549 -0.0458774 -0.0043939 0.0405148 -0.2125988 0.1447693 -0.2356207 0.9371907
1769787749.057882 -0.0452802 -0.0040804 0.0408794 -0.2156466 0.1443086 -0.2306916 0.9377915
1769787749.124550 -0.0449352 -0.0033266 0.0417024 -0.2197942 0.1450788 -0.2198361 0.9393162
1769787749.157881 -0.0455344 -0.0035202 0.0407852 -0.2208170 0.1457696 -0.2150903 0.9400677
1769787749.191216 -0.0452661 -0.0029319 0.0415102 -0.2217265 0.1462334 -0.2105185 0.9408162
1769787749.224550 -0.0450246 -0.0026112 0.0419175 -0.2219682 0.1469087 -0.2063460 0.9415780
1769787749.291216 -0.0455884 -0.0021149 0.0411478 -0.2220910 0.1488962 -0.1992687 0.9427606
1769787749.324551 -0.0457805 -0.0023867 0.0409500 -0.2217484 0.1486704 -0.1972040 0.9433109
1769787749.524549 -0.0453161 -0.0014463 0.0423566 -0.2158293 0.1520378 -0.1839214 0.9468237
1769787749.557884 -0.0453930 -0.0011259 0.0423578 -0.2136368 0.1519652 -0.1828633 0.9475373
1769787749.591216 -0.0453694 -0.0007260 0.0423943 -0.2108608 0.1526498 -0.1811824 0.9483716
1769787749.624549 -0.0452875 -0.0005339 0.0425039 -0.2083538 0.1529656 -0.1811486 0.9488811
1769787749.657882 -0.0455659 -0.0000855 0.0417882 -0.2043554 0.1534275 -0.1801152 0.9498723
1769787749.691216 -0.0455537 0.0000570 0.0424476 -0.2011224 0.1541279 -0.1784235 0.9507678
1769787749.724549 -0.0457299 0.0002613 0.0419418 -0.1979344 0.1542336 -0.1795415 0.9512092
1769787749.757882 -0.0451201 0.0005589 0.0427971 -0.1940121 0.1539093 -0.1792172 0.9521305
1769787750.024549 -0.0447706 0.0013471 0.0439160 -0.1747033 0.1559334 -0.1768850 0.9559682
1769787750.057882 -0.0448718 0.0015046 0.0436175 -0.1728126 0.1565563 -0.1777317 0.9560531
1769787750.124549 -0.0448144 0.0015897 0.0439557 -0.1695498 0.1574574 -0.1780853 0.9564233
1769787750.291219 -0.0449436 0.0020435 0.0439469 -0.1617245 0.1600224 -0.1781410 0.9573420
1769787750.357882 -0.0449224 0.0022122 0.0441919 -0.1597093 0.1612667 -0.1782499 0.9574513
1769787750.657881 -0.0454240 0.0025132 0.0442783 -0.1540413 0.1665217 -0.1796256 0.9572233
1769787750.724549 -0.0456353 0.0025848 0.0443037 -0.1534679 0.1684215 -0.1789371 0.9571120
1769787751.057882 -0.0462759 0.0024410 0.0443147 -0.1550954 0.1742435 -0.1800785 0.9555922
1769787751.157881 -0.0464277 0.0022684 0.0443566 -0.1566000 0.1762920 -0.1808903 0.9548174
1769787751.224549 -0.0464812 0.0021656 0.0443706 -0.1574950 0.1773964 -0.1806716 0.9545071
1769787751.391215 -0.0470406 0.0018095 0.0441846 -0.1615634 0.1809624 -0.1801751 0.9532506
1769787751.657881 -0.0477845 0.0012459 0.0440842 -0.1709526 0.1855000 -0.1811638 0.9505497
1769787751.757880 -0.0481288 0.0010382 0.0446704 -0.1753685 0.1886237 -0.1795344 0.9494390
1769787751.791215 -0.0487159 0.0007001 0.0438554 -0.1771403 0.1894121 -0.1799964 0.9488655
1769787751.824549 -0.0486485 0.0007911 0.0440829 -0.1781393 0.1900143 -0.1792321 0.9487027
1769787751.924547 -0.0490155 0.0000186 0.0435243 -0.1842100 0.1907564 -0.1811126 0.9470358
1769787752.191214 -0.0504831 -0.0017447 0.0432195 -0.2006748 0.1951679 -0.1835552 0.9423093
1769787752.224548 -0.0509874 -0.0022175 0.0427442 -0.2027136 0.1963218 -0.1825867 0.9418212
1769787752.257880 -0.0515635 -0.0023628 0.0422365 -0.2049390 0.1971190 -0.1826586 0.9411588
1769787752.324551 -0.0516559 -0.0031220 0.0423999 -0.2098635 0.1987386 -0.1819510 0.9398692
1769787752.424547 -0.0528148 -0.0042829 0.0414604 -0.2173898 0.1999865 -0.1811382 0.9380491
1769787752.457880 -0.0530284 -0.0042207 0.0420583 -0.2195675 0.2011425 -0.1792984 0.9376481
1769787752.491214 -0.0530224 -0.0042885 0.0420044 -0.2214926 0.2017905 -0.1786677 0.9371763
1769787752.524547 -0.0533237 -0.0047449 0.0415107 -0.2235390 0.2019761 -0.1776291 0.9368479
1769787752.624547 -0.0545206 -0.0057096 0.0412702 -0.2304656 0.2050953 -0.1735995 0.9352458
1769787752.691214 -0.0549204 -0.0061661 0.0413595 -0.2343705 0.2059820 -0.1724657 0.9342898
1769787752.724547 -0.0568426 -0.0070707 0.0392596 -0.2367365 0.2055779 -0.1734819 0.9335939
1769787752.791214 -0.0554765 -0.0072476 0.0412101 -0.2411803 0.2072413 -0.1693639 0.9328446
1769787752.857880 -0.0574513 -0.0081202 0.0403682 -0.2450884 0.2087909 -0.1679493 0.9317355
1769787752.924547 -0.0567831 -0.0089561 0.0418026 -0.2501926 0.2089359 -0.1674448 0.9304363
1769787752.957881 -0.0567095 -0.0088938 0.0414118 -0.2511410 0.2086686 -0.1666519 0.9303831
1769787753.057880 -0.0570729 -0.0104129 0.0425305 -0.2599961 0.2102687 -0.1629921 0.9282364
1769787753.091214 -0.0569105 -0.0108515 0.0422591 -0.2619038 0.2105868 -0.1618914 0.9278204
1769787753.124547 -0.0573566 -0.0106581 0.0417609 -0.2627211 0.2102692 -0.1634626 0.9273858
1769787753.157880 -0.0576787 -0.0111480 0.0418936 -0.2653778 0.2100635 -0.1624579 0.9268524
1769787753.291214 -0.0587626 -0.0126967 0.0403648 -0.2743371 0.2105360 -0.1593366 0.9246759
1769787753.324547 -0.0573032 -0.0129050 0.0426052 -0.2767178 0.2105346 -0.1576792 0.9242509
1769787753.357880 -0.0575457 -0.0130611 0.0425016 -0.2788032 0.2108255 -0.1584080 0.9234329
1769787753.391214 -0.0580201 -0.0137385 0.0422608 -0.2812402 0.2104558 -0.1585013 0.9227620
1769787753.424546 -0.0576080 -0.0137067 0.0422694 -0.2830371 0.2091422 -0.1596694 0.9223098
1769787753.557880 -0.0572333 -0.0151094 0.0436333 -0.2914965 0.2074504 -0.1564348 0.9206097
1769787753.591214 -0.0571636 -0.0153225 0.0444809 -0.2935115 0.2072301 -0.1535821 0.9204994
1769787753.624547 -0.0572662 -0.0158266 0.0434884 -0.2952049 0.2073211 -0.1538490 0.9198927
1769787753.657880 -0.0577357 -0.0164101 0.0431533 -0.2973755 0.2057945 -0.1532524 0.9196359
1769787753.924546 -0.0594177 -0.0188863 0.0412922 -0.3104609 0.2024045 -0.1504353 0.9165237
1769787753.957880 -0.0591164 -0.0194944 0.0408382 -0.3116046 0.2015719 -0.1502276 0.9163531
1769787753.991213 -0.0592015 -0.0199102 0.0414332 -0.3141040 0.2006936 -0.1489557 0.9159001
1769787754.024546 -0.0590548 -0.0193382 0.0417920 -0.3148003 0.1995747 -0.1503838 0.9156722
1769787754.057881 -0.0595847 -0.0197028 0.0421065 -0.3154674 0.1997998 -0.1495694 0.9155268
1769787754.091214 -0.0593033 -0.0199316 0.0415150 -0.3159458 0.1992067 -0.1485151 0.9156628
1769787754.257879 -0.0604416 -0.0222126 0.0405108 -0.3212123 0.1946930 -0.1429159 0.9156923
1769787754.657879 -0.0605552 -0.0230299 0.0386855 -0.3262475 0.1839101 -0.1372360 0.9170092
1769787754.691213 -0.0609383 -0.0229115 0.0382482 -0.3262507 0.1829740 -0.1376175 0.9171382
1769787754.724546 -0.0612983 -0.0235273 0.0376347 -0.3261757 0.1814340 -0.1383675 0.9173579
1769787754.791212 -0.0608843 -0.0236815 0.0379770 -0.3265769 0.1791320 -0.1378781 0.9177412
1769787755.091213 -0.0627991 -0.0237951 0.0381497 -0.3228056 0.1674004 -0.1352076 0.9216792
1769787755.124546 -0.0612510 -0.0231913 0.0388005 -0.3221176 0.1652538 -0.1341334 0.9224640
1769787755.157879 -0.0625051 -0.0236476 0.0378164 -0.3208682 0.1638432 -0.1343020 0.9231263
1769787755.191212 -0.0623383 -0.0235864 0.0382509 -0.3203055 0.1624125 -0.1342027 0.9235888
1769787755.257879 -0.0626987 -0.0239044 0.0385531 -0.3185235 0.1600151 -0.1334498 0.9247319
1769787755.291213 -0.0616408 -0.0232683 0.0392468 -0.3176323 0.1581547 -0.1331509 0.9254014
1769787755.357878 -0.0621281 -0.0232940 0.0390570 -0.3152542 0.1554195 -0.1328110 0.9267259
1769787755.391212 -0.0613631 -0.0226621 0.0394634 -0.3135865 0.1534945 -0.1328172 0.9276112
1769787755.424545 -0.0608737 -0.0227311 0.0391964 -0.3126355 0.1512925 -0.1331593 0.9282447
1769787755.524545 -0.0633749 -0.0241678 0.0385642 -0.3085951 0.1472484 -0.1318994 0.9304244
1769787755.557880 -0.0635933 -0.0247043 0.0385889 -0.3074704 0.1456509 -0.1313523 0.9311253
1769787755.591213 -0.0637263 -0.0244401 0.0385494 -0.3055471 0.1438831 -0.1312618 0.9320456
1769787755.624546 -0.0628862 -0.0245142 0.0380621 -0.3036763 0.1414270 -0.1324940 0.9328582
1769787755.657878 -0.0635253 -0.0241613 0.0392538 -0.3024428 0.1407074 -0.1311435 0.9335583
1769787755.724545 -0.0641597 -0.0247094 0.0382047 -0.2985661 0.1369645 -0.1312423 0.9353472
1769787755.757878 -0.0640178 -0.0247195 0.0392840 -0.2977097 0.1354584 -0.1318490 0.9357542
1769787755.791211 -0.0638690 -0.0247086 0.0394182 -0.2961918 0.1337317 -0.1314718 0.9365369
1769787755.824548 -0.0641189 -0.0249655 0.0393008 -0.2947471 0.1317578 -0.1326429 0.9371072
1769787755.857878 -0.0642764 -0.0249163 0.0392251 -0.2918742 0.1310142 -0.1303648 0.9384294
1769787755.924544 -0.0642985 -0.0249997 0.0396517 -0.2884747 0.1278324 -0.1304227 0.9399102
1769787755.957878 -0.0638485 -0.0246367 0.0389792 -0.2856635 0.1257511 -0.1304436 0.9410459
1769787755.991211 -0.0631779 -0.0244492 0.0397111 -0.2850069 0.1242984 -0.1308053 0.9413878
1769787756.057878 -0.0637250 -0.0244998 0.0384125 -0.2812522 0.1227156 -0.1288644 0.9429911
1769787756.091212 -0.0624769 -0.0241247 0.0397453 -0.2799411 0.1191375 -0.1318407 0.9434285
1769787756.124545 -0.0623127 -0.0243599 0.0395100 -0.2785288 0.1174530 -0.1327291 0.9439330
1769787756.157877 -0.0615010 -0.0240797 0.0401057 -0.2757290 0.1152111 -0.1333491 0.9449434
1769787756.191211 -0.0617829 -0.0240637 0.0394050 -0.2727699 0.1130162 -0.1337451 0.9460106
1769787756.224545 -0.0614616 -0.0238382 0.0397033 -0.2698054 0.1108434 -0.1348860 0.9469554
1769787756.257877 -0.0610570 -0.0235297 0.0395465 -0.2663841 0.1084770 -0.1358599 0.9480582
1769787756.291211 -0.0606931 -0.0234478 0.0400665 -0.2638285 0.1066358 -0.1360802 0.9489497
1769787756.324546 -0.0605876 -0.0231391 0.0402392 -0.2599948 0.1049945 -0.1360170 0.9501991
1769787756.357878 -0.0605588 -0.0231440 0.0404228 -0.2576985 0.1030791 -0.1363036 0.9509929
1769787756.391212 -0.0602805 -0.0230696 0.0403566 -0.2547337 0.1005873 -0.1377191 0.9518542
1769787756.491211 -0.0595074 -0.0224630 0.0401159 -0.2459549 0.0933902 -0.1381551 0.9548286
1769787756.524544 -0.0591945 -0.0220391 0.0404863 -0.2428841 0.0914240 -0.1379265 0.9558375
1769787756.557878 -0.0593126 -0.0221252 0.0403731 -0.2397213 0.0893996 -0.1384165 0.9567562
1769787756.591211 -0.0591181 -0.0221085 0.0405181 -0.2368414 0.0873298 -0.1380350 0.9577192
1769787756.657877 -0.0586479 -0.0219768 0.0412948 -0.2307231 0.0825988 -0.1380437 0.9596292
1769787756.691211 -0.0579248 -0.0218677 0.0418747 -0.2280230 0.0785886 -0.1385133 0.9605433
1769787756.757877 -0.0579992 -0.0213680 0.0413757 -0.2223764 0.0716112 -0.1376807 0.9625303
1769787756.791211 -0.0580285 -0.0211699 0.0413114 -0.2196391 0.0683043 -0.1365014 0.9635666
1769787756.857877 -0.0582678 -0.0213010 0.0407416 -0.2139423 0.0601042 -0.1354014 0.9655479
1769787756.957877 -0.0574373 -0.0205598 0.0411254 -0.2065931 0.0463866 -0.1327082 0.9682748
1769787756.991210 -0.0576512 -0.0207336 0.0410249 -0.2044164 0.0421950 -0.1304273 0.9692380
1769787757.057878 -0.0578747 -0.0204572 0.0402600 -0.1993364 0.0373351 -0.1230143 0.9714621
1769787757.124544 -0.0585673 -0.0213886 0.0380220 -0.1974343 0.0340411 -0.1172327 0.9726857
1769787757.157877 -0.0579698 -0.0205598 0.0389231 -0.1965323 0.0335483 -0.1117408 0.9735315
1769787757.191211 -0.0571404 -0.0193503 0.0392244 -0.1951034 0.0333264 -0.1074201 0.9743125
1769787757.224544 -0.0576031 -0.0195689 0.0387700 -0.1949073 0.0342435 -0.1043426 0.9746544
1769787757.357878 -0.0567109 -0.0182567 0.0411144 -0.2161613 0.0408531 -0.1043431 0.9699061
1769787757.457877 -0.0545900 -0.0161769 0.0447892 -0.2286047 0.0408705 -0.1053824 0.9669354
1769787757.491210 -0.0561338 -0.0171378 0.0430177 -0.2310693 0.0418007 -0.1044665 0.9664090
1769787757.557877 -0.0560393 -0.0176993 0.0431151 -0.2341145 0.0410997 -0.1049863 0.9656496
1769787757.624544 -0.0557437 -0.0163041 0.0453337 -0.2362326 0.0413533 -0.1037326 0.9652583
1769787757.691211 -0.0557026 -0.0166350 0.0448649 -0.2368594 0.0398161 -0.1062001 0.9649010
1769787757.757877 -0.0555806 -0.0162896 0.0446715 -0.2357639 0.0400169 -0.1050660 0.9652850
1769787758.357877 -0.0527865 -0.0164471 0.0451952 -0.2056353 0.0325202 -0.1077882 0.9721308
1769787758.691210 -0.0518765 -0.0163214 0.0438540 -0.1991546 0.0288281 -0.1090101 0.9734594
1769787758.791210 -0.0521645 -0.0164502 0.0442880 -0.1977278 0.0299700 -0.1065979 0.9739828
1769787758.824542 -0.0524647 -0.0166389 0.0448738 -0.1978939 0.0299934 -0.1056872 0.9740475
1769787759.057875 -0.0522816 -0.0163789 0.0444943 -0.1963778 0.0285429 -0.1047105 0.9745034
1769787759.424542 -0.0516553 -0.0172287 0.0443072 -0.2010976 0.0252779 -0.1052410 0.9735734
1769787759.824542 -0.0518951 -0.0189777 0.0433249 -0.2119965 0.0248326 -0.1047137 0.9713269
1769787759.891210 -0.0518597 -0.0190217 0.0437538 -0.2149430 0.0245443 -0.1035133 0.9708152
1769787760.157875 -0.0522646 -0.0203101 0.0433978 -0.2241413 0.0262292 -0.1031022 0.9687325
1769787760.291209 -0.0522223 -0.0212605 0.0434200 -0.2298242 0.0265877 -0.1050963 0.9671757
1769787760.457875 -0.0522793 -0.0221155 0.0439221 -0.2371639 0.0271981 -0.1066884 0.9652104
1769787760.491208 -0.0525304 -0.0222125 0.0438935 -0.2384488 0.0283893 -0.1062142 0.9649118
1769787760.624542 -0.0531955 -0.0230864 0.0439534 -0.2443606 0.0309719 -0.1047600 0.9635113
1769787760.657874 -0.0532851 -0.0233320 0.0435664 -0.2456816 0.0318130 -0.1044154 0.9631853
1769787761.024541 -0.0544971 -0.0249022 0.0442435 -0.2589148 0.0386142 -0.1038841 0.9595208
1769787761.224542 -0.0552966 -0.0258424 0.0440878 -0.2659727 0.0432706 -0.1048768 0.9572811
1769787761.291208 -0.0554692 -0.0261211 0.0443319 -0.2677242 0.0446459 -0.1047269 0.9567459
1769787761.324540 -0.0555859 -0.0262809 0.0443558 -0.2685886 0.0450555 -0.1052878 0.9564229
1769787761.691208 -0.0566251 -0.0269835 0.0449409 -0.2771723 0.0529559 -0.1059534 0.9534910
1769787761.757874 -0.0570171 -0.0271187 0.0450771 -0.2784327 0.0547657 -0.1063422 0.9529781
1769787761.991207 -0.0575515 -0.0273349 0.0452596 -0.2809976 0.0589774 -0.1071693 0.9518807
1769787762.291208 -0.0582600 -0.0274031 0.0455342 -0.2831701 0.0642945 -0.1084573 0.9507460
1769787762.357875 -0.0584586 -0.0273932 0.0455010 -0.2830577 0.0654311 -0.1088322 0.9506591
1769787762.424540 -0.0586298 -0.0272792 0.0454187 -0.2832052 0.0665897 -0.1095360 0.9504539
1769787762.657873 -0.0590054 -0.0272441 0.0455657 -0.2830124 0.0696809 -0.1105432 0.9501730
1769787763.224540 -0.0596169 -0.0266261 0.0456311 -0.2805558 0.0752372 -0.1134775 0.9501320
1769787763.357874 -0.0596835 -0.0265187 0.0455744 -0.2797098 0.0757573 -0.1143365 0.9502371
1769787763.391207 -0.0597816 -0.0264016 0.0456710 -0.2794412 0.0762924 -0.1147646 0.9502217
1769787764.257900 -0.0601320 -0.0257539 0.0454552 -0.2754629 0.0783163 -0.1177202 0.9508569
1769787764.724567 -0.0601735 -0.0255364 0.0454275 -0.2749512 0.0778898 -0.1183977 0.9509559
1769787765.057900 -0.0602491 -0.0254969 0.0454601 -0.2748645 0.0776934 -0.1188622 0.9509391
1769787766.624567 -0.0601921 -0.0255727 0.0453668 -0.2747912 0.0772995 -0.1187318 0.9510086
1769787766.724566 -0.0601979 -0.0255982 0.0453739 -0.2748380 0.0775266 -0.1184313 0.9510141
1769787766.824567 -0.0601983 -0.0255529 0.0453446 -0.2748225 0.0773511 -0.1186026 0.9510115
1769787766.891234 -0.0602042 -0.0255296 0.0454434 -0.2749555 0.0774221 -0.1183540 0.9509982
1769787766.924566 -0.0601362 -0.0254905 0.0454146 -0.2747604 0.0772649 -0.1185567 0.9510421
1769787767.057899 -0.0601678 -0.0255841 0.0453387 -0.2747367 0.0773732 -0.1180609 0.9511019
1769787767.157899 -0.0601260 -0.0255791 0.0453693 -0.2746690 0.0773056 -0.1181224 0.9511193
1769787767.457899 -0.0601361 -0.0254385 0.0453300 -0.2745275 0.0772451 -0.1182559 0.9511485
1769787767.691232 -0.0601054 -0.0255657 0.0452949 -0.2747531 0.0771820 -0.1179571 0.9511256
1769787768.191232 -0.0601429 -0.0255638 0.0454165 -0.2748770 0.0772592 -0.1178108 0.9511016
1769787768.924564 -0.0601390 -0.0255914 0.0453157 -0.2746866 0.0772161 -0.1178858 0.9511508
