1770028717.685575 0.0000000 0.0000000 0.0000000 -0.0000000 -0.0000000 -0.0000000 1.0000000
1770028717.952262 -0.0022105 -0.0012759 0.0026280 -0.0001815 -0.0000860 0.0003491 0.9999999
1770028717.985594 0.0009379 -0.0083540 -0.0075270 -0.0005359 -0.0007664 0.0018420 0.9999979
1770028722.985581 0.1482523 0.0570736 -0.0107021 0.0046455 0.0136223 0.0010849 0.9998959
1770028723.218926 0.1620415 0.0878573 -0.0106490 0.0040224 0.0182840 0.0008613 0.9998243
1770028723.485580 0.1727821 0.1185759 -0.0102351 0.0021416 0.0228174 0.0001869 0.9997373
1770028724.818921 0.1736908 0.1020084 -0.0102392 0.0094639 0.0159668 0.0001476 0.9998277
1770028726.685639 -0.1527985 -0.2890773 0.0055007 -0.0242976 0.0050443 0.0008334 0.9996917
1770028726.885631 -0.1809877 -0.2786073 0.0030503 -0.0162059 0.0055173 0.0012174 0.9998527
1770028728.318954 -0.2237792 0.1079811 -0.0108629 -0.0043104 0.0002262 -0.0029517 0.9999864
1770028728.618978 -0.2065945 0.1709138 -0.0123430 -0.0084448 0.0026039 -0.0365387 0.9992932
1770028728.818972 -0.1946593 0.1951831 -0.0163501 -0.0117588 0.0048718 -0.0726337 0.9972775
1770028728.952313 -0.1776093 0.2054114 -0.0159196 -0.0125940 0.0059757 -0.0825312 0.9964910
1770028729.552285 -0.0526492 0.1521641 -0.0122175 -0.0021412 0.0124007 -0.0408242 0.9990871
1770028729.952296 0.0286982 0.0642213 -0.0236928 0.0288778 0.0320755 -0.0363181 0.9984078
1770028730.152282 0.0689833 0.0088803 -0.0125977 0.0423839 0.0550353 -0.0334216 0.9970244
1770028730.552291 0.1743690 -0.1224631 -0.0190677 0.0447299 0.0830515 -0.0284642 0.9951339
1770028731.418972 0.3954845 -0.2302961 0.0115049 -0.0312872 0.0323282 0.0107406 0.9989298
1770028731.718945 0.4301262 -0.2370501 0.0136705 -0.0145544 0.0303831 0.0103265 0.9993790
1770028732.085620 0.4642588 -0.1957999 0.0116580 -0.0039419 0.0291580 0.0085002 0.9995309
1770028732.285610 0.4759099 -0.1521472 0.0080574 -0.0002400 0.0293142 0.0076201 0.9995412
1770028732.885607 0.4656850 0.0326507 0.0030512 0.0028123 0.0322107 0.0030181 0.9994726
1770028733.152285 0.4524401 0.1094979 0.0034617 0.0013947 0.0325314 0.0016382 0.9994684
1770028733.418944 0.4235369 0.1720261 0.0036309 -0.0003374 0.0324087 -0.0005794 0.9994745
1770028733.752285 0.3847881 0.2136848 0.0011677 -0.0018651 0.0296369 -0.0016845 0.9995576
1770028734.185611 0.3210455 0.2096803 -0.0069406 -0.0002030 0.0249779 -0.0024783 0.9996849
1770028734.352288 0.2895978 0.1929263 -0.0063490 0.0028514 0.0232500 -0.0018461 0.9997239
1770028738.952293 -0.1606834 0.2054050 -0.0146259 -0.0116583 0.0065037 -0.0819869 0.9965440
1770028747.218949 -0.2327834 -0.1626128 -0.0088732 0.0018081 -0.0022987 -0.0006240 0.9999955
1770028748.218941 -0.2153495 0.1309210 -0.0146057 -0.0042594 -0.0006904 -0.0026913 0.9999871
1770028749.718984 0.0238258 0.0698997 -0.0211834 0.0260888 0.0293208 -0.0365638 0.9985604
1770028749.952312 0.0734535 0.0035812 -0.0207925 0.0421912 0.0547712 -0.0335307 0.9970435
1770028750.352314 0.1758105 -0.1241465 -0.0204721 0.0446453 0.0829578 -0.0281825 0.9951535
1770028751.119068 0.3713731 -0.2115250 0.0180322 -0.0347193 0.0351914 0.0089955 0.9987368
1770028751.418995 0.4176075 -0.2415050 0.0151697 -0.0187630 0.0315614 0.0098446 0.9992772
1770028751.718975 0.4498744 -0.2227458 0.0125951 -0.0100220 0.0284849 0.0096015 0.9994979
1770028752.252301 0.4773400 -0.1043198 0.0061619 0.0013098 0.0295833 0.0052828 0.9995475
1770028752.852305 0.4575958 0.0841384 0.0044154 0.0019870 0.0323039 0.0020384 0.9994740
1770028753.218976 0.4219865 0.1750104 0.0050096 0.0000312 0.0327033 -0.0006191 0.9994649
1770028753.452303 0.3942715 0.2072502 0.0031735 -0.0017513 0.0312754 -0.0016250 0.9995080
1770028753.718975 0.3601238 0.2198142 -0.0020258 -0.0025656 0.0280070 -0.0018358 0.9996027
1770028755.518966 0.0308654 -0.1744294 -0.0258579 0.0528243 -0.0446187 0.0013746 0.9976056
1770028757.552339 -0.2418943 -0.0280661 -0.0151212 0.0005466 -0.0020336 -0.0006668 0.9999976
1770028758.752311 -0.1576099 0.2051184 -0.0137990 -0.0116961 0.0063362 -0.0816057 0.9965759
1770028758.852345 -0.1401697 0.1976039 -0.0191802 -0.0103233 0.0074539 -0.0719748 0.9973252
1770028759.285648 -0.0444167 0.1420150 -0.0192262 -0.0009921 0.0131164 -0.0397178 0.9991243
1770028759.585655 0.0185631 0.0773342 -0.0196882 0.0222317 0.0274547 -0.0366494 0.9987036
1770028759.852319 0.0727921 0.0042038 -0.0178796 0.0424337 0.0551715 -0.0337076 0.9970052
1770028760.085645 0.1336079 -0.0702497 -0.0196261 0.0482497 0.0794184 -0.0286696 0.9952601
1770028760.352316 0.1996040 -0.1343522 -0.0116410 0.0331735 0.0749330 -0.0259153 0.9962996
1770028760.618987 0.2783117 -0.1682763 0.0025300 -0.0213057 0.0515412 -0.0066513 0.9984214
1770028760.918982 0.3531797 -0.2040095 0.0138972 -0.0369661 0.0375568 0.0069427 0.9985864
1770028761.152319 0.3995230 -0.2304814 0.0136620 -0.0283521 0.0320149 0.0108687 0.9990261
1770028762.018985 0.4752070 -0.1389890 0.0062930 0.0006033 0.0296819 0.0070708 0.9995342
1770028762.285647 0.4742133 -0.0621553 0.0048851 0.0025372 0.0307642 0.0046468 0.9995127
1770028762.885646 0.4439755 0.1188011 0.0018720 0.0009843 0.0327701 0.0009485 0.9994620
1770028763.185648 0.4168613 0.1843345 0.0042970 -0.0008947 0.0318974 -0.0008544 0.9994904
1770028763.485642 0.3789212 0.2177498 0.0022752 -0.0017767 0.0296487 -0.0019079 0.9995570
1770028763.785642 0.3307616 0.2174542 -0.0001115 -0.0013777 0.0268370 -0.0032437 0.9996337
1770028764.118979 0.2808046 0.1881281 -0.0114123 0.0048119 0.0219360 -0.0024523 0.9997448
1770028764.385643 0.2380067 0.1451064 -0.0269427 0.0147176 0.0156100 -0.0017651 0.9997683
1770028764.652321 0.1846672 0.0800257 -0.0301108 0.0383940 0.0045837 -0.0046766 0.9992412
1770028764.818993 0.1583550 0.0324978 -0.0417843 0.0523208 -0.0118086 -0.0046511 0.9985497
1770028765.018974 0.1155911 -0.0402742 -0.0441728 0.0629112 -0.0353305 -0.0063466 0.9973734
1770028765.185641 0.0781351 -0.1008937 -0.0344355 0.0648643 -0.0504896 -0.0048216 0.9966044
1770028765.352310 0.0459036 -0.1627063 -0.0425244 0.0592204 -0.0487099 0.0016265 0.9970545
1770028765.452292 0.0289248 -0.1747323 -0.0248270 0.0441014 -0.0411877 0.0025382 0.9981744
1770028765.752308 -0.0393675 -0.2096761 -0.0175486 -0.0067428 -0.0252041 0.0006167 0.9996594
1770028766.085662 -0.1019032 -0.2383694 -0.0109193 -0.0150195 -0.0144057 -0.0032308 0.9997782
1770028766.385627 -0.1294500 -0.2387857 -0.0109196 -0.0096372 -0.0080919 -0.0016273 0.9999195
1770028766.885639 -0.1431797 -0.1711098 -0.0163404 -0.0011397 -0.0045279 0.0003833 0.9999890
1770028767.285655 -0.1318634 -0.0947015 -0.0176188 -0.0007423 -0.0022548 0.0004299 0.9999971
1770028767.518985 -0.1188552 -0.0524681 -0.0150093 -0.0010083 -0.0015253 -0.0000624 0.9999983
1770028767.852293 -0.0949225 -0.0109278 -0.0157430 -0.0011989 0.0001045 -0.0005608 0.9999992
1770028768.318968 -0.0570871 0.0148003 -0.0052799 -0.0015109 0.0016614 -0.0007232 0.9999973
1770028769.252292 -0.0176365 0.0031657 -0.0073179 0.0003153 0.0021917 -0.0008082 0.9999972
