1770028717685575168.000000 0.000000000 0.000000000 0.000000000 -0.000000000 -0.000000000 -0.000000000 1.000000000
1770028717952262400.000000 -0.002210545 -0.001275852 0.002628038 -0.000181453 -0.000086035 0.000349100 0.999999940
1770028717985594368.000000 0.000937901 -0.008354031 -0.007526991 -0.000535904 -0.000766398 0.001842048 0.999997854
1770028722985581312.000000 0.148252293 0.057073630 -0.010702059 0.004645464 0.013622259 0.001084869 0.999895871
1770028723218926080.000000 0.162041485 0.087857254 -0.010649045 0.004022409 0.018283967 0.000861262 0.999824345
1770028723485579776.000000 0.172782123 0.118575893 -0.010235054 0.002141624 0.022817414 0.000186873 0.999737322
1770028724818921216.000000 0.173690796 0.102008410 -0.010239213 0.009463884 0.015966767 0.000147594 0.999827743
1770028726685638912.000000 -0.152798474 -0.289077342 0.005500720 -0.024297580 0.005044331 0.000833369 0.999691725
1770028726885630720.000000 -0.180987746 -0.278607279 0.003050271 -0.016205881 0.005517251 0.001217382 0.999852717
1770028728318953984.000000 -0.223779216 0.107981123 -0.010862877 -0.004310408 0.000226210 -0.002951738 0.999986351
1770028728618978304.000000 -0.206594497 0.170913815 -0.012343003 -0.008444849 0.002603893 -0.036538698 0.999293208
1770028728818972416.000000 -0.194659308 0.195183083 -0.016350063 -0.011758832 0.004871774 -0.072633736 0.997277498
1770028728952312832.000000 -0.177609310 0.205411434 -0.015919613 -0.012593970 0.005975693 -0.082531184 0.996491015
1770028729552284928.000000 -0.052649200 0.152164057 -0.012217490 -0.002141240 0.012400672 -0.040824194 0.999087095
1770028729952295680.000000 0.028698232 0.064221330 -0.023692805 0.028877756 0.032075513 -0.036318086 0.998407841
1770028730152281856.000000 0.068983324 0.008880340 -0.012597724 0.042383876 0.055035297 -0.033421591 0.997024417
1770028730552291072.000000 0.174369022 -0.122463055 -0.019067731 0.044729922 0.083051451 -0.028464248 0.995133936
1770028731418972416.000000 0.395484477 -0.230296075 0.011504927 -0.031287160 0.032328155 0.010740575 0.998929799
1770028731718945280.000000 0.430126160 -0.237050146 0.013670537 -0.014554371 0.030383080 0.010326468 0.999379039
1770028732085620480.000000 0.464258820 -0.195799917 0.011657984 -0.003941949 0.029157978 0.008500167 0.999530911
1770028732285609984.000000 0.475909859 -0.152147233 0.008057415 -0.000239994 0.029314213 0.007620079 0.999541163
1770028732885607168.000000 0.465684950 0.032650732 0.003051179 0.002812271 0.032210726 0.003018070 0.999472558
1770028733152284672.000000 0.452440053 0.109497920 0.003461714 0.001394688 0.032531381 0.001638183 0.999468386
1770028733418944000.000000 0.423536927 0.172026083 0.003630861 -0.000337386 0.032408733 -0.000579401 0.999474466
1770028733752285184.000000 0.384788066 0.213684797 0.001167725 -0.001865054 0.029636852 -0.001684513 0.999557614
1770028734185610752.000000 0.321045548 0.209680304 -0.006940565 -0.000202964 0.024977934 -0.002478324 0.999684930
1770028734352288000.000000 0.289597780 0.192926317 -0.006349001 0.002851357 0.023250034 -0.001846128 0.999723911
1770028738952292608.000000 -0.160683408 0.205404952 -0.014625873 -0.011658299 0.006503686 -0.081986882 0.996544003
1770028747218949120.000000 -0.232783377 -0.162612811 -0.008873205 0.001808095 -0.002298742 -0.000623956 0.999995530
1770028748218940672.000000 -0.215349525 0.130921021 -0.014605742 -0.004259419 -0.000690359 -0.002691321 0.999987066
1770028749718984448.000000 0.023825753 0.069899678 -0.021183450 0.026088780 0.029320801 -0.036563814 0.998560369
1770028749952312576.000000 0.073453456 0.003581154 -0.020792488 0.042191166 0.054771241 -0.033530749 0.997043490
1770028750352314112.000000 0.175810501 -0.124146469 -0.020472081 0.044645268 0.082957849 -0.028182501 0.995153546
1770028751119068160.000000 0.371373117 -0.211524978 0.018032152 -0.034719344 0.035191443 0.008995483 0.998736799
1770028751418995456.000000 0.417607516 -0.241505027 0.015169677 -0.018763002 0.031561445 0.009844606 0.999277234
1770028751718974976.000000 0.449874401 -0.222745821 0.012595092 -0.010021966 0.028484907 0.009601472 0.999497890
1770028752252301568.000000 0.477340013 -0.104319833 0.006161869 0.001309798 0.029583348 0.005282766 0.999547541
1770028752852304896.000000 0.457595825 0.084138386 0.004415428 0.001987020 0.032303855 0.002038358 0.999474049
1770028753218976256.000000 0.421986520 0.175010428 0.005009629 0.000031196 0.032703348 -0.000619110 0.999464929
1770028753452302592.000000 0.394271463 0.207250237 0.003173460 -0.001751325 0.031275354 -0.001625047 0.999507964
1770028753718974464.000000 0.360123843 0.219814166 -0.002025785 -0.002565596 0.028007047 -0.001835758 0.999602735
1770028755518966528.000000 0.030865356 -0.174429446 -0.025857873 0.052824285 -0.044618718 0.001374556 0.997605562
1770028757552338688.000000 -0.241894349 -0.028066125 -0.015121201 0.000546564 -0.002033585 -0.000666812 0.999997616
1770028758752311296.000000 -0.157609880 0.205118403 -0.013798982 -0.011696149 0.006336168 -0.081605740 0.996575892
1770028758852345088.000000 -0.140169650 0.197603852 -0.019180229 -0.010323286 0.007453942 -0.071974799 0.997325182
1770028759285648384.000000 -0.044416726 0.142014965 -0.019226173 -0.000992132 0.013116435 -0.039717790 0.999124348
1770028759585654784.000000 0.018563109 0.077334218 -0.019688223 0.022231720 0.027454665 -0.036649439 0.998703599
1770028759852319232.000000 0.072792105 0.004203786 -0.017879575 0.042433657 0.055171456 -0.033707637 0.997005165
1770028760085645312.000000 0.133607879 -0.070249677 -0.019626116 0.048249714 0.079418361 -0.028669592 0.995260119
1770028760352315904.000000 0.199604049 -0.134352192 -0.011641038 0.033173501 0.074933015 -0.025915291 0.996299624
1770028760618987008.000000 0.278311729 -0.168276340 0.002529989 -0.021305706 0.051541213 -0.006651296 0.998421431
1770028760918982144.000000 0.353179693 -0.204009458 0.013897208 -0.036966074 0.037556756 0.006942654 0.998586416
1770028761152318976.000000 0.399523020 -0.230481416 0.013661967 -0.028352128 0.032014918 0.010868735 0.999026060
1770028762018984960.000000 0.475207001 -0.138989031 0.006293016 0.000603300 0.029681902 0.007070835 0.999534190
1770028762285647360.000000 0.474213332 -0.062155344 0.004885072 0.002537221 0.030764204 0.004646773 0.999512672
1770028762885646336.000000 0.443975508 0.118801117 0.001872045 0.000984265 0.032770135 0.000948494 0.999462008
1770028763185648128.000000 0.416861296 0.184334531 0.004296989 -0.000894659 0.031897441 -0.000854442 0.999490380
1770028763485642496.000000 0.378921241 0.217749774 0.002275218 -0.001776659 0.029648684 -0.001907917 0.999557018
1770028763785642240.000000 0.330761611 0.217454165 -0.000111460 -0.001377692 0.026837001 -0.003243742 0.999633670
1770028764118978816.000000 0.280804604 0.188128099 -0.011412252 0.004811933 0.021936024 -0.002452338 0.999744833
1770028764385642752.000000 0.238006681 0.145106375 -0.026942704 0.014717578 0.015609975 -0.001765102 0.999768317
1770028764652320768.000000 0.184667245 0.080025747 -0.030110817 0.038393952 0.004583742 -0.004676631 0.999241233
1770028764818992896.000000 0.158355027 0.032497823 -0.041784286 0.052320782 -0.011808555 -0.004651079 0.998549700
1770028765018974208.000000 0.115591064 -0.040274151 -0.044172812 0.062911190 -0.035330515 -0.006346555 0.997373402
1770028765185641216.000000 0.078135103 -0.100893721 -0.034435526 0.064864308 -0.050489604 -0.004821621 0.996604383
1770028765352310528.000000 0.045903560 -0.162706345 -0.042524405 0.059220437 -0.048709873 0.001626506 0.997054517
1770028765452292096.000000 0.028924841 -0.174732298 -0.024826961 0.044101406 -0.041187670 0.002538156 0.998174429
1770028765752308480.000000 -0.039367463 -0.209676147 -0.017548582 -0.006742756 -0.025204070 0.000616679 0.999659419
1770028766085662208.000000 -0.101903223 -0.238369361 -0.010919268 -0.015019482 -0.014405687 -0.003230846 0.999778211
1770028766385627392.000000 -0.129450008 -0.238785684 -0.010919618 -0.009637228 -0.008091856 -0.001627310 0.999919474
1770028766885638912.000000 -0.143179670 -0.171109751 -0.016340420 -0.001139659 -0.004527921 0.000383289 0.999989033
1770028767285654528.000000 -0.131863356 -0.094701499 -0.017618820 -0.000742323 -0.002254796 0.000429881 0.999997139
1770028767518984960.000000 -0.118855178 -0.052468054 -0.015009304 -0.001008337 -0.001525329 -0.000062435 0.999998331
1770028767852292608.000000 -0.094922513 -0.010927790 -0.015742963 -0.001198864 0.000104536 -0.000560776 0.999999166
1770028768318968320.000000 -0.057087079 0.014800348 -0.005279898 -0.001510879 0.001661438 -0.000723247 0.999997258
1770028769252292352.000000 -0.017636476 0.003165728 -0.007317940 0.000315316 0.002191722 -0.000808209 0.999997199
