1770036552.417969 0.0000000 0.0000000 0.0000000 -0.0000000 -0.0000000 -0.0000000 1.0000000
1770036555.751325 -0.0000012 0.0001628 0.0000591 0.0003675 -0.0001632 -0.0038394 0.9999925
1770036561.351323 -0.0036199 -0.0001259 -0.0034717 -0.0238112 0.0668681 -0.0044852 0.9974676
1770036563.617996 -0.0043316 -0.0018474 -0.0058831 -0.0377767 0.0565873 -0.0028029 0.9976788
1770036563.751330 -0.0041359 -0.0020198 -0.0054311 -0.0345811 0.0534775 0.0001019 0.9979701
1770036564.451331 -0.0034396 0.0000458 -0.0077766 0.0034429 0.0343103 -0.0029332 0.9994010
1770036564.951330 -0.0050174 -0.0003385 -0.0104381 0.0379281 0.0108431 -0.0124803 0.9991437
1770036565.384662 -0.0059648 -0.0025403 -0.0092401 0.0585205 -0.0220661 -0.0107818 0.9979841
1770036565.851328 -0.0059338 -0.0023798 -0.0046531 0.0184211 -0.0137418 -0.0029408 0.9997316
1770036566.117994 -0.0062082 -0.0022030 -0.0029980 0.0085135 -0.0101697 -0.0025505 0.9999088
1770036566.384661 -0.0057009 -0.0016728 -0.0035096 0.0183340 -0.0143513 -0.0018802 0.9997272
1770036567.017995 -0.0045277 0.0006023 -0.0028859 0.0573902 -0.0178283 -0.0045085 0.9981825
1770036567.651328 -0.0045828 0.0003826 -0.0008664 0.0680984 -0.0212759 0.0002963 0.9974517
1770036570.317971 -0.0085430 0.0073565 -0.0144557 0.0306896 -0.0268730 -0.0421973 0.9982762
1770036570.551306 -0.0090307 0.0079606 -0.0155617 0.0224089 -0.0265208 -0.1135355 0.9929271
1770036570.717971 -0.0091671 0.0078830 -0.0161878 0.0158065 -0.0270514 -0.1584241 0.9868739
1770036570.951307 -0.0090336 0.0079482 -0.0162351 0.0088975 -0.0280938 -0.2210108 0.9748260
1770036571.317970 -0.0093984 0.0067574 -0.0168330 -0.0054949 -0.0291103 -0.2975439 0.9542484
1770036571.651304 -0.0094383 0.0055089 -0.0173647 -0.0189373 -0.0315467 -0.3506009 0.9358019
1770036572.984636 -0.0106078 0.0057907 -0.0182505 -0.0282165 -0.0170019 -0.3829718 0.9231725
1770036573.284638 -0.0103542 0.0064521 -0.0178519 -0.0213072 -0.0082867 -0.3603030 0.9325551
1770036573.784636 -0.0103716 0.0080489 -0.0168473 -0.0007495 0.0092160 -0.2651549 0.9641615
1770036576.151302 -0.0107837 0.0115556 -0.0165904 0.0369117 0.0742545 -0.0776486 0.9935263
1770036576.217968 -0.0107751 0.0119945 -0.0168339 0.0409903 0.0740780 -0.0759596 0.9935101
1770036576.351301 -0.0106669 0.0125913 -0.0171628 0.0519870 0.0739671 -0.0734476 0.9931927
1770036577.351300 -0.0097989 0.0123773 -0.0173867 0.0909884 0.0756806 -0.0597462 0.9911730
1770036577.751300 -0.0101700 0.0122549 -0.0176412 0.0908943 0.0803295 -0.0579115 0.9909247
1770036578.017966 -0.0106894 0.0125332 -0.0180318 0.0910010 0.0855056 -0.0584706 0.9904488
1770036578.751298 -0.0115473 0.0112649 -0.0186286 0.0734741 0.0950308 -0.0555250 0.9912052
1770036579.717965 -0.0146597 0.0087309 -0.0223201 0.0368786 0.1031564 -0.0282872 0.9935787
1770036581.384631 -0.0126419 0.0026887 -0.0206774 -0.0369003 0.0888981 0.0411388 0.9945065
1770036586.684627 -0.0111871 0.0055116 -0.0073883 0.0536437 -0.0038928 -0.0091882 0.9985103
1770036587.151295 -0.0106717 0.0053295 -0.0071928 0.0629590 -0.0076145 -0.0081719 0.9979537
1770036587.584627 -0.0098105 0.0056534 -0.0073931 0.0672495 -0.0142233 -0.0076195 0.9976057
1770036588.151294 -0.0097150 0.0046577 -0.0086277 0.0600615 -0.0215779 -0.0045785 0.9979509
1770036588.951293 -0.0101172 0.0039535 -0.0099270 0.0425642 -0.0271719 0.0050858 0.9987112
1770036594.251296 -0.0099383 0.0068529 -0.0169528 0.0366464 0.0287884 -0.1553267 0.9867634
1770036595.351294 -0.0099818 0.0086924 -0.0156573 0.0351587 0.0814893 -0.1212082 0.9886516
1770036595.617959 -0.0103182 0.0103025 -0.0160218 0.0289034 0.0752887 -0.0922565 0.9924641
1770036597.784625 -0.0109341 0.0126589 -0.0182963 0.0911448 0.0858398 -0.0585264 0.9904034
1770036598.484625 -0.0117083 0.0115457 -0.0188156 0.0748513 0.0947868 -0.0560661 0.9910951
1770036599.717956 -0.0151557 0.0068478 -0.0225088 0.0227799 0.1030805 -0.0221246 0.9941660
1770036600.517965 -0.0171759 0.0007642 -0.0255768 -0.0211181 0.1011354 0.0093446 0.9946046
1770036600.751300 -0.0173129 -0.0004346 -0.0252960 -0.0310727 0.0975351 0.0175154 0.9945927
1770036602.584633 -0.0138836 -0.0035230 -0.0262206 -0.0542114 0.0562118 0.0254261 0.9966218
1770036603.217965 -0.0136164 -0.0025091 -0.0226906 -0.0381933 0.0532927 0.0181381 0.9976834
1770036603.617963 -0.0117322 0.0006798 -0.0224147 -0.0153581 0.0410308 0.0130654 0.9989544
1770036603.851299 -0.0111758 0.0022426 -0.0221961 -0.0008538 0.0342842 0.0083552 0.9993768
1770036604.417963 -0.0101962 0.0043630 -0.0202841 0.0483354 0.0127681 0.0005216 0.9987494
1770036604.617963 -0.0102233 0.0052169 -0.0194261 0.0645008 0.0005316 -0.0026898 0.9979139
1770036604.951298 -0.0097768 0.0058309 -0.0173531 0.0828234 -0.0277757 -0.0000889 0.9961771
1770036605.584629 -0.0091494 0.0058144 -0.0135199 0.0310451 -0.0199789 0.0022538 0.9993157
1770036606.484630 -0.0083090 0.0069106 -0.0128349 0.0576712 -0.0151221 -0.0091766 0.9981789
1770036610.151270 -0.0104970 0.0047574 -0.0170584 0.0036558 -0.0228591 -0.1330506 0.9908389
1770036610.584602 -0.0103187 0.0031265 -0.0191136 -0.0217134 -0.0283909 -0.2453788 0.9687682
1770036611.951270 -0.0113318 0.0039903 -0.0191340 -0.0377407 -0.0276372 -0.3934925 0.9181370
1770036613.284600 -0.0103814 0.0081328 -0.0169631 -0.0007668 0.0086396 -0.2715527 0.9623845
1770036613.484601 -0.0104131 0.0083174 -0.0170052 0.0087693 0.0139351 -0.2094718 0.9776761
1770036614.251266 -0.0099827 0.0072634 -0.0160660 0.0566390 0.0481516 -0.1557333 0.9849978
1770036614.684600 -0.0099733 0.0078316 -0.0160839 0.0679428 0.0907378 -0.1614483 0.9803494
1770036615.284600 -0.0102429 0.0097506 -0.0160748 0.0292990 0.0764522 -0.1013897 0.9914721
1770036615.484614 -0.0104487 0.0105862 -0.0159851 0.0290867 0.0740145 -0.0849002 0.9932109
1770036618.684611 -0.0126878 0.0115851 -0.0206056 0.0645497 0.0986396 -0.0493988 0.9917980
1770036619.951278 -0.0168581 0.0033922 -0.0245929 -0.0036976 0.1033676 -0.0071848 0.9946104
1770036623.217906 -0.0134708 -0.0011707 -0.0209196 -0.0248662 0.0516415 0.0157474 0.9982319
1770036624.417905 -0.0105564 0.0048396 -0.0190164 0.0650505 -0.0002882 -0.0056972 0.9978657
1770036624.484573 -0.0105003 0.0049944 -0.0186312 0.0698473 -0.0064762 -0.0066221 0.9975147
1770036624.784573 -0.0095373 0.0058098 -0.0169821 0.0832304 -0.0323287 0.0030846 0.9960011
1770036625.217906 -0.0091866 0.0060946 -0.0139478 0.0405161 -0.0213077 0.0048976 0.9989397
1770036625.617904 -0.0085744 0.0062404 -0.0125603 0.0298304 -0.0189068 -0.0032634 0.9993708
1770036626.717904 -0.0085207 0.0071950 -0.0125064 0.0667380 -0.0133184 -0.0125375 0.9976029
1770036627.684570 -0.0082628 0.0061866 -0.0125355 0.0621140 -0.0215716 -0.0087628 0.9977975
1770036628.817903 -0.0091810 0.0064402 -0.0149117 0.0425961 -0.0218853 -0.0097413 0.9988052
1770036629.751238 -0.0094186 0.0067219 -0.0157751 0.0187612 -0.0245507 -0.0917124 0.9953061
1770036629.817903 -0.0094346 0.0063209 -0.0162623 0.0148038 -0.0246685 -0.1118102 0.9933131
1770036629.951237 -0.0094947 0.0058530 -0.0164619 0.0076269 -0.0262892 -0.1472990 0.9887132
1770036630.651272 -0.0102601 0.0039108 -0.0181493 -0.0226494 -0.0310044 -0.3008257 0.9529060
1770036631.017935 -0.0106079 0.0040471 -0.0180976 -0.0298581 -0.0303891 -0.3583975 0.9325965
1770036632.117935 -0.0106044 0.0053463 -0.0192644 -0.0326052 -0.0217602 -0.3895861 0.9201555
1770036632.484602 -0.0103334 0.0063326 -0.0181977 -0.0236400 -0.0111361 -0.3681352 0.9294050
1770036632.751268 -0.0101588 0.0070144 -0.0178244 -0.0159316 -0.0034637 -0.3364716 0.9415525
1770036632.951269 -0.0103801 0.0079182 -0.0171726 -0.0067808 0.0046434 -0.2964805 0.9550036
1770036632.984601 -0.0103741 0.0079611 -0.0172222 -0.0045089 0.0060648 -0.2880078 0.9575983
1770036633.084603 -0.0101685 0.0080751 -0.0171068 0.0003311 0.0090149 -0.2580659 0.9660853
1770036633.151269 -0.0102220 0.0079664 -0.0174756 0.0032537 0.0109469 -0.2356571 0.9717692
1770036633.284601 -0.0101567 0.0078389 -0.0168248 0.0089828 0.0133543 -0.1960460 0.9804626
1770036633.584604 -0.0098223 0.0072904 -0.0161292 0.0254485 0.0198548 -0.1583816 0.9868503
1770036633.684601 -0.0101388 0.0076265 -0.0165938 0.0342672 0.0262460 -0.1594800 0.9862571
1770036633.951268 -0.0099318 0.0072872 -0.0165476 0.0529786 0.0417465 -0.1550670 0.9855987
1770036634.117934 -0.0099424 0.0073035 -0.0163578 0.0612567 0.0585515 -0.1553234 0.9842225
1770036634.417933 -0.0098809 0.0077005 -0.0156407 0.0681636 0.0888509 -0.1596273 0.9808049
1770036634.651268 -0.0098300 0.0077298 -0.0156185 0.0596805 0.0931190 -0.1561201 0.9815261
1770036634.884600 -0.0099304 0.0086312 -0.0160778 0.0339768 0.0800311 -0.1197882 0.9889850
1770036634.951268 -0.0101751 0.0090637 -0.0162052 0.0315429 0.0782160 -0.1105008 0.9902913
1770036635.117933 -0.0102145 0.0100295 -0.0161877 0.0282489 0.0747882 -0.0945109 0.9923086
1770036635.217933 -0.0103054 0.0104870 -0.0162335 0.0287593 0.0738807 -0.0852757 0.9931982
1770036635.551268 -0.0107876 0.0123810 -0.0171163 0.0453532 0.0739423 -0.0753633 0.9933761
1770036635.917933 -0.0101522 0.0125991 -0.0178815 0.0679467 0.0700984 -0.0686958 0.9928496
1770036636.551266 -0.0097321 0.0126179 -0.0175809 0.0902456 0.0739212 -0.0600130 0.9913576
1770036637.484599 -0.0109978 0.0126307 -0.0186988 0.0892116 0.0876305 -0.0567376 0.9905267
1770036638.017934 -0.0115854 0.0113332 -0.0184750 0.0738372 0.0950799 -0.0565232 0.9911171
1770036638.717933 -0.0139687 0.0093685 -0.0217529 0.0493936 0.1008782 -0.0367456 0.9929923
1770036639.051267 -0.0152002 0.0083423 -0.0233032 0.0342064 0.1032425 -0.0239920 0.9937783
1770036639.617933 -0.0166794 0.0040308 -0.0234645 0.0010594 0.1040671 -0.0115255 0.9945030
1770036639.817933 -0.0168245 0.0027947 -0.0237337 -0.0094344 0.1030363 -0.0032972 0.9946274
1770036640.151270 -0.0173227 0.0001681 -0.0255274 -0.0270509 0.0987620 0.0134921 0.9946519
1770036640.651266 -0.0170507 -0.0020097 -0.0256156 -0.0422074 0.0907869 0.0231417 0.9947064
1770036640.917933 -0.0171065 -0.0033666 -0.0250387 -0.0508439 0.0878907 0.0282217 0.9944314
1770036641.984598 -0.0126548 -0.0037541 -0.0255739 -0.0551229 0.0587870 0.0222253 0.9964997
1770036642.584599 -0.0105683 -0.0024965 -0.0234621 -0.0411418 0.0417386 0.0120018 0.9982090
1770036642.984598 -0.0079001 -0.0000964 -0.0227558 -0.0223103 0.0252176 0.0091066 0.9993916
1770036643.551266 -0.0045830 0.0019953 -0.0190596 0.0122251 0.0008029 -0.0028705 0.9999208
1770036644.017930 -0.0035831 0.0046101 -0.0205277 0.0526003 -0.0216276 -0.0059303 0.9983638
1770036644.117931 -0.0036412 0.0042058 -0.0194327 0.0582414 -0.0300770 -0.0096903 0.9978023
1770036644.351264 -0.0031639 0.0061478 -0.0176219 0.0811117 -0.0531617 -0.0068252 0.9952629
1770036644.551266 -0.0030736 0.0064535 -0.0151587 0.0874526 -0.0676566 0.0010025 0.9938681
1770036644.917930 -0.0018894 0.0078692 -0.0111774 0.0618905 -0.0656859 0.0114744 0.9958530
1770036645.684596 -0.0012282 0.0100485 -0.0083709 0.0715864 -0.0603465 0.0083540 0.9955721
1770036646.351263 -0.0003399 0.0106946 -0.0076812 0.0936405 -0.0625997 0.0073256 0.9936091
1770036648.084585 -0.0002454 0.0079689 -0.0104869 0.0675560 -0.0708016 0.0171260 0.9950528
1770036648.551253 0.0002602 0.0067802 -0.0118851 0.0524523 -0.0702045 0.0169856 0.9960079
1770036649.217917 0.0002353 0.0053564 -0.0141228 0.0307607 -0.0637072 0.0062117 0.9974751
1770036649.884584 -0.0003432 0.0043440 -0.0133795 0.0184053 -0.0560874 0.0038873 0.9982486
1770036650.517916 -0.0010882 0.0037215 -0.0139414 0.0100888 -0.0479346 0.0028030 0.9987956
1770036650.717916 -0.0009814 0.0036907 -0.0143331 0.0094699 -0.0466245 0.0026488 0.9988641
1770036652.084583 -0.0018444 0.0041479 -0.0147849 0.0117487 -0.0357058 -0.0016071 0.9992920
