1770036552417969152.000000 0.000000000 0.000000000 0.000000000 -0.000000000 -0.000000000 -0.000000000 1.000000000
1770036555751325184.000000 -0.000001187 0.000162846 0.000059099 0.000367545 -0.000163189 -0.003839434 0.999992549
1770036561351323136.000000 -0.003619914 -0.000125922 -0.003471719 -0.023811158 0.066868059 -0.004485221 0.997467577
1770036563617995776.000000 -0.004331645 -0.001847352 -0.005883122 -0.037776738 0.056587346 -0.002802921 0.997678816
1770036563751329792.000000 -0.004135908 -0.002019779 -0.005431061 -0.034581147 0.053477481 0.000101931 0.997970104
1770036564451330816.000000 -0.003439607 0.000045780 -0.007776573 0.003442854 0.034310259 -0.002933225 0.999401033
1770036564951329792.000000 -0.005017356 -0.000338548 -0.010438055 0.037928101 0.010843089 -0.012480319 0.999143720
1770036565384662016.000000 -0.005964778 -0.002540332 -0.009240117 0.058520511 -0.022066107 -0.010781752 0.997984111
1770036565851328256.000000 -0.005933823 -0.002379810 -0.004653073 0.018421121 -0.013741804 -0.002940800 0.999731600
1770036566117993984.000000 -0.006208187 -0.002203003 -0.002997975 0.008513529 -0.010169672 -0.002550547 0.999908805
1770036566384661504.000000 -0.005700882 -0.001672807 -0.003509573 0.018333970 -0.014351258 -0.001880219 0.999727190
1770036567017994752.000000 -0.004527670 0.000602311 -0.002885945 0.057390183 -0.017828271 -0.004508494 0.998182476
1770036567651327488.000000 -0.004582833 0.000382567 -0.000866393 0.068098441 -0.021275861 0.000296260 0.997451723
1770036570317970688.000000 -0.008543040 0.007356495 -0.014455678 0.030689564 -0.026872972 -0.042197298 0.998276234
1770036570551305728.000000 -0.009030653 0.007960615 -0.015561711 0.022408905 -0.026520753 -0.113535509 0.992927134
1770036570717970688.000000 -0.009167139 0.007882981 -0.016187781 0.015806472 -0.027051367 -0.158424109 0.986873925
1770036570951306496.000000 -0.009033620 0.007948195 -0.016235068 0.008897464 -0.028093820 -0.221010804 0.974826038
1770036571317970176.000000 -0.009398440 0.006757412 -0.016832978 -0.005494920 -0.029110337 -0.297543883 0.954248428
1770036571651304192.000000 -0.009438327 0.005508897 -0.017364670 -0.018937262 -0.031546652 -0.350600898 0.935801923
1770036572984636416.000000 -0.010607809 0.005790735 -0.018250501 -0.028216526 -0.017001927 -0.382971764 0.923172474
1770036573284637952.000000 -0.010354154 0.006452136 -0.017851880 -0.021307189 -0.008286709 -0.360303044 0.932555139
1770036573784635904.000000 -0.010371554 0.008048901 -0.016847333 -0.000749455 0.009216033 -0.265154898 0.964161515
1770036576151301888.000000 -0.010783744 0.011555647 -0.016590413 0.036911748 0.074254513 -0.077648632 0.993526280
1770036576217967616.000000 -0.010775147 0.011994513 -0.016833905 0.040990323 0.074077971 -0.075959645 0.993510127
1770036576351300864.000000 -0.010666878 0.012591283 -0.017162783 0.051986992 0.073967136 -0.073447600 0.993192732
1770036577351299584.000000 -0.009798895 0.012377293 -0.017386725 0.090988405 0.075680561 -0.059746202 0.991173029
1770036577751299840.000000 -0.010169964 0.012254867 -0.017641174 0.090894349 0.080329478 -0.057911471 0.990924656
1770036578017965568.000000 -0.010689434 0.012533224 -0.018031830 0.091000982 0.085505582 -0.058470611 0.990448773
1770036578751298304.000000 -0.011547342 0.011264887 -0.018628553 0.073474057 0.095030770 -0.055525027 0.991205215
1770036579717964800.000000 -0.014659738 0.008730905 -0.022320144 0.036878586 0.103156433 -0.028287204 0.993578672
1770036581384631040.000000 -0.012641906 0.002688668 -0.020677360 -0.036900289 0.088898122 0.041138835 0.994506478
1770036586684627200.000000 -0.011187148 0.005511579 -0.007388345 0.053643718 -0.003892835 -0.009188231 0.998510301
1770036587151294720.000000 -0.010671739 0.005329460 -0.007192791 0.062958993 -0.007614542 -0.008171896 0.997953653
1770036587584626944.000000 -0.009810460 0.005653367 -0.007393084 0.067249469 -0.014223333 -0.007619489 0.997605741
1770036588151294464.000000 -0.009714975 0.004657692 -0.008627689 0.060061537 -0.021577915 -0.004578486 0.997950912
1770036588951292672.000000 -0.010117192 0.003953547 -0.009927006 0.042564243 -0.027171919 0.005085849 0.998711228
1770036594251295488.000000 -0.009938347 0.006852909 -0.016952831 0.036646403 0.028788401 -0.155326724 0.986763358
1770036595351293440.000000 -0.009981790 0.008692415 -0.015657330 0.035158675 0.081489250 -0.121208198 0.988651574
1770036595617958912.000000 -0.010318224 0.010302498 -0.016021797 0.028903421 0.075288691 -0.092256486 0.992464066
1770036597784624896.000000 -0.010934052 0.012658917 -0.018296305 0.091144763 0.085839786 -0.058526359 0.990403414
1770036598484624640.000000 -0.011708306 0.011545691 -0.018815624 0.074851260 0.094786763 -0.056066100 0.991095066
1770036599717956096.000000 -0.015155663 0.006847787 -0.022508837 0.022779942 0.103080526 -0.022124607 0.994165957
1770036600517965312.000000 -0.017175920 0.000764167 -0.025576752 -0.021118084 0.101135425 0.009344628 0.994604647
1770036600751299584.000000 -0.017312873 -0.000434638 -0.025296029 -0.031072678 0.097535059 0.017515378 0.994592667
1770036602584633344.000000 -0.013883555 -0.003522956 -0.026220609 -0.054211404 0.056211792 0.025426067 0.996621788
1770036603217964544.000000 -0.013616419 -0.002509099 -0.022690604 -0.038193341 0.053292725 0.018138072 0.997683406
1770036603617963008.000000 -0.011732205 0.000679797 -0.022414677 -0.015358133 0.041030824 0.013065372 0.998954415
1770036603851298560.000000 -0.011175846 0.002242623 -0.022196116 -0.000853777 0.034284178 0.008355235 0.999376833
1770036604417962752.000000 -0.010196223 0.004363026 -0.020284116 0.048335381 0.012768136 0.000521640 0.998749435
1770036604617962496.000000 -0.010223266 0.005216949 -0.019426137 0.064500757 0.000531641 -0.002689782 0.997913897
1770036604951298048.000000 -0.009776805 0.005830897 -0.017353065 0.082823418 -0.027775740 -0.000088856 0.996177137
1770036605584629248.000000 -0.009149366 0.005814378 -0.013519892 0.031045135 -0.019978877 0.002253817 0.999315739
1770036606484629760.000000 -0.008309050 0.006910562 -0.012834853 0.057671234 -0.015122060 -0.009176590 0.998178899
1770036610151269888.000000 -0.010496951 0.004757443 -0.017058387 0.003655810 -0.022859130 -0.133050621 0.990838885
1770036610584602112.000000 -0.010318737 0.003126534 -0.019113621 -0.021713406 -0.028390888 -0.245378837 0.968768179
1770036611951269888.000000 -0.011331772 0.003990318 -0.019133981 -0.037740722 -0.027637213 -0.393492520 0.918136954
1770036613284600320.000000 -0.010381421 0.008132753 -0.016963096 -0.000766802 0.008639591 -0.271552712 0.962384462
1770036613484601088.000000 -0.010413140 0.008317423 -0.017005224 0.008769339 0.013935062 -0.209471777 0.977676094
1770036614251266560.000000 -0.009982656 0.007263358 -0.016065953 0.056638971 0.048151594 -0.155733302 0.984997809
1770036614684600320.000000 -0.009973330 0.007831635 -0.016083881 0.067942753 0.090737835 -0.161448345 0.980349362
1770036615284599552.000000 -0.010242855 0.009750628 -0.016074834 0.029298959 0.076452181 -0.101389654 0.991472065
1770036615484613632.000000 -0.010448733 0.010586207 -0.015985131 0.029086716 0.074014477 -0.084900245 0.993210852
1770036618684611328.000000 -0.012687848 0.011585096 -0.020605646 0.064549737 0.098639578 -0.049398795 0.991798043
1770036619951277824.000000 -0.016858127 0.003392173 -0.024592882 -0.003697599 0.103367575 -0.007184809 0.994610429
1770036623217906432.000000 -0.013470790 -0.001170679 -0.020919586 -0.024866171 0.051641542 0.015747355 0.998231888
1770036624417905152.000000 -0.010556400 0.004839608 -0.019016379 0.065050460 -0.000288202 -0.005697240 0.997865736
1770036624484573440.000000 -0.010500256 0.004994396 -0.018631179 0.069847308 -0.006476172 -0.006622050 0.997514665
1770036624784572672.000000 -0.009537303 0.005809840 -0.016982088 0.083230421 -0.032328714 0.003084622 0.996001065
1770036625217905664.000000 -0.009186585 0.006094570 -0.013947820 0.040516119 -0.021307716 0.004897572 0.998939693
1770036625617903872.000000 -0.008574358 0.006240432 -0.012560290 0.029830389 -0.018906813 -0.003263369 0.999370813
1770036626717904384.000000 -0.008520743 0.007194960 -0.012506386 0.066738002 -0.013318422 -0.012537519 0.997602880
1770036627684570368.000000 -0.008262751 0.006186627 -0.012535478 0.062114000 -0.021571586 -0.008762768 0.997797489
1770036628817903360.000000 -0.009180961 0.006440172 -0.014911702 0.042596102 -0.021885315 -0.009741318 0.998805165
1770036629751237888.000000 -0.009418564 0.006721926 -0.015775135 0.018761164 -0.024550736 -0.091712415 0.995306075
1770036629817902592.000000 -0.009434573 0.006320860 -0.016262289 0.014803753 -0.024668474 -0.111810230 0.993313074
1770036629951237120.000000 -0.009494660 0.005853000 -0.016461857 0.007626868 -0.026289171 -0.147299036 0.988713205
1770036630651271680.000000 -0.010260058 0.003910813 -0.018149314 -0.022649411 -0.031004382 -0.300825655 0.952905953
1770036631017935360.000000 -0.010607941 0.004047118 -0.018097555 -0.029858127 -0.030389074 -0.358397484 0.932596505
1770036632117934848.000000 -0.010604411 0.005346271 -0.019264391 -0.032605235 -0.021760188 -0.389586061 0.920155466
1770036632484602112.000000 -0.010333421 0.006332579 -0.018197736 -0.023640035 -0.011136143 -0.368135154 0.929404974
1770036632751268352.000000 -0.010158841 0.007014438 -0.017824393 -0.015931552 -0.003463726 -0.336471617 0.941552460
1770036632951268608.000000 -0.010380096 0.007918176 -0.017172635 -0.006780835 0.004643357 -0.296480477 0.955003560
1770036632984601344.000000 -0.010374066 0.007961080 -0.017222181 -0.004508949 0.006064754 -0.288007796 0.957598269
1770036633084602624.000000 -0.010168480 0.008075150 -0.017106790 0.000331132 0.009014859 -0.258065909 0.966085255
1770036633151268864.000000 -0.010222001 0.007966429 -0.017475607 0.003253677 0.010946928 -0.235657111 0.971769154
1770036633284600832.000000 -0.010156658 0.007838855 -0.016824780 0.008982802 0.013354250 -0.196045965 0.980462611
1770036633584604160.000000 -0.009822326 0.007290375 -0.016129175 0.025448505 0.019854805 -0.158381641 0.986850262
1770036633684601088.000000 -0.010138826 0.007626453 -0.016593793 0.034267157 0.026246026 -0.159479961 0.986257076
1770036633951267840.000000 -0.009931774 0.007287208 -0.016547594 0.052978590 0.041746520 -0.155067012 0.985598683
1770036634117934336.000000 -0.009942449 0.007303501 -0.016357830 0.061256662 0.058551520 -0.155323401 0.984222531
1770036634417933056.000000 -0.009880914 0.007700521 -0.015640737 0.068163604 0.088850938 -0.159627348 0.980804920
1770036634651267584.000000 -0.009830014 0.007729797 -0.015618537 0.059680462 0.093119033 -0.156120107 0.981526136
1770036634884600320.000000 -0.009930397 0.008631222 -0.016077816 0.033976790 0.080031119 -0.119788244 0.988985002
1770036634951267840.000000 -0.010175147 0.009063660 -0.016205184 0.031542853 0.078216009 -0.110500805 0.990291297
1770036635117933056.000000 -0.010214451 0.010029478 -0.016187735 0.028248930 0.074788235 -0.094510920 0.992308617
1770036635217933056.000000 -0.010305401 0.010486984 -0.016233504 0.028759325 0.073880747 -0.085275672 0.993198216
1770036635551267584.000000 -0.010787596 0.012380975 -0.017116277 0.045353215 0.073942326 -0.075363301 0.993376076
1770036635917932544.000000 -0.010152234 0.012599149 -0.017881483 0.067946702 0.070098445 -0.068695843 0.992849588
1770036636551266304.000000 -0.009732126 0.012617870 -0.017580897 0.090245552 0.073921248 -0.060013011 0.991357565
1770036637484598528.000000 -0.010997782 0.012630746 -0.018698791 0.089211568 0.087630495 -0.056737553 0.990526676
1770036638017934080.000000 -0.011585440 0.011333161 -0.018475026 0.073837169 0.095079921 -0.056523181 0.991117060
1770036638717933056.000000 -0.013968706 0.009368489 -0.021752870 0.049393632 0.100878224 -0.036745556 0.992992282
1770036639051267072.000000 -0.015200167 0.008342298 -0.023303244 0.034206398 0.103242487 -0.023991968 0.993778288
1770036639617932544.000000 -0.016679410 0.004030805 -0.023464452 0.001059419 0.104067110 -0.011525548 0.994502962
1770036639817932800.000000 -0.016824484 0.002794734 -0.023733724 -0.009434411 0.103036329 -0.003297182 0.994627416
1770036640151270400.000000 -0.017322665 0.000168130 -0.025527399 -0.027050899 0.098762035 0.013492109 0.994651854
1770036640651266304.000000 -0.017050689 -0.002009736 -0.025615590 -0.042207431 0.090786867 0.023141701 0.994706392
1770036640917932800.000000 -0.017106524 -0.003366627 -0.025038734 -0.050843894 0.087890655 0.028221710 0.994431376
1770036641984598272.000000 -0.012654839 -0.003754080 -0.025573889 -0.055122893 0.058786962 0.022225266 0.996499717
1770036642584599040.000000 -0.010568341 -0.002496463 -0.023462070 -0.041141752 0.041738573 0.012001756 0.998209000
1770036642984597760.000000 -0.007900146 -0.000096421 -0.022755791 -0.022310272 0.025217591 0.009106643 0.999391556
1770036643551266304.000000 -0.004582950 0.001995269 -0.019059608 0.012225067 0.000802879 -0.002870498 0.999920845
1770036644017929984.000000 -0.003583083 0.004610084 -0.020527724 0.052600317 -0.021627638 -0.005930332 0.998363793
1770036644117931008.000000 -0.003641230 0.004205840 -0.019432658 0.058241360 -0.030076995 -0.009690290 0.997802317
1770036644351263488.000000 -0.003163945 0.006147753 -0.017621947 0.081111744 -0.053161703 -0.006825224 0.995262861
1770036644551266304.000000 -0.003073638 0.006453491 -0.015158692 0.087452561 -0.067656629 0.001002473 0.993868053
1770036644917929984.000000 -0.001889381 0.007869236 -0.011177389 0.061890490 -0.065685906 0.011474373 0.995853007
1770036645684596224.000000 -0.001228201 0.010048538 -0.008370925 0.071586430 -0.060346458 0.008354033 0.995572150
1770036646351262976.000000 -0.000339903 0.010694590 -0.007681238 0.093640469 -0.062599659 0.007325556 0.993609130
1770036648084584960.000000 -0.000245426 0.007968851 -0.010486937 0.067556016 -0.070801556 0.017125987 0.995052755
1770036648551252480.000000 0.000260189 0.006780241 -0.011885055 0.052452322 -0.070204519 0.016985584 0.996007860
1770036649217917184.000000 0.000235272 0.005356381 -0.014122819 0.030760735 -0.063707240 0.006211725 0.997475147
1770036649884583680.000000 -0.000343156 0.004343951 -0.013379467 0.018405316 -0.056087408 0.003887305 0.998248637
1770036650517916160.000000 -0.001088151 0.003721526 -0.013941406 0.010088759 -0.047934644 0.002802954 0.998795629
1770036650717915904.000000 -0.000981422 0.003690731 -0.014333120 0.009469892 -0.046624497 0.002648790 0.998864114
1770036652084583168.000000 -0.001844384 0.004147875 -0.014784863 0.011748681 -0.035705835 -0.001607123 0.999292016
