1769789857.601678 0.0000000 0.0000000 0.0000000 -0.0000000 -0.0000000 -0.0000000 1.0000000
1769789860.535016 0.0167432 -0.0069977 -0.0015180 0.0010481 -0.0040399 0.0012982 0.9999905
1769789860.568345 0.0171576 -0.0062712 0.0023002 0.0012637 -0.0039977 0.0011749 0.9999905
1769789860.868347 0.0233585 -0.0090779 0.0066161 0.0009165 -0.0037676 -0.0000349 0.9999925
1769789861.001687 0.0287640 -0.0100670 0.0079014 0.0016613 -0.0041462 -0.0002493 0.9999900
1769789861.168342 0.0374109 -0.0129575 0.0133762 0.0017607 -0.0046856 0.0005839 0.9999873
1769789861.435034 0.0500730 -0.0175891 0.0142154 0.0022714 -0.0047108 0.0008948 0.9999859
1769789861.768341 0.0698093 -0.0258490 0.0082222 0.0027016 -0.0042343 0.0018398 0.9999857
1769789862.035008 0.0905202 -0.0305110 0.0070533 0.0027150 -0.0039462 0.0025111 0.9999854
1769789862.301674 0.1072320 -0.0253981 0.0178821 0.0039026 -0.0022600 0.0018348 0.9999881
1769789862.568352 0.1258509 -0.0167707 0.0261963 0.0054829 -0.0003808 0.0029385 0.9999806
1769789862.835013 0.1419475 -0.0077357 0.0343502 0.0067266 0.0020594 0.0018014 0.9999737
1769789863.101689 0.1686769 0.0129340 0.0386297 0.0093618 0.0041406 0.0011596 0.9999470
1769789863.368361 0.1940162 0.0309393 0.0419031 0.0093530 0.0062711 0.0016729 0.9999352
1769789863.601687 0.2130282 0.0542247 0.0461104 0.0107192 0.0090301 0.0021723 0.9998994
1769789863.768398 0.2278340 0.0752114 0.0525358 0.0115608 0.0106735 0.0007041 0.9998760
1769789864.001686 0.2486513 0.1097854 0.0626895 0.0121797 0.0124939 -0.0005536 0.9998477
1769789864.201676 0.2655118 0.1333144 0.0710401 0.0118311 0.0139118 -0.0000635 0.9998333
1769789864.368364 0.2732196 0.1543603 0.0794044 0.0118789 0.0173996 -0.0019953 0.9997761
1769789864.568374 0.2855857 0.1788032 0.0865516 0.0112097 0.0175534 -0.0020751 0.9997810
1769789864.801749 0.2974476 0.2030459 0.0942244 0.0100330 0.0172254 -0.0029899 0.9997968
1769789865.068375 0.3031621 0.2330763 0.0976588 0.0107646 0.0169157 -0.0053180 0.9997848
1769789865.301702 0.3097837 0.2505033 0.0988605 0.0105760 0.0151096 -0.0070352 0.9998052
1769789865.735048 0.3033614 0.2668515 0.0967074 0.0128159 0.0122869 -0.0083891 0.9998072
1769789866.235041 0.2738018 0.2426094 0.0838769 0.0152571 0.0121940 -0.0086954 0.9997714
1769789866.501696 0.2488864 0.2030524 0.0661059 0.0167508 0.0116117 -0.0038024 0.9997851
1769789866.701704 0.2298626 0.1801664 0.0618062 0.0218996 0.0107930 -0.0039476 0.9996941
1769789866.835039 0.2146415 0.1657882 0.0574792 0.0266407 0.0096073 -0.0047631 0.9995875
1769789866.935038 0.2014409 0.1459903 0.0458858 0.0307882 0.0084207 -0.0036858 0.9994837
1769789867.035031 0.1890124 0.1340080 0.0454468 0.0375466 0.0064234 -0.0061452 0.9992554
1769789867.168369 0.1712799 0.0942863 0.0344572 0.0459602 0.0040212 -0.0040086 0.9989272
1769789867.301699 0.1564373 0.0597659 0.0268832 0.0540943 -0.0048439 -0.0037882 0.9985169
1769789867.435035 0.1352195 0.0069850 0.0185194 0.0593284 -0.0159842 -0.0024554 0.9981076
1769789867.568369 0.1156867 -0.0497636 0.0122538 0.0628147 -0.0300000 -0.0010181 0.9975737
1769789867.835031 0.0635313 -0.1544036 0.0112816 0.0606514 -0.0455913 0.0031535 0.9971123
1769789867.901706 0.0532074 -0.1765325 0.0141069 0.0574551 -0.0431076 0.0068377 0.9973936
1769789867.935032 0.0552138 -0.1743861 0.0344150 0.0579794 -0.0410348 0.0049853 0.9974617
1769789867.968362 0.0387948 -0.1838885 0.0079939 0.0486175 -0.0380072 0.0051198 0.9980810
1769789868.001699 0.0322494 -0.1830159 0.0151364 0.0360157 -0.0362074 0.0034686 0.9986891
1769789868.101699 0.0094687 -0.1985473 0.0206681 0.0016574 -0.0295550 0.0007792 0.9995615
1769789868.201698 -0.0133516 -0.2159806 0.0317640 -0.0187887 -0.0242009 -0.0004783 0.9995304
1769789868.368370 -0.0446016 -0.2534423 0.0280685 -0.0465294 -0.0185957 -0.0018680 0.9987420
1769789868.535032 -0.0763481 -0.2921279 0.0303992 -0.0622193 -0.0149176 -0.0034655 0.9979450
1769789868.668367 -0.1042402 -0.3291478 0.0340311 -0.0678978 -0.0108898 -0.0040492 0.9976246
1769789868.768362 -0.1240821 -0.3568322 0.0342587 -0.0686246 -0.0084704 -0.0050776 0.9975937
1769789869.001699 0.3016149 -0.5790627 0.0135505 -0.0765604 -0.0554507 -0.0043157 0.9955125
1769789870.768370 0.1120213 -0.6539571 -0.0052652 -0.0410415 -0.0418416 0.0043042 0.9982717
1769789870.868373 0.1161635 -0.6390001 -0.0070306 -0.0421696 -0.0427255 0.0048505 0.9981847
1769789871.001704 0.1087092 -0.6490247 -0.0121394 -0.0474183 -0.0430074 0.0053265 0.9979346
1769789871.468376 0.1026381 -0.5257384 -0.0264488 -0.0489598 -0.0441362 0.0048791 0.9978132
1769789871.768373 -0.1799808 -0.1751318 0.0044604 -0.0197758 -0.0120595 0.0035005 0.9997256
1769789871.968370 -0.1906046 -0.1097834 0.0024916 -0.0185675 -0.0141606 -0.0620526 0.9977997
1769789872.268377 -0.2125336 -0.0049693 0.0710624 -0.0163472 -0.0158662 -0.1640534 0.9861884
1769789872.535053 -0.2102074 0.0638800 0.0385890 -0.0151058 -0.0174345 -0.2358562 0.9715141
1769789872.768376 -0.1986838 0.1208927 0.0405241 -0.0124340 -0.0168485 -0.2848953 0.9583299
1769789872.968442 -0.1823657 0.1454033 0.0399644 -0.0123784 -0.0159282 -0.3122754 0.9497775
1769789873.235034 -0.1531069 0.1679439 0.0112856 -0.0110557 -0.0163219 -0.3327172 0.9428206
1769789873.501709 -0.1091271 0.1634462 0.0084845 -0.0108200 -0.0183734 -0.3363161 0.9415078
1769789873.768381 -0.0572689 0.1392573 0.0127791 -0.0105899 -0.0184510 -0.3212086 0.9467695
1769789873.901714 -0.0302405 0.1144615 0.0137223 -0.0117246 -0.0180934 -0.3044051 0.9522987
1769789874.001709 -0.0005651 0.0935436 0.0070047 -0.0114313 -0.0191373 -0.2846155 0.9583826
1769789874.068367 0.0156270 0.0749505 -0.0026196 -0.0121379 -0.0184522 -0.2711010 0.9622976
1769789874.135047 0.0326597 0.0587161 0.0041442 -0.0122182 -0.0177007 -0.2523814 0.9673887
1769789874.201710 0.0514758 0.0417098 0.0023428 -0.0121757 -0.0176901 -0.2318265 0.9725201
1769789874.268373 0.0734233 0.0196778 0.0218327 -0.0131561 -0.0180173 -0.2097385 0.9775030
1769789874.301701 0.0819037 0.0131692 0.0300783 -0.0121820 -0.0176827 -0.1991741 0.9797289
1769789874.368377 0.1075395 -0.0024857 0.0405768 -0.0109374 -0.0184528 -0.1787796 0.9836553
1769789874.435041 0.1286925 -0.0222245 0.0477320 -0.0112418 -0.0190669 -0.1599862 0.9868711
1769789874.468381 0.1341130 -0.0309760 0.0584953 -0.0112399 -0.0176187 -0.1527404 0.9880453
1769789874.535044 0.1500886 -0.0445234 0.0780130 -0.0077899 -0.0162718 -0.1420630 0.9896932
1769789874.668377 0.1977054 -0.0794657 0.0574600 0.0045070 -0.0157879 -0.1340062 0.9908445
1769789874.768367 0.2122003 -0.1068055 0.0774560 0.0127438 -0.0080543 -0.1341695 0.9908437
1769789874.868371 0.2366927 -0.1342009 0.0780353 0.0223492 -0.0011248 -0.1329638 0.9908683
1769789875.035039 0.2579559 -0.1787966 0.0980861 0.0384046 0.0157508 -0.1311638 0.9904913
1769789875.135035 0.2756472 -0.2128236 0.0922765 0.0429988 0.0279746 -0.1289045 0.9903293
1769789875.268368 0.2881385 -0.2270977 0.1029718 0.0517621 0.0507134 -0.1238640 0.9896498
1769789875.368416 0.3040490 -0.2480524 0.1130186 0.0545500 0.0673614 -0.1225844 0.9886657
1769789875.468415 0.3262324 -0.2587180 0.1255470 0.0567883 0.0836031 -0.1181199 0.9878427
1769789875.701703 0.3624748 -0.3047580 0.1303839 0.0410334 0.1006023 -0.1164326 0.9872380
1769789875.801704 0.3669737 -0.3149494 0.1003161 0.0039516 0.0867576 -0.0960548 0.9915801
1769789875.968407 0.3567649 -0.3339415 0.0645012 -0.0318391 0.0621321 -0.0586357 0.9958352
1769789876.068387 0.3688976 -0.3511255 0.0608106 -0.0489068 0.0500967 -0.0405363 0.9967223
1769789876.201720 0.3768860 -0.3634584 0.0508359 -0.0623562 0.0383802 -0.0197097 0.9971210
1769789876.468368 0.4125791 -0.4009298 0.0422174 -0.0708542 0.0224788 0.0131279 0.9971470
1769789876.501715 0.4152212 -0.4051836 0.0437814 -0.0708479 0.0218203 0.0154489 0.9971288
1769789876.768366 0.4499637 -0.4292431 0.0438607 -0.0567170 0.0150138 0.0293423 0.9978461
1769789877.101722 0.4672195 -0.4335777 0.0351838 -0.0283172 0.0155034 0.0307296 0.9990063
1769789877.601707 0.4902923 -0.4124849 0.0321455 -0.0071364 0.0157077 0.0342954 0.9992629
1769789878.201708 0.5220484 -0.3632904 0.0342433 0.0014914 0.0175243 0.0392093 0.9990762
1769789878.701710 0.5263805 -0.3093468 0.0404007 -0.0031616 0.0200573 0.0439301 0.9988283
1769789879.135069 0.5229563 -0.2617036 0.0430117 -0.0125556 0.0210006 0.0466128 0.9986134
1769789879.535025 0.5139683 -0.2060551 0.0360452 -0.0203100 0.0204038 0.0483745 0.9984143
1769789879.935028 0.5037537 -0.1581260 0.0287245 -0.0267835 0.0164719 0.0520419 0.9981498
1769789880.301687 0.4798417 -0.1213432 0.0108850 -0.0312582 0.0146387 0.0520490 0.9980479
1769789880.668391 0.4544654 -0.0959283 0.0222140 -0.0353548 0.0112964 0.0482174 0.9981471
1769789881.035029 0.4333883 -0.0850646 0.0238767 -0.0360558 0.0071491 0.0487667 0.9981337
1769789881.368367 0.4017797 -0.0987903 0.0151174 -0.0354824 0.0052366 0.0483409 0.9981868
1769789881.601720 0.3823577 -0.1109368 0.0143278 -0.0330031 0.0032219 0.0461448 0.9983842
1769789881.768373 0.3618957 -0.1436148 -0.0057844 -0.0334459 0.0024459 0.0494755 0.9982122
1769789881.868354 0.3481946 -0.1631975 -0.0066856 -0.0328726 0.0026228 0.0487063 0.9982687
1769789881.968354 0.3500708 -0.1972350 -0.0367840 -0.0337829 -0.0011243 0.0511545 0.9981186
1769789882.068361 0.3277851 -0.2197225 -0.0472457 -0.0324326 -0.0002438 0.0518440 0.9981284
1769789882.201712 0.2996531 -0.2629025 -0.0960884 -0.0329408 -0.0005443 0.0492319 0.9982439
1769789882.301687 0.2782448 -0.2873666 -0.1206055 -0.0291474 -0.0002321 0.0535341 0.9981405
1769789882.368363 0.2778055 -0.2987342 -0.1355728 -0.0254814 -0.0020752 0.0562803 0.9980876
1769789882.501687 0.2669712 -0.3404339 -0.1744954 -0.0176211 -0.0047333 0.0588689 0.9980990
1769789882.635040 0.2388317 -0.3903025 -0.2028620 -0.0093319 -0.0058212 0.0590040 0.9981971
1769789882.801696 0.2439432 -0.3941175 -0.2148522 0.0091232 -0.0146043 0.0558627 0.9982900
1769789882.935022 0.2307241 -0.4195096 -0.2263987 0.0227047 -0.0167713 0.0636706 0.9975717
1769789883.101696 0.2349350 -0.4432622 -0.2497647 0.0359223 -0.0330460 0.0573523 0.9971601
1769789883.201688 0.1905190 -0.4637702 -0.2198385 0.0460191 -0.0358569 0.0565679 0.9966928
1769789883.268355 0.1681826 -0.4817996 -0.2047700 0.0514529 -0.0406137 0.0558744 0.9962837
1769789883.401687 0.1084244 -0.5001773 -0.0969770 0.0513386 -0.0501409 0.0225076 0.9971678
1769789883.435024 0.0871661 -0.5002475 -0.0521322 0.0521842 -0.0532109 0.0032027 0.9972137
1769789883.501708 0.0934487 -0.5048201 -0.0753405 0.0537491 -0.0640301 0.0076132 0.9964704
1769789883.535030 0.0922802 -0.5066792 -0.0684311 0.0541788 -0.0671206 0.0093284 0.9962291
1769789883.568353 0.0861799 -0.5059013 -0.0802772 0.0548800 -0.0686900 0.0092698 0.9960843
1769789883.701689 0.0857834 -0.5100864 -0.0902106 0.0447537 -0.0725349 0.0149308 0.9962494
1769789883.735024 0.0853312 -0.5034215 -0.0771487 0.0319607 -0.0720927 0.0153669 0.9967673
1769789883.768375 0.0892303 -0.5002052 -0.0402980 0.0167104 -0.0711612 0.0178946 0.9971643
1769789883.801694 0.0888614 -0.5009822 -0.0157945 0.0039899 -0.0690789 0.0185155 0.9974314
1769789883.835019 0.0712982 -0.4894109 -0.0050815 -0.0044571 -0.0658549 0.0133757 0.9977296
1769789883.868361 0.0650362 -0.4916779 0.0144863 -0.0133217 -0.0630754 0.0131373 0.9978334
1769789883.968364 0.0420451 -0.5044752 0.0300904 -0.0338016 -0.0558200 0.0105575 0.9978127
1769789884.068354 0.0229391 -0.5337259 0.0228611 -0.0532113 -0.0495626 0.0049682 0.9973402
1769789884.235022 -0.0069928 -0.5742152 0.0090648 -0.0719220 -0.0403876 0.0004314 0.9965922
1769789884.368352 -0.0275710 -0.6166468 -0.0262705 -0.0792074 -0.0350250 -0.0004521 0.9962426
1769789884.501737 0.1729167 -0.7144367 -0.0207360 -0.0864252 -0.0560451 0.0024938 0.9946775
1769789884.635018 0.1674795 -0.7220366 -0.0084977 -0.0792671 -0.0524196 0.0019877 0.9954723
1769789886.368362 0.1018910 -0.6736351 -0.0049797 -0.0425114 -0.0418926 0.0052761 0.9982034
1769789886.535026 0.0928947 -0.6350899 -0.0090305 -0.0432688 -0.0418428 0.0047370 0.9981756
1769789886.601701 0.0923734 -0.6145763 -0.0132596 -0.0426689 -0.0421667 0.0047154 0.9981880
1769789886.768421 0.0855964 -0.5772236 -0.0187972 -0.0440733 -0.0419358 0.0046706 0.9981368
1769789887.068358 0.0794750 -0.4666299 -0.0271823 -0.0419871 -0.0424030 0.0045864 0.9982074
1769789887.335028 -0.0681067 -0.3489053 -0.0458416 -0.0382764 -0.0264669 0.0067713 0.9988937
1769789887.601694 -0.0613700 -0.2888905 -0.0584990 -0.0382305 -0.0335113 -0.0710403 0.9961771
1769789887.768359 -0.1003441 -0.1934195 0.0239673 -0.0325286 -0.0297098 -0.1338708 0.9900191
1769789888.035047 -0.1011415 -0.1219908 -0.0061905 -0.0299144 -0.0327973 -0.2127519 0.9760974
1769789888.201692 -0.0962886 -0.0799363 -0.0127593 -0.0276048 -0.0331928 -0.2504961 0.9671546
1769789888.468356 -0.0810817 -0.0306191 -0.0001647 -0.0266442 -0.0334798 -0.3006046 0.9527886
1769789888.701690 -0.0607149 -0.0046754 -0.0053283 -0.0247707 -0.0335395 -0.3259494 0.9444673
1769789888.835023 -0.0465325 0.0007750 -0.0044273 -0.0253695 -0.0337367 -0.3351677 0.9412124
1769789888.968372 -0.0277698 0.0033341 0.0116118 -0.0258931 -0.0344108 -0.3402489 0.9393488
1769789889.168358 0.0024851 -0.0070531 0.0081805 -0.0255208 -0.0342631 -0.3382000 0.9401040
1769789889.368369 0.0369434 -0.0303733 0.0132191 -0.0267876 -0.0331058 -0.3245587 0.9449064
1769789889.535024 0.0772402 -0.0581978 0.0217448 -0.0264806 -0.0335396 -0.2991377 0.9532526
1769789889.668365 0.1077736 -0.0954864 0.0192270 -0.0297646 -0.0331603 -0.2705384 0.9616774
1769789889.735039 0.1190209 -0.1073457 0.0156052 -0.0284970 -0.0306240 -0.2528923 0.9665896
1769789889.801729 0.1275261 -0.1169371 0.0014280 -0.0266974 -0.0264868 -0.2345990 0.9713645
1769789889.835028 0.1337189 -0.1248597 -0.0137270 -0.0259445 -0.0259437 -0.2244965 0.9737839
1769789889.901691 0.1458921 -0.1443222 -0.0264627 -0.0261837 -0.0235507 -0.2063945 0.9778349
1769789889.968381 0.1696327 -0.1618071 -0.0146319 -0.0264778 -0.0237839 -0.1878355 0.9815555
1769789890.135035 0.2177989 -0.2116716 -0.0034320 -0.0242721 -0.0226106 -0.1495208 0.9882020
1769789890.268366 0.2669463 -0.2509034 -0.0047966 -0.0141007 -0.0232572 -0.1408557 0.9896565
1769789890.368358 0.2854573 -0.2709627 0.0037759 -0.0039426 -0.0170581 -0.1384265 0.9902180
1769789890.435044 0.3013914 -0.2888833 0.0044407 0.0022878 -0.0129306 -0.1379874 0.9903470
1769789890.568365 0.3250891 -0.3191638 0.0252666 0.0141017 -0.0004642 -0.1356889 0.9906510
1769789890.735027 0.3590628 -0.3662153 0.0124121 0.0273440 0.0174136 -0.1327923 0.9906136
1769789890.868357 0.3476054 -0.3749108 0.0707089 0.0359159 0.0450131 -0.1316485 0.9896224
1769789891.001713 0.3642972 -0.3933135 0.0947910 0.0403280 0.0684994 -0.1283711 0.9885355
1769789891.201695 0.4330251 -0.4454657 0.1530647 0.0344789 0.0897062 -0.1239695 0.9876212
1769789891.301691 0.4589575 -0.4487749 0.1435121 0.0239894 0.0885103 -0.1208581 0.9884249
1769789891.435030 0.4931392 -0.4568503 0.1228603 -0.0245733 0.0667268 -0.1021489 0.9922245
1769789891.601708 0.5317952 -0.4824200 0.1486306 -0.0588816 0.0415766 -0.0776139 0.9943744
1769789891.801709 0.5912996 -0.5145334 0.1456179 -0.0836986 0.0165065 -0.0402960 0.9955392
1769789892.135022 0.6752758 -0.6071758 0.1583266 -0.1004692 -0.0057785 -0.0109203 0.9948635
1769789892.301691 0.7100023 -0.6346400 0.1564396 -0.0912402 -0.0112237 0.0016039 0.9957644
1769789892.568376 0.7678550 -0.6875540 0.1626886 -0.0722099 -0.0170784 0.0131182 0.9971570
1769789892.968367 0.8405415 -0.7159932 0.1980740 -0.0531091 -0.0218557 0.0219324 0.9981086
1769789893.401701 0.9000739 -0.6794658 0.1922686 -0.0402998 -0.0270565 0.0257972 0.9984881
1769789893.835033 0.9290877 -0.5975952 0.1908253 -0.0322475 -0.0269555 0.0217110 0.9988804
1769789894.168391 0.8918321 -0.5333321 0.1503068 -0.0303346 -0.0211696 0.0244968 0.9990153
1769789894.535036 0.9566141 -0.4460344 0.1830796 -0.0310253 -0.0275861 0.0168873 0.9989951
1769789894.868364 0.8478479 -0.3338140 0.1109747 -0.0292517 -0.0144640 0.0169391 0.9993238
1769789895.068367 0.8258811 -0.2667241 0.1227985 -0.0281152 -0.0117060 0.0180521 0.9993731
1769789895.301694 0.8223790 -0.1944465 0.1265446 -0.0272427 -0.0143867 0.0265870 0.9991717
1769789895.468369 0.8033202 -0.1746151 0.1123995 -0.0303372 -0.0112722 0.0153558 0.9993582
1769789895.668367 0.7899532 -0.1226167 0.1236994 -0.0298295 -0.0127292 0.0199568 0.9992747
1769789895.835029 0.7752451 -0.1018007 0.1207529 -0.0323672 -0.0135312 0.0146296 0.9992774
1769789896.001705 0.7568144 -0.0763539 0.1138826 -0.0322038 -0.0125252 0.0120022 0.9993308
1769789896.201694 0.7346165 -0.0566210 0.1077080 -0.0333463 -0.0119853 0.0086851 0.9993343
1769789896.401693 0.7180002 -0.0464363 0.0981474 -0.0348182 -0.0142515 0.0070471 0.9992672
1769789896.568363 0.6986145 -0.0427480 0.0935201 -0.0361935 -0.0147426 0.0066054 0.9992142
1769789896.835029 0.6676802 -0.0496719 0.0807320 -0.0361275 -0.0158252 0.0058068 0.9992050
1769789897.035041 0.6469257 -0.0635901 0.0739757 -0.0356076 -0.0174517 0.0067456 0.9991907
1769789897.268363 0.6189627 -0.0914965 0.0629995 -0.0345159 -0.0186866 0.0102482 0.9991769
1769789897.435059 0.5968717 -0.1215348 0.0516383 -0.0338096 -0.0192321 0.0110726 0.9991819
1769789897.568364 0.5786201 -0.1485484 0.0422636 -0.0327448 -0.0197467 0.0128149 0.9991865
1769789897.668378 0.5697483 -0.1680221 0.0349821 -0.0310758 -0.0212205 0.0151632 0.9991767
1769789897.701692 0.5606259 -0.1763898 0.0337940 -0.0309580 -0.0197074 0.0151950 0.9992109
1769789897.868377 0.5305156 -0.2232164 0.0323677 -0.0303507 -0.0192500 0.0137260 0.9992597
1769789897.901694 0.5264581 -0.2245826 0.0273086 -0.0274608 -0.0191442 0.0144643 0.9993349
1769789897.935032 0.5233030 -0.2355085 0.0246199 -0.0275650 -0.0196139 0.0157287 0.9993038
1769789898.001696 0.5104986 -0.2512361 0.0205448 -0.0260830 -0.0191563 0.0129252 0.9993926
1769789898.035046 0.5107446 -0.2560062 0.0097447 -0.0229655 -0.0203729 0.0148284 0.9994187
1769789898.201698 0.5097331 -0.2398096 0.0282362 -0.0046222 -0.0233134 0.0041592 0.9997089
1769789898.268372 0.5020546 -0.2614434 0.0120782 -0.0004856 -0.0256497 0.0064870 0.9996498
1769789898.301699 0.4989809 -0.2614256 0.0022031 0.0046779 -0.0270326 0.0073363 0.9995967
1769789898.435037 0.4815713 -0.2942035 0.0035332 0.0132160 -0.0316772 0.0071578 0.9993852
1769789898.535032 0.4738841 -0.3153702 0.0064177 0.0225923 -0.0349466 0.0069310 0.9991098
1769789898.601693 0.4658134 -0.3387556 0.0089882 0.0265642 -0.0398961 0.0096417 0.9988042
1769789898.668358 0.4620202 -0.3441513 0.0068179 0.0337041 -0.0464823 0.0060970 0.9983317
1769789898.735024 0.4559345 -0.3512847 0.0084250 0.0396369 -0.0533138 0.0023281 0.9977881
1769789898.801702 0.4539923 -0.3542801 0.0051800 0.0461721 -0.0624729 0.0003059 0.9969780
1769789898.935026 0.4587489 -0.3571993 -0.0069532 0.0599717 -0.0853041 0.0014404 0.9945474
1769789898.968357 0.4479672 -0.3551937 0.0051058 0.0636456 -0.0888362 -0.0041596 0.9940020
1769789899.001739 0.4433871 -0.3646614 -0.0012028 0.0642682 -0.0929835 -0.0065804 0.9935696
1769789899.035059 0.4422244 -0.3654182 -0.0047249 0.0665209 -0.0984931 -0.0063243 0.9928918
1769789899.101689 0.4368855 -0.3682438 -0.0084227 0.0681128 -0.1063369 -0.0062155 0.9919751
1769789899.135028 0.4343365 -0.3600122 0.0088907 0.0707977 -0.1103393 -0.0036039 0.9913627
1769789899.235034 0.4363584 -0.3617454 0.0112323 0.0690532 -0.1177497 0.0015833 0.9906383
1769789899.335026 0.3881802 -0.5141680 0.0216425 0.0294750 -0.1089198 0.0094577 0.9935685
1769789899.368361 0.3879147 -0.5159440 0.0519105 0.0143479 -0.1067714 0.0112223 0.9941167
1769789899.401692 0.3867087 -0.5177525 0.0859927 0.0010161 -0.1052121 0.0094505 0.9944044
1769789899.435024 0.3799168 -0.5183910 0.1009440 -0.0094971 -0.1018035 0.0110835 0.9946975
1769789899.568368 0.2948850 -0.5662713 0.0532747 -0.0425817 -0.0835342 0.0071192 0.9955693
1769789899.601693 0.3135146 -0.5808676 0.0263166 -0.0484501 -0.0858150 0.0102668 0.9950794
1769789899.701699 0.2971014 -0.6143293 0.0145156 -0.0660966 -0.0798024 0.0078255 0.9945861
1769789899.868359 0.2667650 -0.6519168 0.0145433 -0.0819217 -0.0715020 0.0039056 0.9940629
1769789900.168361 0.1713138 -0.7122709 0.0212494 -0.0823677 -0.0544455 0.0019946 0.9951117
1769789900.335030 0.1734094 -0.7088351 0.0359647 -0.0691984 -0.0511413 0.0016898 0.9962898
1769789900.835037 0.1748518 -0.7020633 0.0489174 -0.0442953 -0.0457169 0.0027023 0.9979683
1769789901.301693 0.1724777 -0.6984017 0.0474904 -0.0354095 -0.0464636 0.0041697 0.9982835
1769789901.768363 0.1658147 -0.6972271 0.0356681 -0.0407966 -0.0480352 0.0055073 0.9979970
1769789902.168361 0.1583698 -0.6941214 0.0241258 -0.0511993 -0.0493572 0.0060509 0.9974497
1769789903.568341 0.1186018 -0.2314427 -0.0241221 -0.0359818 -0.0602607 -0.1945934 0.9783698
1769789903.635000 0.1195308 -0.2108204 -0.0311595 -0.0343196 -0.0598590 -0.2125866 0.9747031
1769789903.701671 0.1218822 -0.1935009 -0.0433844 -0.0327859 -0.0598981 -0.2288990 0.9710523
1769789903.901664 0.1263597 -0.1485708 -0.0306872 -0.0305461 -0.0604095 -0.2728965 0.9596589
1769789904.101674 0.1419952 -0.1121128 -0.0239617 -0.0275113 -0.0600473 -0.3043351 0.9502724
1769789904.301701 0.1580505 -0.0912339 -0.0187306 -0.0264469 -0.0606399 -0.3249807 0.9434039
1769789904.468330 0.1796617 -0.0852089 -0.0105609 -0.0261546 -0.0616622 -0.3345338 0.9400005
1769789904.668343 0.2108713 -0.0873264 -0.0321319 -0.0245990 -0.0618724 -0.3367992 0.9392194
1769789904.801670 0.2331185 -0.0966825 -0.0181985 -0.0254727 -0.0622011 -0.3324588 0.9407196
1769789904.935012 0.2583668 -0.1101044 -0.0103598 -0.0260029 -0.0616517 -0.3232745 0.9439367
1769789905.034996 0.2760769 -0.1272006 -0.0082122 -0.0273598 -0.0607302 -0.3124286 0.9476031
1769789905.134998 0.2983046 -0.1443156 0.0006262 -0.0280100 -0.0602254 -0.2968755 0.9526034
1769789905.201665 0.3156851 -0.1592787 0.0103084 -0.0287377 -0.0603156 -0.2829596 0.9568020
1769789905.268335 0.3361279 -0.1755376 0.0212924 -0.0298414 -0.0606806 -0.2655393 0.9617257
1769789905.335001 0.3535357 -0.1900311 0.0309511 -0.0302413 -0.0601552 -0.2480227 0.9664117
1769789905.368339 0.3580878 -0.1978730 0.0365601 -0.0315661 -0.0588908 -0.2398997 0.9684955
1769789905.468337 0.3793898 -0.2219671 0.0387298 -0.0334070 -0.0549195 -0.2109330 0.9753846
1769789905.568327 0.4151540 -0.2511660 0.0332575 -0.0328245 -0.0553861 -0.1792629 0.9816923
1769789905.635000 0.4349889 -0.2704184 0.0245894 -0.0327928 -0.0547503 -0.1611198 0.9848693
1769789905.735002 0.4639494 -0.2972196 0.0386864 -0.0296925 -0.0536792 -0.1443183 0.9876280
1769789905.834997 0.4888251 -0.3239973 0.0443896 -0.0216793 -0.0508207 -0.1407737 0.9884989
1769789905.934996 0.5112774 -0.3461910 0.0558016 -0.0122547 -0.0456684 -0.1394049 0.9891059
1769789906.101685 0.5547886 -0.3915761 0.0598372 0.0022929 -0.0353093 -0.1340030 0.9903490
1769789906.401671 0.5951475 -0.4164561 0.1415667 0.0327538 0.0051582 -0.1324752 0.9906316
1769789906.668328 0.6065326 -0.4562507 0.2015094 0.0385721 0.0536648 -0.1255815 0.9898796
1769789906.934994 0.6930264 -0.5157597 0.1960566 0.0039596 0.0572974 -0.1202358 0.9910825
1769789907.034999 0.7138339 -0.5088881 0.2287254 -0.0289240 0.0419857 -0.1046621 0.9932001
1769789907.235011 0.7891398 -0.5696504 0.1985836 -0.0739972 0.0051825 -0.0704811 0.9947512
1769789907.868344 0.8895084 -0.6631539 0.1848706 -0.0969904 -0.0341628 0.0024405 0.9946958
1769789908.168330 0.9217797 -0.6626745 0.2046736 -0.0702013 -0.0363416 0.0064518 0.9968498
1769789908.601666 0.9295271 -0.6653990 0.1892397 -0.0453780 -0.0339164 0.0122221 0.9983192
1769789909.101720 0.9813266 -0.6237090 0.2058680 -0.0333146 -0.0365654 0.0134460 0.9986853
1769789909.534993 1.0050486 -0.5287978 0.2126514 -0.0248740 -0.0363964 0.0133247 0.9989390
1769789909.868361 1.0089729 -0.4964744 0.1966437 -0.0296202 -0.0353301 0.0158622 0.9988107
1769789910.568406 0.9906520 -0.4216470 0.1731380 -0.0450027 -0.0318448 0.0203731 0.9982713
1769789910.835027 0.9812312 -0.3576823 0.1591063 -0.0462939 -0.0319077 0.0187322 0.9982424
1769789911.035033 0.9748359 -0.3215611 0.1496897 -0.0490383 -0.0331029 0.0170554 0.9981025
1769789911.268358 0.9627512 -0.2766623 0.1258367 -0.0499282 -0.0335169 0.0155536 0.9980691
1769789911.535019 0.9406857 -0.2377335 0.1100123 -0.0516541 -0.0337531 0.0118142 0.9980246
1769789911.801693 0.9137032 -0.2076465 0.1029867 -0.0521579 -0.0343627 0.0099343 0.9979981
1769789911.901698 0.9059288 -0.2024504 0.0975342 -0.0530117 -0.0353643 0.0097111 0.9979203
1769789912.101691 0.8878137 -0.1925162 0.0886210 -0.0530831 -0.0363386 0.0095928 0.9978826
1769789912.501691 0.8443798 -0.2020820 0.0748234 -0.0532561 -0.0385781 0.0094843 0.9977903
1769789912.735032 0.8152542 -0.2202848 0.0675134 -0.0522206 -0.0395762 0.0102781 0.9977981
1769789912.901701 0.7972348 -0.2473553 0.0559190 -0.0518850 -0.0402918 0.0125285 0.9977612
1769789913.068362 0.7772161 -0.2745509 0.0552024 -0.0510131 -0.0417233 0.0144162 0.9977219
1769789913.235028 0.7536178 -0.3138347 0.0425670 -0.0505634 -0.0417825 0.0148351 0.9977362
1769789913.335020 0.7402766 -0.3341721 0.0406766 -0.0481707 -0.0417718 0.0191611 0.9977813
1769789913.401689 0.7261233 -0.3430690 0.0447506 -0.0460645 -0.0408579 0.0195902 0.9979103
1769789913.535021 0.7234486 -0.3046730 0.0765478 -0.0353120 -0.0423917 0.0137203 0.9983826
1769789913.601690 0.7150779 -0.3109845 0.0690484 -0.0313130 -0.0433389 0.0122575 0.9984944
1769789913.668365 0.7107939 -0.3304416 0.0566324 -0.0272412 -0.0441575 0.0119697 0.9985813
1769789913.701686 0.7005852 -0.3347374 0.0579158 -0.0254898 -0.0431814 0.0099624 0.9986923
1769789913.835022 0.6778060 -0.3392327 0.0765122 -0.0125054 -0.0427792 0.0011886 0.9990056
1769789913.935017 0.6698672 -0.3554873 0.0692983 -0.0032804 -0.0469228 0.0033165 0.9988877
1769789913.968353 0.6686406 -0.3623335 0.0635151 -0.0006243 -0.0487897 0.0037830 0.9988017
1769789914.101696 0.6685189 -0.3954827 0.0502665 0.0098781 -0.0552972 0.0066378 0.9983990
1769789914.201700 0.6620250 -0.4155450 0.0442298 0.0192738 -0.0624902 0.0082686 0.9978253
1769789914.368358 0.6465738 -0.4681133 0.0584279 0.0327941 -0.0804473 0.0078306 0.9961885
1769789914.501688 0.6323024 -0.4879207 0.0790940 0.0448601 -0.0991162 0.0040842 0.9940557
1769789914.568350 0.6310057 -0.4912495 0.0633357 0.0507833 -0.1092252 0.0015520 0.9927177
1769789914.635026 0.6288975 -0.4912795 0.0665071 0.0555427 -0.1193939 0.0030495 0.9912875
1769789914.668356 0.6244118 -0.4967504 0.0657826 0.0556266 -0.1234586 0.0016386 0.9907880
1769789914.701689 0.6299582 -0.4945148 0.0592675 0.0576572 -0.1286255 0.0063736 0.9899952
1769789914.735027 0.6228967 -0.4922531 0.0595349 0.0585182 -0.1310188 0.0055910 0.9896355
1769789914.768353 0.6278349 -0.5007837 0.0439783 0.0567899 -0.1350566 0.0050769 0.9891961
1769789914.801700 0.6194714 -0.4900348 0.0704449 0.0583581 -0.1364361 0.0092503 0.9888852
1769789914.868361 0.6095260 -0.4976927 0.0781125 0.0542428 -0.1359374 0.0082884 0.9891967
1769789916.601686 0.1730387 -0.7018992 0.0488254 -0.0388714 -0.0457547 0.0031380 0.9981912
1769789917.235018 0.1671316 -0.6970333 0.0430613 -0.0386358 -0.0473776 0.0049534 0.9981173
1769789917.701686 0.1606401 -0.7031237 0.0284412 -0.0503582 -0.0493860 0.0067321 0.9974867
1769789917.835025 0.1539807 -0.6661108 0.0264621 -0.0505502 -0.0489416 0.0058225 0.9975047
1769789918.001631 0.1503547 -0.6100525 0.0226277 -0.0495328 -0.0495068 0.0051488 0.9975315
1769789919.834967 0.1505772 -0.0940942 -0.0015274 -0.0262732 -0.0602787 -0.3208477 0.9448455
1769789920.234962 0.2078969 -0.0864276 -0.0406480 -0.0242912 -0.0619368 -0.3371606 0.9390935
1769789920.434974 0.2408694 -0.1004835 -0.0251647 -0.0251630 -0.0617138 -0.3311953 0.9412056
1769789920.568297 0.2633637 -0.1203460 -0.0185303 -0.0270434 -0.0606839 -0.3208826 0.9447860
1769789920.668301 0.2854074 -0.1360114 -0.0050361 -0.0278428 -0.0604489 -0.3079430 0.9490742
1769789920.868311 0.3337536 -0.1734131 0.0239256 -0.0293729 -0.0591302 -0.2680205 0.9611483
1769789920.968310 0.3545653 -0.1951407 0.0366856 -0.0301319 -0.0570924 -0.2407442 0.9684393
1769789921.035012 0.3606594 -0.2042038 0.0322143 -0.0289707 -0.0524504 -0.2234775 0.9728656
1769789921.101634 0.3638581 -0.2158026 0.0308561 -0.0279314 -0.0469799 -0.2072436 0.9767614
1769789921.168308 0.3685559 -0.2255209 0.0378943 -0.0255147 -0.0411172 -0.1919662 0.9802078
1769789921.234971 0.4126634 -0.2619893 0.0370093 -0.0304772 -0.0478511 -0.1686842 0.9840361
1769789921.301633 0.4364076 -0.2802730 0.0186429 -0.0278926 -0.0493089 -0.1569056 0.9859875
1769789921.401634 0.4679455 -0.3176595 0.0348122 -0.0254012 -0.0491829 -0.1481417 0.9874158
1769789921.468299 0.4774223 -0.3254854 0.0361931 -0.0163161 -0.0440508 -0.1479624 0.9878767
1769789921.534967 0.4863233 -0.3345108 0.0434686 -0.0075553 -0.0379116 -0.1456644 0.9885786
1769789921.601641 0.4991221 -0.3473985 0.0553203 -0.0006449 -0.0325475 -0.1441002 0.9890275
1769789921.701639 0.5302298 -0.3780868 0.0567054 0.0073820 -0.0270765 -0.1400963 0.9897401
1769789921.801631 0.5559602 -0.3999500 0.0567934 0.0184456 -0.0207171 -0.1367185 0.9902215
1769789921.934965 0.5718208 -0.4368466 0.0797088 0.0252484 -0.0032882 -0.1353325 0.9904730
1769789922.001630 0.5668040 -0.4363652 0.0882652 0.0298742 0.0096000 -0.1348843 0.9903644
1769789922.101631 0.5579894 -0.4343302 0.1087895 0.0353725 0.0304494 -0.1360577 0.9896010
1769789922.201636 0.5670503 -0.4552993 0.1323637 0.0357585 0.0485615 -0.1362313 0.9888398
1769789922.301630 0.5990274 -0.4858003 0.1461010 0.0334072 0.0610008 -0.1333835 0.9886211
1769789922.468321 0.6524214 -0.5320858 0.1516532 0.0222764 0.0678699 -0.1328803 0.9885547
1769789922.601641 0.6823440 -0.5346001 0.1390680 -0.0271535 0.0491776 -0.1176280 0.9914676
1769789922.701650 0.7108771 -0.5480416 0.1342596 -0.0500298 0.0299905 -0.0976213 0.9935128
1769789922.868311 0.7613634 -0.5729257 0.1363871 -0.0787223 0.0055304 -0.0662930 0.9946746
1769789922.901628 0.7672684 -0.5752530 0.1434897 -0.0830654 0.0024112 -0.0615734 0.9946371
1769789922.934967 0.7783731 -0.5802023 0.1462470 -0.0869626 -0.0012272 -0.0549510 0.9946942
1769789923.134968 0.8400697 -0.6177865 0.1519980 -0.1010049 -0.0201995 -0.0232592 0.9944089
1769789923.534964 0.8837158 -0.6512309 0.1524026 -0.0883184 -0.0318162 0.0021071 0.9955819
1769789923.934969 0.9018979 -0.6605265 0.1396225 -0.0564768 -0.0317816 0.0053303 0.9978837
1769789924.434966 0.9644939 -0.6442723 0.1607949 -0.0383090 -0.0366804 0.0119649 0.9985208
1769789924.901659 0.9750251 -0.6060355 0.1531087 -0.0312745 -0.0332714 0.0136867 0.9988632
1769789925.468355 0.9822773 -0.5232325 0.1479850 -0.0329858 -0.0307012 0.0156067 0.9988623
1769789925.868356 0.9919914 -0.4296783 0.1347610 -0.0337865 -0.0314258 0.0169686 0.9987907
1769789926.235026 0.9964898 -0.4005266 0.1392114 -0.0437833 -0.0324171 0.0232088 0.9982452
1769789926.501699 0.9809182 -0.3474854 0.1310200 -0.0467096 -0.0317407 0.0181750 0.9982387
1769789926.701700 0.9713168 -0.3090828 0.1205719 -0.0485140 -0.0327030 0.0167924 0.9981458
1769789926.935031 0.9585336 -0.2663532 0.1072385 -0.0495305 -0.0335006 0.0153473 0.9980927
1769789927.168358 0.9370433 -0.2326888 0.0987674 -0.0505307 -0.0336709 0.0125862 0.9980754
1769789927.401731 0.9137937 -0.2080145 0.0912822 -0.0513144 -0.0340924 0.0105749 0.9980445
1769789927.735022 0.8804020 -0.1923733 0.0794461 -0.0529015 -0.0355164 0.0085453 0.9979314
1769789928.035023 0.8471227 -0.1994432 0.0784219 -0.0534000 -0.0373000 0.0084304 0.9978407
1769789928.301693 0.8205290 -0.2199156 0.0806210 -0.0528648 -0.0407664 0.0101034 0.9977181
1769789928.468353 0.7997890 -0.2424437 0.0675662 -0.0523114 -0.0408836 0.0112842 0.9977298
1769789928.635020 0.7767289 -0.2695277 0.0657295 -0.0518730 -0.0409768 0.0120022 0.9977404
1769789928.735017 0.7654342 -0.2875175 0.0607857 -0.0505720 -0.0417906 0.0144358 0.9977413
1769789928.901684 0.7460194 -0.3202020 0.0500452 -0.0478154 -0.0424509 0.0173062 0.9978036
1769789929.001686 0.7305343 -0.3437402 0.0438133 -0.0465496 -0.0424426 0.0175225 0.9978601
1769789929.068361 0.7196111 -0.3562767 0.0389038 -0.0446162 -0.0419891 0.0176144 0.9979660
1769789929.168355 0.7056045 -0.3819147 0.0256141 -0.0421715 -0.0425648 0.0174544 0.9980507
1769789929.268354 0.6959589 -0.4049878 0.0107363 -0.0358835 -0.0442117 0.0172485 0.9982285
1769789929.335024 0.6864585 -0.4180230 0.0054700 -0.0306579 -0.0448036 0.0154605 0.9984056
1769789929.435022 0.6704437 -0.4406509 0.0024830 -0.0235885 -0.0456543 0.0123849 0.9986020
1769789929.535023 0.6646097 -0.4568186 -0.0078817 -0.0141850 -0.0502757 0.0142762 0.9985326
1769789929.701691 0.6571082 -0.5067289 -0.0230458 -0.0012991 -0.0564122 0.0191022 0.9982240
1769789929.835028 0.6324232 -0.5217929 0.0042491 0.0099537 -0.0630038 0.0111282 0.9979016
1769789929.968396 0.6168499 -0.5679843 0.0082509 0.0202113 -0.0784954 0.0093925 0.9966654
1769789930.068385 0.5984554 -0.5940800 0.0352127 0.0290887 -0.0905045 0.0056640 0.9954550
1769789930.101704 0.5957630 -0.5967628 0.0343104 0.0324224 -0.0955559 0.0045143 0.9948857
1769789930.168377 0.5864724 -0.5914275 0.0534709 0.0394461 -0.1051825 0.0039229 0.9936626
1769789930.301717 0.5761147 -0.5852147 0.0762313 0.0473910 -0.1236641 0.0066098 0.9911698
1769789930.368359 0.5740432 -0.5858647 0.0821876 0.0475841 -0.1294978 0.0096674 0.9903902
1769789930.401701 0.5689291 -0.5848834 0.0922067 0.0466317 -0.1307006 0.0087345 0.9902861
1769789930.435032 0.5689832 -0.5810487 0.1040733 0.0468284 -0.1319994 0.0121293 0.9900688
1769789930.468357 0.5619876 -0.5812087 0.1074038 0.0454894 -0.1304541 0.0117581 0.9903405
1769789930.601693 0.4429106 -0.5735644 0.0708034 -0.0070820 -0.1090923 0.0126334 0.9939261
1769789930.635017 0.4414192 -0.5855986 0.0581165 -0.0175796 -0.1063563 0.0125863 0.9940930
1769789930.668361 0.4328828 -0.5895756 0.0626578 -0.0255800 -0.1031453 0.0120351 0.9942645
1769789930.701693 0.4270729 -0.5945600 0.0626064 -0.0322969 -0.1009026 0.0110327 0.9943108
1769789930.735020 0.4177923 -0.5991293 0.0679274 -0.0389054 -0.0982245 0.0104178 0.9943489
1769789930.868351 0.3945974 -0.6210933 0.0774314 -0.0619359 -0.0907886 0.0073695 0.9939151
1769789931.001692 0.3726165 -0.6461039 0.0787269 -0.0769359 -0.0845431 0.0049684 0.9934328
1769789931.168355 0.3458759 -0.6811239 0.0793695 -0.0860004 -0.0775234 0.0024213 0.9932715
1769789931.301698 0.3284921 -0.7052966 0.0774771 -0.0869994 -0.0724174 0.0020699 0.9935706
1769789931.435020 0.3129264 -0.7230639 0.0803453 -0.0838025 -0.0683631 0.0011848 0.9941339
1769789931.568353 0.3081708 -0.7240163 0.0860569 -0.0765513 -0.0653182 0.0012599 0.9949231
1769789931.768370 0.3120607 -0.7206181 0.0932551 -0.0648913 -0.0625020 0.0021305 0.9959308
1769789932.135024 0.3131579 -0.7167549 0.0966737 -0.0535970 -0.0589492 0.0028438 0.9968171
1769789932.601698 0.3116308 -0.7150305 0.0919143 -0.0499761 -0.0567772 0.0043428 0.9971258
1769789932.901684 0.3090818 -0.7189726 0.0827851 -0.0532572 -0.0553014 0.0057042 0.9970320
1769789933.034996 0.3091422 -0.6934839 0.0824435 -0.0524031 -0.0545967 0.0050865 0.9971195
1769789933.201671 0.3114882 -0.6552204 0.0808648 -0.0506317 -0.0542595 0.0045153 0.9972321
1769789933.368322 0.3158888 -0.6186885 0.0811251 -0.0492470 -0.0541878 0.0041473 0.9973070
1769789933.501657 0.3220942 -0.5893878 0.0799475 -0.0486474 -0.0540434 0.0039668 0.9973450
1769789933.668334 0.3304095 -0.5576744 0.0742855 -0.0479057 -0.0546068 0.0040900 0.9973497
1769789933.868321 0.3433532 -0.5187742 0.0743900 -0.0470375 -0.0545380 0.0036443 0.9973965
1769789934.134984 0.3626660 -0.4786498 0.0662075 -0.0470990 -0.0550023 0.0035870 0.9973683
1769789934.468324 0.3907869 -0.4373917 0.0659036 -0.0468765 -0.0554074 0.0028836 0.9973587
1769789934.935032 0.4302515 -0.4063481 0.0654366 -0.0479970 -0.0561939 0.0039533 0.9972577
1769789935.034989 0.4378178 -0.4038030 0.0653682 -0.0482781 -0.0558588 0.0043096 0.9972615
1769789935.301654 0.4615452 -0.4076729 0.0385983 -0.0494587 -0.0559078 0.0048064 0.9971986
1769789935.501651 0.4801449 -0.4088837 0.0194710 -0.0489279 -0.0564744 0.0050530 0.9971917
1769789935.868320 0.4994038 -0.4160271 0.0207881 -0.0492037 -0.0565532 0.0045510 0.9971761
1769789936.134982 0.5121168 -0.4206847 0.0238060 -0.0486215 -0.0570616 0.0044719 0.9971760
1769789936.501656 0.5250039 -0.4287212 0.0255478 -0.0485149 -0.0579946 0.0040296 0.9971293
1769789937.034983 0.5392420 -0.4371488 0.0305628 -0.0482273 -0.0600191 0.0045874 0.9970210
1769789938.768317 0.5513272 -0.4418947 0.0366054 -0.0495273 -0.0625672 0.0053718 0.9967967
