1769789857601677568.000000 0.000000000 0.000000000 0.000000000 -0.000000000 -0.000000000 -0.000000000 1.000000000
1769789860535015936.000000 0.016743198 -0.006997655 -0.001517986 0.001048122 -0.004039911 0.001298186 0.999990463
1769789860568345344.000000 0.017157638 -0.006271220 0.002300155 0.001263666 -0.003997733 0.001174924 0.999990523
1769789860868346880.000000 0.023358479 -0.009077910 0.006616092 0.000916455 -0.003767612 -0.000034904 0.999992490
1769789861001686528.000000 0.028764037 -0.010066953 0.007901435 0.001661268 -0.004146204 -0.000249331 0.999990046
1769789861168342272.000000 0.037410874 -0.012957539 0.013376247 0.001760681 -0.004685585 0.000583936 0.999987304
1769789861435033600.000000 0.050073024 -0.017589098 0.014215415 0.002271382 -0.004710841 0.000894792 0.999985933
1769789861768340992.000000 0.069809347 -0.025849013 0.008222242 0.002701576 -0.004234294 0.001839752 0.999985695
1769789862035008256.000000 0.090520173 -0.030511003 0.007053317 0.002714962 -0.003946196 0.002511068 0.999985397
1769789862301673984.000000 0.107232027 -0.025398077 0.017882142 0.003902593 -0.002260049 0.001834820 0.999988139
1769789862568351744.000000 0.125850931 -0.016770666 0.026196258 0.005482942 -0.000380766 0.002938532 0.999980628
1769789862835013120.000000 0.141947463 -0.007735717 0.034350198 0.006726637 0.002059383 0.001801414 0.999973655
1769789863101688832.000000 0.168676898 0.012933955 0.038629688 0.009361790 0.004140644 0.001159630 0.999946952
1769789863368360704.000000 0.194016203 0.030939339 0.041903093 0.009352976 0.006271110 0.001672944 0.999935210
1769789863601687552.000000 0.213028207 0.054224651 0.046110407 0.010719182 0.009030068 0.002172261 0.999899447
1769789863768398080.000000 0.227834046 0.075211413 0.052535795 0.011560803 0.010673456 0.000704106 0.999875963
1769789864001685760.000000 0.248651281 0.109785430 0.062689453 0.012179710 0.012493857 -0.000553551 0.999847651
1769789864201675776.000000 0.265511841 0.133314431 0.071040086 0.011831095 0.013911779 -0.000063459 0.999833286
1769789864368363776.000000 0.273219556 0.154360294 0.079404376 0.011878901 0.017399577 -0.001995321 0.999776065
1769789864568374272.000000 0.285585672 0.178803176 0.086551555 0.011209718 0.017553395 -0.002075072 0.999780953
1769789864801748480.000000 0.297447622 0.203045949 0.094224431 0.010033011 0.017225411 -0.002989941 0.999796808
1769789865068374784.000000 0.303162098 0.233076259 0.097658813 0.010764632 0.016915685 -0.005317957 0.999784827
1769789865301701632.000000 0.309783727 0.250503272 0.098860450 0.010576007 0.015109599 -0.007035215 0.999805152
1769789865735047936.000000 0.303361356 0.266851544 0.096707366 0.012815909 0.012286920 -0.008389121 0.999807179
1769789866235041280.000000 0.273801804 0.242609367 0.083876900 0.015257149 0.012193978 -0.008695391 0.999771416
1769789866501695744.000000 0.248886377 0.203052416 0.066105865 0.016750831 0.011611721 -0.003802366 0.999785066
1769789866701703424.000000 0.229862571 0.180166364 0.061806187 0.021899592 0.010793000 -0.003947610 0.999694109
1769789866835039232.000000 0.214641467 0.165788159 0.057479192 0.026640689 0.009607264 -0.004763057 0.999587536
1769789866935037696.000000 0.201440930 0.145990252 0.045885835 0.030788224 0.008420715 -0.003685828 0.999483705
1769789867035031296.000000 0.189012408 0.134008020 0.045446757 0.037546612 0.006423376 -0.006145224 0.999255359
1769789867168369152.000000 0.171279863 0.094286285 0.034457184 0.045960192 0.004021198 -0.004008580 0.998927176
1769789867301698560.000000 0.156437337 0.059765898 0.026883243 0.054094344 -0.004843877 -0.003788171 0.998516917
1769789867435035392.000000 0.135219544 0.006985036 0.018519389 0.059328355 -0.015984232 -0.002455367 0.998107553
1769789867568368896.000000 0.115686662 -0.049763594 0.012253839 0.062814675 -0.029999999 -0.001018107 0.997573733
1769789867835031040.000000 0.063531347 -0.154403552 0.011281583 0.060651422 -0.045591261 0.003153503 0.997112334
1769789867901705984.000000 0.053207390 -0.176532462 0.014106929 0.057455078 -0.043107592 0.006837651 0.997393608
1769789867935031552.000000 0.055213772 -0.174386114 0.034414951 0.057979356 -0.041034810 0.004985271 0.997461677
1769789867968361728.000000 0.038794786 -0.183888510 0.007993924 0.048617505 -0.038007192 0.005119797 0.998080969
1769789868001698816.000000 0.032249399 -0.183015928 0.015136392 0.036015656 -0.036207356 0.003468572 0.998689115
1769789868101699328.000000 0.009468667 -0.198547333 0.020668142 0.001657365 -0.029555030 0.000779232 0.999561489
1769789868201697792.000000 -0.013351649 -0.215980604 0.031764049 -0.018788703 -0.024200862 -0.000478313 0.999530435
1769789868368370176.000000 -0.044601578 -0.253442317 0.028068488 -0.046529371 -0.018595710 -0.001868045 0.998742044
1769789868535032064.000000 -0.076348089 -0.292127937 0.030399179 -0.062219337 -0.014917579 -0.003465539 0.997945011
1769789868668366592.000000 -0.104240201 -0.329147756 0.034031145 -0.067897782 -0.010889805 -0.004049235 0.997624636
1769789868768361472.000000 -0.124082096 -0.356832236 0.034258738 -0.068624578 -0.008470434 -0.005077650 0.997593701
1769789869001698816.000000 0.301614910 -0.579062700 0.013550532 -0.076560430 -0.055450678 -0.004315748 0.995512486
1769789870768369664.000000 0.112021305 -0.653957069 -0.005265162 -0.041041464 -0.041841604 0.004304247 0.998271704
1769789870868372992.000000 0.116163455 -0.639000058 -0.007030649 -0.042169627 -0.042725470 0.004850491 0.998184741
1769789871001703936.000000 0.108709164 -0.649024725 -0.012139370 -0.047418315 -0.043007407 0.005326511 0.997934639
1769789871468375808.000000 0.102638051 -0.525738418 -0.026448833 -0.048959829 -0.044136245 0.004879068 0.997813225
1769789871768372992.000000 -0.179980785 -0.175131753 0.004460376 -0.019775800 -0.012059460 0.003500524 0.999725580
1769789871968370176.000000 -0.190604612 -0.109783389 0.002491624 -0.018567489 -0.014160646 -0.062052634 0.997799695
1769789872268377088.000000 -0.212533578 -0.004969280 0.071062393 -0.016347157 -0.015866198 -0.164053395 0.986188412
1769789872535053056.000000 -0.210207373 0.063879989 0.038589042 -0.015105790 -0.017434521 -0.235856235 0.971514106
1769789872768375808.000000 -0.198683798 0.120892711 0.040524054 -0.012433978 -0.016848465 -0.284895331 0.958329916
1769789872968441856.000000 -0.182365686 0.145403296 0.039964385 -0.012378366 -0.015928153 -0.312275380 0.949777484
1769789873235034368.000000 -0.153106853 0.167943880 0.011285596 -0.011055725 -0.016321853 -0.332717240 0.942820609
1769789873501709568.000000 -0.109127119 0.163446188 0.008484533 -0.010819962 -0.018373368 -0.336316079 0.941507757
1769789873768381184.000000 -0.057268869 0.139257267 0.012779134 -0.010589884 -0.018451035 -0.321208596 0.946769476
1769789873901713664.000000 -0.030240538 0.114461496 0.013722283 -0.011724615 -0.018093430 -0.304405123 0.952298701
1769789874001708544.000000 -0.000565077 0.093543604 0.007004654 -0.011431349 -0.019137258 -0.284615517 0.958382607
1769789874068367104.000000 0.015627036 0.074950457 -0.002619575 -0.012137922 -0.018452210 -0.271100968 0.962297559
1769789874135047168.000000 0.032659721 0.058716092 0.004144220 -0.012218192 -0.017700747 -0.252381444 0.967388749
1769789874201710336.000000 0.051475771 0.041709796 0.002342763 -0.012175719 -0.017690144 -0.231826499 0.972520113
1769789874268372736.000000 0.073423304 0.019677792 0.021832662 -0.013156136 -0.018017270 -0.209738538 0.977503002
1769789874301700608.000000 0.081903741 0.013169203 0.030078283 -0.012182000 -0.017682694 -0.199174121 0.979728878
1769789874368376832.000000 0.107539512 -0.002485669 0.040576812 -0.010937376 -0.018452812 -0.178779557 0.983655274
1769789874435041280.000000 0.128692463 -0.022224462 0.047732037 -0.011241814 -0.019066930 -0.159986198 0.986871064
1769789874468381440.000000 0.134113014 -0.030975994 0.058495276 -0.011239916 -0.017618727 -0.152740404 0.988045335
1769789874535043840.000000 0.150088578 -0.044523370 0.078012981 -0.007789935 -0.016271790 -0.142062977 0.989693224
1769789874668376832.000000 0.197705373 -0.079465710 0.057460021 0.004506984 -0.015787926 -0.134006217 0.990844488
1769789874768367360.000000 0.212200284 -0.106805481 0.077456050 0.012743751 -0.008054281 -0.134169504 0.990843713
1769789874868371200.000000 0.236692727 -0.134200886 0.078035295 0.022349181 -0.001124816 -0.132963821 0.990868270
1769789875035039232.000000 0.257955879 -0.178796619 0.098086052 0.038404565 0.015750803 -0.131163806 0.990491331
1769789875135035136.000000 0.275647223 -0.212823555 0.092276461 0.042998761 0.027974617 -0.128904462 0.990329325
1769789875268368128.000000 0.288138479 -0.227097735 0.102971792 0.051762104 0.050713394 -0.123864032 0.989649773
1769789875368415488.000000 0.304049045 -0.248052388 0.113018587 0.054550003 0.067361385 -0.122584447 0.988665700
1769789875468414464.000000 0.326232404 -0.258717984 0.125547037 0.056788336 0.083603136 -0.118119888 0.987842739
1769789875701702912.000000 0.362474769 -0.304757982 0.130383864 0.041033372 0.100602262 -0.116432592 0.987238050
1769789875801703680.000000 0.366973698 -0.314949423 0.100316055 0.003951644 0.086757638 -0.096054845 0.991580069
1769789875968406784.000000 0.356764883 -0.333941489 0.064501189 -0.031839073 0.062132079 -0.058635674 0.995835185
1769789876068387072.000000 0.368897647 -0.351125479 0.060810562 -0.048906762 0.050096668 -0.040536322 0.996722281
1769789876201720064.000000 0.376885951 -0.363458365 0.050835948 -0.062356211 0.038380168 -0.019709725 0.997120976
1769789876468368384.000000 0.412579119 -0.400929809 0.042217441 -0.070854202 0.022478763 0.013127929 0.997146964
1769789876501715456.000000 0.415221244 -0.405183554 0.043781366 -0.070847854 0.021820311 0.015448856 0.997128785
1769789876768366080.000000 0.449963659 -0.429243147 0.043860711 -0.056717038 0.015013789 0.029342255 0.997846067
1769789877101722368.000000 0.467219532 -0.433577746 0.035183825 -0.028317230 0.015503389 0.030729622 0.999006271
1769789877601706496.000000 0.490292281 -0.412484914 0.032145511 -0.007136445 0.015707705 0.034295402 0.999262869
1769789878201708288.000000 0.522048354 -0.363290370 0.034243349 0.001491447 0.017524255 0.039209347 0.999076247
1769789878701710336.000000 0.526380479 -0.309346795 0.040400710 -0.003161585 0.020057326 0.043930143 0.998828292
1769789879135069184.000000 0.522956312 -0.261703610 0.043011654 -0.012555595 0.021000633 0.046612758 0.998613358
1769789879535024896.000000 0.513968289 -0.206055120 0.036045201 -0.020309990 0.020403780 0.048374545 0.998414278
1769789879935027968.000000 0.503753722 -0.158125967 0.028724516 -0.026783535 0.016471852 0.052041885 0.998149812
1769789880301686784.000000 0.479841679 -0.121343166 0.010884976 -0.031258199 0.014638736 0.052048977 0.998047888
1769789880668391168.000000 0.454465449 -0.095928311 0.022214022 -0.035354763 0.011296428 0.048217356 0.998147070
1769789881035028992.000000 0.433388323 -0.085064605 0.023876656 -0.036055818 0.007149145 0.048766725 0.998133659
1769789881368366848.000000 0.401779741 -0.098790266 0.015117428 -0.035482395 0.005236577 0.048340872 0.998186767
1769789881601719552.000000 0.382357717 -0.110936835 0.014327781 -0.033003062 0.003221891 0.046144761 0.998384237
1769789881768373248.000000 0.361895680 -0.143614843 -0.005784426 -0.033445921 0.002445934 0.049475539 0.998212218
1769789881868354048.000000 0.348194629 -0.163197547 -0.006685636 -0.032872576 0.002622814 0.048706308 0.998268664
1769789881968353792.000000 0.350070775 -0.197234973 -0.036784049 -0.033782892 -0.001124340 0.051154513 0.998118579
1769789882068360960.000000 0.327785105 -0.219722494 -0.047245741 -0.032432642 -0.000243804 0.051843982 0.998128414
1769789882201711872.000000 0.299653143 -0.262902528 -0.096088432 -0.032940768 -0.000544303 0.049231909 0.998243868
1769789882301687552.000000 0.278244764 -0.287366629 -0.120605506 -0.029147435 -0.000232076 0.053534098 0.998140514
1769789882368363008.000000 0.277805507 -0.298734188 -0.135572821 -0.025481353 -0.002075194 0.056280285 0.998087645
1769789882501686528.000000 0.266971231 -0.340433925 -0.174495369 -0.017621078 -0.004733257 0.058868911 0.998098969
1769789882635039488.000000 0.238831684 -0.390302539 -0.202861980 -0.009331943 -0.005821237 0.059004001 0.998197138
1769789882801695744.000000 0.243943200 -0.394117475 -0.214852214 0.009123170 -0.014604315 0.055862654 0.998290002
1769789882935022336.000000 0.230724096 -0.419509649 -0.226398736 0.022704732 -0.016771300 0.063670576 0.997571707
1769789883101696512.000000 0.234934956 -0.443262160 -0.249764711 0.035922285 -0.033046022 0.057352331 0.997160137
1769789883201687808.000000 0.190519050 -0.463770181 -0.219838485 0.046019055 -0.035856865 0.056567926 0.996692836
1769789883268354560.000000 0.168182611 -0.481799603 -0.204769954 0.051452909 -0.040613674 0.055874366 0.996283710
1769789883401686784.000000 0.108424440 -0.500177264 -0.096976966 0.051338572 -0.050140880 0.022507550 0.997167826
1769789883435024384.000000 0.087166123 -0.500247478 -0.052132204 0.052184224 -0.053210910 0.003202716 0.997213721
1769789883501707776.000000 0.093448676 -0.504820108 -0.075340465 0.053749096 -0.064030051 0.007613171 0.996470392
1769789883535029760.000000 0.092280209 -0.506679177 -0.068431139 0.054178841 -0.067120634 0.009328426 0.996229112
1769789883568352768.000000 0.086179920 -0.505901277 -0.080277249 0.054880012 -0.068690002 0.009269825 0.996084332
1769789883701689344.000000 0.085783392 -0.510086417 -0.090210587 0.044753652 -0.072534941 0.014930773 0.996249437
1769789883735023872.000000 0.085331224 -0.503421485 -0.077148743 0.031960655 -0.072092675 0.015366941 0.996767342
1769789883768375040.000000 0.089230321 -0.500205159 -0.040297989 0.016710384 -0.071161173 0.017894613 0.997164309
1769789883801693696.000000 0.088861436 -0.500982225 -0.015794514 0.003989876 -0.069078922 0.018515496 0.997431397
1769789883835019264.000000 0.071298249 -0.489410937 -0.005081494 -0.004457093 -0.065854937 0.013375712 0.997729599
1769789883868360960.000000 0.065036170 -0.491677940 0.014486267 -0.013321666 -0.063075379 0.013137284 0.997833371
1769789883968364544.000000 0.042045105 -0.504475236 0.030090421 -0.033801578 -0.055819992 0.010557540 0.997812688
1769789884068353536.000000 0.022939138 -0.533725858 0.022861134 -0.053211257 -0.049562607 0.004968225 0.997340202
1769789884235022080.000000 -0.006992762 -0.574215233 0.009064786 -0.071922004 -0.040387642 0.000431444 0.996592164
1769789884368352000.000000 -0.027571039 -0.616646767 -0.026270453 -0.079207435 -0.035025023 -0.000452139 0.996242583
1769789884501737472.000000 0.172916740 -0.714436650 -0.020735981 -0.086425185 -0.056045126 0.002493761 0.994677544
1769789884635018240.000000 0.167479485 -0.722036600 -0.008497654 -0.079267137 -0.052419581 0.001987707 0.995472252
1769789886368361984.000000 0.101890974 -0.673635066 -0.004979731 -0.042511441 -0.041892588 0.005276052 0.998203397
1769789886535025920.000000 0.092894703 -0.635089934 -0.009030464 -0.043268844 -0.041842803 0.004736978 0.998175621
1769789886601700864.000000 0.092373356 -0.614576340 -0.013259605 -0.042668920 -0.042166702 0.004715449 0.998187959
1769789886768420864.000000 0.085596398 -0.577223599 -0.018797234 -0.044073332 -0.041935824 0.004670604 0.998136818
1769789887068358400.000000 0.079475038 -0.466629893 -0.027182285 -0.041987117 -0.042402986 0.004586400 0.998207390
1769789887335027968.000000 -0.068106741 -0.348905325 -0.045841567 -0.038276352 -0.026466873 0.006771269 0.998893678
1769789887601693696.000000 -0.061370004 -0.288890541 -0.058499046 -0.038230520 -0.033511300 -0.071040340 0.996177077
1769789887768358656.000000 -0.100344062 -0.193419531 0.023967253 -0.032528587 -0.029709782 -0.133870780 0.990019143
1769789888035047168.000000 -0.101141535 -0.121990807 -0.006190489 -0.029914381 -0.032797277 -0.212751850 0.976097405
1769789888201692160.000000 -0.096288614 -0.079936258 -0.012759271 -0.027604835 -0.033192750 -0.250496119 0.967154562
1769789888468356096.000000 -0.081081741 -0.030619081 -0.000164734 -0.026644224 -0.033479769 -0.300604582 0.952788591
1769789888701689600.000000 -0.060714908 -0.004675442 -0.005328316 -0.024770675 -0.033539478 -0.325949401 0.944467306
1769789888835023360.000000 -0.046532467 0.000774977 -0.004427340 -0.025369525 -0.033736736 -0.335167706 0.941212416
1769789888968371712.000000 -0.027769823 0.003334141 0.011611793 -0.025893068 -0.034410797 -0.340248913 0.939348817
1769789889168357888.000000 0.002485141 -0.007053141 0.008180466 -0.025520828 -0.034263123 -0.338199973 0.940104008
1769789889368368896.000000 0.036943372 -0.030373260 0.013219094 -0.026787618 -0.033105835 -0.324558675 0.944906414
1769789889535023616.000000 0.077240154 -0.058197785 0.021744773 -0.026480576 -0.033539601 -0.299137741 0.953252614
1769789889668364800.000000 0.107773572 -0.095486403 0.019226991 -0.029764637 -0.033160344 -0.270538390 0.961677432
1769789889735038464.000000 0.119020924 -0.107345708 0.015605190 -0.028497027 -0.030624036 -0.252892345 0.966589630
1769789889801729536.000000 0.127526090 -0.116937064 0.001427954 -0.026697423 -0.026486840 -0.234599039 0.971364498
1769789889835027712.000000 0.133718893 -0.124859735 -0.013727037 -0.025944531 -0.025943736 -0.224496514 0.973783910
1769789889901691136.000000 0.145892099 -0.144322246 -0.026462715 -0.026183737 -0.023550685 -0.206394538 0.977834880
1769789889968380928.000000 0.169632688 -0.161807135 -0.014631923 -0.026477808 -0.023783945 -0.187835485 0.981555462
1769789890135035392.000000 0.217798948 -0.211671606 -0.003432048 -0.024272060 -0.022610618 -0.149520814 0.988202035
1769789890268365568.000000 0.266946346 -0.250903428 -0.004796569 -0.014100696 -0.023257161 -0.140855670 0.989656508
1769789890368358400.000000 0.285457283 -0.270962656 0.003775925 -0.003942551 -0.017058140 -0.138426483 0.990217984
1769789890435044352.000000 0.301391393 -0.288883269 0.004440691 0.002287847 -0.012930629 -0.137987405 0.990346968
1769789890568364544.000000 0.325089067 -0.319163799 0.025266552 0.014101681 -0.000464192 -0.135688871 0.990651011
1769789890735026688.000000 0.359062761 -0.366215348 0.012412111 0.027344039 0.017413644 -0.132792324 0.990613639
1769789890868356864.000000 0.347605377 -0.374910802 0.070708916 0.035915922 0.045013051 -0.131648481 0.989622414
1769789891001713152.000000 0.364297241 -0.393313468 0.094791047 0.040327992 0.068499386 -0.128371090 0.988535464
1769789891201695232.000000 0.433025122 -0.445465654 0.153064713 0.034478925 0.089706205 -0.123969465 0.987621188
1769789891301690880.000000 0.458957493 -0.448774904 0.143512145 0.023989370 0.088510305 -0.120858118 0.988424897
1769789891435030016.000000 0.493139178 -0.456850260 0.122860260 -0.024573296 0.066726841 -0.102148876 0.992224455
1769789891601707776.000000 0.531795204 -0.482420027 0.148630574 -0.058881570 0.041576579 -0.077613913 0.994374394
1769789891801708800.000000 0.591299593 -0.514533401 0.145617947 -0.083698556 0.016506493 -0.040296044 0.995539248
1769789892135021824.000000 0.675275803 -0.607175767 0.158326551 -0.100469194 -0.005778481 -0.010920314 0.994863451
1769789892301690624.000000 0.710002303 -0.634640038 0.156439573 -0.091240227 -0.011223697 0.001603874 0.995764375
1769789892568375808.000000 0.767855048 -0.687554002 0.162688568 -0.072209895 -0.017078398 0.013118177 0.997156978
1769789892968366592.000000 0.840541542 -0.715993166 0.198073983 -0.053109080 -0.021855675 0.021932404 0.998108566
1769789893401701120.000000 0.900073886 -0.679465771 0.192268625 -0.040299803 -0.027056450 0.025797188 0.998488069
1769789893835033088.000000 0.929087698 -0.597595215 0.190825254 -0.032247487 -0.026955489 0.021710966 0.998880446
1769789894168390400.000000 0.891832113 -0.533332109 0.150306821 -0.030334614 -0.021169646 0.024496811 0.999015331
1769789894535036416.000000 0.956614077 -0.446034372 0.183079600 -0.031025270 -0.027586117 0.016887294 0.998995125
1769789894868364288.000000 0.847847939 -0.333814025 0.110974714 -0.029251726 -0.014464015 0.016939102 0.999323845
1769789895068366592.000000 0.825881124 -0.266724050 0.122798488 -0.028115163 -0.011706010 0.018052116 0.999373138
1769789895301694208.000000 0.822378993 -0.194446504 0.126544550 -0.027242724 -0.014386709 0.026587026 0.999171674
1769789895468368896.000000 0.803320169 -0.174615070 0.112399518 -0.030337181 -0.011272195 0.015355769 0.999358177
1769789895668367360.000000 0.789953172 -0.122616656 0.123699427 -0.029829502 -0.012729211 0.019956760 0.999274731
1769789895835028736.000000 0.775245070 -0.101800658 0.120752901 -0.032367237 -0.013531250 0.014629612 0.999277353
1769789896001705472.000000 0.756814361 -0.076353930 0.113882631 -0.032203812 -0.012525214 0.012002226 0.999330759
1769789896201694464.000000 0.734616458 -0.056621023 0.107708044 -0.033346284 -0.011985326 0.008685058 0.999334276
1769789896401692672.000000 0.718000233 -0.046436306 0.098147370 -0.034818180 -0.014251526 0.007047112 0.999267220
1769789896568363008.000000 0.698614538 -0.042748000 0.093520068 -0.036193483 -0.014742630 0.006605356 0.999214232
1769789896835029248.000000 0.667680204 -0.049671896 0.080731988 -0.036127541 -0.015825199 0.005806849 0.999204993
1769789897035040512.000000 0.646925688 -0.063590072 0.073975697 -0.035607629 -0.017451681 0.006745618 0.999190688
1769789897268363520.000000 0.618962705 -0.091496542 0.062999502 -0.034515906 -0.018686611 0.010248209 0.999176919
1769789897435058944.000000 0.596871674 -0.121534780 0.051638287 -0.033809606 -0.019232057 0.011072620 0.999181926
1769789897568364288.000000 0.578620076 -0.148548394 0.042263582 -0.032744817 -0.019746700 0.012814926 0.999186516
1769789897668378112.000000 0.569748282 -0.168022051 0.034982085 -0.031075813 -0.021220455 0.015163178 0.999176741
1769789897701691904.000000 0.560625851 -0.176389813 0.033794023 -0.030957988 -0.019707432 0.015195040 0.999210894
1769789897868377088.000000 0.530515611 -0.223216370 0.032367695 -0.030350743 -0.019250020 0.013725993 0.999259651
1769789897901693696.000000 0.526458085 -0.224582642 0.027308615 -0.027460804 -0.019144239 0.014464285 0.999334872
1769789897935031552.000000 0.523303032 -0.235508472 0.024619851 -0.027565017 -0.019613871 0.015728688 0.999303818
1769789898001696256.000000 0.510498643 -0.251236051 0.020544790 -0.026082993 -0.019156257 0.012925202 0.999392629
1769789898035046144.000000 0.510744631 -0.256006181 0.009744723 -0.022965470 -0.020372946 0.014828352 0.999418676
1769789898201697536.000000 0.509733140 -0.239809632 0.028236225 -0.004622157 -0.023313385 0.004159227 0.999708891
1769789898268371456.000000 0.502054632 -0.261443377 0.012078250 -0.000485587 -0.025649689 0.006486966 0.999649823
1769789898301699072.000000 0.498980939 -0.261425555 0.002203077 0.004677932 -0.027032550 0.007336344 0.999596715
1769789898435036672.000000 0.481571257 -0.294203520 0.003533240 0.013215997 -0.031677227 0.007157772 0.999385178
1769789898535031552.000000 0.473884135 -0.315370202 0.006417706 0.022592338 -0.034946632 0.006931030 0.999109805
1769789898601693440.000000 0.465813369 -0.338755637 0.008988189 0.026564153 -0.039896134 0.009641733 0.998804152
1769789898668358400.000000 0.462020189 -0.344151258 0.006817867 0.033704121 -0.046482280 0.006096952 0.998331726
1769789898735023872.000000 0.455934525 -0.351284683 0.008424996 0.039636921 -0.053313777 0.002328081 0.997788131
1769789898801702144.000000 0.453992337 -0.354280114 0.005179987 0.046172112 -0.062472880 0.000305906 0.996978045
1769789898935025664.000000 0.458748907 -0.357199311 -0.006953205 0.059971705 -0.085304126 0.001440397 0.994547427
1769789898968356864.000000 0.447967201 -0.355193734 0.005105807 0.063645624 -0.088836223 -0.004159640 0.994002044
1769789899001739008.000000 0.443387091 -0.364661396 -0.001202782 0.064268231 -0.092983454 -0.006580364 0.993569553
1769789899035059200.000000 0.442224383 -0.365418226 -0.004724867 0.066520907 -0.098493055 -0.006324306 0.992891788
1769789899101689344.000000 0.436885506 -0.368243784 -0.008422666 0.068112820 -0.106336862 -0.006215468 0.991975069
1769789899135027968.000000 0.434336454 -0.360012203 0.008890728 0.070797734 -0.110339321 -0.003603932 0.991362691
1769789899235033856.000000 0.436358422 -0.361745417 0.011232250 0.069053188 -0.117749654 0.001583346 0.990638256
1769789899335025664.000000 0.388180226 -0.514168024 0.021642484 0.029474983 -0.108919784 0.009457699 0.993568480
1769789899368361216.000000 0.387914658 -0.515944004 0.051910494 0.014347905 -0.106771410 0.011222272 0.994116724
1769789899401692416.000000 0.386708677 -0.517752528 0.085992716 0.001016138 -0.105212100 0.009450478 0.994404376
1769789899435024384.000000 0.379916787 -0.518390954 0.100943998 -0.009497085 -0.101803452 0.011083475 0.994697452
1769789899568367872.000000 0.294885010 -0.566271305 0.053274725 -0.042581674 -0.083534189 0.007119183 0.995569289
1769789899601693184.000000 0.313514620 -0.580867648 0.026316587 -0.048450101 -0.085814968 0.010266772 0.995079398
1769789899701699072.000000 0.297101378 -0.614329338 0.014515579 -0.066096567 -0.079802446 0.007825475 0.994586110
1769789899868358656.000000 0.266765028 -0.651916802 0.014543329 -0.081921682 -0.071501963 0.003905579 0.994062901
1769789900168361216.000000 0.171313807 -0.712270916 0.021249384 -0.082367681 -0.054445539 0.001994584 0.995111704
1769789900335030016.000000 0.173409447 -0.708835065 0.035964735 -0.069198422 -0.051141325 0.001689813 0.996289790
1769789900835037184.000000 0.174851850 -0.702063322 0.048917353 -0.044295277 -0.045716926 0.002702277 0.997968256
1769789901301693440.000000 0.172477722 -0.698401690 0.047490425 -0.035409544 -0.046463586 0.004169680 0.998283505
1769789901768363008.000000 0.165814653 -0.697227061 0.035668135 -0.040796585 -0.048035175 0.005507338 0.997996986
1769789902168361216.000000 0.158369794 -0.694121420 0.024125809 -0.051199291 -0.049357183 0.006050897 0.997449696
1769789903568341504.000000 0.118601754 -0.231442735 -0.024122080 -0.035981823 -0.060260702 -0.194593385 0.978369772
1769789903635000320.000000 0.119530827 -0.210820392 -0.031159492 -0.034319606 -0.059859004 -0.212586626 0.974703074
1769789903701671168.000000 0.121882200 -0.193500891 -0.043384396 -0.032785874 -0.059898097 -0.228898972 0.971052289
1769789903901663744.000000 0.126359656 -0.148570821 -0.030687245 -0.030546067 -0.060409516 -0.272896498 0.959658921
1769789904101673728.000000 0.141995162 -0.112112761 -0.023961680 -0.027511306 -0.060047302 -0.304335117 0.950272441
1769789904301701120.000000 0.158050537 -0.091233924 -0.018730585 -0.026446909 -0.060639944 -0.324980706 0.943403900
1769789904468330496.000000 0.179661736 -0.085208938 -0.010560928 -0.026154630 -0.061662164 -0.334533811 0.940000474
1769789904668342528.000000 0.210871309 -0.087326445 -0.032131944 -0.024598954 -0.061872400 -0.336799204 0.939219356
1769789904801670400.000000 0.233118504 -0.096682511 -0.018198494 -0.025472660 -0.062201109 -0.332458824 0.940719604
1769789904935012096.000000 0.258366823 -0.110104389 -0.010359752 -0.026002893 -0.061651710 -0.323274523 0.943936706
1769789905034995712.000000 0.276076883 -0.127200559 -0.008212175 -0.027359841 -0.060730215 -0.312428564 0.947603106
1769789905134997760.000000 0.298304647 -0.144315585 0.000626195 -0.028009979 -0.060225423 -0.296875507 0.952603400
1769789905201665280.000000 0.315685064 -0.159278676 0.010308428 -0.028737694 -0.060315590 -0.282959610 0.956802011
1769789905268335104.000000 0.336127877 -0.175537556 0.021292416 -0.029841425 -0.060680568 -0.265539259 0.961725712
1769789905335001344.000000 0.353535652 -0.190031052 0.030951124 -0.030241339 -0.060155164 -0.248022705 0.966411710
1769789905368338944.000000 0.358087808 -0.197873011 0.036560126 -0.031566065 -0.058890793 -0.239899725 0.968495548
1769789905468337152.000000 0.379389822 -0.221967101 0.038729779 -0.033406962 -0.054919522 -0.210932955 0.975384593
1769789905568326656.000000 0.415153950 -0.251165956 0.033257470 -0.032824542 -0.055386122 -0.179262862 0.981692314
1769789905634999552.000000 0.434988946 -0.270418406 0.024589418 -0.032792814 -0.054750308 -0.161119834 0.984869301
1769789905735002112.000000 0.463949353 -0.297219634 0.038686398 -0.029692458 -0.053679187 -0.144318268 0.987628043
1769789905834996736.000000 0.488825083 -0.323997319 0.044389643 -0.021679282 -0.050820734 -0.140773728 0.988498926
1769789905934995968.000000 0.511277437 -0.346190959 0.055801623 -0.012254696 -0.045668405 -0.139404938 0.989105880
1769789906101684992.000000 0.554788649 -0.391576052 0.059837203 0.002292859 -0.035309263 -0.134003028 0.990348995
1769789906401670912.000000 0.595147491 -0.416456074 0.141566679 0.032753844 0.005158151 -0.132475182 0.990631580
1769789906668327936.000000 0.606532574 -0.456250727 0.201509416 0.038572133 0.053664826 -0.125581503 0.989879608
1769789906934994432.000000 0.693026423 -0.515759706 0.196056649 0.003959587 0.057297420 -0.120235845 0.991082549
1769789907034999040.000000 0.713833869 -0.508888125 0.228725374 -0.028924018 0.041985668 -0.104662143 0.993200123
1769789907235010560.000000 0.789139807 -0.569650352 0.198583618 -0.073997177 0.005182510 -0.070481107 0.994751215
1769789907868344064.000000 0.889508367 -0.663153946 0.184870616 -0.096990436 -0.034162778 0.002440472 0.994695842
1769789908168329728.000000 0.921779692 -0.662674546 0.204673588 -0.070201300 -0.036341589 0.006451804 0.996849775
1769789908601666560.000000 0.929527104 -0.665398955 0.189239711 -0.045377966 -0.033916388 0.012222105 0.998319209
1769789909101720320.000000 0.981326580 -0.623709023 0.205867976 -0.033314567 -0.036565412 0.013446001 0.998685300
1769789909534993408.000000 1.005048633 -0.528797805 0.212651432 -0.024873998 -0.036396399 0.013324667 0.998938978
1769789909868360704.000000 1.008972883 -0.496474385 0.196643725 -0.029620197 -0.035330098 0.015862226 0.998810709
1769789910568405760.000000 0.990651965 -0.421647042 0.173138008 -0.045002740 -0.031844776 0.020373082 0.998271286
1769789910835026944.000000 0.981231153 -0.357682258 0.159106255 -0.046293870 -0.031907715 0.018732199 0.998242378
1769789911035033344.000000 0.974835932 -0.321561128 0.149689734 -0.049038306 -0.033102937 0.017055430 0.998102486
1769789911268358400.000000 0.962751150 -0.276662320 0.125836670 -0.049928155 -0.033516865 0.015553577 0.998069108
1769789911535019520.000000 0.940685689 -0.237733528 0.110012263 -0.051654149 -0.033753086 0.011814153 0.998024583
1769789911801692672.000000 0.913703203 -0.207646549 0.102986693 -0.052157857 -0.034362730 0.009934288 0.997998059
1769789911901698048.000000 0.905928791 -0.202450410 0.097534224 -0.053011723 -0.035364319 0.009711092 0.997920275
1769789912101690624.000000 0.887813747 -0.192516193 0.088620998 -0.053083077 -0.036338612 0.009592810 0.997882605
1769789912501691392.000000 0.844379842 -0.202081963 0.074823372 -0.053256113 -0.038578097 0.009484265 0.997790337
1769789912735032064.000000 0.815254152 -0.220284775 0.067513436 -0.052220602 -0.039576221 0.010278137 0.997798145
1769789912901700608.000000 0.797234774 -0.247355282 0.055919029 -0.051884957 -0.040291846 0.012528527 0.997761250
1769789913068362496.000000 0.777216077 -0.274550885 0.055202436 -0.051013120 -0.041723270 0.014416196 0.997721910
1769789913235028224.000000 0.753617823 -0.313834697 0.042567041 -0.050563402 -0.041782532 0.014835135 0.997736216
1769789913335020032.000000 0.740276575 -0.334172070 0.040676642 -0.048170701 -0.041771833 0.019161072 0.997781336
1769789913401688832.000000 0.726123333 -0.343068987 0.044750553 -0.046064544 -0.040857933 0.019590247 0.997910321
1769789913535020800.000000 0.723448634 -0.304672986 0.076547787 -0.035311963 -0.042391717 0.013720290 0.998382568
1769789913601690112.000000 0.715077877 -0.310984522 0.069048412 -0.031312972 -0.043338936 0.012257453 0.998494387
1769789913668364544.000000 0.710793853 -0.330441624 0.056632418 -0.027241187 -0.044157490 0.011969690 0.998581350
1769789913701685760.000000 0.700585246 -0.334737450 0.057915758 -0.025489843 -0.043181375 0.009962405 0.998692334
1769789913835021824.000000 0.677806020 -0.339232653 0.076512188 -0.012505359 -0.042779196 0.001188629 0.999005616
1769789913935016960.000000 0.669867158 -0.355487287 0.069298334 -0.003280369 -0.046922814 0.003316517 0.998887658
1769789913968352768.000000 0.668640554 -0.362333506 0.063515052 -0.000624259 -0.048789702 0.003782976 0.998801708
1769789914101695744.000000 0.668518901 -0.395482719 0.050266534 0.009878092 -0.055297166 0.006637824 0.998399019
1769789914201700352.000000 0.662025034 -0.415544987 0.044229817 0.019273793 -0.062490184 0.008268601 0.997825265
1769789914368358144.000000 0.646573782 -0.468113273 0.058427896 0.032794107 -0.080447301 0.007830587 0.996188462
1769789914501687552.000000 0.632302403 -0.487920731 0.079094015 0.044860139 -0.099116184 0.004084218 0.994055748
1769789914568349952.000000 0.631005704 -0.491249532 0.063335657 0.050783262 -0.109225161 0.001552019 0.992717743
1769789914635026176.000000 0.628897548 -0.491279453 0.066507138 0.055542655 -0.119393870 0.003049477 0.991287470
1769789914668356096.000000 0.624411762 -0.496750355 0.065782577 0.055626597 -0.123458572 0.001638639 0.990788043
1769789914701688832.000000 0.629958153 -0.494514823 0.059267525 0.057657242 -0.128625482 0.006373644 0.989995241
1769789914735027200.000000 0.622896731 -0.492253095 0.059534911 0.058518231 -0.131018817 0.005591037 0.989635527
1769789914768353536.000000 0.627834916 -0.500783741 0.043978311 0.056789864 -0.135056555 0.005076856 0.989196122
1769789914801700096.000000 0.619471371 -0.490034759 0.070444927 0.058358140 -0.136436075 0.009250287 0.988885224
1769789914868360704.000000 0.609526038 -0.497692704 0.078112498 0.054242771 -0.135937408 0.008288355 0.989196658
1769789916601685504.000000 0.173038676 -0.701899230 0.048825409 -0.038871374 -0.045754727 0.003138024 0.998191237
1769789917235017984.000000 0.167131647 -0.697033346 0.043061342 -0.038635761 -0.047377583 0.004953418 0.998117328
1769789917701685760.000000 0.160640061 -0.703123748 0.028441163 -0.050358228 -0.049385991 0.006732061 0.997486711
1769789917835025152.000000 0.153980672 -0.666110814 0.026462052 -0.050550230 -0.048941579 0.005822455 0.997504652
1769789918001631488.000000 0.150354713 -0.610052466 0.022627713 -0.049532846 -0.049506824 0.005148761 0.997531474
1769789919834967040.000000 0.150577173 -0.094094247 -0.001527424 -0.026273238 -0.060278654 -0.320847720 0.944845498
1769789920234961664.000000 0.207896918 -0.086427577 -0.040648025 -0.024291234 -0.061936807 -0.337160558 0.939093471
1769789920434974208.000000 0.240869448 -0.100483455 -0.025164705 -0.025163025 -0.061713759 -0.331195265 0.941205561
1769789920568296960.000000 0.263363719 -0.120345980 -0.018530257 -0.027043417 -0.060683865 -0.320882559 0.944785953
1769789920668300544.000000 0.285407364 -0.136011407 -0.005036106 -0.027842795 -0.060448892 -0.307943016 0.949074209
1769789920868311040.000000 0.333753616 -0.173413098 0.023925595 -0.029372921 -0.059130173 -0.268020451 0.961148262
1769789920968309760.000000 0.354565322 -0.195140690 0.036685575 -0.030131927 -0.057092406 -0.240744248 0.968439341
1769789921035011584.000000 0.360659420 -0.204203814 0.032214254 -0.028970720 -0.052450407 -0.223477498 0.972865582
1769789921101634048.000000 0.363858134 -0.215802610 0.030856131 -0.027931442 -0.046979945 -0.207243592 0.976761401
1769789921168307968.000000 0.368555903 -0.225520879 0.037894350 -0.025514673 -0.041117191 -0.191966206 0.980207801
1769789921234971136.000000 0.412663370 -0.261989295 0.037009284 -0.030477194 -0.047851127 -0.168684170 0.984036148
1769789921301632768.000000 0.436407566 -0.280273020 0.018642919 -0.027892560 -0.049308900 -0.156905621 0.985987484
1769789921401633536.000000 0.467945457 -0.317659497 0.034812231 -0.025401212 -0.049182944 -0.148141742 0.987415791
1769789921468298752.000000 0.477422297 -0.325485408 0.036193147 -0.016316136 -0.044050802 -0.147962436 0.987876713
1769789921534966784.000000 0.486323327 -0.334510773 0.043468557 -0.007555251 -0.037911572 -0.145664364 0.988578558
1769789921601640704.000000 0.499122053 -0.347398460 0.055320337 -0.000644885 -0.032547474 -0.144100159 0.989027500
1769789921701638912.000000 0.530229807 -0.378086776 0.056705389 0.007381979 -0.027076492 -0.140096337 0.989740074
1769789921801630976.000000 0.555960238 -0.399949968 0.056793407 0.018445630 -0.020717097 -0.136718512 0.990221500
1769789921934964736.000000 0.571820796 -0.436846644 0.079708785 0.025248421 -0.003288189 -0.135332465 0.990473032
1769789922001629952.000000 0.566803992 -0.436365187 0.088265166 0.029874168 0.009600020 -0.134884268 0.990364373
1769789922101630720.000000 0.557989359 -0.434330195 0.108789541 0.035372514 0.030449433 -0.136057675 0.989600956
1769789922201635584.000000 0.567050278 -0.455299258 0.132363722 0.035758525 0.048561513 -0.136231348 0.988839805
1769789922301629696.000000 0.599027395 -0.485800296 0.146100953 0.033407230 0.061000798 -0.133383483 0.988621116
1769789922468321280.000000 0.652421415 -0.532085836 0.151653185 0.022276383 0.067869879 -0.132880285 0.988554657
1769789922601641472.000000 0.682344019 -0.534600079 0.139068022 -0.027153458 0.049177609 -0.117627971 0.991467595
1769789922701649920.000000 0.710877061 -0.548041582 0.134259552 -0.050029848 0.029990466 -0.097621329 0.993512809
1769789922868311296.000000 0.761363387 -0.572925746 0.136387095 -0.078722276 0.005530436 -0.066292979 0.994674563
1769789922901628416.000000 0.767268419 -0.575252950 0.143489689 -0.083065376 0.002411192 -0.061573368 0.994637132
1769789922934967040.000000 0.778373063 -0.580202341 0.146247000 -0.086962588 -0.001227232 -0.054951027 0.994694173
1769789923134967552.000000 0.840069652 -0.617786527 0.151997998 -0.101004943 -0.020199506 -0.023259165 0.994408906
1769789923534963968.000000 0.883715808 -0.651230872 0.152402624 -0.088318370 -0.031816203 0.002107126 0.995581865
1769789923934969344.000000 0.901897907 -0.660526454 0.139622509 -0.056476764 -0.031781584 0.005330307 0.997883737
1769789924434965504.000000 0.964493930 -0.644272268 0.160794854 -0.038308997 -0.036680367 0.011964869 0.998520792
1769789924901658880.000000 0.975025058 -0.606035471 0.153108686 -0.031274516 -0.033271369 0.013686663 0.998863161
1769789925468354816.000000 0.982277334 -0.523232520 0.147985011 -0.032985847 -0.030701222 0.015606747 0.998862267
1769789925868356096.000000 0.991991401 -0.429678291 0.134761006 -0.033786505 -0.031425789 0.016968608 0.998790741
1769789926235026176.000000 0.996489763 -0.400526613 0.139211446 -0.043783296 -0.032417122 0.023208795 0.998245239
1769789926501699072.000000 0.980918169 -0.347485393 0.131020010 -0.046709619 -0.031740665 0.018174961 0.998238683
1769789926701700096.000000 0.971316755 -0.309082776 0.120571926 -0.048513979 -0.032703038 0.016792413 0.998145759
1769789926935031040.000000 0.958533645 -0.266353220 0.107238501 -0.049530495 -0.033500645 0.015347280 0.998092651
1769789927168358144.000000 0.937043309 -0.232688755 0.098767430 -0.050530676 -0.033670884 0.012586171 0.998075426
1769789927401730816.000000 0.913793683 -0.208014533 0.091282219 -0.051314380 -0.034092419 0.010574900 0.998044491
1769789927735022336.000000 0.880401969 -0.192373335 0.079446137 -0.052901484 -0.035516411 0.008545282 0.997931361
1769789928035023360.000000 0.847122669 -0.199443191 0.078421861 -0.053399961 -0.037300002 0.008430404 0.997840703
1769789928301692928.000000 0.820529044 -0.219915554 0.080620952 -0.052864835 -0.040766381 0.010103389 0.997718096
1769789928468352512.000000 0.799789011 -0.242443725 0.067566209 -0.052311420 -0.040883586 0.011284250 0.997729778
1769789928635019520.000000 0.776728928 -0.269527704 0.065729536 -0.051872965 -0.040976766 0.012002209 0.997740448
1769789928735016704.000000 0.765434206 -0.287517458 0.060785677 -0.050571971 -0.041790567 0.014435824 0.997741282
1769789928901683456.000000 0.746019423 -0.320201993 0.050045218 -0.047815446 -0.042450909 0.017306220 0.997803628
1769789929001686272.000000 0.730534256 -0.343740195 0.043813288 -0.046549644 -0.042442624 0.017522465 0.997860074
1769789929068361216.000000 0.719611108 -0.356276721 0.038903818 -0.044616178 -0.041989110 0.017614422 0.997965991
1769789929168355584.000000 0.705604494 -0.381914735 0.025614077 -0.042171452 -0.042564791 0.017454408 0.998050690
1769789929268354048.000000 0.695958853 -0.404987812 0.010736255 -0.035883550 -0.044211693 0.017248530 0.998228550
1769789929335024384.000000 0.686458468 -0.418023020 0.005469982 -0.030657865 -0.044803597 0.015460462 0.998405576
1769789929435022080.000000 0.670443654 -0.440650851 0.002483032 -0.023588508 -0.045654293 0.012384937 0.998601973
1769789929535022848.000000 0.664609671 -0.456818551 -0.007881654 -0.014184977 -0.050275661 0.014276224 0.998532593
1769789929701690624.000000 0.657108247 -0.506728947 -0.023045834 -0.001299121 -0.056412153 0.019102199 0.998223960
1769789929835028224.000000 0.632423162 -0.521792889 0.004249087 0.009953748 -0.063003823 0.011128156 0.997901618
1769789929968396032.000000 0.616849899 -0.567984343 0.008250912 0.020211251 -0.078495413 0.009392509 0.996665359
1769789930068384768.000000 0.598455369 -0.594080031 0.035212681 0.029088715 -0.090504542 0.005663977 0.995455027
1769789930101703936.000000 0.595763028 -0.596762776 0.034310367 0.032422364 -0.095555902 0.004514344 0.994885683
1769789930168377344.000000 0.586472392 -0.591427505 0.053470869 0.039446071 -0.105182514 0.003922893 0.993662596
1769789930301716480.000000 0.576114655 -0.585214674 0.076231331 0.047390953 -0.123664074 0.006609756 0.991169810
1769789930368358656.000000 0.574043155 -0.585864723 0.082187623 0.047584131 -0.129497752 0.009667396 0.990390182
1769789930401701120.000000 0.568929076 -0.584883392 0.092206709 0.046631712 -0.130700618 0.008734544 0.990286112
1769789930435032064.000000 0.568983197 -0.581048727 0.104073338 0.046828363 -0.131999388 0.012129264 0.990068793
1769789930468357376.000000 0.561987638 -0.581208706 0.107403755 0.045489378 -0.130454123 0.011758059 0.990340471
1769789930601692928.000000 0.442910641 -0.573564351 0.070803434 -0.007081998 -0.109092280 0.012633412 0.993926108
1769789930635016960.000000 0.441419214 -0.585598648 0.058116525 -0.017579554 -0.106356293 0.012586299 0.994093001
1769789930668361472.000000 0.432882845 -0.589575648 0.062657803 -0.025580045 -0.103145301 0.012035074 0.994264483
1769789930701692672.000000 0.427072853 -0.594560027 0.062606372 -0.032296930 -0.100902595 0.011032660 0.994310796
1769789930735020288.000000 0.417792261 -0.599129319 0.067927413 -0.038905360 -0.098224528 0.010417774 0.994348943
1769789930868350976.000000 0.394597411 -0.621093273 0.077431366 -0.061935898 -0.090788625 0.007369455 0.993915081
1769789931001692160.000000 0.372616470 -0.646103919 0.078726932 -0.076935865 -0.084543116 0.004968391 0.993432760
1769789931168354560.000000 0.345875919 -0.681123912 0.079369523 -0.086000405 -0.077523433 0.002421321 0.993271470
1769789931301698048.000000 0.328492135 -0.705296576 0.077477060 -0.086999416 -0.072417364 0.002069911 0.993570626
1769789931435020288.000000 0.312926352 -0.723063886 0.080345340 -0.083802462 -0.068363145 0.001184799 0.994133949
1769789931568352768.000000 0.308170825 -0.724016309 0.086056881 -0.076551251 -0.065318152 0.001259919 0.994923055
1769789931768369920.000000 0.312060684 -0.720618129 0.093255147 -0.064891346 -0.062502027 0.002130458 0.995930791
1769789932135023616.000000 0.313157946 -0.716754913 0.096673682 -0.053596955 -0.058949165 0.002843757 0.996817112
1769789932601698048.000000 0.311630785 -0.715030491 0.091914266 -0.049976073 -0.056777168 0.004342778 0.997125804
1769789932901684224.000000 0.309081763 -0.718972564 0.082785144 -0.053257175 -0.055301405 0.005704237 0.997032046
1769789933034995712.000000 0.309142232 -0.693483889 0.082443468 -0.052403066 -0.054596737 0.005086532 0.997119486
1769789933201671424.000000 0.311488241 -0.655220449 0.080864802 -0.050631680 -0.054259531 0.004515304 0.997232139
1769789933368321792.000000 0.315888792 -0.618688524 0.081125140 -0.049246989 -0.054187845 0.004147347 0.997307003
1769789933501657600.000000 0.322094232 -0.589387834 0.079947472 -0.048647407 -0.054043386 0.003966793 0.997345030
1769789933668333568.000000 0.330409467 -0.557674408 0.074285522 -0.047905739 -0.054606806 0.004089979 0.997349679
1769789933868321280.000000 0.343353212 -0.518774152 0.074390024 -0.047037538 -0.054537974 0.003644293 0.997396529
1769789934134983936.000000 0.362665951 -0.478649765 0.066207521 -0.047099002 -0.055002268 0.003587000 0.997368336
1769789934468323840.000000 0.390786946 -0.437391728 0.065903626 -0.046876542 -0.055407371 0.002883603 0.997358680
1769789934935032064.000000 0.430251509 -0.406348109 0.065436587 -0.047996994 -0.056193855 0.003953259 0.997257710
1769789935034988800.000000 0.437817842 -0.403803021 0.065368190 -0.048278097 -0.055858791 0.004309616 0.997261465
1769789935301653760.000000 0.461545229 -0.407672882 0.038598340 -0.049458742 -0.055907767 0.004806378 0.997198641
1769789935501650688.000000 0.480144948 -0.408883691 0.019470979 -0.048927914 -0.056474373 0.005052954 0.997191668
1769789935868320000.000000 0.499403775 -0.416027069 0.020788074 -0.049203705 -0.056553189 0.004550960 0.997176051
1769789936134982144.000000 0.512116849 -0.420684665 0.023805995 -0.048621535 -0.057061628 0.004471937 0.997175992
1769789936501656320.000000 0.525003850 -0.428721189 0.025547773 -0.048514891 -0.057994641 0.004029636 0.997129261
1769789937034983424.000000 0.539241970 -0.437148809 0.030562833 -0.048227340 -0.060019147 0.004587419 0.997020960
1769789938768316416.000000 0.551327169 -0.441894650 0.036605425 -0.049527287 -0.062567219 0.005371763 0.996796668
