1770114298.627017 0.0000000 0.0000000 0.0000000 -0.0000000 -0.0000000 -0.0000000 1.0000000
1770114302.860364 0.0002670 0.0000103 0.0000544 0.0010238 -0.0014321 -0.0012274 0.9999977
1770114303.093699 0.0002651 0.0000719 0.0000337 0.0018376 -0.0005136 -0.0012929 0.9999974
1770114305.360364 0.0000500 0.0000779 -0.0006322 0.0102046 0.0198029 -0.0040692 0.9997436
1770114305.760364 -0.0001962 -0.0000104 -0.0010405 0.0082060 0.0262659 -0.0054721 0.9996063
1770114306.260363 -0.0000913 -0.0001547 -0.0014564 0.0057776 0.0344590 -0.0063107 0.9993695
1770114307.727015 0.0035135 0.0021380 0.0000354 -0.0168154 0.0556094 -0.0106879 0.9982538
1770114308.193679 0.0033903 0.0027851 0.0004409 -0.0284735 0.0607748 -0.0089450 0.9977052
1770114308.693679 0.0032442 0.0027185 -0.0002844 -0.0385673 0.0635474 -0.0062684 0.9972137
1770114309.593678 0.0032930 0.0030523 0.0000869 -0.0436324 0.0584650 -0.0017733 0.9973339
1770114310.427011 0.0024842 0.0028904 0.0004541 -0.0275256 0.0461042 -0.0065112 0.9985361
1770114310.627010 0.0017926 0.0025244 0.0012148 -0.0221560 0.0440002 -0.0066219 0.9987639
1770114310.960344 0.0017542 0.0034002 0.0010763 -0.0052567 0.0357364 -0.0097238 0.9993001
1770114311.627010 0.0004895 0.0001741 -0.0032860 0.0416536 0.0018122 -0.0082379 0.9990965
1770114313.227011 0.0018539 0.0037001 -0.0055313 0.0549297 -0.0365098 0.0176480 0.9976664
1770114314.760342 -0.0019850 0.0011677 -0.0103636 0.0816909 -0.0448263 0.0262655 0.9953027
1770114316.160311 -0.0050807 0.0068288 -0.0113816 0.0630111 -0.0508045 0.0267374 0.9963602
1770114316.593645 -0.0055863 0.0088592 -0.0107199 0.0510654 -0.0505026 0.0267670 0.9970583
1770114320.226975 -0.0036887 0.0117369 -0.0063045 -0.0125496 -0.0123444 -0.2640141 0.9643582
1770114320.693642 -0.0003090 0.0094349 -0.0050649 0.0047174 0.0004441 -0.1306911 0.9914119
1770114320.860308 0.0003698 0.0093383 -0.0056235 0.0186651 0.0080013 -0.1184765 0.9927492
1770114321.060309 0.0009011 0.0089052 -0.0049631 0.0339248 0.0188901 -0.1193013 0.9920985
1770114321.393642 0.0021487 0.0070260 -0.0051408 0.0552502 0.0451036 -0.1163599 0.9906430
1770114322.026976 0.0038103 0.0046485 -0.0063653 0.0490735 0.0845738 -0.1179718 0.9881911
1770114322.426975 0.0054814 0.0041624 -0.0053258 0.0206735 0.0675773 -0.0615689 0.9955980
1770114322.793641 0.0052858 0.0038514 -0.0067056 0.0327879 0.0681938 -0.0357947 0.9964905
1770114322.893641 0.0053435 0.0040483 -0.0065521 0.0409727 0.0688896 -0.0325012 0.9962525
1770114323.793640 0.0086269 0.0014819 -0.0089899 0.0787799 0.0680582 -0.0097492 0.9945183
1770114324.693638 0.0088527 0.0014447 -0.0099240 0.0791127 0.0826516 -0.0092688 0.9933901
1770114325.726970 0.0082436 0.0016529 -0.0104987 0.0469459 0.0985983 -0.0177890 0.9938602
1770114326.026971 0.0073435 0.0021093 -0.0115355 0.0337519 0.1020294 -0.0225755 0.9939523
1770114326.660304 0.0097044 0.0021354 -0.0079793 -0.0026789 0.1042523 0.0081593 0.9945138
1770114327.693637 0.0104951 0.0041792 -0.0056888 -0.0454450 0.0989585 0.0436295 0.9930954
1770114329.993634 0.0059344 0.0062057 0.0019927 -0.0409236 0.0643172 0.0457493 0.9960400
1770114330.260303 0.0054173 0.0057837 0.0019346 -0.0321169 0.0587084 0.0440527 0.9967855
1770114330.360302 0.0050349 0.0054511 0.0018111 -0.0292116 0.0568957 0.0438494 0.9969889
1770114333.360303 0.0013190 0.0017654 -0.0074735 0.0738960 -0.0407641 0.0241905 0.9961388
1770114333.826969 0.0000569 0.0013015 -0.0083976 0.0810066 -0.0411599 0.0250029 0.9955494
1770114334.960301 -0.0029704 0.0023616 -0.0106290 0.0792417 -0.0471385 0.0263462 0.9953917
1770114336.160300 -0.0053752 0.0084825 -0.0108316 0.0586281 -0.0508931 0.0244760 0.9966813
1770114336.860300 -0.0057774 0.0093856 -0.0102429 0.0292498 -0.0524097 -0.0537713 0.9967479
1770114337.493633 -0.0057795 0.0108555 -0.0089784 0.0032649 -0.0575621 -0.2195383 0.9738988
1770114337.826966 -0.0055203 0.0111916 -0.0077262 -0.0090960 -0.0608930 -0.2831125 0.9571085
1770114338.193633 -0.0054653 0.0117655 -0.0074241 -0.0185983 -0.0620089 -0.3345426 0.9401544
1770114338.660299 -0.0056213 0.0115044 -0.0081585 -0.0288500 -0.0575089 -0.3663805 0.9282380
1770114339.926965 -0.0038926 0.0116628 -0.0065447 -0.0151866 -0.0147534 -0.2770455 0.9606235
1770114339.993631 -0.0035945 0.0115794 -0.0064525 -0.0124932 -0.0117672 -0.2621247 0.9648814
1770114347.593621 0.0101191 0.0040124 -0.0054770 -0.0504798 0.0976337 0.0459482 0.9928787
1770114350.560264 0.0043309 0.0049451 -0.0016372 -0.0018034 0.0393341 0.0295701 0.9987869
1770114351.260264 0.0025038 0.0035302 -0.0054253 0.0578226 -0.0001926 0.0172379 0.9981780
1770114351.460263 0.0025001 0.0040085 -0.0061193 0.0760131 -0.0228542 0.0150685 0.9967310
1770114351.560263 0.0027616 0.0040396 -0.0066910 0.0820363 -0.0324488 0.0213104 0.9958730
1770114351.893597 0.0021391 0.0036433 -0.0056471 0.0626604 -0.0346446 0.0357361 0.9967930
1770114356.126926 -0.0054794 0.0094728 -0.0108731 0.0532510 -0.0508807 0.0246032 0.9969805
1770114356.426927 -0.0053736 0.0095289 -0.0100557 0.0387558 -0.0526210 -0.0008717 0.9978619
1770114357.193592 -0.0059192 0.0106669 -0.0093435 0.0049288 -0.0573710 -0.2057659 0.9769057
1770114357.426926 -0.0058898 0.0109721 -0.0092207 -0.0036650 -0.0597412 -0.2548952 0.9651145
1770114358.793592 -0.0049351 0.0117044 -0.0071493 -0.0321578 -0.0509690 -0.3642965 0.9293310
1770114359.793591 -0.0034054 0.0114954 -0.0066040 -0.0110644 -0.0110200 -0.2529732 0.9673473
1770114359.860256 -0.0031880 0.0113455 -0.0071007 -0.0082482 -0.0081447 -0.2343990 0.9720714
1770114360.093590 -0.0009905 0.0104033 -0.0049620 0.0014093 -0.0016671 -0.1613019 0.9869027
1770114360.660256 0.0014017 0.0083832 -0.0054599 0.0393437 0.0246445 -0.1171480 0.9920288
1770114360.860257 0.0023362 0.0075582 -0.0049432 0.0532565 0.0394740 -0.1157541 0.9910634
1770114361.626923 0.0045243 0.0048985 -0.0049236 0.0373037 0.0790213 -0.1047687 0.9906501
1770114361.993589 0.0055901 0.0043230 -0.0052026 0.0201861 0.0672424 -0.0575045 0.9958736
1770114363.326905 0.0087362 0.0013583 -0.0092625 0.0785549 0.0681114 -0.0100388 0.9945297
1770114367.060234 0.0101718 0.0039009 -0.0060380 -0.0400600 0.1015232 0.0382838 0.9932888
1770114367.626900 0.0096649 0.0050853 -0.0053271 -0.0546863 0.0941637 0.0480757 0.9928904
1770114368.226899 0.0090912 0.0067663 -0.0018584 -0.0605416 0.0838766 0.0520485 0.9932725
1770114370.393558 0.0043850 0.0047489 -0.0020182 0.0045734 0.0359788 0.0272908 0.9989694
1770114370.826892 0.0035871 0.0043353 -0.0033945 0.0419980 0.0167851 0.0206079 0.9987641
1770114371.060224 0.0023367 0.0040059 -0.0057868 0.0633203 -0.0051102 0.0154508 0.9978606
1770114371.593556 0.0024050 0.0037568 -0.0062734 0.0743987 -0.0362080 0.0357754 0.9959287
1770114371.693557 0.0025161 0.0037189 -0.0054039 0.0573143 -0.0344618 0.0352055 0.9971399
1770114373.693556 -0.0009594 0.0007184 -0.0102311 0.0833907 -0.0440854 0.0273069 0.9951667
1770114374.793556 -0.0037676 0.0035670 -0.0103643 0.0737222 -0.0487682 0.0252581 0.9957654
1770114375.260221 -0.0045415 0.0053493 -0.0105066 0.0642540 -0.0502135 0.0276382 0.9962862
1770114376.193554 -0.0051976 0.0099901 -0.0100791 0.0409721 -0.0532661 -0.0052765 0.9977255
1770114377.393553 -0.0055293 0.0110339 -0.0083619 -0.0108813 -0.0619205 -0.2915847 0.9544767
1770114378.760206 -0.0047198 0.0117643 -0.0052645 -0.0310309 -0.0459599 -0.3587621 0.9317803
1770114380.726871 0.0022920 0.0068145 -0.0048819 0.0576929 0.0514391 -0.1173091 0.9900829
1770114380.926871 0.0027628 0.0058435 -0.0052749 0.0619878 0.0728703 -0.1207127 0.9880668
1770114382.093537 0.0054797 0.0039532 -0.0066939 0.0343969 0.0687129 -0.0361433 0.9963880
1770114382.460203 0.0063666 0.0029944 -0.0068594 0.0570368 0.0675044 -0.0240262 0.9957976
1770114382.826870 0.0082984 0.0013908 -0.0086454 0.0705892 0.0655721 -0.0126256 0.9952678
1770114383.693536 0.0089196 0.0013912 -0.0094261 0.0802390 0.0779412 -0.0084019 0.9936882
1770114384.560203 0.0092473 0.0010809 -0.0095995 0.0622912 0.0925376 -0.0081263 0.9937256
1770114385.393534 0.0074079 0.0019519 -0.0116464 0.0288408 0.1027052 -0.0220935 0.9940482
1770114385.593534 0.0081768 0.0014014 -0.0111205 0.0165783 0.1036750 -0.0113941 0.9944078
1770114385.993524 0.0099625 0.0018463 -0.0083702 -0.0069661 0.1041913 0.0091823 0.9944905
1770114386.260191 0.0105069 0.0014820 -0.0081275 -0.0186954 0.1036969 0.0196137 0.9942398
1770114386.393524 0.0105437 0.0019900 -0.0073512 -0.0245929 0.1035150 0.0251050 0.9940068
1770114386.726856 0.0101646 0.0035561 -0.0067904 -0.0375374 0.1028644 0.0336350 0.9934176
1770114386.993524 0.0103501 0.0040984 -0.0062002 -0.0464973 0.0983586 0.0441343 0.9930840
1770114387.293524 0.0102131 0.0047326 -0.0052349 -0.0538004 0.0947535 0.0461947 0.9929720
1770114387.793523 0.0105574 0.0044988 -0.0040522 -0.0624027 0.0845657 0.0540682 0.9929910
1770114388.693523 0.0103284 0.0065732 -0.0016192 -0.0562771 0.0680837 0.0511197 0.9947785
1770114389.160188 0.0069844 0.0053811 -0.0005906 -0.0456478 0.0680624 0.0450923 0.9956157
1770114389.360190 0.0074474 0.0057901 -0.0002489 -0.0390698 0.0616497 0.0426043 0.9964225
1770114390.360189 0.0037688 0.0047035 -0.0031920 0.0230069 0.0269767 0.0219475 0.9991302
1770114390.660188 0.0033772 0.0044383 -0.0041092 0.0483953 0.0103672 0.0177892 0.9986160
1770114391.026855 0.0029867 0.0046119 -0.0063468 0.0814247 -0.0279856 0.0202841 0.9960800
1770114391.293522 0.0023020 0.0036778 -0.0071373 0.0859892 -0.0367067 0.0350613 0.9950022
1770114391.826855 0.0013998 0.0040180 -0.0020416 0.0372766 -0.0279438 0.0230910 0.9986473
1770114392.860186 0.0011222 0.0020535 -0.0075108 0.0743131 -0.0389576 0.0228895 0.9962108
1770114394.760174 -0.0012162 0.0060367 -0.0093662 0.0670296 -0.0392637 0.0222426 0.9967300
1770114395.060174 -0.0013417 0.0062237 -0.0095368 0.0606466 -0.0378297 0.0244006 0.9971437
1770114395.526840 -0.0008700 0.0070163 -0.0083168 0.0477729 -0.0337913 0.0312674 0.9977967
1770114395.860174 -0.0007080 0.0077782 -0.0075012 0.0402836 -0.0307528 0.0301972 0.9982583
1770114396.393506 -0.0005203 0.0074931 -0.0062411 0.0267888 -0.0242492 0.0300504 0.9988951
1770114397.426839 0.0003434 0.0074724 -0.0067836 0.0178153 -0.0114193 0.0262111 0.9994324
