1770114298627017216.000000 0.000000000 0.000000000 0.000000000 -0.000000000 -0.000000000 -0.000000000 1.000000000
1770114302860364544.000000 0.000266956 0.000010257 0.000054415 0.001023750 -0.001432131 -0.001227438 0.999997735
1770114303093698816.000000 0.000265149 0.000071891 0.000033682 0.001837600 -0.000513625 -0.001292926 0.999997377
1770114305360364032.000000 0.000049995 0.000077858 -0.000632235 0.010204595 0.019802928 -0.004069188 0.999743581
1770114305760363776.000000 -0.000196198 -0.000010389 -0.001040503 0.008205984 0.026265917 -0.005472131 0.999606311
1770114306260363008.000000 -0.000091299 -0.000154723 -0.001456418 0.005777557 0.034459036 -0.006310660 0.999369502
1770114307727014656.000000 0.003513452 0.002137995 0.000035427 -0.016815361 0.055609427 -0.010687929 0.998253822
1770114308193678848.000000 0.003390342 0.002785054 0.000440946 -0.028473523 0.060774848 -0.008945031 0.997705221
1770114308693679104.000000 0.003244238 0.002718507 -0.000284394 -0.038567334 0.063547447 -0.006268413 0.997213662
1770114309593677824.000000 0.003293009 0.003052254 0.000086925 -0.043632407 0.058465015 -0.001773337 0.997333944
1770114310427011584.000000 0.002484205 0.002890388 0.000454118 -0.027525555 0.046104204 -0.006511207 0.998536110
1770114310627010304.000000 0.001792583 0.002524438 0.001214818 -0.022155980 0.044000227 -0.006621929 0.998763859
1770114310960343552.000000 0.001754192 0.003400228 0.001076261 -0.005256727 0.035736419 -0.009723783 0.999300122
1770114311627009536.000000 0.000489510 0.000174129 -0.003285973 0.041653607 0.001812165 -0.008237878 0.999096513
1770114313227011328.000000 0.001853931 0.003700062 -0.005531332 0.054929692 -0.036509842 0.017647984 0.997666419
1770114314760342272.000000 -0.001984962 0.001167662 -0.010363605 0.081690900 -0.044826280 0.026265485 0.995302677
1770114316160311296.000000 -0.005080717 0.006828827 -0.011381640 0.063011087 -0.050804511 0.026737444 0.996360183
1770114316593644544.000000 -0.005586348 0.008859160 -0.010719922 0.051065356 -0.050502647 0.026766974 0.997058332
1770114320226975232.000000 -0.003688680 0.011736914 -0.006304516 -0.012549556 -0.012344410 -0.264014095 0.964358151
1770114320693642496.000000 -0.000308991 0.009434868 -0.005064912 0.004717394 0.000444110 -0.130691126 0.991411865
1770114320860308224.000000 0.000369770 0.009338330 -0.005623510 0.018665100 0.008001329 -0.118476458 0.992749214
1770114321060308736.000000 0.000901132 0.008905154 -0.004963125 0.033924773 0.018890057 -0.119301327 0.992098510
1770114321393641984.000000 0.002148686 0.007025951 -0.005140801 0.055250213 0.045103598 -0.116359852 0.990642965
1770114322026975744.000000 0.003810314 0.004648483 -0.006365328 0.049073491 0.084573768 -0.117971815 0.988191128
1770114322426975232.000000 0.005481388 0.004162434 -0.005325751 0.020673463 0.067577265 -0.061568879 0.995597959
1770114322793641216.000000 0.005285778 0.003851441 -0.006705551 0.032787886 0.068193823 -0.035794750 0.996490479
1770114322893640960.000000 0.005343496 0.004048273 -0.006552081 0.040972650 0.068889603 -0.032501176 0.996252537
1770114323793640192.000000 0.008626914 0.001481874 -0.008989865 0.078779906 0.068058230 -0.009749161 0.994518340
1770114324693638400.000000 0.008852679 0.001444673 -0.009923991 0.079112671 0.082651556 -0.009268765 0.993390143
1770114325726970368.000000 0.008243600 0.001652945 -0.010498715 0.046945896 0.098598331 -0.017788982 0.993860185
1770114326026970624.000000 0.007343504 0.002109300 -0.011535474 0.033751946 0.102029383 -0.022575513 0.993952274
1770114326660303616.000000 0.009704359 0.002135393 -0.007979261 -0.002678921 0.104252346 0.008159349 0.994513810
1770114327693636864.000000 0.010495056 0.004179223 -0.005688782 -0.045445010 0.098958485 0.043629520 0.993095398
1770114329993634560.000000 0.005934388 0.006205653 0.001992738 -0.040923592 0.064317189 0.045749336 0.996039987
1770114330260303616.000000 0.005417332 0.005783738 0.001934580 -0.032116864 0.058708403 0.044052705 0.996785462
1770114330360302336.000000 0.005034862 0.005451144 0.001811116 -0.029211577 0.056895729 0.043849394 0.996988893
1770114333360302848.000000 0.001319031 0.001765376 -0.007473517 0.073896028 -0.040764108 0.024190521 0.996138811
1770114333826968832.000000 0.000056864 0.001301457 -0.008397603 0.081006601 -0.041159872 0.025002893 0.995549440
1770114334960300800.000000 -0.002970413 0.002361645 -0.010628981 0.079241671 -0.047138538 0.026346171 0.995391667
1770114336160300288.000000 -0.005375219 0.008482530 -0.010831621 0.058628064 -0.050893087 0.024476008 0.996681273
1770114336860299776.000000 -0.005777406 0.009385564 -0.010242937 0.029249763 -0.052409705 -0.053771254 0.996747911
1770114337493633024.000000 -0.005779514 0.010855459 -0.008978446 0.003264887 -0.057562061 -0.219538257 0.973898828
1770114337826966272.000000 -0.005520269 0.011191595 -0.007726213 -0.009095967 -0.060892988 -0.283112526 0.957108498
1770114338193633024.000000 -0.005465288 0.011765491 -0.007424150 -0.018598294 -0.062008854 -0.334542572 0.940154374
1770114338660298752.000000 -0.005621254 0.011504443 -0.008158473 -0.028850047 -0.057508938 -0.366380453 0.928237975
1770114339926964736.000000 -0.003892630 0.011662828 -0.006544736 -0.015186610 -0.014753391 -0.277045488 0.960623503
1770114339993631488.000000 -0.003594463 0.011579430 -0.006452464 -0.012493217 -0.011767188 -0.262124658 0.964881420
1770114347593621504.000000 0.010119064 0.004012444 -0.005477039 -0.050479818 0.097633749 0.045948222 0.992878735
1770114350560264192.000000 0.004330880 0.004945060 -0.001637239 -0.001803420 0.039334085 0.029570149 0.998786867
1770114351260263936.000000 0.002503806 0.003530175 -0.005425261 0.057822600 -0.000192582 0.017237930 0.998178005
1770114351460263168.000000 0.002500113 0.004008472 -0.006119271 0.076013111 -0.022854228 0.015068509 0.996730983
1770114351560262912.000000 0.002761572 0.004039582 -0.006691032 0.082036346 -0.032448757 0.021310372 0.995872974
1770114351893596672.000000 0.002139063 0.003643332 -0.005647061 0.062660359 -0.034644637 0.035736110 0.996793032
1770114356126926080.000000 -0.005479378 0.009472801 -0.010873117 0.053250965 -0.050880671 0.024603175 0.996980548
1770114356426926848.000000 -0.005373615 0.009528911 -0.010055713 0.038755778 -0.052620981 -0.000871711 0.997861862
1770114357193591808.000000 -0.005919160 0.010666896 -0.009343508 0.004928772 -0.057371039 -0.205765903 0.976905704
1770114357426926080.000000 -0.005889774 0.010972074 -0.009220728 -0.003664990 -0.059741177 -0.254895240 0.965114534
1770114358793591808.000000 -0.004935070 0.011704425 -0.007149341 -0.032157764 -0.050968971 -0.364296526 0.929331005
1770114359793591040.000000 -0.003405447 0.011495385 -0.006604034 -0.011064415 -0.011019959 -0.252973199 0.967347264
1770114359860256512.000000 -0.003188049 0.011345461 -0.007100712 -0.008248176 -0.008144681 -0.234399036 0.972071409
1770114360093590528.000000 -0.000990519 0.010403330 -0.004962021 0.001409273 -0.001667053 -0.161301881 0.986902714
1770114360660256512.000000 0.001401664 0.008383154 -0.005459928 0.039343655 0.024644470 -0.117147952 0.992028773
1770114360860256768.000000 0.002336201 0.007558218 -0.004943211 0.053256460 0.039473988 -0.115754060 0.991063356
1770114361626922752.000000 0.004524304 0.004898500 -0.004923574 0.037303690 0.079021260 -0.104768716 0.990650117
1770114361993588992.000000 0.005590139 0.004323003 -0.005202586 0.020186108 0.067242399 -0.057504501 0.995873570
1770114363326904576.000000 0.008736153 0.001358322 -0.009262530 0.078554869 0.068111435 -0.010038787 0.994529665
1770114367060234240.000000 0.010171839 0.003900929 -0.006037966 -0.040059969 0.101523228 0.038283754 0.993288755
1770114367626900224.000000 0.009664947 0.005085260 -0.005327118 -0.054686300 0.094163731 0.048075665 0.992890418
1770114368226898944.000000 0.009091182 0.006766260 -0.001858448 -0.060541585 0.083876610 0.052048501 0.993272543
1770114370393557760.000000 0.004384951 0.004748879 -0.002018218 0.004573388 0.035978824 0.027290812 0.998969376
1770114370826891776.000000 0.003587136 0.004335332 -0.003394502 0.041998040 0.016785061 0.020607868 0.998764098
1770114371060223744.000000 0.002336730 0.004005877 -0.005786811 0.063320301 -0.005110244 0.015450837 0.997860551
1770114371593556480.000000 0.002404985 0.003756778 -0.006273446 0.074398659 -0.036208034 0.035775382 0.995928705
1770114371693557248.000000 0.002516068 0.003718863 -0.005403905 0.057314269 -0.034461774 0.035205480 0.997139931
1770114373693555712.000000 -0.000959384 0.000718370 -0.010231072 0.083390668 -0.044085413 0.027306853 0.995166719
1770114374793555968.000000 -0.003767588 0.003567046 -0.010364293 0.073722161 -0.048768166 0.025258131 0.995765388
1770114375260221184.000000 -0.004541459 0.005349275 -0.010506567 0.064254031 -0.050213464 0.027638229 0.996286213
1770114376193553920.000000 -0.005197556 0.009990063 -0.010079108 0.040972099 -0.053266145 -0.005276483 0.997725487
1770114377393552896.000000 -0.005529345 0.011033889 -0.008361923 -0.010881340 -0.061920453 -0.291584730 0.954476714
1770114378760205568.000000 -0.004719798 0.011764330 -0.005264480 -0.031030888 -0.045959949 -0.358762056 0.931780338
1770114380726870528.000000 0.002291993 0.006814452 -0.004881873 0.057692870 0.051439110 -0.117309101 0.990082920
1770114380926871040.000000 0.002762777 0.005843466 -0.005274900 0.061987847 0.072870344 -0.120712690 0.988066792
1770114382093536512.000000 0.005479660 0.003953221 -0.006693920 0.034396928 0.068712912 -0.036143318 0.996388018
1770114382460202752.000000 0.006366649 0.002994394 -0.006859428 0.057036769 0.067504369 -0.024026232 0.995797575
1770114382826870528.000000 0.008298353 0.001390814 -0.008645414 0.070589237 0.065572068 -0.012625580 0.995267808
1770114383693535744.000000 0.008919560 0.001391230 -0.009426141 0.080239005 0.077941157 -0.008401931 0.993688226
1770114384560202496.000000 0.009247277 0.001080903 -0.009599503 0.062291216 0.092537597 -0.008126277 0.993725598
1770114385393534464.000000 0.007407852 0.001951911 -0.011646355 0.028840845 0.102705158 -0.022093549 0.994048178
1770114385593534208.000000 0.008176827 0.001401389 -0.011120524 0.016578311 0.103674956 -0.011394123 0.994407773
1770114385993523968.000000 0.009962534 0.001846281 -0.008370182 -0.006966121 0.104191303 0.009182343 0.994490504
1770114386260190720.000000 0.010506862 0.001481989 -0.008127505 -0.018695420 0.103696875 0.019613659 0.994239807
1770114386393524480.000000 0.010543746 0.001990033 -0.007351152 -0.024592904 0.103514984 0.025104983 0.994006813
1770114386726856192.000000 0.010164551 0.003556090 -0.006790365 -0.037537355 0.102864437 0.033635002 0.993417621
1770114386993523712.000000 0.010350144 0.004098375 -0.006200169 -0.046497293 0.098358564 0.044134282 0.993083954
1770114387293523456.000000 0.010213119 0.004732647 -0.005234915 -0.053800423 0.094753467 0.046194725 0.992972016
1770114387793522688.000000 0.010557372 0.004498827 -0.004052194 -0.062402725 0.084565729 0.054068182 0.992991030
1770114388693522688.000000 0.010328374 0.006573172 -0.001619221 -0.056277111 0.068083748 0.051119708 0.994778514
1770114389160188416.000000 0.006984416 0.005381098 -0.000590616 -0.045647841 0.068062373 0.045092303 0.995615661
1770114389360190208.000000 0.007447403 0.005790132 -0.000248872 -0.039069824 0.061649669 0.042604338 0.996422470
1770114390360189184.000000 0.003768845 0.004703472 -0.003191984 0.023006907 0.026976701 0.021947548 0.999130249
1770114390660187904.000000 0.003377175 0.004438292 -0.004109215 0.048395272 0.010367213 0.017789220 0.998616040
1770114391026854400.000000 0.002986718 0.004611895 -0.006346836 0.081424683 -0.027985567 0.020284053 0.996080041
1770114391293522432.000000 0.002302013 0.003677824 -0.007137266 0.085989162 -0.036706746 0.035061337 0.995002151
1770114391826854656.000000 0.001399753 0.004018049 -0.002041558 0.037276562 -0.027943805 0.023090964 0.998647273
1770114392860186368.000000 0.001122168 0.002053527 -0.007510763 0.074313059 -0.038957588 0.022889500 0.996210814
1770114394760174336.000000 -0.001216199 0.006036718 -0.009366157 0.067029588 -0.039263725 0.022242563 0.996730030
1770114395060174336.000000 -0.001341685 0.006223703 -0.009536767 0.060646590 -0.037829734 0.024400625 0.997143686
1770114395526839808.000000 -0.000869976 0.007016338 -0.008316775 0.047772884 -0.033791333 0.031267416 0.997796714
1770114395860173824.000000 -0.000708002 0.007778154 -0.007501197 0.040283609 -0.030752752 0.030197160 0.998258293
1770114396393506304.000000 -0.000520319 0.007493143 -0.006241091 0.026788829 -0.024249190 0.030050434 0.998895109
1770114397426838784.000000 0.000343425 0.007472414 -0.006783645 0.017815350 -0.011419270 0.026211070 0.999432445
