1769781753695693568.000000 0.000000000 0.000000000 0.000000000 -0.000000000 -0.000000000 -0.000000000 1.000000000
1769781753762359296.000000 -0.000250855 0.000030631 -0.000285904 0.000171224 0.000775902 0.002233229 0.999997199
1769781753795693312.000000 -0.000276128 -0.000117252 -0.000160391 0.000239672 0.000770484 0.002274462 0.999997079
1769781753895693824.000000 -0.000213104 0.000037264 0.000342012 0.000084522 0.000521516 0.001068277 0.999999285
1769781754095692800.000000 -0.000523120 -0.000107236 0.001179567 -0.000030318 0.001074534 0.002189582 0.999997079
1769781754262358784.000000 -0.000621675 -0.000017517 0.000900932 0.000325440 0.001192353 0.002734677 0.999995530
1769781754429025792.000000 -0.000626448 0.000032942 0.001164129 0.000132197 0.001332383 0.003618518 0.999992549
1769781754595692032.000000 -0.000486632 0.000079645 0.001577397 0.000170085 0.001036436 0.002470296 0.999996424
1769781769595731712.000000 -0.001927400 0.000146930 0.000259304 0.002702250 0.005327961 -0.001068324 0.999981582
1769781770429064448.000000 -0.003378252 -0.000979694 0.000883748 -0.000821227 0.020623991 0.000362993 0.999786913
1769781770895731712.000000 -0.004158626 -0.002213039 -0.000403317 -0.010491419 0.031030919 0.001307789 0.999462545
1769781770929063680.000000 -0.004294365 -0.002069652 -0.000767827 -0.011195590 0.031578664 0.001072308 0.999438047
1769781771395766784.000000 -0.004746278 -0.003954157 -0.000903045 -0.024679963 0.039622456 0.002583290 0.998906553
1769781771829099520.000000 -0.004824318 -0.004328739 -0.000055597 -0.026379919 0.040612910 0.004163207 0.998818040
1769781771862435328.000000 -0.004672574 -0.004169199 0.000054548 -0.025271850 0.039980195 0.003134992 0.998875916
1769781772029098496.000000 -0.004795288 -0.003718431 -0.000429540 -0.020881873 0.038870648 0.003291567 0.999020636
1769781772095765248.000000 -0.004824886 -0.003520093 -0.000886707 -0.019277545 0.036958162 0.001040081 0.999130309
1769781772162431744.000000 -0.004873325 -0.003160301 -0.000664839 -0.016828451 0.036295392 0.001927342 0.999197543
1769781772262431744.000000 -0.004504939 -0.002908407 -0.000529394 -0.012473128 0.034225203 0.000010026 0.999336362
1769781772295765504.000000 -0.004596395 -0.002946679 -0.000972204 -0.012161563 0.033032034 -0.000152871 0.999380291
1769781772529099264.000000 -0.003929101 -0.001349905 0.000583773 0.001335614 0.027731599 -0.000135035 0.999614537
1769781772562431488.000000 -0.004896258 -0.001231227 -0.002455621 0.002856622 0.027216520 0.000169732 0.999625504
1769781772929097728.000000 -0.004028690 0.002533791 -0.001513336 0.028012836 0.020159168 -0.003939451 0.999396503
1769781773062430976.000000 -0.001527527 0.003028541 0.002122827 0.022877507 0.014698963 -0.003768268 0.999623120
1769781773095764736.000000 -0.001904858 0.002581647 0.001483607 0.017783852 0.014113549 -0.003821425 0.999734938
1769781773495764480.000000 -0.001045706 0.004035751 0.002041507 0.009833227 0.000399926 -0.006237668 0.999932110
1769781773562430720.000000 -0.000674466 0.003488342 0.003359128 0.010292202 -0.001072983 -0.006769691 0.999923587
1769781773595764224.000000 -0.001444096 0.005530279 -0.000434790 0.013818483 -0.001675880 -0.003015626 0.999898612
1769781774129096960.000000 -0.000704895 0.004939076 0.000133794 0.030769166 -0.010306272 0.000134904 0.999473393
1769781774362431488.000000 -0.000036540 0.003223093 0.000836718 0.026807090 -0.015524934 0.002024567 0.999518037
1769781774762430464.000000 0.000165847 0.001027487 -0.002288616 0.006715947 -0.020194910 0.001627305 0.999772191
1769781774795764480.000000 0.000190942 0.000249967 -0.001847182 0.006328758 -0.019961750 0.001411328 0.999779761
1769781774862430720.000000 0.000409575 -0.000639654 -0.000713066 0.000354343 -0.019762248 0.001476795 0.999803543
1769781775829096448.000000 -0.000643139 -0.006132949 -0.000465033 -0.036676709 -0.007663499 -0.070783459 0.996787786
1769781775895763968.000000 -0.001113451 -0.005559007 -0.001101059 -0.035471171 -0.005252352 -0.065083742 0.997235358
1769781775929096192.000000 -0.000900736 -0.005435308 -0.000259993 -0.034809075 -0.003996470 -0.061008938 0.997522056
1769781775995762944.000000 -0.001317307 -0.005027493 -0.001093376 -0.032670479 -0.001301843 -0.054274391 0.997990608
1769781776062429440.000000 -0.001465726 -0.005305440 -0.000764598 -0.031346619 0.001556179 -0.047526386 0.998376787
1769781776262428416.000000 -0.001766193 -0.004497174 -0.001601735 -0.025122104 0.007209805 -0.034575146 0.999060273
1769781776362428160.000000 -0.002205355 -0.004064329 -0.001695763 -0.017044505 0.012808512 -0.034473997 0.999178171
1769781776395763456.000000 -0.002040287 -0.003513310 -0.001578941 -0.015321838 0.015452930 -0.037436195 0.999062061
1769781776529096448.000000 -0.002601891 -0.002410572 -0.000927454 0.000560137 0.025834374 -0.036634337 0.998994589
1769781776562428672.000000 -0.002630358 -0.002216214 -0.000601647 0.004604941 0.028545003 -0.035729684 0.998943150
1769781776595762432.000000 -0.003264787 -0.001852571 -0.001581355 0.008360549 0.033206142 -0.036905721 0.998731911
1769781776662429440.000000 -0.003738257 -0.001256679 -0.001790291 0.015389550 0.040716223 -0.036481462 0.998385966
1769781776729095680.000000 -0.003623891 -0.000697902 -0.000970632 0.021479322 0.048478831 -0.037739635 0.997879863
1769781777029094656.000000 -0.004008962 0.001321096 -0.000589189 0.036038708 0.074188635 -0.045111697 0.995571315
1769781777095762432.000000 -0.003865766 0.001633092 -0.000196067 0.038090788 0.073665209 -0.047860045 0.995405436
1769781777329095424.000000 -0.004421742 0.002655326 0.000286334 0.010740123 0.066441499 -0.038486023 0.996989965
1769781777495761920.000000 -0.005189023 0.003350033 0.001145209 0.005814496 0.067988239 -0.032661628 0.997134387
1769781777629095680.000000 -0.006240129 0.003763749 0.001696317 0.006478550 0.071016021 -0.029532842 0.997016847
1769781777729095168.000000 -0.006535375 0.004234361 0.001729902 0.012372146 0.072904669 -0.024547776 0.996960044
1769781777795762176.000000 -0.006569017 0.004343126 0.001613089 0.013963178 0.073987059 -0.029839696 0.996714890
1769781778062427904.000000 -0.006685484 0.004352659 0.002811546 0.024228340 0.077176221 -0.030931035 0.996243000
1769781778095761664.000000 -0.007724777 0.004441547 0.002629432 0.026677284 0.080525324 -0.021822060 0.996156514
1769781778262427392.000000 -0.007759351 0.004674383 0.001189429 0.027137455 0.079871967 -0.024944307 0.996123374
1769781778329094656.000000 -0.009185680 0.004907465 0.001761757 0.028260542 0.086250618 -0.019827098 0.995675206
1769781778695760896.000000 -0.009048488 0.001649560 0.001618361 0.012227719 0.088786744 -0.017779831 0.995816886
1769781778729094400.000000 -0.009445432 0.001523625 0.000853014 0.010527552 0.088851459 -0.016690390 0.995849431
1769781778795760896.000000 -0.009217051 0.001152885 0.000390851 0.006234297 0.088062368 -0.018638149 0.995921075
1769781779395784704.000000 -0.009947610 -0.005784636 -0.000238897 -0.033213858 0.085621990 -0.004254557 0.995764852
1769781779462449664.000000 -0.009536405 -0.006600882 0.000344626 -0.037088692 0.084005915 -0.003545826 0.995768487
1769781779995783424.000000 -0.007957806 -0.007609874 -0.002112323 -0.045188181 0.064356171 0.002082194 0.996901214
1769781780362448640.000000 -0.005029411 -0.006851478 -0.001476696 -0.032269742 0.046393801 0.000128304 0.998401880
1769781780395784192.000000 -0.005051841 -0.006613540 -0.001587147 -0.029820824 0.045081235 0.000898614 0.998537719
1769781780429116928.000000 -0.004608959 -0.006397094 -0.001287070 -0.028154224 0.043386921 -0.000028051 0.998661578
1769781780529116928.000000 -0.004280132 -0.006097459 -0.000347343 -0.020533418 0.038694017 -0.000261168 0.999040127
1769781780595782144.000000 -0.004011042 -0.005610267 -0.000567048 -0.013778034 0.034292616 -0.002280269 0.999314249
1769781780662449152.000000 -0.003973427 -0.004620636 -0.001760163 -0.006530188 0.030355178 -0.003154228 0.999512911
1769781780695782656.000000 -0.003580334 -0.004112490 -0.001561018 -0.001305986 0.027784441 -0.003501325 0.999606967
1769781780795783168.000000 -0.003590468 -0.003700224 -0.001010538 0.009920970 0.022683265 -0.005529945 0.999678195
1769781780829115904.000000 -0.003431723 -0.003531464 -0.000789625 0.012875543 0.020358941 -0.006003444 0.999691784
1769781780862449920.000000 -0.003449897 -0.003386349 -0.000849631 0.016133189 0.017058637 -0.006405542 0.999703825
1769781780929115648.000000 -0.003228238 -0.003115522 -0.000169976 0.022877002 0.010336503 -0.007233736 0.999658704
1769781780995782656.000000 -0.002751709 -0.002920904 0.000640628 0.027478417 0.003341074 -0.010708231 0.999559462
1769781781129115136.000000 -0.002079699 -0.003373657 0.003393669 0.035942223 -0.009047456 -0.010781736 0.999254763
1769781781229115648.000000 -0.002241236 -0.001303455 0.000760399 0.042156227 -0.015352431 -0.005365569 0.998978674
1769781781262448896.000000 -0.002200318 -0.000470964 -0.000791966 0.042790148 -0.016173849 -0.005244021 0.998939395
1769781781495782400.000000 -0.001083099 -0.000398911 0.001696094 0.020928416 -0.013196280 -0.000247078 0.999693871
1769781781562448640.000000 -0.001439653 -0.000042945 0.001253247 0.016104741 -0.012625617 0.001231645 0.999789834
1769781781629114880.000000 -0.001336118 0.000467340 0.000888301 0.013371596 -0.012446994 0.002879086 0.999828994
1769781782062448640.000000 -0.000479525 0.001247700 0.001386381 0.020155452 -0.012547899 -0.000199750 0.999718130
1769781782129115904.000000 -0.000044040 0.001230830 0.001017217 0.021073796 -0.014656097 -0.000335534 0.999670446
1769781782162448128.000000 -0.000269428 0.000909275 0.001267327 0.021216189 -0.013316747 0.001556582 0.999684989
1769781782762447616.000000 0.000728873 -0.000642656 0.000203284 0.011338565 -0.018064046 0.002002416 0.999770522
1769781782829114880.000000 0.000838232 -0.001311922 -0.000489683 0.008779392 -0.019022753 0.002345691 0.999777794
1769781782862449408.000000 0.000758868 -0.001586987 0.000307656 0.005353066 -0.019482598 0.003930187 0.999788165
1769781783829114368.000000 0.000515445 -0.008796440 -0.001347296 -0.045054227 -0.013706788 -0.062935740 0.996905863
1769781783962446592.000000 0.000216978 -0.008741448 -0.001549470 -0.046341337 -0.010863299 -0.078800574 0.995753467
1769781783995780864.000000 0.000220774 -0.008533661 -0.001687140 -0.045536261 -0.010419304 -0.079720140 0.995722175
1769781784062447360.000000 -0.000650088 -0.008650701 -0.001808008 -0.045969728 -0.006532195 -0.077502370 0.995910406
1769781784195781120.000000 -0.000631934 -0.008150950 -0.001664703 -0.044076212 -0.001439433 -0.064431585 0.996947229
1769781784295780096.000000 -0.000905075 -0.007976676 -0.001596143 -0.041725401 0.001530127 -0.054284036 0.997652233
1769781784462446336.000000 -0.001377236 -0.007326783 -0.001081553 -0.035325687 0.008486220 -0.040878769 0.998503387
1769781784495780352.000000 -0.001358111 -0.007509022 -0.000547588 -0.034302346 0.009140825 -0.039369553 0.998593926
1769781784595780352.000000 -0.001688627 -0.006895012 -0.001153247 -0.029002400 0.013791478 -0.039024476 0.998722076
1769781784662446848.000000 -0.001333902 -0.006680764 0.000086048 -0.023022456 0.018012499 -0.039032578 0.998810291
1769781784695780352.000000 -0.001998173 -0.006405082 -0.001104561 -0.020843675 0.020908579 -0.039334890 0.998789847
1769781784762446336.000000 -0.002053186 -0.005415372 -0.000500233 -0.011177584 0.025807397 -0.038108975 0.998877764
1769781784829113600.000000 -0.002245887 -0.004978561 0.000232462 -0.003331291 0.032578025 -0.041216377 0.998613477
1769781785062446848.000000 -0.002726485 -0.004254253 0.001084349 0.011973264 0.058266878 -0.043283902 0.997290432
1769781785162446336.000000 -0.002668052 -0.003323308 0.000958346 0.018340331 0.067099437 -0.046549104 0.996491075
1769781785195780864.000000 -0.002613219 -0.002977296 0.000680924 0.020852845 0.069237575 -0.046046250 0.996318817
1769781785462445824.000000 -0.002835903 -0.001142081 0.001540279 0.009079566 0.068661079 -0.046882451 0.996496499
1769781785529113600.000000 -0.003452664 -0.000769461 0.001884728 0.001141347 0.068244047 -0.042232323 0.996773720
1769781786129112320.000000 -0.005897976 0.001049123 0.004037232 0.007325688 0.075829417 -0.031679753 0.996590495
1769781786162445568.000000 -0.006114850 0.001539903 0.003739828 0.010067532 0.076775059 -0.030503633 0.996530890
1769781786395781376.000000 -0.006664061 0.001493352 0.003291030 0.013251815 0.078860544 -0.032338250 0.996272922
1769781786462445312.000000 -0.006735168 0.001273545 0.003285093 0.013862750 0.080186948 -0.030229043 0.996224940
1769781786829112832.000000 -0.007735495 -0.000960816 0.002359512 0.005304387 0.086329482 -0.024466889 0.995952070
1769781786862446336.000000 -0.007883282 -0.001005730 0.002826145 0.004262765 0.086333439 -0.026021995 0.995917320
1769781787029111808.000000 -0.007940220 -0.002638379 0.003121762 -0.006163253 0.087786891 -0.020902880 0.995900869
1769781787562463232.000000 -0.009252298 -0.008132008 0.000543539 -0.041461248 0.086378984 -0.012477838 0.995321035
1769781787762462976.000000 -0.009017070 -0.010230605 0.000023426 -0.052375581 0.081922457 -0.010557313 0.995205522
1769781787862464000.000000 -0.008475474 -0.010833151 0.000143964 -0.056140013 0.079352632 -0.009368686 0.995220482
1769781788029129216.000000 -0.007994645 -0.011468661 0.000257722 -0.059622549 0.073085465 -0.005629492 0.995526016
1769781788262462464.000000 -0.006600758 -0.012006432 0.000919714 -0.059986535 0.064132258 -0.004816976 0.996125221
1769781788295796224.000000 -0.006736513 -0.011703578 -0.000050800 -0.058284514 0.062281933 -0.004126905 0.996346772
1769781788495796480.000000 -0.005326732 -0.010851865 -0.000368136 -0.050637495 0.051818050 -0.003865593 0.997364402
1769781788595795968.000000 -0.004222184 -0.010447637 0.000955780 -0.046753068 0.047479849 -0.005420311 0.997762740
1769781788629128960.000000 -0.004536141 -0.010000468 -0.000264648 -0.043999635 0.046425276 -0.005103270 0.997939229
1769781788695795968.000000 -0.004059487 -0.009470001 -0.000035054 -0.039341673 0.043158423 -0.003618283 0.998286784
1769781788729129472.000000 -0.003985884 -0.009504331 -0.000304748 -0.037849478 0.041553646 -0.004680418 0.998408139
1769781788795796480.000000 -0.003685885 -0.008548868 -0.000729508 -0.030759748 0.037361532 -0.004415364 0.998818576
1769781788995796224.000000 -0.002994860 -0.007497908 -0.000356659 -0.010116936 0.026732704 -0.009354232 0.999547660
1769781789029128448.000000 -0.002828602 -0.007108440 -0.000252358 -0.006475673 0.023803759 -0.010516251 0.999640405
1769781789062462208.000000 -0.002773389 -0.006987573 -0.000014011 -0.003379037 0.021197680 -0.011002967 0.999709070
1769781789095795456.000000 -0.002772212 -0.006601647 -0.000094593 0.001232811 0.018023271 -0.009826431 0.999788523
1769781789129128448.000000 -0.002763737 -0.006258109 -0.000530423 0.004362839 0.014998746 -0.011492078 0.999811947
1769781789162462208.000000 -0.002584436 -0.006316531 -0.000140480 0.006832082 0.011340845 -0.013084816 0.999826729
1769781789195797248.000000 -0.002234148 -0.005886796 0.000856651 0.010532788 0.008091049 -0.012381782 0.999835193
1769781789262462208.000000 -0.002150211 -0.005503690 0.001316162 0.016092807 0.001380875 -0.014292998 0.999767423
1769781789329128960.000000 -0.001949865 -0.005448717 0.001175221 0.019964598 -0.005352693 -0.014843962 0.999676168
1769781789362461440.000000 -0.001885514 -0.004815287 0.000804037 0.023208911 -0.008979593 -0.012961648 0.999606252
1769781789529129728.000000 -0.001506953 -0.003990442 0.001947423 0.028937450 -0.015879044 -0.006828090 0.999431789
1769781789595794944.000000 -0.001338195 -0.003855532 0.002550442 0.030937582 -0.014702672 -0.003854967 0.999405742
1769781789829128448.000000 -0.000788531 -0.002254716 0.001620074 0.001996469 -0.011596920 -0.003571484 0.999924421
1769781789895797760.000000 -0.000477753 -0.002076697 0.001185297 -0.000408043 -0.011989530 -0.004864436 0.999916196
1769781790262462208.000000 0.000329317 -0.001487633 0.001209888 0.006057776 -0.013725040 -0.006409775 0.999866962
1769781790362460672.000000 -0.000035677 -0.000612951 -0.000235382 0.008901157 -0.012931823 -0.002900298 0.999872565
1769781790462460928.000000 0.000316348 -0.001035500 0.001325937 0.010008987 -0.013142520 -0.002280580 0.999860942
1769781790662461696.000000 0.001214686 -0.001281781 -0.000007363 0.010551008 -0.015608555 0.000396594 0.999822438
1769781790862461440.000000 0.001559675 -0.002335720 0.000763586 0.005851895 -0.018940546 -0.001005527 0.999803007
1769781790995794432.000000 0.001502089 -0.003258832 0.000453914 -0.000114832 -0.019305915 -0.000908700 0.999813199
1769781791062461440.000000 0.001919120 -0.003727353 0.000930211 -0.004009937 -0.020338682 -0.001749117 0.999783576
1769781791095794432.000000 0.001536828 -0.004076866 0.000308342 -0.006324236 -0.019640749 -0.000149115 0.999787092
1769781791329127424.000000 0.001640467 -0.006144896 -0.000588495 -0.019686816 -0.020937411 -0.001313195 0.999586105
1769781791362459904.000000 0.001460055 -0.006163359 -0.000726003 -0.021529268 -0.020219281 -0.000435683 0.999563634
1769781791695793920.000000 0.001466465 -0.009868330 -0.000291711 -0.043765426 -0.018260919 0.001351339 0.998874009
1769781791729127936.000000 0.001088425 -0.010020095 0.000241571 -0.045330230 -0.016949970 0.001352712 0.998827338
1769781792229127680.000000 0.000747024 -0.012954772 0.000638312 -0.063285194 -0.011673534 -0.078145519 0.994862795
1769781792462459904.000000 -0.000256210 -0.012332139 0.000660508 -0.060184732 -0.001977128 -0.060872741 0.996327460
1769781792529127936.000000 -0.000415772 -0.012269990 0.001241664 -0.058403704 0.001918721 -0.054696467 0.996791661
1769781792762460160.000000 0.000144772 -0.010332121 -0.001730239 -0.052030541 0.004666350 -0.047885306 0.997485876
1769781793962458880.000000 -0.003706944 -0.003123066 0.003454172 -0.014025675 0.071411580 -0.028702645 0.996935248
1769781794062459136.000000 -0.003866923 -0.003157156 0.005191701 -0.015361335 0.072106250 -0.026864057 0.996916771
1769781794095792896.000000 -0.004002115 -0.002685873 0.003742274 -0.014973245 0.071955636 -0.028048657 0.996900916
1769781794162459136.000000 -0.003930489 -0.002407080 0.003915254 -0.012502339 0.072276346 -0.026261725 0.996960461
1769781794462504192.000000 -0.005268031 -0.001962668 0.003552770 0.003698382 0.078655027 -0.026003789 0.996555865
1769781794662504960.000000 -0.005706235 -0.002106575 0.003921519 0.004945362 0.080993980 -0.024127409 0.996410251
1769781794962503680.000000 -0.006527752 -0.003039868 0.003500133 0.000445937 0.086103216 -0.025070179 0.995970666
1769781795095837952.000000 -0.006683940 -0.003731665 0.003014722 -0.005187730 0.086628959 -0.024745816 0.995919764
1769781795262503680.000000 -0.006922778 -0.005079881 0.003584055 -0.015519337 0.089316510 -0.021279281 0.995655000
1769781795395839744.000000 -0.008102485 -0.006544765 0.001106680 -0.025146233 0.089577891 -0.018305330 0.995494068
1769781795429171200.000000 -0.007911189 -0.007518550 0.002550704 -0.028201837 0.090762399 -0.015717968 0.995349050
1769781795529170944.000000 -0.008277409 -0.008431232 0.001038197 -0.035333507 0.089574866 -0.017196883 0.995204568
1769781795562503680.000000 -0.007767787 -0.009031693 0.002068624 -0.038112696 0.089221925 -0.013661812 0.995188534
1769781795695836928.000000 -0.007582477 -0.011138340 0.002104660 -0.048489749 0.087780826 -0.008908087 0.994919062
1769781795795837184.000000 -0.007690115 -0.011687784 0.001428501 -0.053935863 0.086527489 -0.008704576 0.994750321
1769781796329170176.000000 -0.006421820 -0.014261087 0.000931945 -0.070575029 0.072344653 -0.000222770 0.994879603
1769781796429170688.000000 -0.006001117 -0.014274480 0.000753716 -0.070453927 0.068197392 -0.000093813 0.995181084
1769781796495836928.000000 -0.005063930 -0.013934514 0.001312665 -0.069869794 0.064011782 -0.002064026 0.995498121
1769781796562503168.000000 -0.005107170 -0.013959790 0.000088890 -0.067924447 0.061576720 -0.002015261 0.995786369
1769781796595836160.000000 -0.004936900 -0.013761300 0.000284598 -0.067019045 0.060508288 -0.001569798 0.995914042
1769781796695836672.000000 -0.004602316 -0.013673025 0.000057882 -0.064078540 0.056466542 -0.000018825 0.996346056
1769781796762502656.000000 -0.003968091 -0.013371892 0.000172459 -0.061542101 0.053372312 -0.001779726 0.996674895
1769781797162502656.000000 -0.002174368 -0.010712171 -0.000131699 -0.030207073 0.031557977 -0.000195734 0.999045372
1769781797395838208.000000 -0.001051993 -0.010303287 0.001784028 -0.007913865 0.014375758 -0.004952032 0.999853134
1769781797462502400.000000 -0.001159689 -0.010454560 0.002075783 -0.004140515 0.009308832 -0.006703882 0.999925613
1769781798162501632.000000 0.000970594 -0.005797479 0.002516949 -0.016541040 -0.009283577 -0.002957786 0.999815702
1769781798229168640.000000 0.001086243 -0.006024749 0.002027934 -0.019166823 -0.008701671 -0.004341776 0.999769032
1769781798429169408.000000 0.001489510 -0.005111803 0.001899684 -0.015259482 -0.010297067 -0.004814122 0.999818981
1769781798762502144.000000 0.002633489 -0.005191913 0.003119321 -0.006770933 -0.011416727 -0.001639375 0.999910593
1769781798895836928.000000 0.002850715 -0.005832857 0.002671805 -0.008286173 -0.012709854 -0.001444086 0.999883890
1769781798995835392.000000 0.002974979 -0.005787215 0.002732879 -0.007669942 -0.015438661 0.001603473 0.999850154
1769781799529168640.000000 0.003527608 -0.009552418 0.001231194 -0.031474825 -0.017341752 -0.002887121 0.999349952
1769781799595834112.000000 0.003733153 -0.010682460 0.001490342 -0.037702803 -0.018347841 -0.000689822 0.999120295
1769781799929167872.000000 0.003380739 -0.014238374 0.002510298 -0.060384970 -0.014164403 0.000840617 0.998074353
1769781800029167616.000000 0.003467313 -0.014745669 0.002606082 -0.065592401 -0.012928869 0.000462500 0.997762680
1769781800495834368.000000 0.002880696 -0.016769020 0.001764071 -0.081186883 -0.009920689 -0.079838976 0.993446529
1769781800695833600.000000 0.001217828 -0.016297527 0.000527779 -0.077721193 -0.000150264 -0.061774518 0.995059431
1769781800795834368.000000 0.001366141 -0.016179159 0.003055565 -0.076002106 0.005921369 -0.053048365 0.995677948
1769781800829167360.000000 0.001183422 -0.016056407 0.001963116 -0.074665688 0.006691592 -0.053035561 0.995774806
1769781801129166336.000000 0.000203958 -0.014269868 0.002153807 -0.058222543 0.021751156 -0.043245535 0.997129321
1769781801162500096.000000 0.000096623 -0.014215553 0.002220393 -0.055421665 0.024628541 -0.042437650 0.997256756
1769781801195834624.000000 -0.000109929 -0.013909080 0.002340798 -0.051609278 0.027666276 -0.042614546 0.997374058
1769781801362499328.000000 -0.000093070 -0.012846230 0.002783418 -0.034226637 0.040222794 -0.046235975 0.997533441
1769781801429167360.000000 -0.000207192 -0.012720070 0.003252461 -0.030203214 0.047461517 -0.047303528 0.997295141
1769781801462499328.000000 -0.000299607 -0.012199092 0.003425330 -0.026378263 0.051056866 -0.047931451 0.997196078
1769781801495833600.000000 -0.000829377 -0.011813615 0.003315409 -0.023078421 0.054757647 -0.044461187 0.997242272
1769781801629167616.000000 0.000177385 -0.011822904 0.003482334 -0.018804463 0.065728880 -0.048749510 0.996468604
1769781801662500608.000000 0.000621169 -0.011814273 0.003308896 -0.017956343 0.067492843 -0.052839793 0.996157765
1769781801795833600.000000 0.000128772 -0.010251759 0.003586805 -0.010137908 0.075943932 -0.057378393 0.995408177
1769781802229166336.000000 -0.001951486 -0.008640200 0.005903710 -0.040710621 0.075340003 -0.041990921 0.995441258
1769781803862527232.000000 -0.007861977 -0.015233449 0.005537298 -0.065501280 0.099124111 -0.016118804 0.992786109
1769781804562525696.000000 -0.006608834 -0.020553961 0.005035630 -0.095775500 0.082179509 -0.006633581 0.991982698
1769781804695858944.000000 -0.005413444 -0.020848498 0.004048531 -0.096118689 0.074466683 -0.004881666 0.992568433
1769781804762526208.000000 -0.005580546 -0.020364173 0.004618383 -0.093981326 0.074088946 -0.003668763 0.992806613
1769781804962525952.000000 -0.004044536 -0.019872870 0.002796256 -0.087620609 0.062025972 -0.004238687 0.994211972
1769781804995859712.000000 -0.003696227 -0.019339934 0.002345555 -0.084819362 0.059691276 -0.005519187 0.994591475
1769781805029192192.000000 -0.003729423 -0.019576913 0.003029655 -0.084903724 0.059749044 -0.004540645 0.994585752
1769781805229192448.000000 -0.002872563 -0.018564196 0.002486982 -0.073863059 0.051444128 -0.007219304 0.995914459
1769781805262525440.000000 -0.002829056 -0.018347215 0.002743567 -0.070798531 0.050187334 -0.006220949 0.996207893
1769781806629191168.000000 0.000543384 -0.010973301 0.003651180 -0.033830777 0.000221154 -0.006630629 0.999405563
1769781806662525184.000000 0.000543267 -0.010983098 0.003579522 -0.033082075 0.000298812 -0.006325305 0.999432623
1769781807195858944.000000 0.001309459 -0.011766871 0.003157591 -0.031876028 -0.000052070 -0.005442756 0.999477029
1769781807495858176.000000 0.001338507 -0.013111179 0.003022325 -0.040315192 0.001100665 -0.005116181 0.999173343
1769781807562523392.000000 0.001278923 -0.013434445 0.002995994 -0.041880988 0.001460720 -0.004310143 0.999112248
1769781807595857408.000000 0.001172998 -0.013648752 0.003174983 -0.043408073 0.001845070 -0.004448918 0.999045849
1769781807829190656.000000 0.000957227 -0.014815181 0.003289888 -0.051358432 0.004228156 -0.003603258 0.998664856
1769781807995857664.000000 0.000842569 -0.015455002 0.003274357 -0.056215554 0.006134083 -0.003980156 0.998391926
1769781808162523648.000000 0.000580228 -0.015940400 0.003155156 -0.059484296 0.008607383 -0.003942779 0.998184383
1769781808195858432.000000 0.000519548 -0.015982635 0.003302956 -0.060185820 0.009271218 -0.003666632 0.998137414
1769781809329189632.000000 -0.000515375 -0.016117327 0.003197289 -0.060947958 0.018764429 -0.007491273 0.997936487
1769781809662523136.000000 -0.000494275 -0.016048238 0.003677378 -0.060751606 0.019076429 -0.008218628 0.997936785
1769781809895858176.000000 -0.000536504 -0.016048552 0.003561066 -0.060992688 0.019072048 -0.008380472 0.997920811
1769781810362543360.000000 -0.000589306 -0.015997503 0.003575322 -0.061045807 0.019205052 -0.008495828 0.997914016
1769781810995877632.000000 -0.000566383 -0.016059658 0.003475279 -0.060805470 0.019068819 -0.008387187 0.997932255
