1769781753.695693 0.0000000 0.0000000 0.0000000 -0.0000000 -0.0000000 -0.0000000 1.0000000
1769781753.762359 -0.0002509 0.0000306 -0.0002859 0.0001712 0.0007759 0.0022332 0.9999972
1769781753.795693 -0.0002761 -0.0001173 -0.0001604 0.0002397 0.0007705 0.0022745 0.9999971
1769781753.895694 -0.0002131 0.0000373 0.0003420 0.0000845 0.0005215 0.0010683 0.9999993
1769781754.095693 -0.0005231 -0.0001072 0.0011796 -0.0000303 0.0010745 0.0021896 0.9999971
1769781754.262359 -0.0006217 -0.0000175 0.0009009 0.0003254 0.0011924 0.0027347 0.9999955
1769781754.429026 -0.0006264 0.0000329 0.0011641 0.0001322 0.0013324 0.0036185 0.9999925
1769781754.595692 -0.0004866 0.0000796 0.0015774 0.0001701 0.0010364 0.0024703 0.9999964
1769781769.595732 -0.0019274 0.0001469 0.0002593 0.0027022 0.0053280 -0.0010683 0.9999816
1769781770.429065 -0.0033783 -0.0009797 0.0008837 -0.0008212 0.0206240 0.0003630 0.9997869
1769781770.895732 -0.0041586 -0.0022130 -0.0004033 -0.0104914 0.0310309 0.0013078 0.9994625
1769781770.929064 -0.0042944 -0.0020697 -0.0007678 -0.0111956 0.0315787 0.0010723 0.9994380
1769781771.395767 -0.0047463 -0.0039542 -0.0009030 -0.0246800 0.0396225 0.0025833 0.9989066
1769781771.829099 -0.0048243 -0.0043287 -0.0000556 -0.0263799 0.0406129 0.0041632 0.9988180
1769781771.862435 -0.0046726 -0.0041692 0.0000545 -0.0252718 0.0399802 0.0031350 0.9988759
1769781772.029099 -0.0047953 -0.0037184 -0.0004295 -0.0208819 0.0388706 0.0032916 0.9990206
1769781772.095765 -0.0048249 -0.0035201 -0.0008867 -0.0192775 0.0369582 0.0010401 0.9991303
1769781772.162432 -0.0048733 -0.0031603 -0.0006648 -0.0168285 0.0362954 0.0019273 0.9991975
1769781772.262432 -0.0045049 -0.0029084 -0.0005294 -0.0124731 0.0342252 0.0000100 0.9993364
1769781772.295765 -0.0045964 -0.0029467 -0.0009722 -0.0121616 0.0330320 -0.0001529 0.9993803
1769781772.529099 -0.0039291 -0.0013499 0.0005838 0.0013356 0.0277316 -0.0001350 0.9996145
1769781772.562432 -0.0048963 -0.0012312 -0.0024556 0.0028566 0.0272165 0.0001697 0.9996255
1769781772.929098 -0.0040287 0.0025338 -0.0015133 0.0280128 0.0201592 -0.0039395 0.9993965
1769781773.062431 -0.0015275 0.0030285 0.0021228 0.0228775 0.0146990 -0.0037683 0.9996231
1769781773.095765 -0.0019049 0.0025816 0.0014836 0.0177839 0.0141135 -0.0038214 0.9997349
1769781773.495764 -0.0010457 0.0040358 0.0020415 0.0098332 0.0003999 -0.0062377 0.9999321
1769781773.562431 -0.0006745 0.0034883 0.0033591 0.0102922 -0.0010730 -0.0067697 0.9999236
1769781773.595764 -0.0014441 0.0055303 -0.0004348 0.0138185 -0.0016759 -0.0030156 0.9998986
1769781774.129097 -0.0007049 0.0049391 0.0001338 0.0307692 -0.0103063 0.0001349 0.9994734
1769781774.362432 -0.0000365 0.0032231 0.0008367 0.0268071 -0.0155249 0.0020246 0.9995180
1769781774.762430 0.0001658 0.0010275 -0.0022886 0.0067159 -0.0201949 0.0016273 0.9997722
1769781774.795764 0.0001909 0.0002500 -0.0018472 0.0063288 -0.0199618 0.0014113 0.9997798
1769781774.862431 0.0004096 -0.0006397 -0.0007131 0.0003543 -0.0197622 0.0014768 0.9998035
1769781775.829097 -0.0006431 -0.0061329 -0.0004650 -0.0366767 -0.0076635 -0.0707835 0.9967878
1769781775.895764 -0.0011135 -0.0055590 -0.0011011 -0.0354712 -0.0052524 -0.0650837 0.9972354
1769781775.929096 -0.0009007 -0.0054353 -0.0002600 -0.0348091 -0.0039965 -0.0610089 0.9975221
1769781775.995763 -0.0013173 -0.0050275 -0.0010934 -0.0326705 -0.0013018 -0.0542744 0.9979906
1769781776.062429 -0.0014657 -0.0053054 -0.0007646 -0.0313466 0.0015562 -0.0475264 0.9983768
1769781776.262429 -0.0017662 -0.0044972 -0.0016017 -0.0251221 0.0072098 -0.0345751 0.9990603
1769781776.362428 -0.0022054 -0.0040643 -0.0016958 -0.0170445 0.0128085 -0.0344740 0.9991782
1769781776.395763 -0.0020403 -0.0035133 -0.0015789 -0.0153218 0.0154529 -0.0374362 0.9990621
1769781776.529096 -0.0026019 -0.0024106 -0.0009275 0.0005601 0.0258344 -0.0366343 0.9989946
1769781776.562429 -0.0026304 -0.0022162 -0.0006016 0.0046049 0.0285450 -0.0357297 0.9989432
1769781776.595762 -0.0032648 -0.0018526 -0.0015814 0.0083605 0.0332061 -0.0369057 0.9987319
1769781776.662429 -0.0037383 -0.0012567 -0.0017903 0.0153896 0.0407162 -0.0364815 0.9983860
1769781776.729096 -0.0036239 -0.0006979 -0.0009706 0.0214793 0.0484788 -0.0377396 0.9978799
1769781777.029095 -0.0040090 0.0013211 -0.0005892 0.0360387 0.0741886 -0.0451117 0.9955713
1769781777.095762 -0.0038658 0.0016331 -0.0001961 0.0380908 0.0736652 -0.0478600 0.9954054
1769781777.329095 -0.0044217 0.0026553 0.0002863 0.0107401 0.0664415 -0.0384860 0.9969900
1769781777.495762 -0.0051890 0.0033500 0.0011452 0.0058145 0.0679882 -0.0326616 0.9971344
1769781777.629096 -0.0062401 0.0037637 0.0016963 0.0064785 0.0710160 -0.0295328 0.9970168
1769781777.729095 -0.0065354 0.0042344 0.0017299 0.0123721 0.0729047 -0.0245478 0.9969600
1769781777.795762 -0.0065690 0.0043431 0.0016131 0.0139632 0.0739871 -0.0298397 0.9967149
1769781778.062428 -0.0066855 0.0043527 0.0028115 0.0242283 0.0771762 -0.0309310 0.9962430
1769781778.095762 -0.0077248 0.0044415 0.0026294 0.0266773 0.0805253 -0.0218221 0.9961565
1769781778.262427 -0.0077594 0.0046744 0.0011894 0.0271375 0.0798720 -0.0249443 0.9961234
1769781778.329095 -0.0091857 0.0049075 0.0017618 0.0282605 0.0862506 -0.0198271 0.9956752
1769781778.695761 -0.0090485 0.0016496 0.0016184 0.0122277 0.0887867 -0.0177798 0.9958169
1769781778.729095 -0.0094454 0.0015236 0.0008530 0.0105276 0.0888515 -0.0166904 0.9958494
1769781778.795761 -0.0092171 0.0011529 0.0003909 0.0062343 0.0880624 -0.0186381 0.9959211
1769781779.395785 -0.0099476 -0.0057846 -0.0002389 -0.0332139 0.0856220 -0.0042546 0.9957649
1769781779.462450 -0.0095364 -0.0066009 0.0003446 -0.0370887 0.0840059 -0.0035458 0.9957685
1769781779.995783 -0.0079578 -0.0076099 -0.0021123 -0.0451882 0.0643562 0.0020822 0.9969012
1769781780.362449 -0.0050294 -0.0068515 -0.0014767 -0.0322697 0.0463938 0.0001283 0.9984019
1769781780.395784 -0.0050518 -0.0066135 -0.0015871 -0.0298208 0.0450812 0.0008986 0.9985377
1769781780.429117 -0.0046090 -0.0063971 -0.0012871 -0.0281542 0.0433869 -0.0000281 0.9986616
1769781780.529117 -0.0042801 -0.0060975 -0.0003473 -0.0205334 0.0386940 -0.0002612 0.9990401
1769781780.595782 -0.0040110 -0.0056103 -0.0005670 -0.0137780 0.0342926 -0.0022803 0.9993142
1769781780.662449 -0.0039734 -0.0046206 -0.0017602 -0.0065302 0.0303552 -0.0031542 0.9995129
1769781780.695783 -0.0035803 -0.0041125 -0.0015610 -0.0013060 0.0277844 -0.0035013 0.9996070
1769781780.795783 -0.0035905 -0.0037002 -0.0010105 0.0099210 0.0226833 -0.0055299 0.9996782
1769781780.829116 -0.0034317 -0.0035315 -0.0007896 0.0128755 0.0203589 -0.0060034 0.9996918
1769781780.862450 -0.0034499 -0.0033863 -0.0008496 0.0161332 0.0170586 -0.0064055 0.9997038
1769781780.929116 -0.0032282 -0.0031155 -0.0001700 0.0228770 0.0103365 -0.0072337 0.9996587
1769781780.995783 -0.0027517 -0.0029209 0.0006406 0.0274784 0.0033411 -0.0107082 0.9995595
1769781781.129115 -0.0020797 -0.0033737 0.0033937 0.0359422 -0.0090475 -0.0107817 0.9992548
1769781781.229116 -0.0022412 -0.0013035 0.0007604 0.0421562 -0.0153524 -0.0053656 0.9989787
1769781781.262449 -0.0022003 -0.0004710 -0.0007920 0.0427901 -0.0161738 -0.0052440 0.9989394
1769781781.495782 -0.0010831 -0.0003989 0.0016961 0.0209284 -0.0131963 -0.0002471 0.9996939
1769781781.562449 -0.0014397 -0.0000429 0.0012532 0.0161047 -0.0126256 0.0012316 0.9997898
1769781781.629115 -0.0013361 0.0004673 0.0008883 0.0133716 -0.0124470 0.0028791 0.9998290
1769781782.062449 -0.0004795 0.0012477 0.0013864 0.0201555 -0.0125479 -0.0001997 0.9997181
1769781782.129116 -0.0000440 0.0012308 0.0010172 0.0210738 -0.0146561 -0.0003355 0.9996704
1769781782.162448 -0.0002694 0.0009093 0.0012673 0.0212162 -0.0133167 0.0015566 0.9996850
1769781782.762448 0.0007289 -0.0006427 0.0002033 0.0113386 -0.0180640 0.0020024 0.9997705
1769781782.829115 0.0008382 -0.0013119 -0.0004897 0.0087794 -0.0190228 0.0023457 0.9997778
1769781782.862449 0.0007589 -0.0015870 0.0003077 0.0053531 -0.0194826 0.0039302 0.9997882
1769781783.829114 0.0005154 -0.0087964 -0.0013473 -0.0450542 -0.0137068 -0.0629357 0.9969059
1769781783.962447 0.0002170 -0.0087414 -0.0015495 -0.0463413 -0.0108633 -0.0788006 0.9957535
1769781783.995781 0.0002208 -0.0085337 -0.0016871 -0.0455363 -0.0104193 -0.0797201 0.9957222
1769781784.062447 -0.0006501 -0.0086507 -0.0018080 -0.0459697 -0.0065322 -0.0775024 0.9959104
1769781784.195781 -0.0006319 -0.0081510 -0.0016647 -0.0440762 -0.0014394 -0.0644316 0.9969472
1769781784.295780 -0.0009051 -0.0079767 -0.0015961 -0.0417254 0.0015301 -0.0542840 0.9976522
1769781784.462446 -0.0013772 -0.0073268 -0.0010816 -0.0353257 0.0084862 -0.0408788 0.9985034
1769781784.495780 -0.0013581 -0.0075090 -0.0005476 -0.0343023 0.0091408 -0.0393696 0.9985939
1769781784.595780 -0.0016886 -0.0068950 -0.0011532 -0.0290024 0.0137915 -0.0390245 0.9987221
1769781784.662447 -0.0013339 -0.0066808 0.0000860 -0.0230225 0.0180125 -0.0390326 0.9988103
1769781784.695780 -0.0019982 -0.0064051 -0.0011046 -0.0208437 0.0209086 -0.0393349 0.9987898
1769781784.762446 -0.0020532 -0.0054154 -0.0005002 -0.0111776 0.0258074 -0.0381090 0.9988778
1769781784.829113 -0.0022459 -0.0049786 0.0002325 -0.0033313 0.0325780 -0.0412164 0.9986135
1769781785.062447 -0.0027265 -0.0042543 0.0010843 0.0119733 0.0582669 -0.0432839 0.9972904
1769781785.162446 -0.0026681 -0.0033233 0.0009583 0.0183403 0.0670994 -0.0465491 0.9964911
1769781785.195781 -0.0026132 -0.0029773 0.0006809 0.0208528 0.0692376 -0.0460462 0.9963188
1769781785.462446 -0.0028359 -0.0011421 0.0015403 0.0090796 0.0686611 -0.0468825 0.9964965
1769781785.529114 -0.0034527 -0.0007695 0.0018847 0.0011413 0.0682440 -0.0422323 0.9967737
1769781786.129112 -0.0058980 0.0010491 0.0040372 0.0073257 0.0758294 -0.0316798 0.9965905
1769781786.162446 -0.0061149 0.0015399 0.0037398 0.0100675 0.0767751 -0.0305036 0.9965309
1769781786.395781 -0.0066641 0.0014934 0.0032910 0.0132518 0.0788605 -0.0323383 0.9962729
1769781786.462445 -0.0067352 0.0012735 0.0032851 0.0138628 0.0801869 -0.0302290 0.9962249
1769781786.829113 -0.0077355 -0.0009608 0.0023595 0.0053044 0.0863295 -0.0244669 0.9959521
1769781786.862446 -0.0078833 -0.0010057 0.0028261 0.0042628 0.0863334 -0.0260220 0.9959173
1769781787.029112 -0.0079402 -0.0026384 0.0031218 -0.0061633 0.0877869 -0.0209029 0.9959009
1769781787.562463 -0.0092523 -0.0081320 0.0005435 -0.0414612 0.0863790 -0.0124778 0.9953210
1769781787.762463 -0.0090171 -0.0102306 0.0000234 -0.0523756 0.0819225 -0.0105573 0.9952055
1769781787.862464 -0.0084755 -0.0108332 0.0001440 -0.0561400 0.0793526 -0.0093687 0.9952205
1769781788.029129 -0.0079946 -0.0114687 0.0002577 -0.0596225 0.0730855 -0.0056295 0.9955260
1769781788.262462 -0.0066008 -0.0120064 0.0009197 -0.0599865 0.0641323 -0.0048170 0.9961252
1769781788.295796 -0.0067365 -0.0117036 -0.0000508 -0.0582845 0.0622819 -0.0041269 0.9963468
1769781788.495796 -0.0053267 -0.0108519 -0.0003681 -0.0506375 0.0518181 -0.0038656 0.9973644
1769781788.595796 -0.0042222 -0.0104476 0.0009558 -0.0467531 0.0474798 -0.0054203 0.9977627
1769781788.629129 -0.0045361 -0.0100005 -0.0002646 -0.0439996 0.0464253 -0.0051033 0.9979392
1769781788.695796 -0.0040595 -0.0094700 -0.0000351 -0.0393417 0.0431584 -0.0036183 0.9982868
1769781788.729130 -0.0039859 -0.0095043 -0.0003047 -0.0378495 0.0415536 -0.0046804 0.9984081
1769781788.795796 -0.0036859 -0.0085489 -0.0007295 -0.0307597 0.0373615 -0.0044154 0.9988186
1769781788.995796 -0.0029949 -0.0074979 -0.0003567 -0.0101169 0.0267327 -0.0093542 0.9995477
1769781789.029129 -0.0028286 -0.0071084 -0.0002524 -0.0064757 0.0238038 -0.0105163 0.9996404
1769781789.062462 -0.0027734 -0.0069876 -0.0000140 -0.0033790 0.0211977 -0.0110030 0.9997091
1769781789.095795 -0.0027722 -0.0066016 -0.0000946 0.0012328 0.0180233 -0.0098264 0.9997885
1769781789.129128 -0.0027637 -0.0062581 -0.0005304 0.0043628 0.0149987 -0.0114921 0.9998119
1769781789.162462 -0.0025844 -0.0063165 -0.0001405 0.0068321 0.0113408 -0.0130848 0.9998267
1769781789.195797 -0.0022341 -0.0058868 0.0008567 0.0105328 0.0080910 -0.0123818 0.9998352
1769781789.262462 -0.0021502 -0.0055037 0.0013162 0.0160928 0.0013809 -0.0142930 0.9997674
1769781789.329129 -0.0019499 -0.0054487 0.0011752 0.0199646 -0.0053527 -0.0148440 0.9996762
1769781789.362461 -0.0018855 -0.0048153 0.0008040 0.0232089 -0.0089796 -0.0129616 0.9996063
1769781789.529130 -0.0015070 -0.0039904 0.0019474 0.0289374 -0.0158790 -0.0068281 0.9994318
1769781789.595795 -0.0013382 -0.0038555 0.0025504 0.0309376 -0.0147027 -0.0038550 0.9994057
1769781789.829129 -0.0007885 -0.0022547 0.0016201 0.0019965 -0.0115969 -0.0035715 0.9999244
1769781789.895798 -0.0004778 -0.0020767 0.0011853 -0.0004080 -0.0119895 -0.0048644 0.9999162
1769781790.262462 0.0003293 -0.0014876 0.0012099 0.0060578 -0.0137250 -0.0064098 0.9998670
1769781790.362461 -0.0000357 -0.0006130 -0.0002354 0.0089012 -0.0129318 -0.0029003 0.9998726
1769781790.462461 0.0003163 -0.0010355 0.0013259 0.0100090 -0.0131425 -0.0022806 0.9998609
1769781790.662462 0.0012147 -0.0012818 -0.0000074 0.0105510 -0.0156086 0.0003966 0.9998224
1769781790.862462 0.0015597 -0.0023357 0.0007636 0.0058519 -0.0189405 -0.0010055 0.9998030
1769781790.995795 0.0015021 -0.0032588 0.0004539 -0.0001148 -0.0193059 -0.0009087 0.9998132
1769781791.062461 0.0019191 -0.0037274 0.0009302 -0.0040099 -0.0203387 -0.0017491 0.9997836
1769781791.095794 0.0015368 -0.0040769 0.0003083 -0.0063242 -0.0196407 -0.0001491 0.9997871
1769781791.329128 0.0016405 -0.0061449 -0.0005885 -0.0196868 -0.0209374 -0.0013132 0.9995861
1769781791.362460 0.0014601 -0.0061634 -0.0007260 -0.0215293 -0.0202193 -0.0004357 0.9995636
1769781791.695794 0.0014665 -0.0098683 -0.0002917 -0.0437654 -0.0182609 0.0013513 0.9988740
1769781791.729128 0.0010884 -0.0100201 0.0002416 -0.0453302 -0.0169500 0.0013527 0.9988273
1769781792.229128 0.0007470 -0.0129548 0.0006383 -0.0632852 -0.0116735 -0.0781455 0.9948628
1769781792.462460 -0.0002562 -0.0123321 0.0006605 -0.0601847 -0.0019771 -0.0608727 0.9963275
1769781792.529128 -0.0004158 -0.0122700 0.0012417 -0.0584037 0.0019187 -0.0546965 0.9967917
1769781792.762460 0.0001448 -0.0103321 -0.0017302 -0.0520305 0.0046664 -0.0478853 0.9974859
1769781793.962459 -0.0037069 -0.0031231 0.0034542 -0.0140257 0.0714116 -0.0287026 0.9969352
1769781794.062459 -0.0038669 -0.0031572 0.0051917 -0.0153613 0.0721062 -0.0268641 0.9969168
1769781794.095793 -0.0040021 -0.0026859 0.0037423 -0.0149732 0.0719556 -0.0280487 0.9969009
1769781794.162459 -0.0039305 -0.0024071 0.0039153 -0.0125023 0.0722763 -0.0262617 0.9969605
1769781794.462504 -0.0052680 -0.0019627 0.0035528 0.0036984 0.0786550 -0.0260038 0.9965559
1769781794.662505 -0.0057062 -0.0021066 0.0039215 0.0049454 0.0809940 -0.0241274 0.9964103
1769781794.962504 -0.0065278 -0.0030399 0.0035001 0.0004459 0.0861032 -0.0250702 0.9959707
1769781795.095838 -0.0066839 -0.0037317 0.0030147 -0.0051877 0.0866290 -0.0247458 0.9959198
1769781795.262504 -0.0069228 -0.0050799 0.0035841 -0.0155193 0.0893165 -0.0212793 0.9956550
1769781795.395840 -0.0081025 -0.0065448 0.0011067 -0.0251462 0.0895779 -0.0183053 0.9954941
1769781795.429171 -0.0079112 -0.0075186 0.0025507 -0.0282018 0.0907624 -0.0157180 0.9953490
1769781795.529171 -0.0082774 -0.0084312 0.0010382 -0.0353335 0.0895749 -0.0171969 0.9952046
1769781795.562504 -0.0077678 -0.0090317 0.0020686 -0.0381127 0.0892219 -0.0136618 0.9951885
1769781795.695837 -0.0075825 -0.0111383 0.0021047 -0.0484897 0.0877808 -0.0089081 0.9949191
1769781795.795837 -0.0076901 -0.0116878 0.0014285 -0.0539359 0.0865275 -0.0087046 0.9947503
1769781796.329170 -0.0064218 -0.0142611 0.0009319 -0.0705750 0.0723447 -0.0002228 0.9948796
1769781796.429171 -0.0060011 -0.0142745 0.0007537 -0.0704539 0.0681974 -0.0000938 0.9951811
1769781796.495837 -0.0050639 -0.0139345 0.0013127 -0.0698698 0.0640118 -0.0020640 0.9954981
1769781796.562503 -0.0051072 -0.0139598 0.0000889 -0.0679244 0.0615767 -0.0020153 0.9957864
1769781796.595836 -0.0049369 -0.0137613 0.0002846 -0.0670190 0.0605083 -0.0015698 0.9959140
1769781796.695837 -0.0046023 -0.0136730 0.0000579 -0.0640785 0.0564665 -0.0000188 0.9963461
1769781796.762503 -0.0039681 -0.0133719 0.0001725 -0.0615421 0.0533723 -0.0017797 0.9966749
1769781797.162503 -0.0021744 -0.0107122 -0.0001317 -0.0302071 0.0315580 -0.0001957 0.9990454
1769781797.395838 -0.0010520 -0.0103033 0.0017840 -0.0079139 0.0143758 -0.0049520 0.9998531
1769781797.462502 -0.0011597 -0.0104546 0.0020758 -0.0041405 0.0093088 -0.0067039 0.9999256
1769781798.162502 0.0009706 -0.0057975 0.0025169 -0.0165410 -0.0092836 -0.0029578 0.9998157
1769781798.229169 0.0010862 -0.0060247 0.0020279 -0.0191668 -0.0087017 -0.0043418 0.9997690
1769781798.429169 0.0014895 -0.0051118 0.0018997 -0.0152595 -0.0102971 -0.0048141 0.9998190
1769781798.762502 0.0026335 -0.0051919 0.0031193 -0.0067709 -0.0114167 -0.0016394 0.9999106
1769781798.895837 0.0028507 -0.0058329 0.0026718 -0.0082862 -0.0127099 -0.0014441 0.9998839
1769781798.995835 0.0029750 -0.0057872 0.0027329 -0.0076699 -0.0154387 0.0016035 0.9998502
1769781799.529169 0.0035276 -0.0095524 0.0012312 -0.0314748 -0.0173418 -0.0028871 0.9993500
1769781799.595834 0.0037332 -0.0106825 0.0014903 -0.0377028 -0.0183478 -0.0006898 0.9991203
1769781799.929168 0.0033807 -0.0142384 0.0025103 -0.0603850 -0.0141644 0.0008406 0.9980744
1769781800.029168 0.0034673 -0.0147457 0.0026061 -0.0655924 -0.0129289 0.0004625 0.9977627
1769781800.495834 0.0028807 -0.0167690 0.0017641 -0.0811869 -0.0099207 -0.0798390 0.9934465
1769781800.695834 0.0012178 -0.0162975 0.0005278 -0.0777212 -0.0001503 -0.0617745 0.9950594
1769781800.795834 0.0013661 -0.0161792 0.0030556 -0.0760021 0.0059214 -0.0530484 0.9956779
1769781800.829167 0.0011834 -0.0160564 0.0019631 -0.0746657 0.0066916 -0.0530356 0.9957748
1769781801.129166 0.0002040 -0.0142699 0.0021538 -0.0582225 0.0217512 -0.0432455 0.9971293
1769781801.162500 0.0000966 -0.0142156 0.0022204 -0.0554217 0.0246285 -0.0424377 0.9972568
1769781801.195835 -0.0001099 -0.0139091 0.0023408 -0.0516093 0.0276663 -0.0426145 0.9973741
1769781801.362499 -0.0000931 -0.0128462 0.0027834 -0.0342266 0.0402228 -0.0462360 0.9975334
1769781801.429167 -0.0002072 -0.0127201 0.0032525 -0.0302032 0.0474615 -0.0473035 0.9972951
1769781801.462499 -0.0002996 -0.0121991 0.0034253 -0.0263783 0.0510569 -0.0479315 0.9971961
1769781801.495834 -0.0008294 -0.0118136 0.0033154 -0.0230784 0.0547576 -0.0444612 0.9972423
1769781801.629168 0.0001774 -0.0118229 0.0034823 -0.0188045 0.0657289 -0.0487495 0.9964686
1769781801.662501 0.0006212 -0.0118143 0.0033089 -0.0179563 0.0674928 -0.0528398 0.9961578
1769781801.795834 0.0001288 -0.0102518 0.0035868 -0.0101379 0.0759439 -0.0573784 0.9954082
1769781802.229166 -0.0019515 -0.0086402 0.0059037 -0.0407106 0.0753400 -0.0419909 0.9954413
1769781803.862527 -0.0078620 -0.0152334 0.0055373 -0.0655013 0.0991241 -0.0161188 0.9927861
1769781804.562526 -0.0066088 -0.0205540 0.0050356 -0.0957755 0.0821795 -0.0066336 0.9919827
1769781804.695859 -0.0054134 -0.0208485 0.0040485 -0.0961187 0.0744667 -0.0048817 0.9925684
1769781804.762526 -0.0055805 -0.0203642 0.0046184 -0.0939813 0.0740889 -0.0036688 0.9928066
1769781804.962526 -0.0040445 -0.0198729 0.0027963 -0.0876206 0.0620260 -0.0042387 0.9942120
1769781804.995860 -0.0036962 -0.0193399 0.0023456 -0.0848194 0.0596913 -0.0055192 0.9945915
1769781805.029192 -0.0037294 -0.0195769 0.0030297 -0.0849037 0.0597490 -0.0045406 0.9945858
1769781805.229192 -0.0028726 -0.0185642 0.0024870 -0.0738631 0.0514441 -0.0072193 0.9959145
1769781805.262525 -0.0028291 -0.0183472 0.0027436 -0.0707985 0.0501873 -0.0062209 0.9962079
1769781806.629191 0.0005434 -0.0109733 0.0036512 -0.0338308 0.0002212 -0.0066306 0.9994056
1769781806.662525 0.0005433 -0.0109831 0.0035795 -0.0330821 0.0002988 -0.0063253 0.9994326
1769781807.195859 0.0013095 -0.0117669 0.0031576 -0.0318760 -0.0000521 -0.0054428 0.9994770
1769781807.495858 0.0013385 -0.0131112 0.0030223 -0.0403152 0.0011007 -0.0051162 0.9991733
1769781807.562523 0.0012789 -0.0134344 0.0029960 -0.0418810 0.0014607 -0.0043101 0.9991122
1769781807.595857 0.0011730 -0.0136488 0.0031750 -0.0434081 0.0018451 -0.0044489 0.9990458
1769781807.829191 0.0009572 -0.0148152 0.0032899 -0.0513584 0.0042282 -0.0036033 0.9986649
1769781807.995858 0.0008426 -0.0154550 0.0032744 -0.0562156 0.0061341 -0.0039802 0.9983919
1769781808.162524 0.0005802 -0.0159404 0.0031552 -0.0594843 0.0086074 -0.0039428 0.9981844
1769781808.195858 0.0005195 -0.0159826 0.0033030 -0.0601858 0.0092712 -0.0036666 0.9981374
1769781809.329190 -0.0005154 -0.0161173 0.0031973 -0.0609480 0.0187644 -0.0074913 0.9979365
1769781809.662523 -0.0004943 -0.0160482 0.0036774 -0.0607516 0.0190764 -0.0082186 0.9979368
1769781809.895858 -0.0005365 -0.0160486 0.0035611 -0.0609927 0.0190720 -0.0083805 0.9979208
1769781810.362543 -0.0005893 -0.0159975 0.0035753 -0.0610458 0.0192051 -0.0084958 0.9979140
1769781810.995878 -0.0005664 -0.0160597 0.0034753 -0.0608055 0.0190688 -0.0083872 0.9979323
