1770030031371895040.000000 0.000000000 0.000000000 0.000000000 -0.000000000 -0.000000000 -0.000000000 1.000000000
1770030032405249536.000000 0.004883641 -0.024076506 -0.038439203 0.001709276 0.000825243 -0.001114037 0.999997616
1770030032438583296.000000 0.001584493 -0.018874841 -0.039609522 0.002062313 0.001203778 -0.002377519 0.999994338
1770030032605244928.000000 0.012332081 -0.028123178 -0.033749089 0.002148123 0.002307159 -0.002740433 0.999991298
1770030032871945984.000000 0.023976929 -0.028935965 -0.037006784 0.003107576 0.003535016 -0.002119803 0.999986708
1770030033038567680.000000 0.038734049 -0.029724609 -0.034125354 0.004110882 0.003999927 -0.002017699 0.999981523
1770030033405229312.000000 0.063338339 -0.030103521 -0.027376741 0.004431942 0.007300761 -0.001945782 0.999961674
1770030033538563840.000000 0.080011338 -0.030884294 -0.034932144 0.002985236 0.007470136 -0.001198626 0.999966919
1770030033671896576.000000 0.090983339 -0.022364317 -0.024391677 0.005476290 0.009604883 -0.000145554 0.999938846
1770030033838566656.000000 0.125839502 -0.023394493 -0.029292950 0.005940004 0.009631788 -0.000819309 0.999935687
1770030034038558720.000000 0.141740441 -0.011602549 -0.024954911 0.006609262 0.012710363 0.000115512 0.999897420
1770030034271899648.000000 0.147378862 -0.002757410 -0.033881426 0.006558859 0.017303260 0.000070277 0.999828815
1770030034471908352.000000 0.172211498 0.001808439 -0.042779233 0.005916738 0.019688513 -0.001137845 0.999788046
1770030034738564352.000000 0.167647883 0.023315737 -0.028421702 0.005150456 0.024579840 0.000444774 0.999684513
1770030035038617088.000000 0.212945655 0.077676199 -0.029912140 0.005042948 0.028892895 -0.000334291 0.999569714
1770030035338560768.000000 0.232363775 0.100276411 -0.030270103 0.001826095 0.032834653 0.003273976 0.999453783
1770030035571895040.000000 0.253490716 0.137638703 -0.021525603 0.000321673 0.036320802 0.000451660 0.999340057
1770030035805231104.000000 0.270905524 0.161164910 -0.027444489 -0.002266279 0.036023479 -0.000678873 0.999348164
1770030036105246720.000000 0.283693850 0.204585806 -0.010235054 -0.002171003 0.036280271 -0.002409307 0.999336421
1770030036471903744.000000 0.295898467 0.237263948 -0.007359935 -0.003266686 0.033705920 -0.004510176 0.999416292
1770030036838584576.000000 0.291536719 0.240849704 -0.013778542 -0.002977672 0.029091723 -0.005080804 0.999559402
1770030037338565632.000000 0.251381516 0.215000987 -0.023862923 0.002409471 0.028833190 -0.004481710 0.999571323
1770030037705254400.000000 0.206572428 0.173408508 -0.036221884 0.010223775 0.026699446 -0.003310080 0.999585748
1770030037971912960.000000 0.153405562 0.115055799 -0.048413530 0.019445362 0.023414094 -0.000675118 0.999536514
1770030038171897088.000000 0.131320953 0.068910874 -0.060311072 0.033144895 0.017216291 -0.004334047 0.999292910
1770030038305229056.000000 0.130576625 0.045451075 -0.045959104 0.046371240 0.008577180 -0.004486045 0.998877406
1770030042338567168.000000 -0.499094337 -0.118049070 -0.022146583 0.008043860 0.005838075 -0.005657924 0.999934614
1770030042905239040.000000 -0.495916039 0.071258195 -0.045891836 -0.000134634 0.006076404 -0.022934111 0.999718547
1770030043038568192.000000 -0.523806393 0.112091519 -0.035664089 -0.005090259 0.009120138 -0.072699949 0.997299194
1770030043205263616.000000 -0.520027459 0.162516937 -0.044937331 -0.011317364 0.009351961 -0.127289444 0.991756976
1770030043338590208.000000 -0.513731301 0.218115643 -0.048161738 -0.015759381 0.008772689 -0.168041661 0.985614896
1770030043505239296.000000 -0.524049819 0.253418237 -0.040979046 -0.020953095 0.009181790 -0.217455238 0.975802183
1770030043671896064.000000 -0.524416804 0.295286238 -0.050495990 -0.024584608 0.013318544 -0.257068038 0.965988755
1770030043871888896.000000 -0.506994903 0.328136593 -0.050980404 -0.031218043 0.013524143 -0.292494327 0.955661893
1770030044071904000.000000 -0.497858644 0.361352652 -0.054769449 -0.032779325 0.018194478 -0.322564036 0.945804894
1770030044371890432.000000 -0.459427655 0.378994405 -0.059916928 -0.035982065 0.018041918 -0.342267871 0.938739836
1770030044705224192.000000 -0.403434157 0.357811660 -0.075768545 -0.035612904 0.019940438 -0.339198977 0.939828813
1770030045005221376.000000 -0.341863871 0.309439272 -0.073244981 -0.032451712 0.022576017 -0.307408363 0.950756192
1770030045171902720.000000 -0.304717898 0.270289302 -0.081212528 -0.026021942 0.024174044 -0.273252308 0.961286485
1770030045305223936.000000 -0.269262552 0.221905828 -0.092938609 -0.023234509 0.025261968 -0.230620161 0.972438335
1770030045438567936.000000 -0.225864604 0.183375493 -0.091308199 -0.016627165 0.025702775 -0.191583738 0.980998755
1770030045571890944.000000 -0.185451835 0.143613204 -0.088266209 -0.010027518 0.026530748 -0.161403522 0.986480892
1770030045705230848.000000 -0.154609531 0.102041230 -0.095808238 0.001092398 0.029980110 -0.151735142 0.987965822
1770030045838565120.000000 -0.079468563 0.085838892 -0.070520066 0.018207138 0.033821680 -0.147470623 0.988320291
1770030046038553856.000000 -0.048385195 0.035469353 -0.055956159 0.040985018 0.052420404 -0.145401597 0.987132549
1770030046171887360.000000 -0.026693501 0.004237434 -0.049612466 0.055987917 0.068049185 -0.144090235 0.985633135
1770030046271894272.000000 0.007676606 -0.035960007 -0.040937867 0.062486973 0.082888886 -0.139492556 0.984767318
1770030046405228288.000000 0.050894290 -0.067173883 -0.038135134 0.067239054 0.105335787 -0.140283242 0.982193410
1770030046571902976.000000 0.091983013 -0.107002661 -0.035074364 0.068375312 0.131947085 -0.137338489 0.979312479
1770030046738579968.000000 0.126952469 -0.167174622 -0.028647376 0.059577372 0.145668939 -0.136677802 0.978033900
1770030046805232896.000000 0.146784201 -0.169976652 -0.025795242 0.040110037 0.142341152 -0.132073596 0.980146289
1770030047038562304.000000 0.240747362 -0.203114823 -0.007504776 -0.024834396 0.100764349 -0.085602224 0.990909755
1770030047205219584.000000 0.312249124 -0.234356433 0.005479247 -0.047853466 0.076659046 -0.056013584 0.994331896
1770030047471944448.000000 0.338372320 -0.254193544 -0.000925124 -0.058781318 0.059056342 -0.024869945 0.996212125
1770030047738568192.000000 0.394828171 -0.284712553 -0.007825866 -0.047752682 0.046765983 -0.008721848 0.997725666
1770030048005225216.000000 0.414669722 -0.343382478 -0.018750621 -0.027929477 0.043885157 -0.002209075 0.998643696
1770030048038555392.000000 0.419909120 -0.353288800 -0.027692385 -0.025820432 0.042759806 0.000252429 0.998751700
1770030048271909888.000000 0.430569321 -0.356057853 -0.045201313 -0.009702628 0.041868180 -0.002338484 0.999073327
1770030048605225984.000000 0.488511622 -0.347634345 -0.042908136 0.004112342 0.037499379 0.001526904 0.999287009
1770030048838597376.000000 0.473921806 -0.295577526 -0.053839825 0.015667176 0.041667748 -0.001980469 0.999006689
1770030049171891456.000000 0.517469883 -0.308755070 -0.062388960 0.014135967 0.040563751 0.007090868 0.999051809
1770030049471917568.000000 0.542963266 -0.214311481 -0.040634938 0.017767226 0.041109558 0.001113421 0.998996079
1770030049771925504.000000 0.557680011 -0.157926530 -0.045309573 0.015044852 0.041260798 0.006334897 0.999015093
1770030050071930624.000000 0.558959126 -0.073774919 -0.037724152 0.011562001 0.042581595 0.002406910 0.999023199
1770030050105219072.000000 0.553844392 -0.051935744 -0.040433660 0.014148893 0.043774411 0.003087249 0.998936474
1770030050338551296.000000 0.555365324 0.022784559 -0.038483955 0.012822295 0.041437164 0.002102312 0.999056637
1770030050471887104.000000 0.551182687 0.062013317 -0.047201905 0.011539244 0.043613687 0.000964252 0.998981357
1770030050671884288.000000 0.528149128 0.125900209 -0.032152601 0.009014692 0.044807117 -0.003705641 0.998948097
1770030050805248256.000000 0.522871792 0.148328036 -0.031862956 0.005044090 0.045971721 -0.005883910 0.998912692
1770030050938580736.000000 0.520134151 0.182154894 -0.036083151 0.004635418 0.045298308 -0.002520022 0.998959601
1770030051105241856.000000 0.511212885 0.222429231 -0.024267279 0.002536060 0.043804854 -0.006957110 0.999012709
1770030051238570752.000000 0.505905390 0.244117916 -0.033007763 0.000756076 0.042819776 -0.005211438 0.999068916
1770030051438562304.000000 0.484711349 0.286744446 -0.042544469 -0.000210480 0.042635646 -0.004577021 0.999080181
1770030051571908608.000000 0.464906275 0.303287059 -0.043002777 -0.003038006 0.042531200 -0.008085365 0.999057829
1770030051705234688.000000 0.453159779 0.318586886 -0.040388387 -0.004078064 0.041588407 -0.007502010 0.999098361
1770030051838553856.000000 0.448203772 0.325038552 -0.054809861 -0.006353588 0.037895326 -0.009368804 0.999217629
1770030052138559232.000000 0.399283141 0.336791843 -0.052130271 -0.007073480 0.037519962 -0.009105044 0.999229372
1770030052305225216.000000 0.376454890 0.340341508 -0.051178500 -0.005722112 0.036437064 -0.010791153 0.999261320
1770030052438556416.000000 0.355299413 0.334134698 -0.040150557 -0.004295642 0.036779132 -0.010235373 0.999261796
1770030052738568192.000000 0.318777800 0.297049522 -0.059647020 -0.002149523 0.031158023 -0.010182059 0.999460280
1770030053005229568.000000 0.260595948 0.248370305 -0.048767406 0.000207127 0.032175351 -0.005013406 0.999469638
1770030053171908352.000000 0.239886895 0.215396032 -0.056205552 0.002831683 0.029987857 -0.008640933 0.999508917
1770030053338555904.000000 0.209894642 0.187088296 -0.049454115 0.009543004 0.029714683 -0.004684733 0.999501884
1770030053405232384.000000 0.195755228 0.170049891 -0.068614908 0.011463390 0.028124969 -0.002466724 0.999535620
1770030053505239552.000000 0.174677029 0.137910709 -0.079226032 0.016523590 0.027041994 -0.005107634 0.999484718
1770030053605226496.000000 0.162153915 0.112038918 -0.088399984 0.023825901 0.024784558 -0.003352741 0.999403238
1770030054205245440.000000 0.087174565 -0.016935235 -0.075132035 0.080293082 -0.009368482 -0.010307234 0.996674001
1770030054671887104.000000 -0.028234811 -0.207119092 -0.056884967 0.097786784 -0.073074929 -0.008762334 0.992482305
1770030055338552320.000000 -0.192109734 -0.332197696 -0.003097815 -0.034461629 -0.027919479 -0.005709291 0.998999655
1770030055471878912.000000 -0.223389477 -0.367873579 -0.002228543 -0.038489185 -0.021637019 -0.007996932 0.998992741
1770030056005211904.000000 -0.320202231 -0.492075831 -0.033702493 -0.013189181 -0.004519721 -0.007400298 0.999875426
1770030056138551808.000000 -0.339789808 -0.503991127 -0.036182858 -0.007227167 -0.001943014 -0.007208871 0.999946058
1770030056371883520.000000 -0.375829846 -0.508018315 -0.042635437 -0.002124451 0.002010573 -0.006647769 0.999973655
1770030058105227008.000000 -0.491275311 -0.063572541 -0.048452761 0.005875850 0.004744458 -0.005657381 0.999955475
1770030058405236224.000000 -0.486975998 0.036705215 -0.047451321 0.002325008 0.004985460 -0.005744951 0.999968410
1770030058938566656.000000 -0.525743544 0.208799168 -0.037495434 -0.016607754 0.008192018 -0.172516346 0.984832585
1770030059105237248.000000 -0.524621069 0.258057088 -0.043343201 -0.021005334 0.010411826 -0.219435155 0.975345373
1770030059305210624.000000 -0.517631948 0.302294910 -0.045169953 -0.026852883 0.012305726 -0.264981002 0.963801146
1770030059571881216.000000 -0.503608465 0.352185696 -0.049019337 -0.031717673 0.016292641 -0.310105920 0.950033069
1770030059871901696.000000 -0.470224440 0.377582580 -0.064478338 -0.035529714 0.018509747 -0.339256167 0.939840615
1770030060171874816.000000 -0.428655803 0.370672077 -0.077715427 -0.036377151 0.019761099 -0.345817059 0.937388241
1770030060671894528.000000 -0.308931530 0.295804113 -0.063170284 -0.030278016 0.021367453 -0.292788923 0.955458701
1770030060805245184.000000 -0.275061578 0.262701154 -0.064886354 -0.025642246 0.022613343 -0.260920048 0.964754820
1770030060871905280.000000 -0.254656374 0.244273201 -0.069941692 -0.022449112 0.022800051 -0.239043117 0.970481634
1770030061205259264.000000 -0.155523598 0.151289910 -0.067259021 -0.005073961 0.025069926 -0.155797139 0.987457871
1770030061271902720.000000 -0.138488472 0.133823335 -0.063489772 0.001006224 0.027023001 -0.152485728 0.987935662
1770030061471881728.000000 -0.089637376 0.083135664 -0.057702839 0.023189047 0.038244467 -0.147468999 0.988054931
1770030061638552064.000000 -0.057459231 0.042342786 -0.063603722 0.042134263 0.053831730 -0.145233929 0.987032890
1770030061971888384.000000 0.009543088 -0.056490760 -0.053574253 0.066839516 0.101955883 -0.139840409 0.982640386
1770030062105220608.000000 0.043138620 -0.094709888 -0.053520590 0.069877736 0.124013118 -0.135761634 0.980462492
1770030062271935488.000000 0.093126297 -0.153340191 -0.055021346 0.063239552 0.143628985 -0.133877635 0.978492856
1770030062405309696.000000 0.129351705 -0.168193743 -0.047301147 0.037478883 0.141912714 -0.129738748 0.980624318
1770030062571898112.000000 0.194617137 -0.190321341 -0.039968841 -0.014262660 0.110659681 -0.099563621 0.988755882
1770030062705224960.000000 0.237322450 -0.206290439 -0.029593430 -0.035359658 0.091334723 -0.073958419 0.992440343
1770030062871879168.000000 0.291235924 -0.227221936 -0.014315442 -0.052981108 0.072417051 -0.045869034 0.994909465
1770030063171898368.000000 0.351343572 -0.272328377 -0.000793400 -0.056945488 0.054739542 -0.013891295 0.996778727
1770030063471893760.000000 0.404553950 -0.333343536 -0.020738598 -0.041060198 0.043853685 -0.002100609 0.998191655
1770030064405247488.000000 0.510000587 -0.350274891 -0.039163943 0.009002054 0.038028132 0.005977751 0.999218285
1770030065771890944.000000 0.555358112 -0.024787972 -0.040798925 0.013744987 0.043147497 0.001911508 0.998972356
1770030066171893248.000000 0.558048785 0.085880458 -0.029024851 0.009266037 0.043381695 0.001331692 0.999014735
1770030066471876608.000000 0.543385327 0.165057749 -0.024296615 0.005285172 0.043524466 -0.001228479 0.999037623
1770030066771886336.000000 0.518675804 0.242572397 -0.027730430 0.003002037 0.043121044 -0.003339089 0.999059796
1770030067071887616.000000 0.491203099 0.303392857 -0.032209117 0.000954733 0.041886512 -0.006007034 0.999103904
1770030067371907328.000000 0.457724333 0.339630395 -0.035199475 -0.001244765 0.040015765 -0.007299094 0.999171615
1770030067638582272.000000 0.418494910 0.357325256 -0.033448167 -0.002613611 0.038988132 -0.008707735 0.999198318
1770030068005239808.000000 0.372162133 0.350382149 -0.037881739 -0.001516067 0.035870735 -0.007756149 0.999325216
1770030068238547712.000000 0.336635947 0.330485672 -0.043237347 0.000358225 0.033425890 -0.006731415 0.999418497
1770030068605222400.000000 0.267946571 0.265035182 -0.042108681 0.003149111 0.031611592 -0.004788395 0.999483824
1770030068705208064.000000 0.252896875 0.247168362 -0.043028094 0.005547226 0.030904479 -0.003517554 0.999500751
1770030068805214208.000000 0.234380871 0.223477080 -0.046523917 0.007268160 0.030526934 -0.002541461 0.999504268
1770030069305177344.000000 0.134776741 0.107890368 -0.050416153 0.035944071 0.025038304 -0.007334748 0.999013186
1770030069438508544.000000 0.116475329 0.079386778 -0.064468935 0.048273414 0.018845418 -0.007595822 0.998627484
1770030069605193216.000000 0.099762119 0.044130161 -0.065435462 0.064752907 0.011374142 -0.008768973 0.997798026
1770030069871845120.000000 0.070353195 -0.041389342 -0.085491203 0.085581221 -0.019229220 -0.010560102 0.996089637
1770030070238530048.000000 -0.026326893 -0.191479638 -0.059634980 0.099166371 -0.071249545 -0.009772117 0.992468655
1770030070305185536.000000 -0.043206505 -0.218147010 -0.049423132 0.095573001 -0.073832765 -0.005408571 0.992665768
1770030070338529536.000000 -0.049483106 -0.224645644 -0.048728798 0.094650902 -0.073977098 -0.002034396 0.992756009
1770030070405275392.000000 -0.058384512 -0.230956778 -0.051713265 0.070697047 -0.070031568 0.001878407 0.995034635
1770030070505173504.000000 -0.089109585 -0.247243896 -0.056901257 0.031600151 -0.058154084 0.001626828 0.997806013
1770030070638534656.000000 -0.123930544 -0.265399188 -0.029538449 0.001756105 -0.045781206 -0.000232452 0.998949945
1770030070738514944.000000 -0.148293987 -0.281737953 -0.017737469 -0.014813248 -0.038673043 -0.001871656 0.999140382
1770030070905187072.000000 -0.188576385 -0.318278462 -0.002051294 -0.032538615 -0.028967125 -0.003890299 0.999043047
1770030071005192704.000000 -0.209982798 -0.337484777 0.003771793 -0.036250468 -0.024743937 -0.006472099 0.999015391
1770030073538509312.000000 -0.484678239 -0.119038932 -0.055258416 0.007784126 0.004615035 -0.006286934 0.999939322
1770030073805178624.000000 -0.481995434 -0.029368395 -0.055796910 0.004332510 0.004418570 -0.005585299 0.999965250
1770030074571878144.000000 -0.500478148 0.221175566 -0.065445609 -0.016988872 0.006647052 -0.183732465 0.982807040
1770030074971849472.000000 -0.491861105 0.315900296 -0.071425363 -0.028205106 0.011735595 -0.278751284 0.959877372
1770030075305182976.000000 -0.463447541 0.366818428 -0.079582252 -0.032456074 0.016246570 -0.326168180 0.944614708
1770030075671837696.000000 -0.420878232 0.374727875 -0.090431258 -0.036054559 0.017306179 -0.345795721 0.937457144
1770030076038518272.000000 -0.355247259 0.340103090 -0.087789498 -0.034214515 0.019344678 -0.328627259 0.943641543
1770030076338508032.000000 -0.284707040 0.279869974 -0.068755373 -0.027732145 0.021811636 -0.277353138 0.960120022
1770030077105178112.000000 -0.083234251 0.074122846 -0.058623277 0.028037800 0.041809991 -0.147689760 0.987751782
1770030077338514176.000000 -0.037368000 0.012357003 -0.055035528 0.053950157 0.065647878 -0.144384354 0.985866606
1770030077538504448.000000 0.002551944 -0.044823419 -0.055676434 0.066355638 0.096962504 -0.140537858 0.983079016
1770030077671856128.000000 0.038396351 -0.090003289 -0.055375077 0.068968236 0.119285800 -0.136603877 0.980996251
1770030077805199104.000000 0.078102902 -0.136984468 -0.055027977 0.066449523 0.137277141 -0.133774340 0.979205787
1770030077938519552.000000 0.102504268 -0.171441749 -0.057459004 0.058427911 0.146847829 -0.134130895 0.978279531
1770030078071842048.000000 0.160976693 -0.169705227 -0.044890068 0.010618770 0.129456922 -0.117815427 0.984503806
1770030078571836416.000000 0.311007053 -0.236808807 -0.003197437 -0.057037614 0.065601423 -0.032805432 0.995674133
1770030078771843840.000000 0.347785383 -0.274190128 -0.005648270 -0.057095923 0.054547273 -0.014245054 0.996775687
1770030079005184512.000000 0.396900117 -0.320447028 -0.019260516 -0.045165017 0.045144655 -0.002622253 0.997955501
1770030079105184512.000000 0.412438542 -0.336785108 -0.016643241 -0.036796071 0.043538932 -0.000697690 0.998373628
1770030079305170944.000000 0.432748765 -0.353105903 -0.024893694 -0.018920286 0.041907221 -0.000184322 0.998942375
1770030079905223936.000000 0.509610236 -0.360853344 -0.037333619 0.004817382 0.036189448 0.005438317 0.999318540
1770030080505167872.000000 0.547606885 -0.266217083 -0.043209657 0.015962347 0.039083470 0.005365488 0.999094069
1770030080971857408.000000 0.558064222 -0.137131706 -0.044548374 0.017270442 0.041204698 0.003792413 0.998994291
1770030081438516736.000000 0.556990206 -0.007363854 -0.039423574 0.012511174 0.043142810 0.001870045 0.998988867
1770030081771841024.000000 0.558273613 0.087015651 -0.026443051 0.008847122 0.043511454 0.000688923 0.999013543
1770030082005185536.000000 0.547078550 0.149214506 -0.024366001 0.006192785 0.043481372 -0.000549707 0.999034882
1770030082271852544.000000 0.525889695 0.220891401 -0.025941486 0.003882483 0.043616578 -0.002571036 0.999037504
1770030082438498816.000000 0.513102174 0.257195324 -0.028292671 0.002255452 0.043054607 -0.004203537 0.999061346
1770030082571851008.000000 0.498299360 0.284523368 -0.029004099 0.001321440 0.042967346 -0.005454735 0.999060750
1770030082905171456.000000 0.460437000 0.334963411 -0.030946098 -0.000704715 0.040993549 -0.006958990 0.999134958
1770030083271846656.000000 0.408335239 0.358629048 -0.032043625 -0.002242131 0.039826903 -0.008900998 0.999164462
1770030083538529280.000000 0.376516610 0.354987651 -0.036981858 -0.001187308 0.036837868 -0.008267254 0.999286354
1770030083771835136.000000 0.345628917 0.334812939 -0.042778991 -0.000748696 0.034282342 -0.006887699 0.999388218
1770030084038530304.000000 0.298388183 0.297880292 -0.043670554 0.001967985 0.032495342 -0.005213926 0.999456346
1770030084205178624.000000 0.269046009 0.264695972 -0.043310214 0.003632529 0.031278081 -0.004497330 0.999494016
1770030084338498048.000000 0.246232197 0.239018619 -0.045357805 0.006478565 0.030622102 -0.002541757 0.999506831
1770030084471827968.000000 0.221486703 0.204985321 -0.050303139 0.008445699 0.029629571 -0.001863128 0.999523520
1770030084671852032.000000 0.186382413 0.154975131 -0.059477217 0.015250323 0.027286200 -0.002478777 0.999508262
1770030085038506240.000000 0.116444647 0.078747928 -0.065038234 0.048981290 0.018548660 -0.007316519 0.998600662
1770030085338521088.000000 0.084537745 0.002444990 -0.077147312 0.076012142 -0.001889813 -0.010435635 0.997050524
1770030085471827712.000000 0.068895467 -0.044465624 -0.090657316 0.085972607 -0.019911200 -0.011342362 0.996033967
1770030085571821568.000000 0.051678639 -0.088301636 -0.087495245 0.092500106 -0.036230609 -0.011611219 0.994985580
1770030085638503424.000000 0.033951420 -0.107126258 -0.062662318 0.097831354 -0.046873692 -0.012463480 0.994020402
1770030085771825920.000000 -0.008017898 -0.165002987 -0.055447526 0.100686222 -0.065599710 -0.012089163 0.992679596
1770030085871842816.000000 -0.035011757 -0.210945264 -0.056073401 0.097081751 -0.073527530 -0.007400361 0.992529154
1770030085938506496.000000 -0.044453893 -0.219860256 -0.055007748 0.094110072 -0.074112162 -0.001723707 0.992797911
1770030085971832832.000000 -0.046701439 -0.225516722 -0.054290209 0.081238851 -0.072311468 0.001271995 0.994067252
1770030086738540288.000000 -0.239359528 -0.374458283 0.004793534 -0.036647532 -0.018945992 -0.007563499 0.999120057
1770030087271820800.000000 -0.335596591 -0.487999737 -0.033923808 -0.008856105 -0.002804241 -0.006792045 0.999933779
1770030087671837184.000000 -0.397382826 -0.495161086 -0.054375179 0.002939184 0.003602423 -0.007093375 0.999964058
1770030089438489088.000000 -0.482785404 -0.014550033 -0.053267434 0.004290341 0.004248193 -0.005889693 0.999964416
1770030089905151488.000000 -0.491393656 0.140658438 -0.057885312 -0.007960088 0.006394191 -0.099699892 0.994965196
1770030090338491392.000000 -0.501028776 0.265539765 -0.063837156 -0.022562223 0.009691851 -0.229795992 0.972929001
1770030092038491648.000000 -0.256942689 0.250792682 -0.070233330 -0.023487587 0.022633925 -0.246894673 0.968493223
1770030092705188352.000000 -0.080475569 0.071872227 -0.059658546 0.028608596 0.042077534 -0.147471681 0.987756670
1770030092905167616.000000 -0.044380289 0.022531329 -0.056552108 0.051564571 0.062273853 -0.145140916 0.986101985
1770030093205152768.000000 0.020108867 -0.069016755 -0.055566154 0.068381943 0.109344184 -0.138344079 0.981951475
1770030093505147648.000000 0.105820462 -0.170149535 -0.054792412 0.060750078 0.145858273 -0.133691743 0.978346229
1770030093571816704.000000 0.122983344 -0.174579442 -0.050853688 0.045533128 0.144101769 -0.132838622 0.979548573
1770030093805164544.000000 0.208617851 -0.192665502 -0.031812128 -0.021438474 0.104104586 -0.090376332 0.990219533
1770030093905157376.000000 0.239667609 -0.205077857 -0.026106317 -0.037075058 0.090477303 -0.072322495 0.992576838
1770030094071833344.000000 0.287273407 -0.223535657 -0.008574657 -0.053272236 0.072828248 -0.045306932 0.994889677
1770030094838487040.000000 0.424475312 -0.350809306 -0.023598926 -0.024032500 0.042541489 -0.000298671 0.998805583
1770030095371825152.000000 0.491644025 -0.371013105 -0.037179638 0.001726448 0.037490431 0.004593131 0.999284923
1770030095971823104.000000 0.534945011 -0.290097773 -0.041676380 0.015459196 0.039433934 0.005210378 0.999089003
1770030096371827712.000000 0.554691553 -0.196411818 -0.043802541 0.016882854 0.040643360 0.004934628 0.999018908
1770030096838493952.000000 0.556135535 -0.061047047 -0.042481434 0.014967393 0.042786885 0.002544201 0.998968899
1770030097671822848.000000 0.542460620 0.167597860 -0.025343603 0.005056097 0.043419287 -0.001220137 0.999043405
1770030098371812096.000000 0.476995230 0.320855319 -0.031352300 0.000227191 0.041331608 -0.006748542 0.999122679
1770030098971763456.000000 0.396654397 0.358409971 -0.034282390 -0.002143999 0.038546599 -0.008721200 0.999216497
1770030100438439936.000000 0.143621013 0.118372329 -0.048566118 0.030673129 0.026345907 -0.006468659 0.999161243
1770030101005100544.000000 0.076651104 -0.021956388 -0.084371366 0.081409462 -0.011197845 -0.010481841 0.996562719
1770030101138433280.000000 0.056943662 -0.078441046 -0.095247068 0.090489417 -0.031162776 -0.011746643 0.995340466
1770030101305096192.000000 0.013617042 -0.140502751 -0.068338372 0.099344417 -0.057581063 -0.011465019 0.993319511
1770030101371756800.000000 -0.006374763 -0.167329535 -0.059842017 0.100052729 -0.065704942 -0.011147954 0.992747724
1770030101438426112.000000 -0.028600952 -0.193975002 -0.049646832 0.098767668 -0.070752136 -0.009339118 0.992548168
1770030101605099776.000000 -0.058249854 -0.214851439 -0.057485964 0.067843772 -0.066051468 0.000839653 0.995506763
1770030102705113856.000000 -0.276793897 -0.417677134 -0.020894673 -0.022349048 -0.008283725 -0.008347983 0.999681056
1770030103305093632.000000 -0.328158796 -0.414127976 -0.035040349 -0.001382946 0.001722304 -0.007326682 0.999970734
1770030104705101568.000000 -0.306627929 -0.145110577 -0.053436972 0.005245514 0.006689671 -0.004955024 0.999951601
1770030105338440704.000000 -0.254361421 -0.043744061 -0.056542471 0.001277781 0.008087389 -0.003547522 0.999960184
1770030109705136896.000000 -0.067187794 -0.014072601 -0.050911386 -0.000554294 0.005807331 0.000519103 0.999982834
