1770030031.371895 0.0000000 0.0000000 0.0000000 -0.0000000 -0.0000000 -0.0000000 1.0000000
1770030032.405250 0.0048836 -0.0240765 -0.0384392 0.0017093 0.0008252 -0.0011140 0.9999976
1770030032.438583 0.0015845 -0.0188748 -0.0396095 0.0020623 0.0012038 -0.0023775 0.9999943
1770030032.605245 0.0123321 -0.0281232 -0.0337491 0.0021481 0.0023072 -0.0027404 0.9999913
1770030032.871946 0.0239769 -0.0289360 -0.0370068 0.0031076 0.0035350 -0.0021198 0.9999867
1770030033.038568 0.0387340 -0.0297246 -0.0341254 0.0041109 0.0039999 -0.0020177 0.9999815
1770030033.405229 0.0633383 -0.0301035 -0.0273767 0.0044319 0.0073008 -0.0019458 0.9999617
1770030033.538564 0.0800113 -0.0308843 -0.0349321 0.0029852 0.0074701 -0.0011986 0.9999669
1770030033.671897 0.0909833 -0.0223643 -0.0243917 0.0054763 0.0096049 -0.0001456 0.9999388
1770030033.838567 0.1258395 -0.0233945 -0.0292930 0.0059400 0.0096318 -0.0008193 0.9999357
1770030034.038559 0.1417404 -0.0116025 -0.0249549 0.0066093 0.0127104 0.0001155 0.9998974
1770030034.271900 0.1473789 -0.0027574 -0.0338814 0.0065589 0.0173033 0.0000703 0.9998288
1770030034.471908 0.1722115 0.0018084 -0.0427792 0.0059167 0.0196885 -0.0011378 0.9997880
1770030034.738564 0.1676479 0.0233157 -0.0284217 0.0051505 0.0245798 0.0004448 0.9996845
1770030035.038617 0.2129457 0.0776762 -0.0299121 0.0050429 0.0288929 -0.0003343 0.9995697
1770030035.338561 0.2323638 0.1002764 -0.0302701 0.0018261 0.0328347 0.0032740 0.9994538
1770030035.571895 0.2534907 0.1376387 -0.0215256 0.0003217 0.0363208 0.0004517 0.9993401
1770030035.805231 0.2709055 0.1611649 -0.0274445 -0.0022663 0.0360235 -0.0006789 0.9993482
1770030036.105247 0.2836939 0.2045858 -0.0102351 -0.0021710 0.0362803 -0.0024093 0.9993364
1770030036.471904 0.2958985 0.2372639 -0.0073599 -0.0032667 0.0337059 -0.0045102 0.9994163
1770030036.838585 0.2915367 0.2408497 -0.0137785 -0.0029777 0.0290917 -0.0050808 0.9995594
1770030037.338566 0.2513815 0.2150010 -0.0238629 0.0024095 0.0288332 -0.0044817 0.9995713
1770030037.705254 0.2065724 0.1734085 -0.0362219 0.0102238 0.0266994 -0.0033101 0.9995857
1770030037.971913 0.1534056 0.1150558 -0.0484135 0.0194454 0.0234141 -0.0006751 0.9995365
1770030038.171897 0.1313210 0.0689109 -0.0603111 0.0331449 0.0172163 -0.0043340 0.9992929
1770030038.305229 0.1305766 0.0454511 -0.0459591 0.0463712 0.0085772 -0.0044860 0.9988774
1770030042.338567 -0.4990943 -0.1180491 -0.0221466 0.0080439 0.0058381 -0.0056579 0.9999346
1770030042.905239 -0.4959160 0.0712582 -0.0458918 -0.0001346 0.0060764 -0.0229341 0.9997185
1770030043.038568 -0.5238064 0.1120915 -0.0356641 -0.0050903 0.0091201 -0.0726999 0.9972992
1770030043.205264 -0.5200275 0.1625169 -0.0449373 -0.0113174 0.0093520 -0.1272894 0.9917570
1770030043.338590 -0.5137313 0.2181156 -0.0481617 -0.0157594 0.0087727 -0.1680417 0.9856149
1770030043.505239 -0.5240498 0.2534182 -0.0409790 -0.0209531 0.0091818 -0.2174552 0.9758022
1770030043.671896 -0.5244168 0.2952862 -0.0504960 -0.0245846 0.0133185 -0.2570680 0.9659888
1770030043.871889 -0.5069949 0.3281366 -0.0509804 -0.0312180 0.0135241 -0.2924943 0.9556619
1770030044.071904 -0.4978586 0.3613527 -0.0547694 -0.0327793 0.0181945 -0.3225640 0.9458049
1770030044.371890 -0.4594277 0.3789944 -0.0599169 -0.0359821 0.0180419 -0.3422679 0.9387398
1770030044.705224 -0.4034342 0.3578117 -0.0757685 -0.0356129 0.0199404 -0.3391990 0.9398288
1770030045.005221 -0.3418639 0.3094393 -0.0732450 -0.0324517 0.0225760 -0.3074084 0.9507562
1770030045.171903 -0.3047179 0.2702893 -0.0812125 -0.0260219 0.0241740 -0.2732523 0.9612865
1770030045.305224 -0.2692626 0.2219058 -0.0929386 -0.0232345 0.0252620 -0.2306202 0.9724383
1770030045.438568 -0.2258646 0.1833755 -0.0913082 -0.0166272 0.0257028 -0.1915837 0.9809988
1770030045.571891 -0.1854518 0.1436132 -0.0882662 -0.0100275 0.0265307 -0.1614035 0.9864809
1770030045.705231 -0.1546095 0.1020412 -0.0958082 0.0010924 0.0299801 -0.1517351 0.9879658
1770030045.838565 -0.0794686 0.0858389 -0.0705201 0.0182071 0.0338217 -0.1474706 0.9883203
1770030046.038554 -0.0483852 0.0354694 -0.0559562 0.0409850 0.0524204 -0.1454016 0.9871325
1770030046.171887 -0.0266935 0.0042374 -0.0496125 0.0559879 0.0680492 -0.1440902 0.9856331
1770030046.271894 0.0076766 -0.0359600 -0.0409379 0.0624870 0.0828889 -0.1394926 0.9847673
1770030046.405228 0.0508943 -0.0671739 -0.0381351 0.0672391 0.1053358 -0.1402832 0.9821934
1770030046.571903 0.0919830 -0.1070027 -0.0350744 0.0683753 0.1319471 -0.1373385 0.9793125
1770030046.738580 0.1269525 -0.1671746 -0.0286474 0.0595774 0.1456689 -0.1366778 0.9780339
1770030046.805233 0.1467842 -0.1699767 -0.0257952 0.0401100 0.1423412 -0.1320736 0.9801463
1770030047.038562 0.2407474 -0.2031148 -0.0075048 -0.0248344 0.1007643 -0.0856022 0.9909098
1770030047.205220 0.3122491 -0.2343564 0.0054792 -0.0478535 0.0766590 -0.0560136 0.9943319
1770030047.471945 0.3383723 -0.2541935 -0.0009251 -0.0587813 0.0590563 -0.0248699 0.9962121
1770030047.738568 0.3948282 -0.2847126 -0.0078259 -0.0477527 0.0467660 -0.0087218 0.9977257
1770030048.005225 0.4146697 -0.3433825 -0.0187506 -0.0279295 0.0438852 -0.0022091 0.9986437
1770030048.038555 0.4199091 -0.3532888 -0.0276924 -0.0258204 0.0427598 0.0002524 0.9987517
1770030048.271910 0.4305693 -0.3560579 -0.0452013 -0.0097026 0.0418682 -0.0023385 0.9990733
1770030048.605226 0.4885116 -0.3476343 -0.0429081 0.0041123 0.0374994 0.0015269 0.9992870
1770030048.838597 0.4739218 -0.2955775 -0.0538398 0.0156672 0.0416677 -0.0019805 0.9990067
1770030049.171891 0.5174699 -0.3087551 -0.0623890 0.0141360 0.0405638 0.0070909 0.9990518
1770030049.471918 0.5429633 -0.2143115 -0.0406349 0.0177672 0.0411096 0.0011134 0.9989961
1770030049.771925 0.5576800 -0.1579265 -0.0453096 0.0150449 0.0412608 0.0063349 0.9990151
1770030050.071931 0.5589591 -0.0737749 -0.0377242 0.0115620 0.0425816 0.0024069 0.9990232
1770030050.105219 0.5538444 -0.0519357 -0.0404337 0.0141489 0.0437744 0.0030872 0.9989365
1770030050.338551 0.5553653 0.0227846 -0.0384840 0.0128223 0.0414372 0.0021023 0.9990566
1770030050.471887 0.5511827 0.0620133 -0.0472019 0.0115392 0.0436137 0.0009643 0.9989814
1770030050.671884 0.5281491 0.1259002 -0.0321526 0.0090147 0.0448071 -0.0037056 0.9989481
1770030050.805248 0.5228718 0.1483280 -0.0318630 0.0050441 0.0459717 -0.0058839 0.9989127
1770030050.938581 0.5201342 0.1821549 -0.0360832 0.0046354 0.0452983 -0.0025200 0.9989596
1770030051.105242 0.5112129 0.2224292 -0.0242673 0.0025361 0.0438049 -0.0069571 0.9990127
1770030051.238571 0.5059054 0.2441179 -0.0330078 0.0007561 0.0428198 -0.0052114 0.9990689
1770030051.438562 0.4847113 0.2867444 -0.0425445 -0.0002105 0.0426356 -0.0045770 0.9990802
1770030051.571909 0.4649063 0.3032871 -0.0430028 -0.0030380 0.0425312 -0.0080854 0.9990578
1770030051.705235 0.4531598 0.3185869 -0.0403884 -0.0040781 0.0415884 -0.0075020 0.9990984
1770030051.838554 0.4482038 0.3250386 -0.0548099 -0.0063536 0.0378953 -0.0093688 0.9992176
1770030052.138559 0.3992831 0.3367918 -0.0521303 -0.0070735 0.0375200 -0.0091050 0.9992294
1770030052.305225 0.3764549 0.3403415 -0.0511785 -0.0057221 0.0364371 -0.0107912 0.9992613
1770030052.438556 0.3552994 0.3341347 -0.0401506 -0.0042956 0.0367791 -0.0102354 0.9992618
1770030052.738568 0.3187778 0.2970495 -0.0596470 -0.0021495 0.0311580 -0.0101821 0.9994603
1770030053.005229 0.2605959 0.2483703 -0.0487674 0.0002071 0.0321754 -0.0050134 0.9994696
1770030053.171908 0.2398869 0.2153960 -0.0562056 0.0028317 0.0299879 -0.0086409 0.9995089
1770030053.338556 0.2098946 0.1870883 -0.0494541 0.0095430 0.0297147 -0.0046847 0.9995019
1770030053.405232 0.1957552 0.1700499 -0.0686149 0.0114634 0.0281250 -0.0024667 0.9995356
1770030053.505239 0.1746770 0.1379107 -0.0792260 0.0165236 0.0270420 -0.0051076 0.9994847
1770030053.605227 0.1621539 0.1120389 -0.0884000 0.0238259 0.0247846 -0.0033527 0.9994032
1770030054.205245 0.0871746 -0.0169352 -0.0751320 0.0802931 -0.0093685 -0.0103072 0.9966740
1770030054.671887 -0.0282348 -0.2071191 -0.0568850 0.0977868 -0.0730749 -0.0087623 0.9924823
1770030055.338552 -0.1921097 -0.3321977 -0.0030978 -0.0344616 -0.0279195 -0.0057093 0.9989997
1770030055.471879 -0.2233895 -0.3678736 -0.0022285 -0.0384892 -0.0216370 -0.0079969 0.9989927
1770030056.005212 -0.3202022 -0.4920758 -0.0337025 -0.0131892 -0.0045197 -0.0074003 0.9998754
1770030056.138552 -0.3397898 -0.5039911 -0.0361829 -0.0072272 -0.0019430 -0.0072089 0.9999461
1770030056.371883 -0.3758298 -0.5080183 -0.0426354 -0.0021245 0.0020106 -0.0066478 0.9999737
1770030058.105227 -0.4912753 -0.0635725 -0.0484528 0.0058758 0.0047445 -0.0056574 0.9999555
1770030058.405236 -0.4869760 0.0367052 -0.0474513 0.0023250 0.0049855 -0.0057450 0.9999684
1770030058.938567 -0.5257435 0.2087992 -0.0374954 -0.0166078 0.0081920 -0.1725163 0.9848326
1770030059.105237 -0.5246211 0.2580571 -0.0433432 -0.0210053 0.0104118 -0.2194352 0.9753454
1770030059.305211 -0.5176319 0.3022949 -0.0451700 -0.0268529 0.0123057 -0.2649810 0.9638011
1770030059.571881 -0.5036085 0.3521857 -0.0490193 -0.0317177 0.0162926 -0.3101059 0.9500331
1770030059.871902 -0.4702244 0.3775826 -0.0644783 -0.0355297 0.0185097 -0.3392562 0.9398406
1770030060.171875 -0.4286558 0.3706721 -0.0777154 -0.0363772 0.0197611 -0.3458171 0.9373882
1770030060.671895 -0.3089315 0.2958041 -0.0631703 -0.0302780 0.0213675 -0.2927889 0.9554587
1770030060.805245 -0.2750616 0.2627012 -0.0648864 -0.0256422 0.0226133 -0.2609200 0.9647548
1770030060.871905 -0.2546564 0.2442732 -0.0699417 -0.0224491 0.0228001 -0.2390431 0.9704816
1770030061.205259 -0.1555236 0.1512899 -0.0672590 -0.0050740 0.0250699 -0.1557971 0.9874579
1770030061.271903 -0.1384885 0.1338233 -0.0634898 0.0010062 0.0270230 -0.1524857 0.9879357
1770030061.471882 -0.0896374 0.0831357 -0.0577028 0.0231890 0.0382445 -0.1474690 0.9880549
1770030061.638552 -0.0574592 0.0423428 -0.0636037 0.0421343 0.0538317 -0.1452339 0.9870329
1770030061.971888 0.0095431 -0.0564908 -0.0535743 0.0668395 0.1019559 -0.1398404 0.9826404
1770030062.105221 0.0431386 -0.0947099 -0.0535206 0.0698777 0.1240131 -0.1357616 0.9804625
1770030062.271935 0.0931263 -0.1533402 -0.0550213 0.0632396 0.1436290 -0.1338776 0.9784929
1770030062.405310 0.1293517 -0.1681937 -0.0473011 0.0374789 0.1419127 -0.1297387 0.9806243
1770030062.571898 0.1946171 -0.1903213 -0.0399688 -0.0142627 0.1106597 -0.0995636 0.9887559
1770030062.705225 0.2373224 -0.2062904 -0.0295934 -0.0353597 0.0913347 -0.0739584 0.9924403
1770030062.871879 0.2912359 -0.2272219 -0.0143154 -0.0529811 0.0724171 -0.0458690 0.9949095
1770030063.171898 0.3513436 -0.2723284 -0.0007934 -0.0569455 0.0547395 -0.0138913 0.9967787
1770030063.471894 0.4045539 -0.3333435 -0.0207386 -0.0410602 0.0438537 -0.0021006 0.9981917
1770030064.405247 0.5100006 -0.3502749 -0.0391639 0.0090021 0.0380281 0.0059778 0.9992183
1770030065.771891 0.5553581 -0.0247880 -0.0407989 0.0137450 0.0431475 0.0019115 0.9989724
1770030066.171893 0.5580488 0.0858805 -0.0290249 0.0092660 0.0433817 0.0013317 0.9990147
1770030066.471877 0.5433853 0.1650577 -0.0242966 0.0052852 0.0435245 -0.0012285 0.9990376
1770030066.771886 0.5186758 0.2425724 -0.0277304 0.0030020 0.0431210 -0.0033391 0.9990598
1770030067.071887 0.4912031 0.3033929 -0.0322091 0.0009547 0.0418865 -0.0060070 0.9991039
1770030067.371907 0.4577243 0.3396304 -0.0351995 -0.0012448 0.0400158 -0.0072991 0.9991716
1770030067.638582 0.4184949 0.3573253 -0.0334482 -0.0026136 0.0389881 -0.0087077 0.9991983
1770030068.005240 0.3721621 0.3503821 -0.0378817 -0.0015161 0.0358707 -0.0077561 0.9993252
1770030068.238548 0.3366359 0.3304857 -0.0432373 0.0003582 0.0334259 -0.0067314 0.9994185
1770030068.605222 0.2679466 0.2650352 -0.0421087 0.0031491 0.0316116 -0.0047884 0.9994838
1770030068.705208 0.2528969 0.2471684 -0.0430281 0.0055472 0.0309045 -0.0035176 0.9995008
1770030068.805214 0.2343809 0.2234771 -0.0465239 0.0072682 0.0305269 -0.0025415 0.9995043
1770030069.305177 0.1347767 0.1078904 -0.0504162 0.0359441 0.0250383 -0.0073347 0.9990132
1770030069.438509 0.1164753 0.0793868 -0.0644689 0.0482734 0.0188454 -0.0075958 0.9986275
1770030069.605193 0.0997621 0.0441302 -0.0654355 0.0647529 0.0113741 -0.0087690 0.9977980
1770030069.871845 0.0703532 -0.0413893 -0.0854912 0.0855812 -0.0192292 -0.0105601 0.9960896
1770030070.238530 -0.0263269 -0.1914796 -0.0596350 0.0991664 -0.0712495 -0.0097721 0.9924687
1770030070.305186 -0.0432065 -0.2181470 -0.0494231 0.0955730 -0.0738328 -0.0054086 0.9926658
1770030070.338530 -0.0494831 -0.2246456 -0.0487288 0.0946509 -0.0739771 -0.0020344 0.9927560
1770030070.405275 -0.0583845 -0.2309568 -0.0517133 0.0706970 -0.0700316 0.0018784 0.9950346
1770030070.505173 -0.0891096 -0.2472439 -0.0569013 0.0316002 -0.0581541 0.0016268 0.9978060
1770030070.638535 -0.1239305 -0.2653992 -0.0295384 0.0017561 -0.0457812 -0.0002325 0.9989499
1770030070.738515 -0.1482940 -0.2817380 -0.0177375 -0.0148132 -0.0386730 -0.0018717 0.9991404
1770030070.905187 -0.1885764 -0.3182785 -0.0020513 -0.0325386 -0.0289671 -0.0038903 0.9990430
1770030071.005193 -0.2099828 -0.3374848 0.0037718 -0.0362505 -0.0247439 -0.0064721 0.9990154
1770030073.538509 -0.4846782 -0.1190389 -0.0552584 0.0077841 0.0046150 -0.0062869 0.9999393
1770030073.805179 -0.4819954 -0.0293684 -0.0557969 0.0043325 0.0044186 -0.0055853 0.9999653
1770030074.571878 -0.5004781 0.2211756 -0.0654456 -0.0169889 0.0066471 -0.1837325 0.9828070
1770030074.971849 -0.4918611 0.3159003 -0.0714254 -0.0282051 0.0117356 -0.2787513 0.9598774
1770030075.305183 -0.4634475 0.3668184 -0.0795823 -0.0324561 0.0162466 -0.3261682 0.9446147
1770030075.671838 -0.4208782 0.3747279 -0.0904313 -0.0360546 0.0173062 -0.3457957 0.9374571
1770030076.038518 -0.3552473 0.3401031 -0.0877895 -0.0342145 0.0193447 -0.3286273 0.9436415
1770030076.338508 -0.2847070 0.2798700 -0.0687554 -0.0277321 0.0218116 -0.2773531 0.9601200
1770030077.105178 -0.0832343 0.0741228 -0.0586233 0.0280378 0.0418100 -0.1476898 0.9877518
1770030077.338514 -0.0373680 0.0123570 -0.0550355 0.0539502 0.0656479 -0.1443844 0.9858666
1770030077.538504 0.0025519 -0.0448234 -0.0556764 0.0663556 0.0969625 -0.1405379 0.9830790
1770030077.671856 0.0383964 -0.0900033 -0.0553751 0.0689682 0.1192858 -0.1366039 0.9809963
1770030077.805199 0.0781029 -0.1369845 -0.0550280 0.0664495 0.1372771 -0.1337743 0.9792058
1770030077.938519 0.1025043 -0.1714417 -0.0574590 0.0584279 0.1468478 -0.1341309 0.9782795
1770030078.071842 0.1609767 -0.1697052 -0.0448901 0.0106188 0.1294569 -0.1178154 0.9845038
1770030078.571836 0.3110071 -0.2368088 -0.0031974 -0.0570376 0.0656014 -0.0328054 0.9956741
1770030078.771844 0.3477854 -0.2741901 -0.0056483 -0.0570959 0.0545473 -0.0142451 0.9967757
1770030079.005184 0.3969001 -0.3204470 -0.0192605 -0.0451650 0.0451447 -0.0026223 0.9979555
1770030079.105185 0.4124385 -0.3367851 -0.0166432 -0.0367961 0.0435389 -0.0006977 0.9983736
1770030079.305171 0.4327488 -0.3531059 -0.0248937 -0.0189203 0.0419072 -0.0001843 0.9989424
1770030079.905224 0.5096102 -0.3608533 -0.0373336 0.0048174 0.0361894 0.0054383 0.9993185
1770030080.505168 0.5476069 -0.2662171 -0.0432097 0.0159623 0.0390835 0.0053655 0.9990941
1770030080.971857 0.5580642 -0.1371317 -0.0445484 0.0172704 0.0412047 0.0037924 0.9989943
1770030081.438517 0.5569902 -0.0073639 -0.0394236 0.0125112 0.0431428 0.0018700 0.9989889
1770030081.771841 0.5582736 0.0870157 -0.0264431 0.0088471 0.0435115 0.0006889 0.9990135
1770030082.005186 0.5470785 0.1492145 -0.0243660 0.0061928 0.0434814 -0.0005497 0.9990349
1770030082.271852 0.5258897 0.2208914 -0.0259415 0.0038825 0.0436166 -0.0025710 0.9990375
1770030082.438499 0.5131022 0.2571953 -0.0282927 0.0022555 0.0430546 -0.0042035 0.9990613
1770030082.571851 0.4982994 0.2845234 -0.0290041 0.0013214 0.0429673 -0.0054547 0.9990608
1770030082.905171 0.4604370 0.3349634 -0.0309461 -0.0007047 0.0409935 -0.0069590 0.9991350
1770030083.271847 0.4083352 0.3586290 -0.0320436 -0.0022421 0.0398269 -0.0089010 0.9991645
1770030083.538529 0.3765166 0.3549877 -0.0369819 -0.0011873 0.0368379 -0.0082673 0.9992864
1770030083.771835 0.3456289 0.3348129 -0.0427790 -0.0007487 0.0342823 -0.0068877 0.9993882
1770030084.038530 0.2983882 0.2978803 -0.0436706 0.0019680 0.0324953 -0.0052139 0.9994563
1770030084.205179 0.2690460 0.2646960 -0.0433102 0.0036325 0.0312781 -0.0044973 0.9994940
1770030084.338498 0.2462322 0.2390186 -0.0453578 0.0064786 0.0306221 -0.0025418 0.9995068
1770030084.471828 0.2214867 0.2049853 -0.0503031 0.0084457 0.0296296 -0.0018631 0.9995235
1770030084.671852 0.1863824 0.1549751 -0.0594772 0.0152503 0.0272862 -0.0024788 0.9995083
1770030085.038506 0.1164446 0.0787479 -0.0650382 0.0489813 0.0185487 -0.0073165 0.9986007
1770030085.338521 0.0845377 0.0024450 -0.0771473 0.0760121 -0.0018898 -0.0104356 0.9970505
1770030085.471828 0.0688955 -0.0444656 -0.0906573 0.0859726 -0.0199112 -0.0113424 0.9960340
1770030085.571822 0.0516786 -0.0883016 -0.0874952 0.0925001 -0.0362306 -0.0116112 0.9949856
1770030085.638504 0.0339514 -0.1071263 -0.0626623 0.0978314 -0.0468737 -0.0124635 0.9940204
1770030085.771826 -0.0080179 -0.1650030 -0.0554475 0.1006862 -0.0655997 -0.0120892 0.9926796
1770030085.871843 -0.0350118 -0.2109453 -0.0560734 0.0970818 -0.0735275 -0.0074004 0.9925292
1770030085.938507 -0.0444539 -0.2198603 -0.0550077 0.0941101 -0.0741122 -0.0017237 0.9927979
1770030085.971833 -0.0467014 -0.2255167 -0.0542902 0.0812389 -0.0723115 0.0012720 0.9940673
1770030086.738540 -0.2393595 -0.3744583 0.0047935 -0.0366475 -0.0189460 -0.0075635 0.9991201
1770030087.271821 -0.3355966 -0.4879997 -0.0339238 -0.0088561 -0.0028042 -0.0067920 0.9999338
1770030087.671837 -0.3973828 -0.4951611 -0.0543752 0.0029392 0.0036024 -0.0070934 0.9999641
1770030089.438489 -0.4827854 -0.0145500 -0.0532674 0.0042903 0.0042482 -0.0058897 0.9999644
1770030089.905152 -0.4913937 0.1406584 -0.0578853 -0.0079601 0.0063942 -0.0996999 0.9949652
1770030090.338491 -0.5010288 0.2655398 -0.0638372 -0.0225622 0.0096919 -0.2297960 0.9729290
1770030092.038492 -0.2569427 0.2507927 -0.0702333 -0.0234876 0.0226339 -0.2468947 0.9684932
1770030092.705188 -0.0804756 0.0718722 -0.0596585 0.0286086 0.0420775 -0.1474717 0.9877567
1770030092.905168 -0.0443803 0.0225313 -0.0565521 0.0515646 0.0622739 -0.1451409 0.9861020
1770030093.205153 0.0201089 -0.0690168 -0.0555662 0.0683819 0.1093442 -0.1383441 0.9819515
1770030093.505148 0.1058205 -0.1701495 -0.0547924 0.0607501 0.1458583 -0.1336917 0.9783462
1770030093.571817 0.1229833 -0.1745794 -0.0508537 0.0455331 0.1441018 -0.1328386 0.9795486
1770030093.805165 0.2086179 -0.1926655 -0.0318121 -0.0214385 0.1041046 -0.0903763 0.9902195
1770030093.905157 0.2396676 -0.2050779 -0.0261063 -0.0370751 0.0904773 -0.0723225 0.9925768
1770030094.071833 0.2872734 -0.2235357 -0.0085747 -0.0532722 0.0728282 -0.0453069 0.9948897
1770030094.838487 0.4244753 -0.3508093 -0.0235989 -0.0240325 0.0425415 -0.0002987 0.9988056
1770030095.371825 0.4916440 -0.3710131 -0.0371796 0.0017264 0.0374904 0.0045931 0.9992849
1770030095.971823 0.5349450 -0.2900978 -0.0416764 0.0154592 0.0394339 0.0052104 0.9990890
1770030096.371828 0.5546916 -0.1964118 -0.0438025 0.0168829 0.0406434 0.0049346 0.9990189
1770030096.838494 0.5561355 -0.0610470 -0.0424814 0.0149674 0.0427869 0.0025442 0.9989689
1770030097.671823 0.5424606 0.1675979 -0.0253436 0.0050561 0.0434193 -0.0012201 0.9990434
1770030098.371812 0.4769952 0.3208553 -0.0313523 0.0002272 0.0413316 -0.0067485 0.9991227
1770030098.971763 0.3966544 0.3584100 -0.0342824 -0.0021440 0.0385466 -0.0087212 0.9992165
1770030100.438440 0.1436210 0.1183723 -0.0485661 0.0306731 0.0263459 -0.0064687 0.9991612
1770030101.005100 0.0766511 -0.0219564 -0.0843714 0.0814095 -0.0111978 -0.0104818 0.9965627
1770030101.138433 0.0569437 -0.0784410 -0.0952471 0.0904894 -0.0311628 -0.0117466 0.9953405
1770030101.305096 0.0136170 -0.1405028 -0.0683384 0.0993444 -0.0575811 -0.0114650 0.9933195
1770030101.371757 -0.0063748 -0.1673295 -0.0598420 0.1000527 -0.0657049 -0.0111480 0.9927477
1770030101.438426 -0.0286010 -0.1939750 -0.0496468 0.0987677 -0.0707521 -0.0093391 0.9925482
1770030101.605100 -0.0582499 -0.2148514 -0.0574860 0.0678438 -0.0660515 0.0008397 0.9955068
1770030102.705114 -0.2767939 -0.4176771 -0.0208947 -0.0223490 -0.0082837 -0.0083480 0.9996811
1770030103.305094 -0.3281588 -0.4141280 -0.0350403 -0.0013829 0.0017223 -0.0073267 0.9999707
1770030104.705101 -0.3066279 -0.1451106 -0.0534370 0.0052455 0.0066897 -0.0049550 0.9999516
1770030105.338441 -0.2543614 -0.0437441 -0.0565425 0.0012778 0.0080874 -0.0035475 0.9999602
1770030109.705137 -0.0671878 -0.0140726 -0.0509114 -0.0005543 0.0058073 0.0005191 0.9999828
