1770028801.799572 0.0000000 0.0000000 0.0000000 -0.0000000 -0.0000000 -0.0000000 1.0000000
1770028802.199581 0.0022092 -0.0042611 -0.0080243 -0.0001498 -0.0002014 0.0011750 0.9999993
1770028806.366245 0.0372512 -0.0164215 -0.0007615 0.0010487 -0.0019823 0.0009636 0.9999970
1770028807.232908 0.1020545 -0.0009138 0.0033453 0.0033038 0.0044188 0.0015393 0.9999836
1770028807.799583 0.1500808 0.0576513 0.0028549 0.0050997 0.0129293 0.0007292 0.9999031
1770028808.166256 0.1697723 0.1053499 0.0072545 0.0036361 0.0202412 -0.0010674 0.9997879
1770028808.399580 0.1736129 0.1335502 0.0080635 0.0023405 0.0246940 -0.0006983 0.9996921
1770028809.966270 0.1497533 0.0202655 -0.0009532 0.0131503 0.0110664 0.0017119 0.9998509
1770028810.999584 -0.0648589 -0.2307044 0.0167257 -0.0422291 0.0071743 -0.0016500 0.9990808
1770028811.132913 -0.0910094 -0.2496542 0.0251881 -0.0426394 0.0063089 -0.0018104 0.9990690
1770028811.299577 -0.1227081 -0.2747657 0.0196246 -0.0368687 0.0057339 -0.0008609 0.9993033
1770028811.432940 -0.1463275 -0.2887017 0.0201928 -0.0279969 0.0055713 -0.0006739 0.9995922
1770028811.632920 -0.1771123 -0.2889681 0.0121136 -0.0209453 0.0066852 -0.0000050 0.9997583
1770028811.766257 -0.1950009 -0.2799089 0.0073391 -0.0138680 0.0055313 0.0003083 0.9998885
1770028813.032915 -0.2392906 0.0718037 -0.0156657 -0.0038230 0.0002621 -0.0008222 0.9999923
1770028813.366252 -0.2144057 0.1502724 -0.0171705 -0.0073516 0.0015584 -0.0118343 0.9999018
1770028813.499648 -0.2120349 0.1728930 -0.0190027 -0.0104267 0.0031347 -0.0448472 0.9989346
1770028813.866245 -0.1717617 0.2021174 -0.0217049 -0.0131809 0.0066536 -0.0810427 0.9966013
1770028814.532907 -0.0248582 0.1199951 -0.0217691 0.0038659 0.0165914 -0.0358398 0.9992124
1770028814.699584 0.0094740 0.0870931 -0.0169683 0.0184955 0.0260040 -0.0342112 0.9989051
1770028815.266358 0.1401179 -0.0815901 0.0014107 0.0479188 0.0819589 -0.0253839 0.9951594
1770028815.299648 0.1495037 -0.0921051 0.0029122 0.0472401 0.0829895 -0.0250463 0.9951150
1770028815.432942 0.1825375 -0.1310461 0.0047513 0.0440689 0.0807925 -0.0253808 0.9954327
1770028816.032915 0.3499533 -0.2026613 0.0365802 -0.0386208 0.0376588 0.0089302 0.9985042
1770028816.299576 0.3931674 -0.2091465 0.0432484 -0.0265242 0.0327143 0.0124891 0.9990347
1770028816.466249 0.4101246 -0.2080488 0.0448613 -0.0158187 0.0315387 0.0098484 0.9993289
1770028816.666252 0.4268895 -0.1947481 0.0452868 -0.0098701 0.0292578 0.0094101 0.9994789
1770028816.899590 0.4455606 -0.1691842 0.0452434 -0.0020180 0.0302967 0.0084025 0.9995036
1770028817.132908 0.4582468 -0.1259344 0.0454563 0.0020877 0.0310142 0.0070139 0.9994922
1770028817.332925 0.4624844 -0.0784504 0.0407121 0.0029968 0.0313224 0.0058341 0.9994878
1770028817.566242 0.4618089 -0.0114883 0.0412916 0.0035794 0.0318819 0.0038514 0.9994778
1770028817.866260 0.4415748 0.0918076 0.0382364 0.0042991 0.0341256 0.0000473 0.9994083
1770028818.066265 0.4263071 0.1425095 0.0382762 0.0030364 0.0342724 -0.0017123 0.9994065
1770028818.232917 0.4121205 0.1737492 0.0357613 0.0012026 0.0340232 -0.0028902 0.9994162
1770028818.432963 0.3894343 0.2039689 0.0343284 -0.0002777 0.0327472 -0.0042794 0.9994544
1770028818.666248 0.3600402 0.2237043 0.0315377 -0.0006481 0.0308235 -0.0048154 0.9995130
1770028818.899574 0.3268799 0.2238898 0.0260176 0.0002214 0.0283555 -0.0050555 0.9995851
1770028819.199585 0.2784807 0.1944119 0.0133889 0.0035559 0.0238385 -0.0041720 0.9997008
1770028819.399617 0.2453669 0.1639565 0.0018765 0.0081884 0.0207721 -0.0027100 0.9997470
1770028819.966290 0.1544060 0.0300293 -0.0131237 0.0525525 -0.0122212 -0.0035926 0.9985369
1770028822.666275 -0.2492304 -0.0057543 -0.0103681 0.0003691 -0.0019548 -0.0007092 0.9999978
1770028823.632935 -0.1898386 0.1988720 -0.0208303 -0.0124508 0.0047522 -0.0787526 0.9968051
1770028824.399615 -0.0308615 0.1279546 -0.0178642 0.0024253 0.0152180 -0.0364317 0.9992173
1770028824.532926 -0.0029841 0.0992815 -0.0167883 0.0120293 0.0220013 -0.0345506 0.9990883
1770028825.366259 0.1874273 -0.1350028 0.0040559 0.0396692 0.0779736 -0.0240102 0.9958765
1770028829.766348 0.1675715 0.0618563 -0.0048859 0.0458860 -0.0008436 -0.0050450 0.9989336
1770028829.999652 0.1271484 -0.0195974 -0.0176468 0.0606357 -0.0284485 -0.0057933 0.9977376
1770028831.599649 -0.1937147 -0.2641602 0.0075727 -0.0054362 -0.0048167 0.0016914 0.9999722
1770028833.732984 -0.1573167 0.2030720 -0.0180649 -0.0112216 0.0072807 -0.0776152 0.9968936
1770028834.466314 0.0021270 0.0928584 -0.0181691 0.0157562 0.0243188 -0.0350836 0.9989643
1770028835.066310 0.1424885 -0.0852121 0.0029594 0.0475606 0.0820650 -0.0251447 0.9951739
1770028835.366328 0.2175034 -0.1424899 0.0091211 0.0088392 0.0667561 -0.0176832 0.9975734
1770028835.732968 0.3212385 -0.1819072 0.0410371 -0.0348572 0.0426007 0.0057096 0.9984676
1770028839.766304 0.1521160 0.0274472 -0.0152090 0.0529368 -0.0126683 -0.0044983 0.9985074
1770028839.899644 0.1232159 -0.0176219 -0.0144671 0.0614219 -0.0281539 -0.0061404 0.9976959
1770028840.099638 0.0795709 -0.0983055 -0.0255593 0.0653279 -0.0489936 -0.0053125 0.9966462
1770028840.132975 0.0721860 -0.1069275 -0.0191820 0.0656860 -0.0510360 -0.0048975 0.9965223
1770028843.166279 -0.2098465 0.1700510 -0.0200424 -0.0088942 0.0018294 -0.0397480 0.9991685
1770028843.632960 -0.1569966 0.2013167 -0.0193677 -0.0113628 0.0074676 -0.0772751 0.9969171
1770028844.332975 -0.0018225 0.0994963 -0.0159195 0.0128581 0.0224024 -0.0351218 0.9990492
1770028844.532972 0.0392276 0.0497300 -0.0155024 0.0328020 0.0366288 -0.0328383 0.9982505
1770028845.166311 0.1916902 -0.1307149 0.0064184 0.0387455 0.0770187 -0.0240930 0.9959852
1770028846.899629 0.4623471 -0.1084873 0.0429881 0.0027794 0.0306059 0.0073606 0.9995006
1770028848.299614 0.3663298 0.2238405 0.0353978 0.0000555 0.0316021 -0.0047717 0.9994892
1770028848.666298 0.3159300 0.2209973 0.0218965 0.0012020 0.0272182 -0.0052661 0.9996150
1770028848.999612 0.2622696 0.1792990 0.0052784 0.0060060 0.0222146 -0.0029358 0.9997309
1770028849.399611 0.1912380 0.1050919 -0.0021695 0.0295681 0.0096280 -0.0039058 0.9995088
1770028849.632946 0.1565391 0.0380591 -0.0108650 0.0510243 -0.0088772 -0.0047505 0.9986467
1770028849.832944 0.1186092 -0.0349714 -0.0287239 0.0624900 -0.0327649 -0.0061256 0.9974888
1770028850.032978 0.0735258 -0.1076812 -0.0199306 0.0655370 -0.0508718 -0.0047411 0.9965413
1770028850.199616 0.0381234 -0.1681589 -0.0215386 0.0596332 -0.0470164 0.0006523 0.9971123
1770028850.999644 -0.1088566 -0.2530808 0.0070902 -0.0125532 -0.0133209 0.0007774 0.9998322
1770028851.432988 -0.1448277 -0.2258196 0.0058965 -0.0040968 -0.0062310 0.0008531 0.9999719
1770028851.766304 -0.1476812 -0.1709933 0.0037196 -0.0015945 -0.0044654 0.0023598 0.9999860
1770028852.166310 -0.1349502 -0.0906761 0.0003063 -0.0009988 -0.0020725 0.0017577 0.9999958
1770028852.566310 -0.1082184 -0.0248826 -0.0019851 -0.0010345 -0.0006693 0.0000728 0.9999992
1770028852.999643 -0.0711697 0.0091486 -0.0027356 -0.0012662 0.0011921 0.0013865 0.9999976
1770028854.066313 -0.0131364 0.0005291 -0.0185538 0.0002252 0.0016386 0.0010376 0.9999981
