1770028801799572224.000000 0.000000000 0.000000000 0.000000000 -0.000000000 -0.000000000 -0.000000000 1.000000000
1770028802199580672.000000 0.002209184 -0.004261123 -0.008024269 -0.000149840 -0.000201361 0.001174968 0.999999285
1770028806366244608.000000 0.037251245 -0.016421536 -0.000761450 0.001048699 -0.001982329 0.000963603 0.999997020
1770028807232908288.000000 0.102054477 -0.000913781 0.003345305 0.003303776 0.004418828 0.001539295 0.999983609
1770028807799582720.000000 0.150080770 0.057651315 0.002854906 0.005099709 0.012929256 0.000729206 0.999903142
1770028808166256128.000000 0.169772252 0.105349921 0.007254466 0.003636064 0.020241160 -0.001067415 0.999787927
1770028808399580416.000000 0.173612893 0.133550152 0.008063535 0.002340535 0.024694027 -0.000698294 0.999692082
1770028809966269696.000000 0.149753287 0.020265503 -0.000953238 0.013150329 0.011066376 0.001711890 0.999850869
1770028810999584512.000000 -0.064858921 -0.230704412 0.016725702 -0.042229090 0.007174282 -0.001649984 0.999080837
1770028811132912640.000000 -0.091009431 -0.249654233 0.025188087 -0.042639386 0.006308874 -0.001810431 0.999068975
1770028811299576832.000000 -0.122708105 -0.274765730 0.019624576 -0.036868680 0.005733945 -0.000860869 0.999303281
1770028811432940288.000000 -0.146327510 -0.288701743 0.020192845 -0.027996929 0.005571338 -0.000673945 0.999592245
1770028811632920320.000000 -0.177112252 -0.288968146 0.012113576 -0.020945298 0.006685158 -0.000004988 0.999758303
1770028811766256640.000000 -0.195000902 -0.279908925 0.007339113 -0.013868007 0.005531254 0.000308323 0.999888539
1770028813032914944.000000 -0.239290565 0.071803741 -0.015665654 -0.003822970 0.000262069 -0.000822231 0.999992311
1770028813366252288.000000 -0.214405745 0.150272354 -0.017170468 -0.007351610 0.001558381 -0.011834336 0.999901772
1770028813499647744.000000 -0.212034896 0.172893003 -0.019002678 -0.010426671 0.003134743 -0.044847164 0.998934567
1770028813866244608.000000 -0.171761736 0.202117354 -0.021704948 -0.013180861 0.006653600 -0.081042729 0.996601284
1770028814532907520.000000 -0.024858218 0.119995125 -0.021769052 0.003865864 0.016591409 -0.035839848 0.999212384
1770028814699583744.000000 0.009473962 0.087093055 -0.016968250 0.018495517 0.026003968 -0.034211233 0.998905063
1770028815266357760.000000 0.140117899 -0.081590146 0.001410664 0.047918808 0.081958868 -0.025383875 0.995159388
1770028815299647744.000000 0.149503723 -0.092105106 0.002912198 0.047240138 0.082989544 -0.025046345 0.995114982
1770028815432942080.000000 0.182537541 -0.131046057 0.004751327 0.044068858 0.080792479 -0.025380751 0.995432734
1770028816032914944.000000 0.349953264 -0.202661321 0.036580205 -0.038620755 0.037658807 0.008930178 0.998504162
1770028816299576320.000000 0.393167406 -0.209146455 0.043248422 -0.026524212 0.032714348 0.012489091 0.999034703
1770028816466249216.000000 0.410124570 -0.208048820 0.044861294 -0.015818661 0.031538650 0.009848407 0.999328852
1770028816666251776.000000 0.426889479 -0.194748074 0.045286831 -0.009870145 0.029257810 0.009410081 0.999478877
1770028816899589888.000000 0.445560634 -0.169184223 0.045243412 -0.002018012 0.030296685 0.008402506 0.999503613
1770028817132907520.000000 0.458246827 -0.125934407 0.045456342 0.002087716 0.031014241 0.007013943 0.999492168
1770028817332924672.000000 0.462484419 -0.078450374 0.040712070 0.002996809 0.031322416 0.005834057 0.999487817
1770028817566241536.000000 0.461808950 -0.011488311 0.041291576 0.003579355 0.031881940 0.003851431 0.999477804
1770028817866260224.000000 0.441574842 0.091807641 0.038236428 0.004299102 0.034125637 0.000047326 0.999408305
1770028818066265088.000000 0.426307082 0.142509505 0.038276244 0.003036418 0.034272440 -0.001712301 0.999406457
1770028818232916480.000000 0.412120491 0.173749238 0.035761323 0.001202606 0.034023158 -0.002890208 0.999416173
1770028818432963328.000000 0.389434308 0.203968912 0.034328401 -0.000277690 0.032747194 -0.004279369 0.999454439
1770028818666247680.000000 0.360040158 0.223704308 0.031537734 -0.000648107 0.030823542 -0.004815379 0.999513030
1770028818899573504.000000 0.326879948 0.223889768 0.026017642 0.000221389 0.028355518 -0.005055519 0.999585092
1770028819199585024.000000 0.278480709 0.194411889 0.013388922 0.003555857 0.023838475 -0.004171981 0.999700785
1770028819399617024.000000 0.245366931 0.163956538 0.001876524 0.008188400 0.020772055 -0.002710016 0.999747038
1770028819966289408.000000 0.154405951 0.030029319 -0.013123744 0.052552462 -0.012221185 -0.003592635 0.998536944
1770028822666275072.000000 -0.249230430 -0.005754310 -0.010368068 0.000369109 -0.001954777 -0.000709198 0.999997795
1770028823632934912.000000 -0.189838588 0.198871970 -0.020830313 -0.012450831 0.004752226 -0.078752562 0.996805131
1770028824399614720.000000 -0.030861471 0.127954572 -0.017864211 0.002425262 0.015217997 -0.036431670 0.999217331
1770028824532926208.000000 -0.002984066 0.099281467 -0.016788321 0.012029318 0.022001287 -0.034550596 0.999088347
1770028825366259200.000000 0.187427297 -0.135002837 0.004055914 0.039669160 0.077973649 -0.024010194 0.995876491
1770028829766348288.000000 0.167571515 0.061856259 -0.004885887 0.045885999 -0.000843640 -0.005044960 0.998933613
1770028829999651584.000000 0.127148420 -0.019597437 -0.017646834 0.060635705 -0.028448520 -0.005793267 0.997737646
1770028831599648768.000000 -0.193714738 -0.264160156 0.007572684 -0.005436210 -0.004816700 0.001691443 0.999972224
1770028833732984064.000000 -0.157316744 0.203071982 -0.018064907 -0.011221599 0.007280661 -0.077615239 0.996893644
1770028834466313728.000000 0.002127042 0.092858411 -0.018169144 0.015756160 0.024318820 -0.035083607 0.998964250
1770028835066309632.000000 0.142488524 -0.085212082 0.002959407 0.047560636 0.082064964 -0.025144681 0.995173872
1770028835366327808.000000 0.217503414 -0.142489880 0.009121085 0.008839207 0.066756070 -0.017683204 0.997573435
1770028835732968192.000000 0.321238518 -0.181907207 0.041037079 -0.034857158 0.042600702 0.005709622 0.998467624
1770028839766304512.000000 0.152115971 0.027447235 -0.015209030 0.052936800 -0.012668333 -0.004498316 0.998507380
1770028839899643904.000000 0.123215877 -0.017621854 -0.014467133 0.061421864 -0.028153865 -0.006140430 0.997695863
1770028840099638272.000000 0.079570934 -0.098305479 -0.025559323 0.065327905 -0.048993614 -0.005312483 0.996646225
1770028840132975104.000000 0.072186001 -0.106927469 -0.019182006 0.065685995 -0.051035956 -0.004897453 0.996522307
1770028843166278656.000000 -0.209846467 0.170050979 -0.020042369 -0.008894214 0.001829373 -0.039747968 0.999168456
1770028843632960000.000000 -0.156996638 0.201316684 -0.019367702 -0.011362846 0.007467634 -0.077275090 0.996917129
1770028844332975360.000000 -0.001822472 0.099496275 -0.015919501 0.012858139 0.022402389 -0.035121791 0.999049187
1770028844532972288.000000 0.039227597 0.049729969 -0.015502420 0.032802004 0.036628760 -0.032838330 0.998250484
1770028845166311168.000000 0.191690162 -0.130714923 0.006418375 0.038745508 0.077018671 -0.024092993 0.995985210
1770028846899628544.000000 0.462347090 -0.108487263 0.042988148 0.002779410 0.030605944 0.007360623 0.999500573
1770028848299614464.000000 0.366329759 0.223840460 0.035397831 0.000055512 0.031602122 -0.004771699 0.999489188
1770028848666297856.000000 0.315930009 0.220997274 0.021896461 0.001202012 0.027218170 -0.005266056 0.999614954
1770028848999612160.000000 0.262269557 0.179299012 0.005278444 0.006005952 0.022214595 -0.002935802 0.999730885
1770028849399611136.000000 0.191237986 0.105091877 -0.002169465 0.029568097 0.009628039 -0.003905781 0.999508798
1770028849632946432.000000 0.156539142 0.038059093 -0.010865046 0.051024307 -0.008877158 -0.004750499 0.998646677
1770028849832944384.000000 0.118609212 -0.034971420 -0.028723875 0.062489983 -0.032764886 -0.006125640 0.997488797
1770028850032978176.000000 0.073525786 -0.107681222 -0.019930603 0.065537021 -0.050871845 -0.004741060 0.996541262
1770028850199615744.000000 0.038123406 -0.168158859 -0.021538634 0.059633158 -0.047016423 0.000652326 0.997112274
1770028850999644160.000000 -0.108856581 -0.253080815 0.007090219 -0.012553168 -0.013320909 0.000777351 0.999832213
1770028851432988416.000000 -0.144827724 -0.225819632 0.005896533 -0.004096843 -0.006231017 0.000853081 0.999971867
1770028851766304256.000000 -0.147681192 -0.170993283 0.003719633 -0.001594527 -0.004465437 0.002359807 0.999985993
1770028852166310400.000000 -0.134950176 -0.090676107 0.000306261 -0.000998827 -0.002072492 0.001757722 0.999995828
1770028852566309632.000000 -0.108218379 -0.024882607 -0.001985077 -0.001034468 -0.000669321 0.000072767 0.999999225
1770028852999642880.000000 -0.071169659 0.009148632 -0.002735597 -0.001266217 0.001192070 0.001386498 0.999997556
1770028854066313216.000000 -0.013136399 0.000529127 -0.018553842 0.000225197 0.001638566 0.001037645 0.999998093
