1769788738.836610 0.0000000 0.0000000 0.0000000 -0.0000000 -0.0000000 -0.0000000 1.0000000
1769788739.203312 0.0064782 0.0180343 -0.0029132 0.0054687 0.0002603 0.0067090 0.9999625
1769788747.936623 0.0237052 0.0030728 0.0907768 0.0038893 0.0025723 -0.0032303 0.9999839
1769788751.436639 0.0151134 -0.1528091 0.0590880 -0.0134392 0.0131571 0.0011142 0.9998225
1769788751.503299 0.0032472 -0.1598305 0.0627052 -0.0255344 0.0122759 0.0015820 0.9995973
1769788751.603305 -0.0189855 -0.1800506 0.0631012 -0.0370546 0.0113753 0.0010340 0.9992480
1769788751.736642 -0.0506305 -0.2043011 0.0666653 -0.0460894 0.0111020 0.0006110 0.9988754
1769788751.869979 -0.0839434 -0.2281526 0.0690492 -0.0472482 0.0120944 0.0002878 0.9988099
1769788752.036633 -0.1149430 -0.2572732 0.0638233 -0.0396812 0.0119248 0.0005840 0.9991411
1769788752.670006 -0.2066516 -0.1914159 0.0516099 -0.0088979 0.0137607 0.0013900 0.9998648
1769788752.769976 -0.2154692 -0.1653575 0.0451498 -0.0069519 0.0134935 0.0007869 0.9998845
1769788753.036643 -0.2303038 -0.0696227 0.0439728 -0.0021097 0.0123646 -0.0003898 0.9999213
1769788753.136649 -0.2327847 -0.0327837 0.0432970 -0.0011906 0.0122138 -0.0010654 0.9999241
1769788753.269978 -0.2319835 0.0149645 0.0395868 -0.0005332 0.0118389 -0.0014902 0.9999287
1769788753.403317 -0.2280324 0.0614683 0.0400697 -0.0001061 0.0114425 -0.0024564 0.9999315
1769788753.536640 -0.2202579 0.1015808 0.0399789 -0.0003174 0.0115113 -0.0030627 0.9999290
1769788753.703314 -0.2055257 0.1433294 0.0414354 -0.0005576 0.0120176 -0.0079558 0.9998960
1769788753.869972 -0.1990581 0.1766189 0.0439093 -0.0012584 0.0122358 -0.0567191 0.9983144
1769788754.003298 -0.1858036 0.1845983 0.0369902 -0.0021881 0.0125949 -0.0772708 0.9969282
1769788754.169979 -0.1597186 0.1884593 0.0310399 -0.0019353 0.0140023 -0.0801875 0.9966796
1769788754.303318 -0.1244487 0.1807750 0.0379610 -0.0006438 0.0141231 -0.0644274 0.9978223
1769788754.436673 -0.0899611 0.1684935 0.0456531 0.0023232 0.0159263 -0.0519213 0.9985215
1769788754.569964 -0.0559725 0.1467175 0.0391253 0.0052101 0.0169752 -0.0416511 0.9989744
1769788754.969965 0.0336150 0.0407056 0.0612857 0.0360859 0.0414285 -0.0355288 0.9978573
1769788755.269975 0.0826651 -0.0367510 0.1177551 0.0463836 0.0816531 -0.0301740 0.9951236
1769788755.436645 0.1209123 -0.0752646 0.1422816 0.0444952 0.0827658 -0.0277188 0.9951893
1769788755.503298 0.1422304 -0.1068227 0.1388091 0.0257081 0.0727925 -0.0204600 0.9968058
1769788755.969976 0.2758559 -0.0713200 0.1747072 -0.0229353 0.0321175 0.0108050 0.9991625
1769788757.169971 0.3320383 0.0305542 0.1905459 0.0118943 0.0310877 0.0079560 0.9994142
1769788757.569973 0.3224595 0.1227709 0.1908365 0.0108179 0.0312958 0.0072602 0.9994252
1769788757.836644 0.2978356 0.1587465 0.1866789 0.0055337 0.0304763 0.0003014 0.9995201
1769788758.103307 0.2674769 0.1848946 0.1729890 0.0054277 0.0286470 -0.0020456 0.9995728
1769788758.403325 0.2357730 0.1647236 0.1289907 0.0043370 0.0230570 -0.0013726 0.9997239
1769788759.203310 0.1063640 0.0393907 0.0820085 0.0520745 -0.0029708 -0.0058522 0.9986216
1769788759.336671 0.0742011 -0.0073552 0.0940443 0.0616799 -0.0196106 -0.0073265 0.9978764
1769788759.503332 0.0386753 -0.0744063 0.0918501 0.0649087 -0.0379992 -0.0060428 0.9971492
1769788761.703305 -0.2240404 0.0798071 0.0304691 0.0013887 0.0096907 -0.0027372 0.9999483
1769788761.869986 -0.2109649 0.1268245 0.0305272 0.0011391 0.0100708 -0.0032449 0.9999434
1769788761.969979 -0.2025931 0.1487124 0.0315559 0.0005991 0.0106680 -0.0152637 0.9998264
1769788762.169967 -0.2031374 0.1505602 0.0285412 -0.0042376 0.0122327 -0.0673595 0.9976448
1769788762.403317 -0.1976218 0.1537155 0.0289853 -0.0052123 0.0162451 -0.0816225 0.9965173
1769788762.536654 -0.1602738 0.1468583 0.0300569 -0.0038962 0.0166811 -0.0654176 0.9977109
1769788762.703314 -0.1085174 0.1314425 0.0314147 -0.0007418 0.0171132 -0.0490691 0.9986485
1769788762.803319 -0.0853382 0.1165534 0.0353997 0.0013601 0.0184637 -0.0415097 0.9989666
1769788762.936645 -0.0467453 0.0909952 0.0437970 0.0073864 0.0210055 -0.0372422 0.9990582
1769788763.003386 -0.0289175 0.0740212 0.0360519 0.0122667 0.0245462 -0.0358314 0.9989811
1769788763.103307 -0.0060030 0.0480823 0.0359164 0.0227976 0.0315222 -0.0357264 0.9986041
1769788763.369984 0.0528987 -0.0017882 0.0919913 0.0437854 0.0635670 -0.0318562 0.9965075
1769788763.636646 0.1137140 -0.0622633 0.1141243 0.0465018 0.0835125 -0.0261034 0.9950789
1769788766.703313 0.2149175 0.1646290 0.1311685 0.0040504 0.0237265 -0.0021742 0.9997079
1769788767.436652 0.1089482 0.0445344 0.0796890 0.0512612 -0.0019035 -0.0056068 0.9986677
1769788767.536656 0.0827375 0.0084199 0.0855619 0.0583512 -0.0131452 -0.0060824 0.9981911
1769788767.670005 0.0522888 -0.0384258 0.0990720 0.0652860 -0.0301065 -0.0075973 0.9973834
1769788767.836666 0.0170913 -0.1013496 0.0934568 0.0625163 -0.0401472 -0.0039014 0.9972285
1769788767.936642 0.0140215 -0.1130765 0.0983512 0.0596035 -0.0358409 0.0010897 0.9975780
1769788768.003313 -0.0135106 -0.1325156 0.0861999 0.0374164 -0.0284801 -0.0003014 0.9988938
1769788768.069981 -0.0237048 -0.1400533 0.1083646 0.0147581 -0.0252811 0.0025158 0.9995683
1769788768.136662 -0.0366380 -0.1582130 0.0959062 -0.0007574 -0.0213875 0.0017491 0.9997694
1769788769.169978 -0.2066719 -0.1779445 0.0619864 -0.0033261 0.0083379 0.0009583 0.9999593
1769788769.469984 -0.2104622 -0.1724882 0.0571276 -0.0092472 0.0073067 0.0024011 0.9999277
1769788769.703308 -0.2151743 -0.1706007 0.0455182 -0.0175604 0.0074156 0.0031186 0.9998134
1769788769.936648 -0.2384695 0.0341329 0.0512145 -0.0031174 0.0107888 -0.0014384 0.9999359
1769788770.069979 -0.2296143 0.0756658 0.0472555 -0.0029512 0.0115915 -0.0020247 0.9999264
1769788770.236660 -0.2168286 0.1177830 0.0685624 -0.0038142 0.0119380 -0.0215400 0.9996895
1769788770.369981 -0.2106095 0.1394555 0.0736578 -0.0048993 0.0122469 -0.0579256 0.9982338
1769788770.536644 -0.1916565 0.1532582 0.0531457 -0.0058383 0.0127878 -0.0810265 0.9966128
1769788770.703323 -0.1563299 0.1543049 0.0479231 -0.0044587 0.0133656 -0.0757604 0.9970265
1769788770.836657 -0.1234947 0.1441898 0.0535126 -0.0029445 0.0150290 -0.0599228 0.9980856
1769788771.103344 -0.0542151 0.0949644 0.0302591 0.0010271 0.0178485 -0.0381931 0.9991105
1769788771.236659 -0.0275831 0.0788586 0.0606508 0.0120791 0.0244129 -0.0399701 0.9988296
1769788771.336653 -0.0015895 0.0584369 0.0716569 0.0222101 0.0303420 -0.0379901 0.9985704
1769788771.403325 0.0122445 0.0406993 0.0664771 0.0296815 0.0353369 -0.0362615 0.9982762
1769788771.469989 0.0301963 0.0222668 0.0651952 0.0349597 0.0416655 -0.0349213 0.9979089
1769788771.536653 0.0512339 -0.0019641 0.0684898 0.0379262 0.0487257 -0.0319034 0.9975819
1769788771.569991 0.0529224 -0.0044385 0.0778200 0.0405667 0.0555602 -0.0317345 0.9971260
1769788771.669996 0.0610729 -0.0103114 0.1162137 0.0468303 0.0720141 -0.0323106 0.9957796
1769788771.769988 0.0960410 -0.0500678 0.1163949 0.0456798 0.0798665 -0.0254834 0.9954323
1769788771.936668 0.1252380 -0.0769355 0.1288435 0.0446891 0.0813093 -0.0265744 0.9953318
1769788772.036660 0.1400174 -0.0924895 0.1446003 0.0141070 0.0698640 -0.0205365 0.9972454
1769788772.103324 0.1626087 -0.0794992 0.1424195 -0.0008632 0.0602204 -0.0152995 0.9980675
1769788772.303330 0.2397968 -0.0869075 0.1482458 -0.0219979 0.0395408 0.0042917 0.9989666
1769788775.703324 0.0893312 0.0369483 0.1146868 0.0531630 -0.0015974 -0.0058595 0.9985674
1769788775.803324 0.0731716 -0.0007555 0.1056661 0.0594918 -0.0150018 -0.0061840 0.9980969
1769788775.870014 0.0587726 -0.0236257 0.1064932 0.0631757 -0.0234599 -0.0072323 0.9977005
1769788776.003333 0.0342828 -0.0759593 0.1019807 0.0637799 -0.0372435 -0.0020466 0.9972667
1769788776.070008 0.0151350 -0.0912856 0.1173189 0.0643768 -0.0395464 -0.0040264 0.9971337
1769788776.103328 0.0073591 -0.1027639 0.1193053 0.0627060 -0.0394123 -0.0024846 0.9972504
1769788776.170020 0.0037652 -0.0969615 0.1576626 0.0650312 -0.0369615 -0.0050547 0.9971857
1769788777.736650 -0.2266866 -0.0735473 0.0664036 0.0015612 0.0089896 -0.0004347 0.9999583
1769788778.036653 -0.2438581 -0.0161375 0.0510932 -0.0032129 0.0108771 -0.0008550 0.9999353
1769788778.169993 -0.2433587 0.0024936 0.0536301 -0.0060341 0.0110391 -0.0007138 0.9999207
1769788778.269993 -0.2369437 0.0383622 0.0611566 -0.0051965 0.0115945 -0.0015334 0.9999181
1769788778.303322 -0.2350238 0.0477970 0.0608341 -0.0055604 0.0117678 -0.0010863 0.9999147
1769788778.369985 -0.2273921 0.0674706 0.0610387 -0.0057056 0.0115947 -0.0002137 0.9999165
1769788778.436653 -0.2240608 0.0819009 0.0796442 -0.0060312 0.0128912 -0.0060873 0.9998802
1769788778.569988 -0.2178751 0.1129116 0.0948856 -0.0070635 0.0125258 -0.0459918 0.9988383
1769788778.636655 -0.2137104 0.1222196 0.1057755 -0.0074164 0.0126740 -0.0606008 0.9980541
1769788778.703327 -0.2091098 0.1261244 0.1204644 -0.0082102 0.0131134 -0.0731743 0.9971992
1769788778.736658 -0.2055529 0.1278038 0.1216504 -0.0085714 0.0132900 -0.0775905 0.9968599
1769788778.803326 -0.1959588 0.1338968 0.1171074 -0.0081620 0.0133468 -0.0824540 0.9964721
1769788778.903328 -0.1749805 0.1346313 0.1041920 -0.0079832 0.0138516 -0.0799030 0.9966744
1769788778.969997 -0.1601339 0.1300106 0.0871052 -0.0074281 0.0144774 -0.0720599 0.9972676
1769788779.036654 -0.1452875 0.1235367 0.0599725 -0.0069866 0.0154354 -0.0637781 0.9978203
1769788779.136666 -0.1244573 0.1059798 0.0253298 -0.0062250 0.0176323 -0.0539043 0.9983710
1769788779.236655 -0.0920306 0.0988072 0.0309692 -0.0029602 0.0173553 -0.0456021 0.9988046
1769788779.336660 -0.0878737 0.0947462 0.0163656 0.0012383 0.0216138 -0.0408375 0.9989312
1769788779.503329 -0.0333666 0.0630937 0.0490403 0.0119512 0.0264601 -0.0382930 0.9988447
1769788779.636654 -0.0006244 0.0360110 0.0573872 0.0267666 0.0343490 -0.0357203 0.9984126
1769788779.769992 0.0378968 0.0020153 0.0657389 0.0369919 0.0485781 -0.0321724 0.9976156
1769788779.903321 0.0580647 -0.0298211 0.0989898 0.0423702 0.0687549 -0.0308401 0.9962562
1769788780.136651 0.1001814 -0.0696887 0.1359530 0.0442169 0.0864028 -0.0282070 0.9948788
1769788780.236654 0.1262686 -0.0942464 0.1439264 0.0309448 0.0761673 -0.0232724 0.9963430
1769788780.503325 0.2186567 -0.0997121 0.1269216 -0.0205592 0.0440963 0.0017909 0.9988141
1769788781.103335 0.2840314 -0.1192182 0.1286576 -0.0069242 0.0304572 0.0128142 0.9994300
1769788781.736654 0.3214617 -0.0090071 0.1511630 0.0112325 0.0311794 0.0080212 0.9994185
1769788782.270005 0.3122488 0.0924501 0.1486207 0.0072096 0.0316301 0.0073765 0.9994465
1769788782.703345 0.2783087 0.1478679 0.1314393 0.0023288 0.0289535 0.0049358 0.9995659
1769788783.303330 0.1968053 0.1256606 0.0953848 0.0031736 0.0229221 0.0011089 0.9997316
1769788783.603329 0.1570351 0.1041994 0.0853475 0.0165659 0.0176923 -0.0026661 0.9997027
1769788783.936661 0.1114312 0.0473591 0.0690146 0.0521382 -0.0025801 -0.0055333 0.9986212
1769788784.069983 0.0806783 -0.0058768 0.0680800 0.0606008 -0.0187962 -0.0063998 0.9979646
1769788784.203319 0.0488760 -0.0529806 0.0828140 0.0656520 -0.0344394 -0.0074393 0.9972203
1769788784.269984 0.0333888 -0.0789610 0.0794645 0.0645759 -0.0385641 -0.0058167 0.9971504
1769788784.336662 0.0306033 -0.0846846 0.0773508 0.0640204 -0.0404791 -0.0030259 0.9971227
1769788784.436652 0.0304832 -0.0887501 0.0816376 0.0611352 -0.0353058 -0.0003800 0.9975048
1769788784.469982 0.0243881 -0.1032454 0.0806584 0.0528752 -0.0331932 0.0014958 0.9980482
1769788784.536652 0.0108151 -0.1241611 0.0656105 0.0271330 -0.0285200 0.0010795 0.9992244
1769788784.603318 -0.0085927 -0.1461121 0.0603747 0.0084575 -0.0242544 0.0009512 0.9996696
1769788784.703315 -0.0305050 -0.1631168 0.0595248 -0.0054268 -0.0191551 0.0011162 0.9998012
1769788784.869986 -0.0604753 -0.1871686 0.0589335 -0.0177643 -0.0125278 0.0005326 0.9997636
1769788785.069983 -0.0889857 -0.2093652 0.0500259 -0.0164569 -0.0062165 0.0010671 0.9998447
1769788785.303318 -0.1095651 -0.2062386 0.0441852 -0.0125549 -0.0006151 0.0012608 0.9999202
1769788785.603370 -0.1269583 -0.1567483 0.0495786 -0.0044265 0.0032337 0.0006067 0.9999848
1769788785.836673 -0.1274814 -0.1080900 0.0477679 -0.0015928 0.0048723 -0.0007595 0.9999866
1769788786.003314 -0.1209901 -0.0739738 0.0461883 -0.0004815 0.0057122 -0.0008345 0.9999833
1769788786.203329 -0.1092165 -0.0343866 0.0442776 0.0002503 0.0059372 -0.0016693 0.9999810
1769788786.403317 -0.0934312 -0.0049751 0.0439404 0.0007275 0.0062890 -0.0016660 0.9999786
1769788786.603343 -0.0753656 0.0168871 0.0513830 0.0009703 0.0067282 -0.0017608 0.9999754
1769788786.636678 -0.0721507 0.0190820 0.0511683 0.0010385 0.0066906 -0.0015621 0.9999759
1769788786.803350 -0.0582627 0.0237721 0.0452951 0.0005707 0.0070003 -0.0009598 0.9999749
1769788787.103372 -0.0358205 0.0288418 0.0442804 0.0016016 0.0073474 -0.0013149 0.9999709
1769788787.503345 -0.0159253 0.0201301 0.0426624 0.0018431 0.0068631 -0.0009163 0.9999744
1769788788.270010 -0.0033324 0.0140649 0.0436302 0.0021928 0.0048121 -0.0005415 0.9999859
