1769788738836610304.000000 0.000000000 0.000000000 0.000000000 -0.000000000 -0.000000000 -0.000000000 1.000000000
1769788739203312128.000000 0.006478223 0.018034337 -0.002913152 0.005468738 0.000260303 0.006709037 0.999962509
1769788747936622848.000000 0.023705183 0.003072765 0.090776794 0.003889309 0.002572312 -0.003230286 0.999983907
1769788751436638720.000000 0.015113360 -0.152809054 0.059087958 -0.013439244 0.013157139 0.001114193 0.999822497
1769788751503298816.000000 0.003247226 -0.159830540 0.062705241 -0.025534380 0.012275938 0.001582028 0.999597311
1769788751603305216.000000 -0.018985495 -0.180050552 0.063101172 -0.037054591 0.011375331 0.001033961 0.999247968
1769788751736642304.000000 -0.050630506 -0.204301119 0.066665262 -0.046089351 0.011101963 0.000610995 0.998875439
1769788751869979136.000000 -0.083943427 -0.228152603 0.069049202 -0.047248159 0.012094381 0.000287774 0.998809934
1769788752036632832.000000 -0.114943035 -0.257273167 0.063823275 -0.039681189 0.011924806 0.000584046 0.999141097
1769788752670005760.000000 -0.206651554 -0.191415861 0.051609885 -0.008897888 0.013760662 0.001389958 0.999864757
1769788752769976320.000000 -0.215469241 -0.165357456 0.045149826 -0.006951893 0.013493545 0.000786949 0.999884486
1769788753036642560.000000 -0.230303794 -0.069622695 0.043972760 -0.002109733 0.012364629 -0.000389813 0.999921262
1769788753136649216.000000 -0.232784718 -0.032783736 0.043297045 -0.001190590 0.012213772 -0.001065376 0.999924123
1769788753269978112.000000 -0.231983528 0.014964470 0.039586760 -0.000533249 0.011838917 -0.001490204 0.999928713
1769788753403316736.000000 -0.228032425 0.061468273 0.040069688 -0.000106051 0.011442520 -0.002456442 0.999931514
1769788753536640000.000000 -0.220257908 0.101580821 0.039978862 -0.000317361 0.011511263 -0.003062728 0.999929011
1769788753703314432.000000 -0.205525681 0.143329397 0.041435439 -0.000557571 0.012017558 -0.007955790 0.999895990
1769788753869971712.000000 -0.199058071 0.176618934 0.043909285 -0.001258398 0.012235809 -0.056719109 0.998314381
1769788754003298304.000000 -0.185803622 0.184598342 0.036990248 -0.002188078 0.012594889 -0.077270761 0.996928215
1769788754169978880.000000 -0.159718573 0.188459262 0.031039936 -0.001935266 0.014002276 -0.080187522 0.996679604
1769788754303317504.000000 -0.124448717 0.180775031 0.037961040 -0.000643785 0.014123062 -0.064427368 0.997822285
1769788754436672768.000000 -0.089961074 0.168493494 0.045653112 0.002323217 0.015926255 -0.051921267 0.998521507
1769788754569963776.000000 -0.055972539 0.146717548 0.039125316 0.005210060 0.016975237 -0.041651104 0.998974442
1769788754969964544.000000 0.033614986 0.040705629 0.061285663 0.036085878 0.041428529 -0.035528813 0.997857332
1769788755269975296.000000 0.082665086 -0.036750954 0.117755130 0.046383604 0.081653081 -0.030174043 0.995123565
1769788755436644864.000000 0.120912291 -0.075264640 0.142281637 0.044495184 0.082765825 -0.027718794 0.995189309
1769788755503298048.000000 0.142230377 -0.106822699 0.138809100 0.025708148 0.072792470 -0.020459980 0.996805787
1769788755969976064.000000 0.275855899 -0.071319982 0.174707174 -0.022935269 0.032117471 0.010805015 0.999162495
1769788757169971200.000000 0.332038283 0.030554190 0.190545857 0.011894332 0.031087697 0.007955980 0.999414206
1769788757569973248.000000 0.322459459 0.122770883 0.190836489 0.010817925 0.031295765 0.007260188 0.999425232
1769788757836643584.000000 0.297835588 0.158746511 0.186678916 0.005533673 0.030476343 0.000301430 0.999520123
1769788758103306752.000000 0.267476916 0.184894621 0.172988951 0.005427709 0.028646976 -0.002045621 0.999572814
1769788758403324928.000000 0.235772997 0.164723635 0.128990665 0.004337014 0.023057025 -0.001372596 0.999723852
1769788759203310080.000000 0.106364004 0.039390679 0.082008481 0.052074488 -0.002970835 -0.005852197 0.998621643
1769788759336670720.000000 0.074201062 -0.007355159 0.094044283 0.061679937 -0.019610567 -0.007326499 0.997876406
1769788759503332096.000000 0.038675290 -0.074406274 0.091850117 0.064908653 -0.037999183 -0.006042840 0.997149169
1769788761703305216.000000 -0.224040434 0.079807073 0.030469129 0.001388688 0.009690666 -0.002737230 0.999948323
1769788761869986048.000000 -0.210964918 0.126824513 0.030527152 0.001139064 0.010070797 -0.003244869 0.999943376
1769788761969978880.000000 -0.202593073 0.148712397 0.031555939 0.000599142 0.010667965 -0.015263747 0.999826431
1769788762169967104.000000 -0.203137442 0.150560185 0.028541153 -0.004237584 0.012232694 -0.067359485 0.997644782
1769788762403317248.000000 -0.197621807 0.153715536 0.028985348 -0.005212255 0.016245093 -0.081622548 0.996517301
1769788762536653568.000000 -0.160273820 0.146858260 0.030056946 -0.003896161 0.016681110 -0.065417603 0.997710943
1769788762703314176.000000 -0.108517416 0.131442547 0.031414680 -0.000741825 0.017113168 -0.049069092 0.998648524
1769788762803319296.000000 -0.085338213 0.116553441 0.035399735 0.001360134 0.018463671 -0.041509733 0.998966575
1769788762936645376.000000 -0.046745349 0.090995215 0.043796968 0.007386390 0.021005481 -0.037242156 0.999058187
1769788763003386624.000000 -0.028917516 0.074021176 0.036051873 0.012266717 0.024546174 -0.035831381 0.998981059
1769788763103307008.000000 -0.006002999 0.048082251 0.035916448 0.022797588 0.031522248 -0.035726372 0.998604119
1769788763369983744.000000 0.052898709 -0.001788178 0.091991305 0.043785352 0.063566968 -0.031856179 0.996507525
1769788763636646144.000000 0.113713980 -0.062263299 0.114124298 0.046501841 0.083512478 -0.026103428 0.995078862
1769788766703313152.000000 0.214917481 0.164628997 0.131168529 0.004050370 0.023726521 -0.002174219 0.999707937
1769788767436652288.000000 0.108948238 0.044534352 0.079689004 0.051261164 -0.001903523 -0.005606788 0.998667717
1769788767536655616.000000 0.082737483 0.008419908 0.085561894 0.058351196 -0.013145184 -0.006082384 0.998191059
1769788767670004992.000000 0.052288756 -0.038425799 0.099072047 0.065286048 -0.030106548 -0.007597275 0.997383416
1769788767836666368.000000 0.017091252 -0.101349629 0.093456820 0.062516324 -0.040147249 -0.003901350 0.997228503
1769788767936642048.000000 0.014021538 -0.113076486 0.098351210 0.059603479 -0.035840891 0.001089746 0.997577965
1769788768003313152.000000 -0.013510556 -0.132515609 0.086199872 0.037416421 -0.028480055 -0.000301395 0.998893797
1769788768069981184.000000 -0.023704797 -0.140053302 0.108364649 0.014758146 -0.025281139 0.002515817 0.999568284
1769788768136661760.000000 -0.036638029 -0.158213034 0.095906220 -0.000757363 -0.021387504 0.001749056 0.999769449
1769788769169977856.000000 -0.206671894 -0.177944452 0.061986379 -0.003326079 0.008337859 0.000958307 0.999959290
1769788769469984000.000000 -0.210462153 -0.172488242 0.057127606 -0.009247220 0.007306678 0.002401117 0.999927700
1769788769703307520.000000 -0.215174288 -0.170600742 0.045518212 -0.017560352 0.007415605 0.003118622 0.999813437
1769788769936648448.000000 -0.238469467 0.034132902 0.051214468 -0.003117427 0.010788803 -0.001438381 0.999935925
1769788770069979136.000000 -0.229614258 0.075665817 0.047255475 -0.002951214 0.011591523 -0.002024652 0.999926448
1769788770236659456.000000 -0.216828600 0.117783047 0.068562418 -0.003814151 0.011938038 -0.021539953 0.999689460
1769788770369980928.000000 -0.210609525 0.139455527 0.073657811 -0.004899325 0.012246940 -0.057925608 0.998233795
1769788770536643840.000000 -0.191656500 0.153258204 0.053145714 -0.005838271 0.012787760 -0.081026532 0.996612847
1769788770703323136.000000 -0.156329900 0.154304937 0.047923081 -0.004458693 0.013365645 -0.075760402 0.997026503
1769788770836657152.000000 -0.123494737 0.144189820 0.053512566 -0.002944506 0.015028964 -0.059922773 0.998085558
1769788771103343872.000000 -0.054215059 0.094964355 0.030259080 0.001027105 0.017848451 -0.038193058 0.999110460
1769788771236658688.000000 -0.027583143 0.078858629 0.060650758 0.012079092 0.024412885 -0.039970145 0.998829603
1769788771336653568.000000 -0.001589484 0.058436878 0.071656942 0.022210091 0.030341955 -0.037990116 0.998570383
1769788771403324928.000000 0.012244516 0.040699299 0.066477068 0.029681502 0.035336949 -0.036261491 0.998276234
1769788771469988608.000000 0.030196317 0.022266816 0.065195240 0.034959678 0.041665543 -0.034921307 0.997908950
1769788771536653056.000000 0.051233932 -0.001964108 0.068489805 0.037926193 0.048725717 -0.031903379 0.997581899
1769788771569990912.000000 0.052922428 -0.004438549 0.077819958 0.040566687 0.055560235 -0.031734496 0.997126043
1769788771669996032.000000 0.061072934 -0.010311420 0.116213717 0.046830334 0.072014138 -0.032310616 0.995779574
1769788771769988096.000000 0.096040972 -0.050067820 0.116394930 0.045679770 0.079866476 -0.025483381 0.995432258
1769788771936667904.000000 0.125237957 -0.076935478 0.128843471 0.044689145 0.081309296 -0.026574437 0.995331824
1769788772036659712.000000 0.140017390 -0.092489474 0.144600302 0.014107000 0.069864027 -0.020536471 0.997245371
1769788772103323648.000000 0.162608698 -0.079499193 0.142419502 -0.000863166 0.060220446 -0.015299490 0.998067498
1769788772303329792.000000 0.239796817 -0.086907499 0.148245811 -0.021997867 0.039540794 0.004291737 0.998966575
1769788775703324160.000000 0.089331247 0.036948305 0.114686847 0.053163040 -0.001597420 -0.005859472 0.998567402
1769788775803323904.000000 0.073171556 -0.000755507 0.105666108 0.059491828 -0.015001842 -0.006184049 0.998096883
1769788775870014208.000000 0.058772597 -0.023625666 0.106493160 0.063175678 -0.023459867 -0.007232264 0.997700453
1769788776003333376.000000 0.034282833 -0.075959258 0.101980738 0.063779943 -0.037243471 -0.002046629 0.997266710
1769788776070007552.000000 0.015134956 -0.091285564 0.117318936 0.064376794 -0.039546352 -0.004026361 0.997133672
1769788776103328512.000000 0.007359114 -0.102763914 0.119305275 0.062706046 -0.039412286 -0.002484585 0.997250438
1769788776170020352.000000 0.003765182 -0.096961513 0.157662585 0.065031171 -0.036961470 -0.005054739 0.997185707
1769788777736649472.000000 -0.226686582 -0.073547259 0.066403642 0.001561194 0.008989642 -0.000434738 0.999958277
1769788778036653312.000000 -0.243858129 -0.016137462 0.051093247 -0.003212932 0.010877111 -0.000854971 0.999935329
1769788778169992960.000000 -0.243358716 0.002493550 0.053630073 -0.006034099 0.011039088 -0.000713785 0.999920666
1769788778269992704.000000 -0.236943722 0.038362231 0.061156552 -0.005196525 0.011594534 -0.001533446 0.999918103
1769788778303321856.000000 -0.235023826 0.047797017 0.060834121 -0.005560417 0.011767770 -0.001086332 0.999914706
1769788778369985280.000000 -0.227392092 0.067470647 0.061038740 -0.005705643 0.011594655 -0.000213727 0.999916494
1769788778436653312.000000 -0.224060819 0.081900910 0.079644203 -0.006031154 0.012891171 -0.006087294 0.999880195
1769788778569987840.000000 -0.217875093 0.112911597 0.094885595 -0.007063536 0.012525750 -0.045991808 0.998838305
1769788778636655104.000000 -0.213710412 0.122219555 0.105775468 -0.007416365 0.012673967 -0.060600787 0.998054087
1769788778703327488.000000 -0.209109828 0.126124427 0.120464444 -0.008210182 0.013113379 -0.073174328 0.997199178
1769788778736657664.000000 -0.205552891 0.127803832 0.121650450 -0.008571357 0.013289961 -0.077590503 0.996859908
1769788778803326464.000000 -0.195958838 0.133896798 0.117107354 -0.008162007 0.013346815 -0.082453988 0.996472061
1769788778903328000.000000 -0.174980506 0.134631276 0.104192041 -0.007983233 0.013851576 -0.079903007 0.996674418
1769788778969997056.000000 -0.160133854 0.130010620 0.087105215 -0.007428128 0.014477362 -0.072059877 0.997267604
1769788779036653568.000000 -0.145287544 0.123536721 0.059972502 -0.006986639 0.015435408 -0.063778065 0.997820258
1769788779136665856.000000 -0.124457330 0.105979770 0.025329823 -0.006224996 0.017632315 -0.053904261 0.998371005
1769788779236655104.000000 -0.092030585 0.098807193 0.030969212 -0.002960174 0.017355271 -0.045602065 0.998804569
1769788779336659712.000000 -0.087873727 0.094746217 0.016365569 0.001238285 0.021613784 -0.040837478 0.998931229
1769788779503328512.000000 -0.033366617 0.063093662 0.049040250 0.011951195 0.026460094 -0.038293004 0.998844683
1769788779636653824.000000 -0.000624358 0.036010977 0.057387177 0.026766593 0.034348965 -0.035720345 0.998412609
1769788779769991936.000000 0.037896805 0.002015285 0.065738872 0.036991894 0.048578110 -0.032172389 0.997615576
1769788779903321088.000000 0.058064662 -0.029821115 0.098989755 0.042370226 0.068754934 -0.030840125 0.996256232
1769788780136651264.000000 0.100181393 -0.069688715 0.135952964 0.044216864 0.086402819 -0.028206969 0.994878829
1769788780236654080.000000 0.126268551 -0.094246395 0.143926442 0.030944813 0.076167315 -0.023272436 0.996343017
1769788780503324416.000000 0.218656659 -0.099712081 0.126921624 -0.020559244 0.044096265 0.001790931 0.998814106
1769788781103334656.000000 0.284031391 -0.119218215 0.128657639 -0.006924224 0.030457191 0.012814210 0.999430001
1769788781736653568.000000 0.321461678 -0.009007093 0.151162967 0.011232472 0.031179437 0.008021230 0.999418497
1769788782270004480.000000 0.312248766 0.092450149 0.148620665 0.007209567 0.031630058 0.007376548 0.999446452
1769788782703345152.000000 0.278308690 0.147867873 0.131439313 0.002328831 0.028953530 0.004935821 0.999565899
1769788783303329792.000000 0.196805283 0.125660568 0.095384784 0.003173631 0.022922060 0.001108908 0.999731600
1769788783603328768.000000 0.157035097 0.104199447 0.085347459 0.016565908 0.017692273 -0.002666105 0.999702692
1769788783936660736.000000 0.111431226 0.047359087 0.069014631 0.052138187 -0.002580123 -0.005533339 0.998621225
1769788784069982976.000000 0.080678307 -0.005876822 0.068080008 0.060600765 -0.018796181 -0.006399760 0.997964561
1769788784203319296.000000 0.048876006 -0.052980635 0.082814001 0.065652043 -0.034439404 -0.007439310 0.997220337
1769788784269984512.000000 0.033388838 -0.078960955 0.079464510 0.064575858 -0.038564127 -0.005816689 0.997150421
1769788784336662272.000000 0.030603340 -0.084684558 0.077350758 0.064020380 -0.040479120 -0.003025889 0.997122705
1769788784436652032.000000 0.030483156 -0.088750102 0.081637621 0.061135206 -0.035305843 -0.000380044 0.997504830
1769788784469981696.000000 0.024388073 -0.103245370 0.080658436 0.052875169 -0.033193231 0.001495766 0.998048186
1769788784536651520.000000 0.010815104 -0.124161109 0.065610491 0.027132966 -0.028520010 0.001079504 0.999224365
1769788784603317760.000000 -0.008592664 -0.146112129 0.060374681 0.008457462 -0.024254384 0.000951192 0.999669611
1769788784703315200.000000 -0.030505046 -0.163116843 0.059524767 -0.005426844 -0.019155053 0.001116201 0.999801159
1769788784869985792.000000 -0.060475260 -0.187168553 0.058933519 -0.017764254 -0.012527813 0.000532558 0.999763608
1769788785069983488.000000 -0.088985741 -0.209365174 0.050025914 -0.016456936 -0.006216486 0.001067104 0.999844730
1769788785303318016.000000 -0.109565131 -0.206238642 0.044185203 -0.012554911 -0.000615113 0.001260776 0.999920249
1769788785603369728.000000 -0.126958266 -0.156748340 0.049578607 -0.004426456 0.003233746 0.000606739 0.999984801
1769788785836672512.000000 -0.127481356 -0.108090013 0.047767926 -0.001592773 0.004872340 -0.000759484 0.999986589
1769788786003313920.000000 -0.120990120 -0.073973812 0.046188328 -0.000481467 0.005712219 -0.000834500 0.999983251
1769788786203328512.000000 -0.109216534 -0.034386612 0.044277590 0.000250284 0.005937235 -0.001669293 0.999980986
1769788786403317248.000000 -0.093431152 -0.004975146 0.043940362 0.000727473 0.006289001 -0.001666041 0.999978602
1769788786603343104.000000 -0.075365581 0.016887126 0.051383026 0.000970328 0.006728226 -0.001760825 0.999975383
1769788786636677632.000000 -0.072150707 0.019082028 0.051168267 0.001038483 0.006690565 -0.001562087 0.999975860
1769788786803350272.000000 -0.058262657 0.023772135 0.045295093 0.000570681 0.007000264 -0.000959819 0.999974906
1769788787103371520.000000 -0.035820480 0.028841801 0.044280421 0.001601565 0.007347396 -0.001314881 0.999970853
1769788787503345152.000000 -0.015925312 0.020130089 0.042662371 0.001843083 0.006863096 -0.000916330 0.999974370
1769788788270009600.000000 -0.003332352 0.014064861 0.043630242 0.002192769 0.004812075 -0.000541481 0.999985874
