1770034645.452264 0.0000000 0.0000000 0.0000000 -0.0000000 -0.0000000 -0.0000000 1.0000000
1770034650.985605 0.0001496 -0.0002355 -0.0004420 0.0044462 0.0079777 -0.0020295 0.9999563
1770034653.518937 0.0013455 0.0013066 -0.0021165 -0.0107583 0.0352052 -0.0069945 0.9992977
1770034660.985589 -0.0007576 -0.0026119 -0.0025152 -0.0354199 -0.0323168 -0.1589980 0.9861140
1770034661.385588 -0.0011776 -0.0038480 -0.0035652 -0.0532632 -0.0382752 -0.2590485 0.9636348
1770034663.918923 -0.0001698 -0.0003082 -0.0017604 0.0292317 0.0396575 -0.1436804 0.9883971
1770034664.318921 0.0006425 -0.0004790 -0.0007473 0.0406495 0.0805441 -0.1450673 0.9852998
1770034664.552254 0.0006485 0.0000582 0.0000326 0.0134440 0.0804453 -0.1382503 0.9870332
1770034665.318920 0.0005212 0.0022706 0.0003845 -0.0062560 0.0579368 -0.0652993 0.9961627
1770034666.452251 -0.0014846 0.0023106 -0.0018630 0.0359974 0.0684256 -0.0551332 0.9954810
1770034667.252253 -0.0032290 0.0019661 -0.0068061 0.0260962 0.0739254 -0.0475843 0.9957860
1770034667.652251 -0.0031890 0.0023793 -0.0067095 0.0096623 0.0766794 -0.0418812 0.9961290
1770034668.385585 -0.0048751 -0.0015812 -0.0079611 -0.0312545 0.0792041 -0.0199119 0.9961694
1770034671.418906 -0.0020491 -0.0010183 -0.0063056 0.0010696 0.0239419 -0.0069483 0.9996886
1770034671.885571 -0.0004203 -0.0009726 -0.0030329 0.0395849 0.0001836 -0.0124138 0.9991391
1770034672.118906 0.0001887 -0.0001287 -0.0031107 0.0602619 -0.0254648 -0.0133197 0.9977688
1770034674.552235 -0.0027198 -0.0035595 -0.0040132 0.0241702 -0.0154537 0.0091788 0.9995463
1770034677.352215 -0.0015258 -0.0042121 -0.0046820 -0.0638578 -0.0388020 -0.3185853 0.9449444
1770034677.852215 -0.0014757 -0.0039767 -0.0047612 -0.0664026 -0.0352471 -0.3420100 0.9366844
1770034678.552215 -0.0012349 -0.0027067 -0.0032787 -0.0477308 -0.0135543 -0.2295228 0.9720377
1770034681.018881 -0.0002003 0.0028643 0.0003023 0.0017127 0.0603888 -0.0587407 0.9964436
1770034681.485546 -0.0003652 0.0028751 -0.0002655 0.0283020 0.0631739 -0.0572750 0.9959556
1770034681.718880 -0.0007581 0.0028923 -0.0010873 0.0355579 0.0648316 -0.0556773 0.9957071
1770034682.152212 -0.0011198 0.0026173 -0.0022337 0.0375637 0.0685049 -0.0540430 0.9954775
1770034682.885546 -0.0033755 0.0019704 -0.0066074 0.0241368 0.0750690 -0.0474448 0.9957565
1770034683.285545 -0.0033322 0.0026534 -0.0062634 0.0079820 0.0775646 -0.0404961 0.9961326
1770034684.085546 -0.0060339 -0.0038601 -0.0109120 -0.0379317 0.0780587 -0.0148966 0.9961156
1770034684.585546 -0.0050979 -0.0025295 -0.0091488 -0.0498269 0.0753877 -0.0102153 0.9958562
1770034685.018864 -0.0049154 -0.0048757 -0.0083688 -0.0641583 0.0693448 0.0006141 0.9955273
1770034685.818864 -0.0038796 -0.0042308 -0.0101546 -0.0595461 0.0494023 0.0068126 0.9969791
1770034687.485529 -0.0003401 -0.0009528 -0.0029325 0.0408039 -0.0006321 -0.0123615 0.9990905
1770034687.852195 0.0001158 -0.0005478 -0.0041335 0.0659317 -0.0390240 -0.0079800 0.9970288
1770034688.018863 -0.0000743 -0.0008882 -0.0034148 0.0632553 -0.0438900 0.0029836 0.9970274
1770034689.285528 -0.0019633 -0.0030861 -0.0025671 0.0161701 -0.0147069 0.0052897 0.9997471
1770034692.385526 -0.0031121 -0.0044847 -0.0153267 -0.0429688 -0.0343503 -0.2153540 0.9749854
1770034693.018860 -0.0060149 -0.0081531 -0.0089189 -0.0665002 -0.0378976 -0.3241473 0.9429051
1770034693.985532 -0.0034553 -0.0060237 -0.0121653 -0.0556389 -0.0197707 -0.2755000 0.9594859
1770034694.285532 -0.0038538 -0.0029914 -0.0167335 -0.0365638 -0.0039333 -0.1926404 0.9805801
1770034695.285532 -0.0002305 -0.0003602 -0.0020172 0.0368610 0.0597292 -0.1447297 0.9869787
1770034699.818865 -0.0045109 -0.0032516 -0.0074057 -0.0439496 0.0779090 -0.0087292 0.9959530
1770034703.418859 -0.0000691 -0.0003903 -0.0040991 0.0657214 -0.0366076 -0.0095491 0.9971206
1770034705.352189 -0.0017508 -0.0026080 -0.0035430 0.0293726 -0.0167205 0.0104832 0.9993737
1770034706.652187 -0.0017334 -0.0017717 -0.0023855 0.0055633 -0.0210710 0.0167245 0.9996226
1770034707.985521 -0.0010444 -0.0028998 -0.0037858 -0.0447413 -0.0360228 -0.2180032 0.9742562
1770034708.152188 -0.0012665 -0.0035417 -0.0039216 -0.0521019 -0.0380879 -0.2570867 0.9642308
1770034709.118838 -0.0017684 -0.0041006 -0.0046704 -0.0667263 -0.0333366 -0.3373779 0.9384095
1770034709.485502 -0.0019782 -0.0027503 -0.0043464 -0.0573843 -0.0213951 -0.2974712 0.9527645
1770034709.752167 -0.0017103 -0.0025956 -0.0033639 -0.0472549 -0.0115929 -0.2243625 0.9732903
1770034711.485501 0.0007188 0.0002081 0.0003021 -0.0029238 0.0693149 -0.1114640 0.9913439
1770034712.818833 -0.0006236 0.0028713 -0.0007435 0.0328591 0.0643543 -0.0583289 0.9956790
1770034714.952164 -0.0054771 -0.0011579 -0.0096057 -0.0188817 0.0791068 -0.0223004 0.9964378
1770034715.518832 -0.0055023 -0.0028124 -0.0089507 -0.0463199 0.0777541 -0.0076425 0.9958667
1770034716.685489 -0.0039465 -0.0045680 -0.0075247 -0.0673742 0.0591337 0.0012846 0.9959731
1770034717.618824 -0.0037190 -0.0031557 -0.0103504 -0.0399775 0.0362047 0.0043601 0.9985350
1770034718.052154 -0.0020848 -0.0012124 -0.0063637 -0.0099256 0.0290054 -0.0012444 0.9995292
1770034721.552152 -0.0023614 -0.0026728 -0.0037158 0.0161981 -0.0095642 0.0062336 0.9998036
1770034722.118819 -0.0023151 -0.0026942 -0.0032433 0.0054811 -0.0079669 0.0088722 0.9999139
1770034723.285485 -0.0017549 0.0001423 -0.0020786 -0.0005597 -0.0032466 -0.0041563 0.9999859
