1770034645452264192.000000 0.000000000 0.000000000 0.000000000 -0.000000000 -0.000000000 -0.000000000 1.000000000
1770034650985604608.000000 0.000149600 -0.000235493 -0.000441977 0.004446250 0.007977651 -0.002029498 0.999956250
1770034653518936832.000000 0.001345524 0.001306572 -0.002116470 -0.010758286 0.035205152 -0.006994537 0.999297738
1770034660985588736.000000 -0.000757626 -0.002611930 -0.002515211 -0.035419919 -0.032316819 -0.158997983 0.986113966
1770034661385588480.000000 -0.001177598 -0.003848015 -0.003565173 -0.053263221 -0.038275190 -0.259048462 0.963634789
1770034663918923008.000000 -0.000169756 -0.000308243 -0.001760356 0.029231675 0.039657481 -0.143680379 0.988397062
1770034664318920704.000000 0.000642534 -0.000478985 -0.000747329 0.040649507 0.080544107 -0.145067275 0.985299826
1770034664552254208.000000 0.000648491 0.000058176 0.000032635 0.013443991 0.080445297 -0.138250336 0.987033248
1770034665318919680.000000 0.000521218 0.002270579 0.000384485 -0.006255976 0.057936836 -0.065299317 0.996162713
1770034666452251392.000000 -0.001484608 0.002310569 -0.001863009 0.035997368 0.068425611 -0.055133175 0.995481014
1770034667252252928.000000 -0.003228982 0.001966081 -0.006806106 0.026096232 0.073925406 -0.047584318 0.995786011
1770034667652251136.000000 -0.003188950 0.002379278 -0.006709529 0.009662287 0.076679356 -0.041881226 0.996128976
1770034668385584640.000000 -0.004875068 -0.001581174 -0.007961105 -0.031254534 0.079204068 -0.019911926 0.996169388
1770034671418905856.000000 -0.002049068 -0.001018307 -0.006305616 0.001069576 0.023941947 -0.006948279 0.999688625
1770034671885571328.000000 -0.000420339 -0.000972631 -0.003032944 0.039584916 0.000183624 -0.012413751 0.999139071
1770034672118906112.000000 0.000188747 -0.000128748 -0.003110676 0.060261928 -0.025464760 -0.013319741 0.997768819
1770034674552235264.000000 -0.002719776 -0.003559462 -0.004013171 0.024170192 -0.015453734 0.009178833 0.999546289
1770034677352214528.000000 -0.001525752 -0.004212103 -0.004681982 -0.063857771 -0.038802009 -0.318585336 0.944944441
1770034677852214528.000000 -0.001475680 -0.003976745 -0.004761172 -0.066402569 -0.035247125 -0.342009962 0.936684370
1770034678552215296.000000 -0.001234913 -0.002706677 -0.003278712 -0.047730815 -0.013554271 -0.229522794 0.972037733
1770034681018881280.000000 -0.000200263 0.002864251 0.000302250 0.001712662 0.060388826 -0.058740735 0.996443570
1770034681485546240.000000 -0.000365207 0.002875057 -0.000265487 0.028302001 0.063173935 -0.057274967 0.995955646
1770034681718879744.000000 -0.000758128 0.002892270 -0.001087281 0.035557877 0.064831600 -0.055677280 0.995707095
1770034682152211712.000000 -0.001119779 0.002617342 -0.002233743 0.037563678 0.068504907 -0.054043021 0.995477498
1770034682885545728.000000 -0.003375539 0.001970374 -0.006607415 0.024136774 0.075069033 -0.047444783 0.995756507
1770034683285544960.000000 -0.003332168 0.002653422 -0.006263413 0.007982044 0.077564627 -0.040496118 0.996132612
1770034684085545728.000000 -0.006033917 -0.003860108 -0.010911956 -0.037931707 0.078058705 -0.014896588 0.996115565
1770034684585545472.000000 -0.005097900 -0.002529458 -0.009148766 -0.049826890 0.075387686 -0.010215320 0.995856225
1770034685018864384.000000 -0.004915418 -0.004875686 -0.008368803 -0.064158276 0.069344811 0.000614082 0.995527327
1770034685818864384.000000 -0.003879583 -0.004230809 -0.010154571 -0.059546061 0.049402259 0.006812640 0.996979117
1770034687485529344.000000 -0.000340129 -0.000952787 -0.002932530 0.040803857 -0.000632128 -0.012361476 0.999090493
1770034687852195328.000000 0.000115843 -0.000547823 -0.004133534 0.065931663 -0.039023992 -0.007979958 0.997028828
1770034688018863360.000000 -0.000074293 -0.000888153 -0.003414830 0.063255295 -0.043890007 0.002983623 0.997027397
1770034689285528064.000000 -0.001963277 -0.003086095 -0.002567099 0.016170129 -0.014706919 0.005289710 0.999747097
1770034692385526272.000000 -0.003112125 -0.004484652 -0.015326750 -0.042968761 -0.034350343 -0.215353951 0.974985361
1770034693018860032.000000 -0.006014884 -0.008153087 -0.008918881 -0.066500209 -0.037897594 -0.324147344 0.942905128
1770034693985532160.000000 -0.003455330 -0.006023716 -0.012165343 -0.055638857 -0.019770673 -0.275499970 0.959485948
1770034694285532416.000000 -0.003853787 -0.002991420 -0.016733477 -0.036563803 -0.003933286 -0.192640424 0.980580091
1770034695285531648.000000 -0.000230488 -0.000360234 -0.002017244 0.036860976 0.059729218 -0.144729704 0.986978710
1770034699818864640.000000 -0.004510914 -0.003251569 -0.007405687 -0.043949623 0.077909008 -0.008729207 0.995953023
1770034703418858752.000000 -0.000069089 -0.000390264 -0.004099108 0.065721393 -0.036607612 -0.009549078 0.997120559
1770034705352188928.000000 -0.001750753 -0.002607962 -0.003542972 0.029372605 -0.016720511 0.010483171 0.999373734
1770034706652187136.000000 -0.001733381 -0.001771702 -0.002385528 0.005563257 -0.021070998 0.016724523 0.999622643
1770034707985520896.000000 -0.001044400 -0.002899849 -0.003785848 -0.044741314 -0.036022801 -0.218003184 0.974256217
1770034708152187904.000000 -0.001266517 -0.003541720 -0.003921628 -0.052101891 -0.038087931 -0.257086724 0.964230835
1770034709118838016.000000 -0.001768391 -0.004100561 -0.004670391 -0.066726275 -0.033336561 -0.337377876 0.938409507
1770034709485502208.000000 -0.001978242 -0.002750274 -0.004346425 -0.057384290 -0.021395124 -0.297471225 0.952764511
1770034709752167424.000000 -0.001710327 -0.002595586 -0.003363881 -0.047254890 -0.011592892 -0.224362507 0.973290324
1770034711485500672.000000 0.000718838 0.000208064 0.000302084 -0.002923780 0.069314852 -0.111463957 0.991343915
1770034712818833152.000000 -0.000623630 0.002871264 -0.000743506 0.032859072 0.064354286 -0.058328852 0.995678961
1770034714952164096.000000 -0.005477089 -0.001157850 -0.009605699 -0.018881731 0.079106845 -0.022300433 0.996437788
1770034715518831616.000000 -0.005502299 -0.002812351 -0.008950681 -0.046319883 0.077754095 -0.007642453 0.995866656
1770034716685489408.000000 -0.003946534 -0.004567972 -0.007524691 -0.067374192 0.059133705 0.001284564 0.995973051
1770034717618824448.000000 -0.003719013 -0.003155713 -0.010350351 -0.039977539 0.036204740 0.004360119 0.998534977
1770034718052154368.000000 -0.002084849 -0.001212356 -0.006363742 -0.009925604 0.029005425 -0.001244370 0.999529183
1770034721552151808.000000 -0.002361364 -0.002672838 -0.003715787 0.016198086 -0.009564176 0.006233592 0.999803603
1770034722118819328.000000 -0.002315100 -0.002694199 -0.003243330 0.005481057 -0.007966856 0.008872195 0.999913871
1770034723285485056.000000 -0.001754931 0.000142320 -0.002078601 -0.000559702 -0.003246614 -0.004156293 0.999985933
