1769789733.500388 0.0000000 0.0000000 0.0000000 -0.0000000 -0.0000000 -0.0000000 1.0000000
1769789733.567056 0.0001753 0.0009227 0.0008765 0.0002171 -0.0000610 0.0005311 0.9999998
1769789733.600384 0.0007206 0.0019815 0.0011948 0.0003891 -0.0001692 0.0002733 0.9999999
1769789733.700390 -0.0000326 0.0014252 0.0007588 0.0000718 -0.0001615 -0.0008412 0.9999996
1769789733.900390 0.0002219 0.0042712 0.0001919 0.0010232 -0.0002308 -0.0005411 0.9999993
1769789734.200393 0.0002185 0.0026432 0.0015285 0.0003633 0.0000126 -0.0002281 0.9999999
1769789734.400456 0.0075174 0.0048016 0.0480009 0.0005852 -0.0022407 0.0048706 0.9999855
1769789738.967080 0.0400798 -0.0108476 0.1117606 0.0008175 -0.0038168 0.0048793 0.9999805
1769789739.833716 0.0872320 -0.0143518 0.1315324 0.0030918 -0.0010339 0.0064375 0.9999740
1769789740.467054 0.1341763 0.0059463 0.1471914 0.0067604 0.0026245 0.0072387 0.9999475
1769789740.867060 0.1647435 0.0354717 0.1597856 0.0100182 0.0066010 0.0063310 0.9999080
1769789741.033724 0.1767361 0.0443115 0.1638839 0.0100935 0.0080522 0.0066194 0.9998947
1769789741.167052 0.1774445 0.0463099 0.1629406 0.0089606 0.0109360 0.0065040 0.9998789
1769789741.267053 0.1771428 0.0510548 0.1601492 0.0086511 0.0130488 0.0066532 0.9998553
1769789741.467064 0.1845101 0.0654998 0.1627700 0.0074408 0.0158492 0.0060739 0.9998283
1769789741.567058 0.1902198 0.0661799 0.1613895 0.0059525 0.0170065 0.0067632 0.9998148
1769789741.700385 0.2012677 0.0785657 0.1701881 0.0054878 0.0180672 0.0066283 0.9997998
1769789741.867058 0.2061839 0.0829298 0.1665312 0.0025458 0.0200280 0.0073986 0.9997688
1769789742.033744 0.2088260 0.0865318 0.1667523 0.0003453 0.0239729 0.0083902 0.9996774
1769789742.433750 0.2214598 0.0977249 0.1614213 -0.0068269 0.0238305 0.0101410 0.9996413
1769789742.967083 0.2348431 0.1429715 0.1679059 -0.0070810 0.0217306 0.0068808 0.9997151
1769789743.933763 0.1983207 0.1209804 0.1428639 -0.0032860 0.0176283 0.0077691 0.9998090
1769789744.300410 0.1678849 0.0799711 0.1299210 0.0029565 0.0166216 0.0097968 0.9998095
1769789744.667086 0.1599156 0.0789489 0.1420990 0.0262197 0.0094387 0.0038845 0.9996041
1769789744.867091 0.1469122 0.0420370 0.1259418 0.0416148 0.0027014 0.0053110 0.9991160
1769789745.000419 0.1381808 -0.0140053 0.1062414 0.0448753 -0.0088973 0.0135086 0.9988617
1769789745.100411 0.1364069 -0.0417391 0.1331360 0.0530802 -0.0200833 0.0097395 0.9983408
1769789745.233740 0.1111003 -0.0997925 0.1336620 0.0560829 -0.0335311 0.0130037 0.9977782
1769789745.400411 0.0915223 -0.1640740 0.1496254 0.0570810 -0.0479063 0.0129177 0.9971358
1769789745.467073 0.0674673 -0.1820781 0.1405976 0.0559321 -0.0477486 0.0148595 0.9971815
1769789745.533755 0.0650742 -0.2248773 0.1375872 0.0501796 -0.0471326 0.0182809 0.9974599
1769789745.600427 0.0480516 -0.2177728 0.1398455 0.0480514 -0.0417936 0.0174548 0.9978175
1769789745.700415 0.0209152 -0.2327448 0.1144859 0.0106033 -0.0330765 0.0109828 0.9993362
1769789745.867071 -0.0038034 -0.2828878 0.0819944 -0.0302853 -0.0252148 0.0077751 0.9991930
1769789746.033744 -0.0288772 -0.3018753 0.1213483 -0.0547310 -0.0213596 0.0050438 0.9982599
1769789746.167073 -0.0591664 -0.3354767 0.1284621 -0.0680751 -0.0170676 0.0019027 0.9975324
1769789746.333743 -0.0949836 -0.3855215 0.1056693 -0.0755480 -0.0124034 0.0010501 0.9970645
1769789746.467092 0.2741201 -0.5895646 0.1736363 -0.0941415 -0.0511565 -0.0053967 0.9942290
1769789746.633759 0.2757495 -0.5809106 0.1775496 -0.0797680 -0.0510484 -0.0056918 0.9954892
1769789746.933748 0.2797241 -0.5678143 0.2084224 -0.0509033 -0.0499545 -0.0043593 0.9974439
1769789747.533736 0.3010745 -0.5474994 0.2602317 -0.0237151 -0.0556123 -0.0001892 0.9981708
1769789748.800403 0.2812912 -0.5660604 0.2061590 -0.0442011 -0.0606489 0.0036124 0.9971735
1769789749.000404 0.2740110 -0.5713696 0.1972841 -0.0516601 -0.0605633 0.0055280 0.9968113
1769789749.300431 -0.1677901 -0.2851660 0.1377665 -0.0293550 -0.0134927 0.0094000 0.9994338
1769789749.467089 -0.1645997 -0.2684315 0.1279608 -0.0334113 -0.0140347 0.0003845 0.9993431
1769789749.633746 -0.1801009 -0.2053097 0.1431973 -0.0306263 -0.0161361 -0.0649726 0.9972864
1769789749.733750 -0.1881350 -0.1663898 0.1636751 -0.0302407 -0.0170790 -0.0967888 0.9946988
1769789750.000441 -0.1965346 -0.0828004 0.1431204 -0.0268479 -0.0217606 -0.1784243 0.9833466
1769789750.300447 -0.1905407 -0.0094281 0.1314839 -0.0259046 -0.0222305 -0.2540859 0.9665791
1769789750.467108 -0.1843833 0.0238460 0.1298874 -0.0248633 -0.0210098 -0.2860490 0.9576619
1769789750.633777 -0.1695238 0.0486293 0.1285286 -0.0239574 -0.0206988 -0.3082509 0.9507781
1769789750.900440 -0.1345646 0.0761990 0.1317138 -0.0215033 -0.0224668 -0.3280653 0.9441430
1769789751.067110 -0.1130634 0.0713935 0.1111474 -0.0221474 -0.0230514 -0.3328051 0.9424537
1769789751.233769 -0.0843624 0.0611841 0.1330916 -0.0229287 -0.0235188 -0.3296736 0.9435234
1769789751.433784 -0.0473951 0.0357472 0.1317202 -0.0235654 -0.0224042 -0.3161837 0.9481406
1769789751.533771 -0.0243815 0.0207524 0.1334552 -0.0236551 -0.0227593 -0.3053030 0.9516893
1769789751.600453 -0.0071522 0.0005456 0.1407156 -0.0252269 -0.0229044 -0.2946455 0.9549990
1769789751.700455 0.0131618 -0.0273411 0.1200375 -0.0265373 -0.0219763 -0.2748852 0.9608595
1769789751.767123 0.0363400 -0.0460723 0.1228448 -0.0261500 -0.0215867 -0.2571496 0.9657765
1769789751.833786 0.0591660 -0.0549261 0.1201247 -0.0241858 -0.0212595 -0.2353005 0.9713891
1769789751.967110 0.1018280 -0.0947147 0.1104168 -0.0243578 -0.0201829 -0.1946614 0.9803603
1769789752.033777 0.1141876 -0.1104745 0.1147280 -0.0252360 -0.0180645 -0.1758407 0.9839293
1769789752.100438 0.1439078 -0.1331544 0.1154827 -0.0245000 -0.0196748 -0.1568027 0.9871300
1769789752.300440 0.1993618 -0.1883838 0.1307230 -0.0133246 -0.0160506 -0.1386563 0.9901209
1769789752.433788 0.2298600 -0.2165836 0.1487697 0.0007309 -0.0087817 -0.1354917 0.9907393
1769789752.567104 0.2703923 -0.2581984 0.1456444 0.0104866 -0.0016533 -0.1283102 0.9916773
1769789752.667103 0.2746158 -0.2759690 0.1681030 0.0214357 0.0104143 -0.1296278 0.9912763
1769789752.800472 0.2768205 -0.2955875 0.2172413 0.0331405 0.0312056 -0.1308541 0.9903561
1769789752.900442 0.2892671 -0.3086871 0.2305254 0.0386733 0.0470301 -0.1219643 0.9906651
1769789753.033785 0.3275875 -0.3402054 0.2579299 0.0428349 0.0680553 -0.1219987 0.9892674
1769789753.233781 0.3915878 -0.3722790 0.3528418 0.0413571 0.0957438 -0.1250805 0.9866497
1769789753.367114 0.4194858 -0.4213694 0.2739678 0.0213418 0.0928945 -0.1188585 0.9883258
1769789753.567110 0.4531837 -0.4252242 0.2353007 -0.0388622 0.0606096 -0.0877924 0.9935334
1769789753.833776 0.5144497 -0.4688857 0.2710548 -0.0812325 0.0310978 -0.0583556 0.9944993
1769789754.133771 0.6071097 -0.5279647 0.2874175 -0.0933230 0.0053543 -0.0131817 0.9955342
1769789754.367106 0.6496276 -0.5634553 0.2824660 -0.0835240 -0.0023406 0.0064858 0.9964819
1769789754.667100 0.7123458 -0.6456946 0.2605837 -0.0662808 -0.0096274 0.0113178 0.9976904
1769789754.933812 0.7423863 -0.6538959 0.2887700 -0.0505938 -0.0092444 0.0124495 0.9985989
1769789755.233768 0.7948194 -0.6435123 0.2819093 -0.0410965 -0.0144825 0.0207031 0.9988357
1769789755.533770 0.8232747 -0.6008461 0.2909077 -0.0305767 -0.0145759 0.0224280 0.9991745
1769789755.867115 0.8558068 -0.5411996 0.2840240 -0.0260206 -0.0166299 0.0207486 0.9993077
1769789756.200433 0.8516689 -0.4411678 0.2746620 -0.0203381 -0.0142646 0.0219393 0.9994506
1769789756.500434 0.8560428 -0.3379882 0.2706564 -0.0166839 -0.0135398 0.0221632 0.9995235
1769789756.800446 0.8420056 -0.2277463 0.3104117 -0.0131503 -0.0117085 0.0247447 0.9995387
1769789757.467081 0.8151429 -0.1914764 0.2451221 -0.0334287 -0.0129396 0.0257436 0.9990257
1769789757.767077 0.7685114 -0.1741296 0.2246210 -0.0397847 -0.0099625 0.0294595 0.9987242
1769789758.100408 0.7315117 -0.1216482 0.2125379 -0.0412247 -0.0102963 0.0228924 0.9988346
1769789758.400420 0.7115681 -0.0984501 0.2127707 -0.0418287 -0.0154193 0.0254283 0.9986821
1769789758.700410 0.6693607 -0.0986805 0.1817168 -0.0443360 -0.0126455 0.0199962 0.9987365
1769789759.000407 0.6354098 -0.1161537 0.1693263 -0.0447899 -0.0141411 0.0208937 0.9986778
1769789759.233742 0.6047720 -0.1356470 0.1641489 -0.0437040 -0.0155885 0.0187812 0.9987463
1769789759.467074 0.5762687 -0.1660727 0.1570275 -0.0415718 -0.0165778 0.0207465 0.9987825
1769789759.700414 0.5526062 -0.2104278 0.1486132 -0.0384661 -0.0184085 0.0254792 0.9987654
1769789759.800423 0.5366470 -0.2348047 0.1349770 -0.0384520 -0.0185492 0.0238104 0.9988045
1769789759.867075 0.5403764 -0.2441097 0.1381602 -0.0363775 -0.0204742 0.0278948 0.9987389
1769789759.967083 0.5299255 -0.2473567 0.1436236 -0.0319217 -0.0210333 0.0242995 0.9989735
1769789760.067073 0.5290614 -0.2773867 0.1221629 -0.0296465 -0.0255409 0.0274545 0.9988568
1769789760.167075 0.5224306 -0.2886558 0.1151340 -0.0221127 -0.0269010 0.0242725 0.9990987
1769789760.233743 0.4999967 -0.2678078 0.1597133 -0.0139769 -0.0224040 0.0134144 0.9995613
1769789760.333746 0.4832881 -0.2363668 0.1528049 0.0019178 -0.0237725 0.0070800 0.9996905
1769789760.400409 0.4796401 -0.2530941 0.1440245 0.0068259 -0.0268386 0.0079712 0.9995847
1769789760.500411 0.4618723 -0.2748472 0.1474196 0.0139957 -0.0294379 0.0077857 0.9994383
1769789760.600412 0.4528089 -0.3114929 0.1358909 0.0203208 -0.0322356 0.0107008 0.9992164
1769789760.700416 0.4445541 -0.3315690 0.1296855 0.0289749 -0.0401830 0.0093129 0.9987288
1769789760.833747 0.4314889 -0.3735695 0.1178885 0.0394898 -0.0548238 0.0102561 0.9976621
1769789760.933743 0.4224830 -0.4078207 0.1495582 0.0474092 -0.0689838 0.0065935 0.9964688
1769789761.000458 0.4102157 -0.4293096 0.1485329 0.0514473 -0.0775372 0.0058683 0.9956439
1769789761.067084 0.4049164 -0.4281712 0.1462852 0.0570588 -0.0884311 0.0057296 0.9944302
1769789761.133777 0.3919859 -0.4276906 0.1629726 0.0616611 -0.0971229 0.0070671 0.9933354
1769789761.167091 0.4002706 -0.4251630 0.1754364 0.0637763 -0.1031157 0.0092337 0.9925797
1769789761.233803 0.4643526 -0.4443599 0.1740356 0.0613521 -0.1160688 0.0106681 0.9912871
1769789761.300426 0.4000345 -0.4389388 0.1658661 0.0596201 -0.1122557 0.0148335 0.9917783
1769789761.367095 0.3846522 -0.4374238 0.1593379 0.0471686 -0.1091497 0.0141216 0.9928052
1769789761.433757 0.3655259 -0.4416953 0.1642251 0.0175717 -0.1029244 0.0163929 0.9943989
1769789761.467086 0.3667194 -0.4575497 0.1412989 0.0046063 -0.0999701 0.0142032 0.9948784
1769789761.533744 0.3492258 -0.4562827 0.1596518 -0.0126605 -0.0935934 0.0127587 0.9954482
1769789761.633743 0.3371023 -0.4817056 0.1460527 -0.0349004 -0.0872816 0.0098641 0.9955233
1769789761.733758 0.3172456 -0.5061694 0.1469754 -0.0523950 -0.0802863 0.0057167 0.9953774
1769789761.933745 0.4750683 -0.5106693 0.2333744 -0.0678303 -0.0925369 -0.0018822 0.9933944
1769789763.033754 0.6429419 -0.6520102 0.3183131 -0.0352555 -0.0964109 0.0000223 0.9947171
1769789765.033725 0.5772473 -0.4222311 0.2659205 -0.0495619 -0.0950819 0.0028547 0.9942309
1769789765.233730 0.5679324 -0.3905644 0.2570423 -0.0460834 -0.0996107 -0.0684460 0.9915993
1769789765.500388 0.1755346 -0.1371979 0.2036180 -0.0241873 -0.0609397 -0.1570368 0.9854140
1769789765.767052 0.1804149 -0.0659506 0.1784699 -0.0190718 -0.0614519 -0.2296306 0.9711487
1769789766.000396 0.1866794 -0.0109194 0.1807265 -0.0153736 -0.0613226 -0.2782763 0.9584182
1769789766.333738 0.2166639 0.0384294 0.2004891 -0.0115047 -0.0604714 -0.3214920 0.9449095
1769789766.600391 0.2489859 0.0483329 0.1839832 -0.0103240 -0.0609195 -0.3370643 0.9394519
1769789766.800392 0.2819322 0.0362626 0.1764731 -0.0112983 -0.0614769 -0.3368246 0.9394904
1769789766.967052 0.3178633 0.0197518 0.1761055 -0.0114685 -0.0621866 -0.3245878 0.9437394
1769789767.067060 0.3386338 0.0037291 0.1794620 -0.0117561 -0.0622214 -0.3139387 0.9473293
1769789767.167052 0.3684826 -0.0153863 0.1807659 -0.0129226 -0.0630911 -0.3018790 0.9511685
1769789767.233742 0.3795983 -0.0343753 0.1802655 -0.0147066 -0.0627194 -0.2872615 0.9556835
1769789767.300400 0.3967068 -0.0585135 0.1726549 -0.0165671 -0.0628557 -0.2736238 0.9596378
1769789767.333764 0.4135697 -0.0647651 0.1575254 -0.0168720 -0.0627678 -0.2654125 0.9619417
1769789767.400389 0.4234387 -0.0905207 0.1524274 -0.0181407 -0.0615379 -0.2474805 0.9667665
1769789767.433719 0.4349504 -0.1008148 0.1585931 -0.0200092 -0.0615987 -0.2349047 0.9698583
1769789767.500400 0.4613018 -0.1169790 0.1541035 -0.0200382 -0.0616238 -0.2131315 0.9748723
1769789767.567054 0.4657162 -0.1321420 0.1633400 -0.0211863 -0.0593983 -0.1935087 0.9790697
1769789767.667054 0.5010977 -0.1519152 0.1819782 -0.0203897 -0.0588866 -0.1669037 0.9840019
1769789767.800397 0.5291894 -0.1831385 0.1881790 -0.0165321 -0.0570123 -0.1416660 0.9881331
1769789767.867064 0.5500814 -0.2050235 0.1944933 -0.0123284 -0.0561651 -0.1390934 0.9886084
1769789767.933725 0.5664441 -0.2191082 0.1884162 -0.0057646 -0.0532247 -0.1397006 0.9887455
1769789768.067070 0.5943528 -0.2484073 0.2133949 0.0075684 -0.0452797 -0.1360254 0.9896412
1769789768.167050 0.6237828 -0.2777087 0.2131436 0.0159099 -0.0390790 -0.1326302 0.9902671
1769789768.267055 0.6409332 -0.3134671 0.2226529 0.0244040 -0.0306717 -0.1321500 0.9904545
1769789768.367052 0.6447284 -0.3198284 0.2412569 0.0349712 -0.0164781 -0.1310087 0.9906272
1769789768.500388 0.6338042 -0.3415078 0.2949930 0.0427815 0.0091573 -0.1291906 0.9906542
1769789768.667057 0.5813100 -0.3394971 0.3618416 0.0489743 0.0499897 -0.1305385 0.9889703
1769789768.933723 0.6598909 -0.4193857 0.4325897 0.0351793 0.0713056 -0.1277965 0.9886081
1769789769.000386 0.6807986 -0.4242895 0.4269827 0.0097068 0.0636073 -0.1232489 0.9902877
1769789769.200384 0.7100466 -0.4347849 0.4110693 -0.0454577 0.0309476 -0.0975882 0.9937064
1769789769.567060 0.8350272 -0.5251543 0.4088873 -0.0944781 -0.0145269 -0.0419197 0.9945379
1769789769.900396 0.9448424 -0.6498879 0.3706256 -0.1024313 -0.0372816 -0.0168264 0.9938987
1769789770.167050 1.0063704 -0.7029723 0.4119146 -0.0833277 -0.0447224 0.0012541 0.9955174
1769789770.433722 1.0636533 -0.7342476 0.4283526 -0.0666158 -0.0493043 0.0086639 0.9965221
1769789770.767051 1.1259556 -0.7362044 0.4459082 -0.0563683 -0.0555617 0.0156622 0.9967398
1769789771.167058 1.1807455 -0.6689250 0.4375266 -0.0413419 -0.0586468 0.0196409 0.9972290
1769789771.467049 1.1829658 -0.5768797 0.4667218 -0.0320623 -0.0560795 0.0159790 0.9977834
1769789771.867061 1.2044829 -0.4488517 0.4404122 -0.0238923 -0.0568934 0.0170608 0.9979485
1769789772.167092 1.2122089 -0.3308801 0.4343907 -0.0177750 -0.0577789 0.0181905 0.9980054
1769789772.533721 1.1853393 -0.3219834 0.4020877 -0.0305793 -0.0540144 0.0189320 0.9978923
1769789772.833757 1.1973975 -0.2904880 0.4162877 -0.0384960 -0.0564630 0.0216892 0.9974265
1769789773.167065 1.1006089 -0.2442898 0.3346401 -0.0442157 -0.0465286 0.0176088 0.9977826
1769789773.433735 1.0735599 -0.1907846 0.3310400 -0.0446587 -0.0466222 0.0151346 0.9977991
1769789773.667069 1.0547049 -0.1607981 0.3182620 -0.0461701 -0.0478510 0.0120842 0.9977137
1769789773.700423 1.0476406 -0.1522996 0.3250767 -0.0455906 -0.0467839 0.0119664 0.9977924
1769789773.933758 1.0165982 -0.1305397 0.3122999 -0.0466928 -0.0465367 0.0094349 0.9977801
1769789774.233728 0.9976415 -0.1166359 0.3049798 -0.0469043 -0.0505261 0.0104676 0.9975659
1769789774.500397 0.9702145 -0.1293959 0.2705477 -0.0470989 -0.0506341 0.0109050 0.9975465
1769789774.767068 0.9355901 -0.1524089 0.2672039 -0.0465370 -0.0518165 0.0099923 0.9975217
1769789775.033733 0.8935821 -0.1759738 0.2704648 -0.0422718 -0.0514730 0.0172202 0.9976308
1769789775.200414 0.8722185 -0.2205413 0.2782578 -0.0442194 -0.0527911 0.0188553 0.9974479
1769789775.300414 0.8501641 -0.2374683 0.2610096 -0.0419812 -0.0507099 0.0171623 0.9976831
1769789775.433741 0.8490428 -0.2387652 0.2649186 -0.0369083 -0.0539649 0.0173645 0.9977094
1769789775.600403 0.8428541 -0.2395665 0.2743497 -0.0277221 -0.0559358 0.0170539 0.9979037
1769789775.733731 0.8244457 -0.2516754 0.2756256 -0.0207738 -0.0560160 0.0072366 0.9981875
1769789775.867074 0.8197154 -0.2490873 0.2752722 -0.0056486 -0.0595486 0.0046595 0.9981986
1769789776.000402 0.7988063 -0.2808583 0.2670443 0.0038642 -0.0621025 0.0051222 0.9980491
1769789776.067065 0.7905954 -0.2951814 0.2639999 0.0090446 -0.0644576 0.0064331 0.9978587
1769789776.167071 0.7786199 -0.3183067 0.2582303 0.0180850 -0.0666316 0.0064065 0.9975932
1769789776.233737 0.7738514 -0.3339845 0.2595029 0.0243228 -0.0712355 0.0078877 0.9971318
1769789776.333730 0.7624087 -0.3638250 0.2552285 0.0314514 -0.0796658 0.0072929 0.9962987
1769789776.433738 0.7624841 -0.3818432 0.2374271 0.0410608 -0.0915368 0.0057285 0.9949383
1769789776.500408 0.7450331 -0.4121593 0.2391872 0.0450336 -0.0995667 0.0062647 0.9939916
1769789776.533728 0.7346466 -0.4138209 0.2536277 0.0487730 -0.1030061 0.0050974 0.9934711
1769789776.600397 0.7233937 -0.4148976 0.2630644 0.0550390 -0.1129434 0.0031322 0.9920709
1769789776.700404 0.7224225 -0.4122380 0.2643024 0.0634044 -0.1298932 0.0053153 0.9894844
1769789776.767083 0.7160486 -0.4106548 0.2592750 0.0663236 -0.1378142 0.0058280 0.9882178
1769789776.800421 0.7157397 -0.4104058 0.2652966 0.0666795 -0.1407896 0.0069155 0.9877673
1769789776.833743 0.7141370 -0.4087727 0.2654938 0.0671450 -0.1435763 0.0076072 0.9873295
1769789776.867077 0.7126102 -0.4096843 0.2691394 0.0663271 -0.1453155 0.0094439 0.9871144
1769789776.900408 0.7163506 -0.4127974 0.2606550 0.0648703 -0.1466774 0.0120440 0.9869816
1769789776.967086 0.7048409 -0.4145784 0.2748789 0.0501155 -0.1437667 0.0108116 0.9882827
1769789777.033730 0.6982585 -0.4496580 0.2565015 0.0158665 -0.1383938 0.0134280 0.9901591
1769789777.067064 0.6802877 -0.4567847 0.2724102 0.0025014 -0.1341892 0.0122303 0.9908771
1769789777.100401 0.6731656 -0.4610381 0.2761826 -0.0065471 -0.1318718 0.0102725 0.9911919
1769789777.133732 0.6616336 -0.4694167 0.2905568 -0.0154959 -0.1284270 0.0088351 0.9915586
1769789777.233727 0.7819401 -0.4907845 0.3320565 -0.0372303 -0.1373230 0.0046611 0.9898155
1769789777.333736 0.6192905 -0.5069094 0.3013696 -0.0540316 -0.1145897 0.0048393 0.9919307
1769789777.433735 0.5952274 -0.5338951 0.2975736 -0.0663866 -0.1090344 0.0007281 0.9918184
1769789777.500403 0.5850262 -0.5496261 0.2917384 -0.0717197 -0.1056956 -0.0001804 0.9918088
1769789777.633730 0.5672054 -0.5830996 0.2873583 -0.0771414 -0.1002464 -0.0023210 0.9919650
1769789777.733728 0.6768000 -0.6228908 0.3269684 -0.0784521 -0.1107748 -0.0032165 0.9907390
1769789777.900400 0.6471779 -0.6501694 0.3381969 -0.0713862 -0.1045247 -0.0044911 0.9919468
1769789778.033735 0.6446556 -0.6448285 0.3567646 -0.0592480 -0.1021328 -0.0035886 0.9929984
1769789778.200392 0.6462480 -0.6445773 0.3626926 -0.0485773 -0.0999136 -0.0022648 0.9938071
1769789778.967061 0.6486021 -0.6433499 0.3714889 -0.0304851 -0.0993226 0.0000155 0.9945882
1769789779.133728 0.6502934 -0.6436350 0.3717990 -0.0316379 -0.1001985 0.0001794 0.9944643
1769789779.333726 0.6477817 -0.6407096 0.3673305 -0.0342141 -0.1007056 0.0010125 0.9943273
1769789779.500404 0.6430745 -0.6427720 0.3494040 -0.0382034 -0.1006652 0.0012052 0.9941859
1769789779.600411 0.6390414 -0.6524702 0.3300330 -0.0418031 -0.1004374 0.0018418 0.9940631
1769789779.700416 0.6378767 -0.6454933 0.3024292 -0.0434604 -0.1001353 0.0018516 0.9940225
1769789779.800404 0.6306552 -0.6117894 0.3104240 -0.0424354 -0.1002585 0.0017248 0.9940546
1769789779.900403 0.6266531 -0.5776293 0.3092318 -0.0416552 -0.1001471 0.0015215 0.9940991
1769789780.000391 0.6280974 -0.5566229 0.3057970 -0.0427570 -0.1006213 0.0015597 0.9940044
1769789780.100391 0.6225191 -0.5207991 0.3024039 -0.0417843 -0.1003729 0.0013995 0.9940711
1769789780.267062 0.4962272 -0.4565631 0.2658361 -0.0407881 -0.0868869 0.0013640 0.9953819
1769789780.400404 0.4925708 -0.4426090 0.2580209 -0.0437187 -0.0862671 0.0022988 0.9953097
1769789780.533736 0.4964119 -0.3945915 0.2496696 -0.0431477 -0.0864329 0.0026633 0.9953193
1769789780.667071 0.4932963 -0.3473128 0.2416472 -0.0415926 -0.0858599 -0.0078299 0.9954079
1769789780.767139 0.4812251 -0.3106094 0.2419378 -0.0371570 -0.0875765 -0.0457683 0.9944119
1769789780.833724 0.4745776 -0.2826427 0.2509511 -0.0340218 -0.0884176 -0.0715629 0.9929268
1769789780.933720 0.4692227 -0.2475895 0.2564850 -0.0307653 -0.0901657 -0.1072334 0.9896589
1769789781.033717 0.4641345 -0.2238592 0.2391092 -0.0280144 -0.0914913 -0.1403521 0.9854673
1769789781.200383 0.4702471 -0.1728866 0.2081288 -0.0220150 -0.0945063 -0.1891606 0.9771398
1769789781.367053 0.4660204 -0.1248744 0.2258625 -0.0175697 -0.0932445 -0.2336017 0.9676916
1769789781.567056 0.4772942 -0.0749984 0.2246176 -0.0117952 -0.0938324 -0.2732198 0.9572917
1769789781.800387 0.4930151 -0.0357622 0.2291190 -0.0071809 -0.0919786 -0.3071209 0.9471881
1769789782.133715 0.5322648 -0.0118932 0.2282725 -0.0049967 -0.0929877 -0.3346509 0.9377298
1769789782.400386 0.5734532 -0.0229783 0.2343064 -0.0057312 -0.0943601 -0.3351555 0.9374082
1769789782.567052 0.6016101 -0.0415352 0.2342672 -0.0070685 -0.0932811 -0.3271814 0.9403197
1769789782.667052 0.6264208 -0.0577100 0.2271820 -0.0079915 -0.0935245 -0.3150706 0.9444151
1769789782.767058 0.6505888 -0.0843853 0.2283537 -0.0105013 -0.0936653 -0.3012533 0.9488746
1769789782.833730 0.6638016 -0.0985170 0.2318510 -0.0109975 -0.0924157 -0.2902431 0.9524166
1769789782.900395 0.6851733 -0.1178694 0.2404059 -0.0138576 -0.0940051 -0.2755991 0.9565648
1769789782.967059 0.7053225 -0.1322266 0.2507007 -0.0148543 -0.0945353 -0.2559996 0.9619286
1769789783.033731 0.7164313 -0.1458936 0.2704315 -0.0164237 -0.0927986 -0.2374483 0.9668180
1769789783.100385 0.7403826 -0.1666635 0.2745090 -0.0178241 -0.0933624 -0.2146100 0.9720640
1769789783.167057 0.7447355 -0.1725521 0.3070404 -0.0179370 -0.0908143 -0.1951354 0.9763981
1769789783.233717 0.7500873 -0.1778703 0.3321933 -0.0187307 -0.0883423 -0.1778083 0.9799128
1769789783.300384 0.7673708 -0.1974239 0.3087586 -0.0187869 -0.0883344 -0.1597585 0.9830165
1769789783.400394 0.7930591 -0.2248770 0.3330197 -0.0164137 -0.0873651 -0.1442134 0.9855458
1769789783.500386 0.8231958 -0.2463378 0.3401668 -0.0072918 -0.0859314 -0.1405203 0.9863147
1769789783.533738 0.8175455 -0.2630935 0.3414979 -0.0058627 -0.0827538 -0.1399654 0.9866748
1769789783.667068 0.8560539 -0.2901391 0.3603465 0.0079669 -0.0764696 -0.1361260 0.9877037
1769789783.767082 0.8815514 -0.3192431 0.3553935 0.0176884 -0.0679764 -0.1351901 0.9883268
1769789783.933713 0.9131888 -0.3608776 0.3780780 0.0335416 -0.0520110 -0.1326816 0.9892247
1769789784.033721 0.9086140 -0.3791688 0.4003638 0.0382025 -0.0333092 -0.1306607 0.9901308
1769789784.133712 0.9172189 -0.4053792 0.4215882 0.0407346 -0.0162826 -0.1291611 0.9906528
1769789784.300405 0.9132220 -0.4357795 0.4594759 0.0420669 0.0161801 -0.1295235 0.9905515
1769789784.600378 0.9868473 -0.4928025 0.4296463 0.0037397 0.0231760 -0.1206821 0.9924136
1769789784.700380 1.0088599 -0.4927182 0.4335748 -0.0282652 0.0055959 -0.1039872 0.9941612
1769789784.867055 1.0499152 -0.5176243 0.4188422 -0.0621341 -0.0216621 -0.0749417 0.9950145
1769789785.133713 1.1292142 -0.5598899 0.4486881 -0.0929007 -0.0508624 -0.0365943 0.9937018
1769789785.467051 1.1674653 -0.6119499 0.4510393 -0.0940122 -0.0632573 -0.0038578 0.9935519
1769789785.833720 1.1938528 -0.6378674 0.4622658 -0.0654078 -0.0662749 0.0080813 0.9956225
1769789786.233710 1.2543902 -0.6634216 0.5027762 -0.0476795 -0.0703316 0.0181393 0.9962184
1769789786.600391 1.2841504 -0.6218271 0.5017822 -0.0353096 -0.0724647 0.0156137 0.9966235
1769789786.933718 1.3110800 -0.5744234 0.5070890 -0.0292448 -0.0727115 0.0158148 0.9967988
1769789787.300380 1.3099443 -0.5157012 0.4876794 -0.0270070 -0.0695818 0.0186510 0.9970362
1769789787.700395 1.3131853 -0.4076481 0.4853360 -0.0246149 -0.0684935 0.0202920 0.9971414
1769789788.033719 1.3133863 -0.3728243 0.4872899 -0.0325162 -0.0688872 0.0207407 0.9968787
1769789788.333691 1.3173945 -0.3432246 0.4909449 -0.0400607 -0.0698992 0.0281367 0.9963521
1769789788.733696 1.3031360 -0.3100080 0.4778071 -0.0501279 -0.0709226 0.0297364 0.9957775
1769789789.033710 1.2845910 -0.2540807 0.4614027 -0.0512035 -0.0719654 0.0255799 0.9957635
1769789789.367031 1.2642059 -0.2128832 0.4386395 -0.0523423 -0.0753229 0.0227838 0.9955238
1769789789.633702 1.2398837 -0.1947238 0.4273536 -0.0529116 -0.0763002 0.0204006 0.9954710
1769789790.033699 1.2025254 -0.2047717 0.3913444 -0.0543872 -0.0789892 0.0229211 0.9951268
1769789790.367043 1.1645793 -0.2392377 0.3635741 -0.0544362 -0.0805304 0.0245123 0.9949627
1769789790.633731 1.1396823 -0.2691125 0.3568895 -0.0530039 -0.0810879 0.0242996 0.9949999
1769789790.900357 1.1101470 -0.3098755 0.3416275 -0.0492040 -0.0824533 0.0260717 0.9950380
1769789791.033718 1.0928401 -0.3476335 0.3215983 -0.0494988 -0.0830841 0.0230718 0.9950450
1769789791.100374 1.0874352 -0.3557505 0.3221294 -0.0478423 -0.0833935 0.0227098 0.9951085
1769789791.233704 1.0846705 -0.3505326 0.3248357 -0.0384821 -0.0856921 0.0218068 0.9953394
1769789791.400358 1.0724003 -0.3621602 0.3348215 -0.0249048 -0.0874559 0.0165233 0.9957200
1769789791.533692 1.0565859 -0.3556922 0.3364690 -0.0095706 -0.0896027 0.0112211 0.9958684
1769789791.633691 1.0526166 -0.3747283 0.3211467 -0.0011565 -0.0939720 0.0132337 0.9954862
1769789791.667033 1.0464040 -0.3818953 0.3242517 0.0012647 -0.0946696 0.0127034 0.9954269
1769789791.800365 1.0305068 -0.4171565 0.3167839 0.0117842 -0.0979386 0.0129274 0.9950387
1769789791.867024 1.0186821 -0.4392228 0.3212476 0.0158938 -0.1021106 0.0139224 0.9945486
1769789791.967027 1.0059350 -0.4709528 0.3138991 0.0235232 -0.1112106 0.0119885 0.9934461
1769789792.067031 0.9905688 -0.4937898 0.3153213 0.0323477 -0.1228169 0.0061424 0.9918830
1769789792.133691 0.9746521 -0.5198345 0.3165750 0.0374274 -0.1309872 0.0045580 0.9906669
1769789792.200360 0.9636637 -0.5263232 0.3298912 0.0430767 -0.1408100 0.0057550 0.9890823
1769789792.233697 0.9566242 -0.5162477 0.3375027 0.0477430 -0.1457985 0.0043575 0.9881521
1769789792.300364 0.9449566 -0.5124177 0.3529854 0.0529702 -0.1553697 0.0053020 0.9864209
1769789792.333701 0.9466400 -0.5157036 0.3583508 0.0537673 -0.1604727 0.0063821 0.9855541
1769789792.367029 0.9504645 -0.5157535 0.3436115 0.0543440 -0.1647319 0.0067783 0.9848168
1769789792.400356 0.9446228 -0.5168581 0.3447143 0.0537145 -0.1668271 0.0095768 0.9844754
1769789792.433691 0.9470936 -0.5133064 0.3508759 0.0543858 -0.1702958 0.0110182 0.9838293
1769789792.467036 0.9460261 -0.5033380 0.3653288 0.0549108 -0.1727224 0.0141192 0.9833374
1769789792.533708 0.9383276 -0.5150717 0.3612660 0.0483358 -0.1717229 0.0162690 0.9838243
1769789792.567051 0.9318023 -0.5130135 0.3774173 0.0343773 -0.1708384 0.0161872 0.9845662
1769789792.667030 0.8411326 -0.5445945 0.3137295 -0.0085517 -0.1519725 0.0105805 0.9882911
1769789792.700372 0.8382627 -0.5562395 0.3051659 -0.0199883 -0.1486426 0.0116608 0.9886202
1769789792.733688 0.8301488 -0.5531561 0.3255516 -0.0267145 -0.1468338 0.0104834 0.9887448
1769789792.833694 0.8199902 -0.5796192 0.2999226 -0.0480570 -0.1399693 0.0091698 0.9889464
1769789792.933690 0.7937674 -0.5897869 0.3170522 -0.0635372 -0.1334218 0.0026686 0.9890170
1769789793.033689 0.7776212 -0.6140029 0.3111004 -0.0749687 -0.1286370 -0.0006606 0.9888538
1769789793.167028 0.7525195 -0.6367709 0.3191178 -0.0821331 -0.1224403 -0.0030474 0.9890669
1769789793.333696 0.7240443 -0.6710862 0.3180201 -0.0831333 -0.1155867 -0.0045949 0.9898018
1769789793.400357 0.7250744 -0.6677075 0.3270455 -0.0791206 -0.1144208 -0.0043665 0.9902670
1769789793.533692 0.7249396 -0.6656018 0.3360309 -0.0694005 -0.1117532 -0.0040742 0.9913012
1769789793.833698 0.7288262 -0.6673070 0.3462788 -0.0488585 -0.1082052 -0.0014589 0.9929262
1769789794.567022 0.7240631 -0.6534365 0.3505242 -0.0315921 -0.1069296 0.0002262 0.9937646
1769789795.100377 0.7175003 -0.6556931 0.3427895 -0.0394657 -0.1085105 0.0018120 0.9933100
1769789795.367039 0.7190214 -0.6558532 0.3385617 -0.0468807 -0.1100451 0.0013327 0.9928195
1769789795.600356 0.7134280 -0.5875370 0.3318175 -0.0462253 -0.1099719 0.0009520 0.9928588
1769789795.700388 0.7128721 -0.5824466 0.3294286 -0.0489599 -0.1103344 0.0005030 0.9926878
1769789795.867036 0.7109309 -0.5831958 0.3257428 -0.0552908 -0.1105520 0.0009124 0.9923308
1769789796.133727 0.7146749 -0.4901471 0.3163901 -0.0543002 -0.1104038 0.0002084 0.9924024
1769789796.267059 0.7125447 -0.4464257 0.3147661 -0.0525004 -0.1112570 -0.0131715 0.9923165
1769789796.400398 0.7055955 -0.4003523 0.3043846 -0.0460605 -0.1145044 -0.0624639 0.9903865
1769789796.500388 0.6955976 -0.3611974 0.3127873 -0.0410490 -0.1160541 -0.0985296 0.9874910
1769789796.667066 0.6809548 -0.2989401 0.3308590 -0.0327215 -0.1190120 -0.1531149 0.9804699
1769789796.933728 0.6942447 -0.2308351 0.2834616 -0.0233226 -0.1209990 -0.2265346 0.9661767
1769789797.133725 0.6967003 -0.1779087 0.2936832 -0.0165360 -0.1210719 -0.2706027 0.9549044
1769789797.400386 0.7179282 -0.1351128 0.2963647 -0.0107353 -0.1196338 -0.3113458 0.9426751
1769789797.667065 0.7476388 -0.1146757 0.2975112 -0.0075392 -0.1202818 -0.3324185 0.9354001
1769789797.933743 0.7923942 -0.1199883 0.2909357 -0.0078349 -0.1217724 -0.3386515 0.9329659
1769789798.133723 0.8319330 -0.1360628 0.3049020 -0.0075692 -0.1227019 -0.3264164 0.9371976
1769789798.233732 0.8490113 -0.1504833 0.3103341 -0.0092809 -0.1221337 -0.3182140 0.9400730
1769789798.367060 0.8741105 -0.1769393 0.3313366 -0.0125065 -0.1217652 -0.3006575 0.9458445
1769789798.467059 0.8952335 -0.2076935 0.3283454 -0.0165970 -0.1210996 -0.2827512 0.9513733
1769789798.533720 0.9227348 -0.2256326 0.3256944 -0.0181446 -0.1222132 -0.2648148 0.9563513
1769789798.633726 0.9495590 -0.2493366 0.3367391 -0.0207395 -0.1206892 -0.2354176 0.9641486
1769789798.733719 0.9821276 -0.2848464 0.3347767 -0.0254297 -0.1204440 -0.2036543 0.9712731
1769789798.800388 0.9980544 -0.2985271 0.3452215 -0.0270542 -0.1197054 -0.1847028 0.9751018
1769789798.933764 1.0243403 -0.3233820 0.3899268 -0.0270471 -0.1178579 -0.1532660 0.9807587
1769789799.033724 1.0480165 -0.3559647 0.3993618 -0.0228047 -0.1154503 -0.1445387 0.9824764
1769789799.133723 1.0746899 -0.3822136 0.3960119 -0.0138465 -0.1117950 -0.1414118 0.9835206
1769789799.267055 1.1103346 -0.4176564 0.4082199 -0.0012582 -0.1054156 -0.1371004 0.9849312
1769789799.400387 1.1375804 -0.4569346 0.4119062 0.0100293 -0.0938573 -0.1351656 0.9863166
1769789799.533728 1.1594309 -0.4929549 0.4263333 0.0217060 -0.0798381 -0.1322114 0.9877626
1769789799.667057 1.1448584 -0.5046206 0.4673725 0.0305205 -0.0543479 -0.1306090 0.9894726
1769789799.800397 1.1732413 -0.5512526 0.4825508 0.0316419 -0.0342803 -0.1269324 0.9908137
1769789799.933730 1.2169529 -0.5985278 0.5326668 0.0286344 -0.0173789 -0.1241865 0.9916934
1769789800.133715 1.2699324 -0.6607814 0.5676455 0.0107119 -0.0076314 -0.1229681 0.9923235
1769789800.167054 1.2972924 -0.6672819 0.5518591 -0.0022985 -0.0149604 -0.1168797 0.9930307
1769789800.200383 1.3036329 -0.6622813 0.5580150 -0.0152535 -0.0195410 -0.1135790 0.9932197
1769789800.267055 1.3095418 -0.6549075 0.5711914 -0.0373567 -0.0294563 -0.1073830 0.9930789
1769789800.367057 1.3364511 -0.6589680 0.5865731 -0.0602086 -0.0477794 -0.0868088 0.9932554
1769789800.600384 1.3906928 -0.6925049 0.6112579 -0.1013213 -0.0764113 -0.0556655 0.9903518
1769789800.900409 1.4777569 -0.7575375 0.6283314 -0.1200310 -0.1008324 -0.0153711 0.9875166
1769789801.200383 1.5539842 -0.8347306 0.6465316 -0.1138441 -0.1138994 0.0074600 0.9869199
1769789801.467060 1.6121894 -0.8958830 0.6614957 -0.0977535 -0.1200406 0.0147695 0.9878342
1769789801.800394 1.6734118 -0.9105492 0.6851271 -0.0819070 -0.1248991 0.0257850 0.9884466
1769789802.233722 1.7218798 -0.8709465 0.7011027 -0.0689147 -0.1283215 0.0314843 0.9888342
1769789802.500385 1.7475761 -0.8173856 0.6883006 -0.0615563 -0.1290523 0.0328743 0.9891793
1769789802.767053 1.7622209 -0.7470207 0.6831955 -0.0560762 -0.1297273 0.0314636 0.9894627
1769789803.033721 1.7662555 -0.6590268 0.6774895 -0.0505526 -0.1288528 0.0320797 0.9898547
1769789803.300382 1.7616656 -0.5621461 0.6736700 -0.0456135 -0.1277701 0.0318112 0.9902436
1769789803.567067 1.7542093 -0.4612371 0.6660296 -0.0417932 -0.1269653 0.0310336 0.9905403
1769789803.867060 1.7455341 -0.4357974 0.6575519 -0.0503026 -0.1260630 0.0312389 0.9902534
1769789804.133752 1.7386221 -0.4165055 0.6425303 -0.0580141 -0.1265263 0.0347795 0.9896544
1769789804.433742 1.7191871 -0.3715989 0.6240836 -0.0619221 -0.1277532 0.0270765 0.9895007
1769789804.700408 1.7056886 -0.3456790 0.5898049 -0.0650667 -0.1281313 0.0296587 0.9891760
1769789805.033732 1.6781459 -0.3039370 0.5680099 -0.0648538 -0.1298888 0.0272466 0.9890301
1769789805.300404 1.6506777 -0.2988242 0.5345896 -0.0677649 -0.1288210 0.0206644 0.9891340
1769789805.567066 1.6234469 -0.2978964 0.5133213 -0.0671766 -0.1295589 0.0197750 0.9890959
1769789805.867062 1.5961852 -0.3185640 0.4945923 -0.0667741 -0.1311457 0.0226352 0.9888527
1769789806.167063 1.5632401 -0.3579602 0.4770262 -0.0652419 -0.1325276 0.0267751 0.9886673
1769789806.400388 1.5400242 -0.4032809 0.4631500 -0.0640980 -0.1338940 0.0313142 0.9884247
1769789806.567060 1.5321029 -0.4355786 0.4458000 -0.0602047 -0.1361941 0.0379865 0.9881213
1769789806.700398 1.5167345 -0.4696652 0.4370340 -0.0588850 -0.1364423 0.0388288 0.9881338
1769789806.800394 1.5122812 -0.4872378 0.4226814 -0.0550951 -0.1378258 0.0404765 0.9880943
1769789806.900391 1.5086936 -0.4859339 0.4203078 -0.0457993 -0.1393704 0.0364072 0.9885104
1769789807.033737 1.4949692 -0.4892433 0.4194065 -0.0335288 -0.1417296 0.0258991 0.9889984
1769789807.167060 1.5015478 -0.5035357 0.3931278 -0.0186981 -0.1479023 0.0314116 0.9883262
1769789807.300395 1.3590105 -0.5141357 0.4713471 -0.0125454 -0.1303896 0.0085361 0.9913467
1769789807.400409 1.3512087 -0.5375780 0.4735625 -0.0035907 -0.1341743 0.0104633 0.9908960
1769789807.533725 1.3459022 -0.5767469 0.4492265 0.0058418 -0.1457119 0.0118107 0.9892393
1769789807.700387 1.1950941 -0.6012244 0.4568211 0.0238393 -0.1547009 0.0096292 0.9876267
1769789807.767059 1.1844079 -0.5972050 0.4633852 0.0328893 -0.1645228 0.0080039 0.9857923
1769789807.833726 1.1748482 -0.5960618 0.4767032 0.0385720 -0.1744144 0.0092802 0.9838728
1769789807.867056 1.1719021 -0.5950075 0.4799009 0.0415752 -0.1794035 0.0086313 0.9828588
1769789807.900395 1.1701075 -0.5938186 0.4809072 0.0435574 -0.1839555 0.0103801 0.9819142
1769789807.967054 1.1720886 -0.5977185 0.4693129 0.0445063 -0.1918797 0.0126968 0.9803265
1769789808.000388 1.1700100 -0.5982005 0.4699245 0.0445481 -0.1943193 0.0135913 0.9798320
1769789808.033719 1.1721252 -0.6010879 0.4664210 0.0434154 -0.1967792 0.0157083 0.9793602
1769789808.100390 1.1738195 -0.6047481 0.4541379 0.0415870 -0.1977986 0.0198216 0.9791595
1769789808.167071 1.1649909 -0.6080202 0.4647544 0.0218578 -0.1952554 0.0189312 0.9803261
1769789808.233725 1.1575918 -0.6197610 0.4728070 -0.0073226 -0.1899845 0.0124233 0.9816812
1769789808.267056 1.1518596 -0.6208067 0.4834142 -0.0172876 -0.1877860 0.0111803 0.9819942
1769789808.300445 1.1473430 -0.6312751 0.4817075 -0.0276503 -0.1851244 0.0096529 0.9822786
1769789808.433729 1.1302187 -0.6627889 0.4680111 -0.0560591 -0.1756535 0.0053781 0.9828399
1769789808.567075 1.1201353 -0.6969038 0.4393397 -0.0767139 -0.1684702 0.0007004 0.9827168
1769789808.700396 1.1077771 -0.7336669 0.4191925 -0.0896564 -0.1628438 -0.0018809 0.9825681
1769789808.900392 1.0722481 -0.7671523 0.4272004 -0.0959910 -0.1550728 -0.0042628 0.9832192
1769789809.033722 1.0550776 -0.7885642 0.4263723 -0.0945828 -0.1505483 -0.0044741 0.9840576
1769789809.167054 1.0378284 -0.7998153 0.4299403 -0.0896483 -0.1463012 -0.0040670 0.9851612
1769789809.300394 1.0377507 -0.7986509 0.4298178 -0.0811334 -0.1443372 -0.0031619 0.9861917
1769789809.733730 1.0380288 -0.7950000 0.4359366 -0.0654262 -0.1392234 -0.0006605 0.9880971
1769789810.433736 1.0388737 -0.7976257 0.4363838 -0.0627269 -0.1360778 0.0022674 0.9887078
1769789810.600420 1.0379694 -0.7761556 0.4327292 -0.0614731 -0.1354748 0.0013100 0.9888710
1769789810.700402 1.0387532 -0.7552538 0.4300370 -0.0606338 -0.1351010 0.0009778 0.9889744
1769789810.800396 1.0394094 -0.7346098 0.4282030 -0.0597977 -0.1347433 0.0004344 0.9890745
1769789810.967054 1.0446619 -0.6987687 0.4252214 -0.0583365 -0.1348463 -0.0000270 0.9891478
1769789811.133720 1.0509068 -0.6629406 0.4256105 -0.0572709 -0.1346560 -0.0003299 0.9892359
1769789811.433725 1.0663762 -0.6024479 0.4224662 -0.0555412 -0.1350169 -0.0011162 0.9892848
1769789811.667064 1.0831453 -0.5623834 0.4234707 -0.0551180 -0.1351247 -0.0005856 0.9892942
1769789811.967056 1.1066431 -0.5209484 0.4230077 -0.0548015 -0.1355350 -0.0013051 0.9892550
1769789812.267077 1.1240219 -0.4840705 0.4438334 -0.0532848 -0.1363577 -0.0027715 0.9892218
1769789812.633735 1.1554941 -0.4690074 0.4423517 -0.0556799 -0.1358984 -0.0002247 0.9891569
1769789813.067049 1.2106104 -0.4754507 0.4001337 -0.0579668 -0.1373768 0.0012236 0.9888205
1769789813.600389 1.2409208 -0.4918058 0.3973158 -0.0591780 -0.1364013 0.0006000 0.9888844
1769789813.967043 1.2561393 -0.4978179 0.4042931 -0.0583942 -0.1372119 0.0005036 0.9888189
1769789814.067046 1.2590969 -0.4991172 0.4078470 -0.0583363 -0.1372400 0.0006780 0.9888183
1769789814.500384 1.2721084 -0.5071186 0.4146007 -0.0581535 -0.1392030 0.0010844 0.9885543
1769789815.167043 1.2803705 -0.5091342 0.4234522 -0.0591706 -0.1410770 0.0002151 0.9882287
1769789816.467061 1.2826917 -0.5089887 0.4246395 -0.0584273 -0.1420890 0.0004063 0.9881279
