1769789733500387584.000000 0.000000000 0.000000000 0.000000000 -0.000000000 -0.000000000 -0.000000000 1.000000000
1769789733567055872.000000 0.000175287 0.000922665 0.000876524 0.000217133 -0.000060954 0.000531150 0.999999821
1769789733600384000.000000 0.000720601 0.001981544 0.001194762 0.000389085 -0.000169234 0.000273267 0.999999881
1769789733700389888.000000 -0.000032618 0.001425246 0.000758750 0.000071760 -0.000161543 -0.000841156 0.999999642
1769789733900390400.000000 0.000221909 0.004271176 0.000191890 0.001023233 -0.000230775 -0.000541082 0.999999344
1769789734200392704.000000 0.000218518 0.002643226 0.001528500 0.000363286 0.000012631 -0.000228064 0.999999940
1769789734400455680.000000 0.007517376 0.004801554 0.048000857 0.000585169 -0.002240731 0.004870624 0.999985456
1769789738967080192.000000 0.040079795 -0.010847609 0.111760564 0.000817504 -0.003816780 0.004879341 0.999980509
1769789739833715712.000000 0.087231994 -0.014351818 0.131532431 0.003091844 -0.001033877 0.006437544 0.999973953
1769789740467053568.000000 0.134176314 0.005946347 0.147191390 0.006760408 0.002624456 0.007238687 0.999947488
1769789740867060224.000000 0.164743483 0.035471663 0.159785584 0.010018197 0.006601023 0.006330984 0.999908030
1769789741033723648.000000 0.176736102 0.044311460 0.163883865 0.010093517 0.008052244 0.006619429 0.999894738
1769789741167051776.000000 0.177444518 0.046309873 0.162940636 0.008960553 0.010935977 0.006504013 0.999878943
1769789741267052544.000000 0.177142769 0.051054813 0.160149246 0.008651054 0.013048782 0.006653192 0.999855340
1769789741467063552.000000 0.184510112 0.065499760 0.162769958 0.007440793 0.015849231 0.006073890 0.999828279
1769789741567057920.000000 0.190219820 0.066179872 0.161389485 0.005952497 0.017006541 0.006763235 0.999814808
1769789741700384768.000000 0.201267719 0.078565679 0.170188144 0.005487767 0.018067168 0.006628300 0.999799788
1769789741867057920.000000 0.206183866 0.082929783 0.166531235 0.002545766 0.020028030 0.007398588 0.999768794
1769789742033744128.000000 0.208826035 0.086531773 0.166752264 0.000345324 0.023972902 0.008390231 0.999677360
1769789742433750016.000000 0.221459776 0.097724855 0.161421329 -0.006826863 0.023830466 0.010141016 0.999641299
1769789742967083008.000000 0.234843135 0.142971456 0.167905897 -0.007080993 0.021730557 0.006880838 0.999715149
1769789743933763072.000000 0.198320746 0.120980434 0.142863855 -0.003286040 0.017628284 0.007769097 0.999809027
1769789744300409600.000000 0.167884856 0.079971075 0.129920989 0.002956476 0.016621554 0.009796822 0.999809504
1769789744667085568.000000 0.159915552 0.078948885 0.142099023 0.026219701 0.009438700 0.003884507 0.999604106
1769789744867091456.000000 0.146912232 0.042036999 0.125941843 0.041614830 0.002701447 0.005310954 0.999116004
1769789745000419072.000000 0.138180822 -0.014005348 0.106241383 0.044875275 -0.008897330 0.013508611 0.998861670
1769789745100411392.000000 0.136406898 -0.041739117 0.133136004 0.053080156 -0.020083252 0.009739467 0.998340786
1769789745233740032.000000 0.111100286 -0.099792540 0.133662045 0.056082908 -0.033531144 0.013003652 0.997778177
1769789745400410624.000000 0.091522299 -0.164074019 0.149625435 0.057080988 -0.047906257 0.012917723 0.997135818
1769789745467073280.000000 0.067467295 -0.182078078 0.140597641 0.055932116 -0.047748633 0.014859517 0.997181475
1769789745533754624.000000 0.065074213 -0.224877328 0.137587205 0.050179638 -0.047132578 0.018280905 0.997459948
1769789745600427008.000000 0.048051611 -0.217772782 0.139845490 0.048051436 -0.041793555 0.017454850 0.997817457
1769789745700414720.000000 0.020915166 -0.232744783 0.114485875 0.010603340 -0.033076469 0.010982767 0.999336243
1769789745867070720.000000 -0.003803397 -0.282887816 0.081994399 -0.030285317 -0.025214834 0.007775110 0.999192953
1769789746033743872.000000 -0.028877174 -0.301875293 0.121348254 -0.054730978 -0.021359630 0.005043784 0.998259902
1769789746167072768.000000 -0.059166443 -0.335476726 0.128462121 -0.068075098 -0.017067602 0.001902718 0.997532427
1769789746333742848.000000 -0.094983630 -0.385521501 0.105669282 -0.075548008 -0.012403402 0.001050096 0.997064471
1769789746467092224.000000 0.274120122 -0.589564621 0.173636273 -0.094141483 -0.051156513 -0.005396732 0.994228959
1769789746633758720.000000 0.275749475 -0.580910563 0.177549586 -0.079768039 -0.051048357 -0.005691783 0.995489240
1769789746933747968.000000 0.279724061 -0.567814291 0.208422437 -0.050903309 -0.049954511 -0.004359251 0.997443914
1769789747533736448.000000 0.301074535 -0.547499418 0.260231704 -0.023715053 -0.055612255 -0.000189231 0.998170793
1769789748800403200.000000 0.281291246 -0.566060364 0.206158966 -0.044201143 -0.060648881 0.003612409 0.997173488
1769789749000404480.000000 0.274011016 -0.571369648 0.197284102 -0.051660117 -0.060563255 0.005528015 0.996811330
1769789749300430848.000000 -0.167790085 -0.285165966 0.137766525 -0.029355014 -0.013492731 0.009399990 0.999433815
1769789749467089408.000000 -0.164599657 -0.268431544 0.127960801 -0.033411313 -0.014034717 0.000384502 0.999343097
1769789749633745920.000000 -0.180100918 -0.205309734 0.143197298 -0.030626301 -0.016136071 -0.064972594 0.997286439
1769789749733749760.000000 -0.188135028 -0.166389763 0.163675100 -0.030240664 -0.017078981 -0.096788824 0.994698822
1769789750000441344.000000 -0.196534559 -0.082800403 0.143120393 -0.026847919 -0.021760561 -0.178424314 0.983346581
1769789750300447232.000000 -0.190540731 -0.009428079 0.131483883 -0.025904574 -0.022230491 -0.254085898 0.966579139
1769789750467108096.000000 -0.184383348 0.023845961 0.129887387 -0.024863292 -0.021009753 -0.286049038 0.957661927
1769789750633776896.000000 -0.169523790 0.048629265 0.128528595 -0.023957424 -0.020698795 -0.308250934 0.950778127
1769789750900440576.000000 -0.134564623 0.076198965 0.131713778 -0.021503255 -0.022466807 -0.328065336 0.944142997
1769789751067109632.000000 -0.113063440 0.071393453 0.111147419 -0.022147417 -0.023051396 -0.332805067 0.942453682
1769789751233768960.000000 -0.084362425 0.061184108 0.133091569 -0.022928692 -0.023518758 -0.329673648 0.943523407
1769789751433784320.000000 -0.047395065 0.035747167 0.131720215 -0.023565387 -0.022404209 -0.316183656 0.948140621
1769789751533771008.000000 -0.024381462 0.020752434 0.133455202 -0.023655089 -0.022759343 -0.305303007 0.951689303
1769789751600453376.000000 -0.007152179 0.000545631 0.140715614 -0.025226880 -0.022904366 -0.294645518 0.954998970
1769789751700454656.000000 0.013161829 -0.027341060 0.120037496 -0.026537286 -0.021976281 -0.274885178 0.960859478
1769789751767122688.000000 0.036339961 -0.046072345 0.122844838 -0.026150031 -0.021586681 -0.257149607 0.965776503
1769789751833785856.000000 0.059165996 -0.054926053 0.120124653 -0.024185833 -0.021259546 -0.235300481 0.971389115
1769789751967109888.000000 0.101828031 -0.094714746 0.110416792 -0.024357844 -0.020182906 -0.194661379 0.980360329
1769789752033777152.000000 0.114187554 -0.110474475 0.114728019 -0.025235979 -0.018064482 -0.175840735 0.983929276
1769789752100437760.000000 0.143907756 -0.133154362 0.115482733 -0.024500042 -0.019674802 -0.156802654 0.987129986
1769789752300440064.000000 0.199361831 -0.188383833 0.130723044 -0.013324640 -0.016050648 -0.138656318 0.990120888
1769789752433788160.000000 0.229860023 -0.216583580 0.148769706 0.000730933 -0.008781658 -0.135491684 0.990739286
1769789752567104256.000000 0.270392299 -0.258198410 0.145644382 0.010486580 -0.001653286 -0.128310248 0.991677284
1769789752667102464.000000 0.274615794 -0.275968969 0.168103039 0.021435741 0.010414264 -0.129627809 0.991276264
1769789752800471808.000000 0.276820540 -0.295587450 0.217241347 0.033140529 0.031205643 -0.130854145 0.990356088
1769789752900441600.000000 0.289267093 -0.308687091 0.230525360 0.038673274 0.047030140 -0.121964306 0.990665078
1769789753033785088.000000 0.327587545 -0.340205431 0.257929862 0.042834904 0.068055257 -0.121998720 0.989267409
1769789753233780992.000000 0.391587824 -0.372279048 0.352841765 0.041357111 0.095743790 -0.125080526 0.986649692
1769789753367113728.000000 0.419485837 -0.421369374 0.273967803 0.021341806 0.092894472 -0.118858501 0.988325775
1769789753567110144.000000 0.453183711 -0.425224185 0.235300720 -0.038862232 0.060609579 -0.087792449 0.993533432
1769789753833775872.000000 0.514449716 -0.468885720 0.271054775 -0.081232473 0.031097820 -0.058355585 0.994499266
1769789754133771520.000000 0.607109725 -0.527964652 0.287417471 -0.093322992 0.005354298 -0.013181703 0.995534241
1769789754367106560.000000 0.649627566 -0.563455284 0.282465994 -0.083524019 -0.002340631 0.006485829 0.996481895
1769789754667100160.000000 0.712345779 -0.645694554 0.260583729 -0.066280827 -0.009627401 0.011317819 0.997690380
1769789754933812480.000000 0.742386341 -0.653895855 0.288770020 -0.050593846 -0.009244421 0.012449517 0.998598933
1769789755233767424.000000 0.794819355 -0.643512309 0.281909347 -0.041096527 -0.014482487 0.020703131 0.998835683
1769789755533770240.000000 0.823274672 -0.600846112 0.290907741 -0.030576676 -0.014575946 0.022427959 0.999174476
1769789755867115264.000000 0.855806768 -0.541199565 0.284024030 -0.026020553 -0.016629884 0.020748585 0.999307692
1769789756200432896.000000 0.851668894 -0.441167772 0.274661988 -0.020338073 -0.014264625 0.021939293 0.999450624
1769789756500434176.000000 0.856042802 -0.337988198 0.270656437 -0.016683936 -0.013539754 0.022163168 0.999523461
1769789756800445696.000000 0.842005610 -0.227746338 0.310411721 -0.013150312 -0.011708510 0.024744742 0.999538720
1769789757467080704.000000 0.815142870 -0.191476360 0.245122075 -0.033428725 -0.012939603 0.025743553 0.999025702
1769789757767077120.000000 0.768511415 -0.174129561 0.224620953 -0.039784726 -0.009962536 0.029459480 0.998724222
1769789758100408320.000000 0.731511652 -0.121648237 0.212537929 -0.041224737 -0.010296308 0.022892399 0.998834550
1769789758400420096.000000 0.711568117 -0.098450065 0.212770656 -0.041828725 -0.015419262 0.025428349 0.998682141
1769789758700410368.000000 0.669360697 -0.098680533 0.181716830 -0.044335995 -0.012645494 0.019996151 0.998736501
1769789759000406784.000000 0.635409772 -0.116153739 0.169326305 -0.044789936 -0.014141072 0.020893745 0.998677850
1769789759233742080.000000 0.604772031 -0.135646954 0.164148942 -0.043703966 -0.015588460 0.018781155 0.998746336
1769789759467073792.000000 0.576268733 -0.166072726 0.157027468 -0.041571762 -0.016577778 0.020746473 0.998782516
1769789759700414208.000000 0.552606225 -0.210427761 0.148613200 -0.038466081 -0.018408466 0.025479209 0.998765409
1769789759800422912.000000 0.536647022 -0.234804660 0.134977028 -0.038451999 -0.018549228 0.023810435 0.998804510
1769789759867075328.000000 0.540376425 -0.244109750 0.138160244 -0.036377490 -0.020474160 0.027894817 0.998738885
1769789759967083264.000000 0.529925466 -0.247356653 0.143623576 -0.031921692 -0.021033311 0.024299456 0.998973548
1769789760067073280.000000 0.529061437 -0.277386725 0.122162901 -0.029646505 -0.025540903 0.027454482 0.998856843
1769789760167075328.000000 0.522430599 -0.288655818 0.115133986 -0.022112697 -0.026901029 0.024272507 0.999098718
1769789760233743104.000000 0.499996662 -0.267807811 0.159713343 -0.013976892 -0.022404045 0.013414367 0.999561310
1769789760333746176.000000 0.483288139 -0.236366764 0.152804926 0.001917800 -0.023772452 0.007080001 0.999690473
1769789760400408576.000000 0.479640126 -0.253094077 0.144024536 0.006825888 -0.026838636 0.007971189 0.999584675
1769789760500410624.000000 0.461872339 -0.274847209 0.147419557 0.013995654 -0.029437950 0.007785679 0.999438345
1769789760600411904.000000 0.452808946 -0.311492890 0.135890856 0.020320788 -0.032235570 0.010700784 0.999216437
1769789760700416256.000000 0.444554090 -0.331568956 0.129685491 0.028974876 -0.040183011 0.009312935 0.998728752
1769789760833746944.000000 0.431488901 -0.373569489 0.117888547 0.039489836 -0.054823831 0.010256102 0.997662127
1769789760933743360.000000 0.422483027 -0.407820731 0.149558231 0.047409195 -0.068983823 0.006593524 0.996468842
1769789761000457984.000000 0.410215735 -0.429309577 0.148532867 0.051447332 -0.077537239 0.005868267 0.995643914
1769789761067084032.000000 0.404916406 -0.428171188 0.146285176 0.057058815 -0.088431068 0.005729623 0.994430244
1769789761133777152.000000 0.391985863 -0.427690595 0.162972644 0.061661143 -0.097122908 0.007067069 0.993335366
1769789761167090688.000000 0.400270551 -0.425162971 0.175436363 0.063776270 -0.103115745 0.009233701 0.992579699
1769789761233803264.000000 0.464352608 -0.444359899 0.174035609 0.061352074 -0.116068818 0.010668075 0.991287112
1769789761300425472.000000 0.400034547 -0.438938797 0.165866137 0.059620067 -0.112255692 0.014833487 0.991778255
1769789761367094528.000000 0.384652197 -0.437423825 0.159337878 0.047168557 -0.109149657 0.014121553 0.992805183
1769789761433756672.000000 0.365525931 -0.441695333 0.164225146 0.017571729 -0.102924369 0.016392855 0.994398892
1769789761467085824.000000 0.366719395 -0.457549691 0.141298950 0.004606282 -0.099970080 0.014203197 0.994878411
1769789761533744384.000000 0.349225760 -0.456282735 0.159651786 -0.012660515 -0.093593426 0.012758709 0.995448232
1769789761633742592.000000 0.337102294 -0.481705636 0.146052733 -0.034900367 -0.087281637 0.009864071 0.995523274
1769789761733758208.000000 0.317245573 -0.506169379 0.146975383 -0.052394975 -0.080286324 0.005716745 0.995377421
1769789761933745408.000000 0.475068271 -0.510669291 0.233374447 -0.067830272 -0.092536911 -0.001882234 0.993394434
1769789763033753600.000000 0.642941892 -0.652010202 0.318313062 -0.035255533 -0.096410923 0.000022267 0.994717062
1769789765033724928.000000 0.577247262 -0.422231078 0.265920550 -0.049561866 -0.095081858 0.002854731 0.994230866
1769789765233730304.000000 0.567932427 -0.390564412 0.257042348 -0.046083409 -0.099610701 -0.068445973 0.991599321
1769789765500388096.000000 0.175534636 -0.137197897 0.203617975 -0.024187259 -0.060939707 -0.157036781 0.985414028
1769789765767052288.000000 0.180414930 -0.065950602 0.178469926 -0.019071752 -0.061451882 -0.229630604 0.971148670
1769789766000395520.000000 0.186679438 -0.010919368 0.180726528 -0.015373556 -0.061322615 -0.278276324 0.958418190
1769789766333737728.000000 0.216663897 0.038429361 0.200489148 -0.011504710 -0.060471371 -0.321491957 0.944909453
1769789766600391168.000000 0.248985931 0.048332922 0.183983222 -0.010323964 -0.060919501 -0.337064266 0.939451933
1769789766800391936.000000 0.281932205 0.036262587 0.176473141 -0.011298341 -0.061476856 -0.336824596 0.939490378
1769789766967051520.000000 0.317863345 0.019751821 0.176105544 -0.011468525 -0.062186621 -0.324587822 0.943739414
1769789767067059968.000000 0.338633776 0.003729086 0.179462045 -0.011756104 -0.062221397 -0.313938707 0.947329342
1769789767167051520.000000 0.368482649 -0.015386319 0.180765912 -0.012922596 -0.063091122 -0.301878959 0.951168537
1769789767233742080.000000 0.379598260 -0.034375273 0.180265456 -0.014706629 -0.062719390 -0.287261516 0.955683470
1769789767300400128.000000 0.396706760 -0.058513477 0.172654942 -0.016567107 -0.062855743 -0.273623765 0.959637821
1769789767333763840.000000 0.413569659 -0.064765096 0.157525375 -0.016871968 -0.062767789 -0.265412509 0.961941659
1769789767400388864.000000 0.423438668 -0.090520710 0.152427360 -0.018140698 -0.061537929 -0.247480497 0.966766477
1769789767433719296.000000 0.434950441 -0.100814842 0.158593103 -0.020009160 -0.061598696 -0.234904692 0.969858289
1769789767500399872.000000 0.461301774 -0.116979048 0.154103532 -0.020038249 -0.061623838 -0.213131502 0.974872291
1769789767567053568.000000 0.465716213 -0.132141992 0.163339987 -0.021186313 -0.059398267 -0.193508685 0.979069650
1769789767667053824.000000 0.501097679 -0.151915178 0.181978181 -0.020389706 -0.058886625 -0.166903660 0.984001935
1769789767800396800.000000 0.529189408 -0.183138505 0.188178986 -0.016532084 -0.057012297 -0.141665995 0.988133132
1769789767867064320.000000 0.550081372 -0.205023453 0.194493309 -0.012328397 -0.056165121 -0.139093369 0.988608420
1769789767933725440.000000 0.566444099 -0.219108209 0.188416153 -0.005764571 -0.053224672 -0.139700592 0.988745511
1769789768067070208.000000 0.594352782 -0.248407349 0.213394865 0.007568368 -0.045279656 -0.136025414 0.989641190
1769789768167050240.000000 0.623782814 -0.277708679 0.213143557 0.015909873 -0.039078962 -0.132630229 0.990267098
1769789768267054592.000000 0.640933216 -0.313467115 0.222652942 0.024403982 -0.030671742 -0.132150024 0.990454495
1769789768367052288.000000 0.644728422 -0.319828421 0.241256863 0.034971181 -0.016478106 -0.131008744 0.990627170
1769789768500388096.000000 0.633804202 -0.341507822 0.294993043 0.042781495 0.009157308 -0.129190579 0.990654171
1769789768667056640.000000 0.581310034 -0.339497089 0.361841619 0.048974290 0.049989689 -0.130538478 0.988970280
1769789768933723392.000000 0.659890950 -0.419385701 0.432589710 0.035179317 0.071305558 -0.127796546 0.988608122
1769789769000386048.000000 0.680798650 -0.424289495 0.426982701 0.009706820 0.063607343 -0.123248890 0.990287662
1769789769200384256.000000 0.710046649 -0.434784949 0.411069274 -0.045457728 0.030947573 -0.097588249 0.993706405
1769789769567059456.000000 0.835027158 -0.525154293 0.408887297 -0.094478093 -0.014526863 -0.041919723 0.994537890
1769789769900396032.000000 0.944842398 -0.649887860 0.370625645 -0.102431297 -0.037281632 -0.016826410 0.993898749
1769789770167049728.000000 1.006370425 -0.702972293 0.411914587 -0.083327740 -0.044722393 0.001254083 0.995517373
1769789770433722368.000000 1.063653350 -0.734247565 0.428352624 -0.066615790 -0.049304318 0.008663910 0.996522129
1769789770767051520.000000 1.125955582 -0.736204386 0.445908219 -0.056368321 -0.055561673 0.015662218 0.996739805
1769789771167057408.000000 1.180745482 -0.668924987 0.437526643 -0.041341934 -0.058646839 0.019640896 0.997228980
1769789771467048960.000000 1.182965755 -0.576879680 0.466721803 -0.032062307 -0.056079511 0.015978953 0.997783422
1769789771867060992.000000 1.204482913 -0.448851734 0.440412164 -0.023892343 -0.056893390 0.017060850 0.997948527
1769789772167091968.000000 1.212208867 -0.330880105 0.434390664 -0.017775042 -0.057778858 0.018190505 0.998005390
1769789772533721088.000000 1.185339332 -0.321983367 0.402087718 -0.030579280 -0.054014362 0.018932017 0.997892261
1769789772833757184.000000 1.197397470 -0.290488034 0.416287720 -0.038496017 -0.056462970 0.021689154 0.997426510
1769789773167064576.000000 1.100608945 -0.244289786 0.334640086 -0.044215716 -0.046528611 0.017608803 0.997782588
1769789773433735424.000000 1.073559880 -0.190784618 0.331039965 -0.044658747 -0.046622202 0.015134637 0.997799098
1769789773667069184.000000 1.054704905 -0.160798118 0.318262011 -0.046170142 -0.047850974 0.012084235 0.997713685
1769789773700422656.000000 1.047640562 -0.152299598 0.325076699 -0.045590576 -0.046783894 0.011966424 0.997792363
1769789773933758208.000000 1.016598225 -0.130539730 0.312299907 -0.046692818 -0.046536740 0.009434898 0.997780085
1769789774233727744.000000 0.997641504 -0.116635866 0.304979831 -0.046904273 -0.050526135 0.010467564 0.997565866
1769789774500396800.000000 0.970214546 -0.129395902 0.270547688 -0.047098886 -0.050634090 0.010905026 0.997546494
1769789774767067904.000000 0.935590148 -0.152408928 0.267203927 -0.046536967 -0.051816456 0.009992282 0.997521698
1769789775033732608.000000 0.893582106 -0.175973848 0.270464778 -0.042271774 -0.051472951 0.017220248 0.997630775
1769789775200414208.000000 0.872218549 -0.220541269 0.278257817 -0.044219423 -0.052791119 0.018855261 0.997447908
1769789775300413952.000000 0.850164115 -0.237468317 0.261009604 -0.041981209 -0.050709866 0.017162330 0.997683108
1769789775433741312.000000 0.849042773 -0.238765225 0.264918566 -0.036908295 -0.053964872 0.017364498 0.997709394
1769789775600402944.000000 0.842854142 -0.239566550 0.274349749 -0.027722064 -0.055935822 0.017053898 0.997903705
1769789775733730560.000000 0.824445665 -0.251675367 0.275625646 -0.020773811 -0.056016032 0.007236626 0.998187542
1769789775867074048.000000 0.819715440 -0.249087259 0.275272161 -0.005648596 -0.059548561 0.004659532 0.998198569
1769789776000401920.000000 0.798806250 -0.280858308 0.267044336 0.003864226 -0.062102526 0.005122205 0.998049140
1769789776067065344.000000 0.790595353 -0.295181423 0.263999909 0.009044611 -0.064457595 0.006433147 0.997858703
1769789776167071232.000000 0.778619885 -0.318306714 0.258230329 0.018085008 -0.066631585 0.006406495 0.997593164
1769789776233736960.000000 0.773851395 -0.333984494 0.259502947 0.024322819 -0.071235493 0.007887674 0.997131765
1769789776333729792.000000 0.762408674 -0.363824964 0.255228549 0.031451367 -0.079665847 0.007292863 0.996298671
1769789776433738496.000000 0.762484133 -0.381843209 0.237427130 0.041060776 -0.091536775 0.005728548 0.994938314
1769789776500408064.000000 0.745033085 -0.412159264 0.239187181 0.045033623 -0.099566720 0.006264683 0.993991554
1769789776533728000.000000 0.734646559 -0.413820922 0.253627717 0.048772980 -0.103006124 0.005097386 0.993471146
1769789776600396544.000000 0.723393679 -0.414897621 0.263064355 0.055038992 -0.112943381 0.003132203 0.992070913
1769789776700404224.000000 0.722422540 -0.412237972 0.264302403 0.063404419 -0.129893214 0.005315269 0.989484429
1769789776767083520.000000 0.716048598 -0.410654843 0.259274960 0.066323616 -0.137814194 0.005827978 0.988217831
1769789776800421120.000000 0.715739667 -0.410405785 0.265296638 0.066679537 -0.140789643 0.006915452 0.987767339
1769789776833742592.000000 0.714136958 -0.408772677 0.265493810 0.067145020 -0.143576324 0.007607198 0.987329543
1769789776867077120.000000 0.712610245 -0.409684271 0.269139409 0.066327073 -0.145315468 0.009443917 0.987114429
1769789776900408064.000000 0.716350555 -0.412797362 0.260654956 0.064870298 -0.146677434 0.012044018 0.986981571
1769789776967086080.000000 0.704840899 -0.414578378 0.274878919 0.050115470 -0.143766671 0.010811568 0.988282740
1769789777033730304.000000 0.698258460 -0.449658006 0.256501466 0.015866529 -0.138393834 0.013427974 0.990159094
1769789777067064064.000000 0.680287719 -0.456784725 0.272410184 0.002501412 -0.134189248 0.012230302 0.990877092
1769789777100400640.000000 0.673165619 -0.461038113 0.276182592 -0.006547122 -0.131871760 0.010272479 0.991191924
1769789777133731584.000000 0.661633551 -0.469416738 0.290556818 -0.015495853 -0.128426954 0.008835064 0.991558552
1769789777233726976.000000 0.781940103 -0.490784466 0.332056522 -0.037230272 -0.137323022 0.004661066 0.989815474
1769789777333736448.000000 0.619290471 -0.506909430 0.301369607 -0.054031622 -0.114589721 0.004839344 0.991930664
1769789777433735424.000000 0.595227420 -0.533895135 0.297573626 -0.066386640 -0.109034352 0.000728099 0.991818428
1769789777500402944.000000 0.585026205 -0.549626112 0.291738391 -0.071719669 -0.105695598 -0.000180437 0.991808772
1769789777633730048.000000 0.567205369 -0.583099604 0.287358284 -0.077141404 -0.100246392 -0.002320971 0.991964996
1769789777733728256.000000 0.676800013 -0.622890830 0.326968372 -0.078452051 -0.110774815 -0.003216471 0.990739048
1769789777900399616.000000 0.647177875 -0.650169373 0.338196933 -0.071386196 -0.104524672 -0.004491118 0.991946816
1769789778033734912.000000 0.644655585 -0.644828498 0.356764615 -0.059247993 -0.102132849 -0.003588589 0.992998362
1769789778200391936.000000 0.646248043 -0.644577265 0.362692595 -0.048577327 -0.099913575 -0.002264794 0.993807077
1769789778967060736.000000 0.648602128 -0.643349886 0.371488869 -0.030485122 -0.099322610 0.000015474 0.994588196
1769789779133727488.000000 0.650293350 -0.643635035 0.371799022 -0.031637851 -0.100198478 0.000179415 0.994464338
1769789779333725696.000000 0.647781670 -0.640709579 0.367330462 -0.034214128 -0.100705586 0.001012518 0.994327307
1769789779500403968.000000 0.643074453 -0.642772019 0.349403977 -0.038203418 -0.100665167 0.001205223 0.994185865
1769789779600411392.000000 0.639041424 -0.652470171 0.330033034 -0.041803058 -0.100437395 0.001841772 0.994063139
1769789779700416000.000000 0.637876749 -0.645493329 0.302429199 -0.043460436 -0.100135304 0.001851633 0.994022548
1769789779800403968.000000 0.630655229 -0.611789405 0.310423970 -0.042435423 -0.100258544 0.001724761 0.994054556
1769789779900402944.000000 0.626653075 -0.577629268 0.309231818 -0.041655250 -0.100147091 0.001521545 0.994099140
1769789780000390912.000000 0.628097355 -0.556622863 0.305796981 -0.042756982 -0.100621328 0.001559739 0.994004428
1769789780100391424.000000 0.622519135 -0.520799100 0.302403867 -0.041784342 -0.100372896 0.001399500 0.994071126
1769789780267062016.000000 0.496227205 -0.456563115 0.265836060 -0.040788081 -0.086886853 0.001364031 0.995381892
1769789780400403968.000000 0.492570758 -0.442608953 0.258020937 -0.043718655 -0.086267084 0.002298797 0.995309711
1769789780533735936.000000 0.496411890 -0.394591451 0.249669552 -0.043147728 -0.086432874 0.002663259 0.995319307
1769789780667070720.000000 0.493296266 -0.347312778 0.241647184 -0.041592579 -0.085859880 -0.007829897 0.995407879
1769789780767139072.000000 0.481225103 -0.310609400 0.241937771 -0.037156973 -0.087576531 -0.045768339 0.994411886
1769789780833723904.000000 0.474577606 -0.282642692 0.250951111 -0.034021761 -0.088417605 -0.071562901 0.992926776
1769789780933719552.000000 0.469222665 -0.247589484 0.256484985 -0.030765336 -0.090165727 -0.107233442 0.989658892
1769789781033716992.000000 0.464134544 -0.223859161 0.239109159 -0.028014397 -0.091491275 -0.140352145 0.985467315
1769789781200382720.000000 0.470247090 -0.172886640 0.208128765 -0.022014972 -0.094506338 -0.189160615 0.977139771
1769789781367052800.000000 0.466020405 -0.124874376 0.225862488 -0.017569683 -0.093244463 -0.233601660 0.967691600
1769789781567056384.000000 0.477294177 -0.074998364 0.224617600 -0.011795198 -0.093832411 -0.273219824 0.957291663
1769789781800386560.000000 0.493015081 -0.035762157 0.229119003 -0.007180909 -0.091978557 -0.307120889 0.947188079
1769789782133714688.000000 0.532264829 -0.011893228 0.228272498 -0.004996679 -0.092987686 -0.334650904 0.937729776
1769789782400386048.000000 0.573453248 -0.022978298 0.234306395 -0.005731249 -0.094360121 -0.335155457 0.937408209
1769789782567051776.000000 0.601610065 -0.041535180 0.234267160 -0.007068529 -0.093281090 -0.327181399 0.940319657
1769789782667052032.000000 0.626420796 -0.057709984 0.227181956 -0.007991453 -0.093524545 -0.315070570 0.944415092
1769789782767058176.000000 0.650588751 -0.084385321 0.228353724 -0.010501337 -0.093665272 -0.301253349 0.948874593
1769789782833730560.000000 0.663801610 -0.098516986 0.231851012 -0.010997492 -0.092415683 -0.290243089 0.952416599
1769789782900395264.000000 0.685173333 -0.117869392 0.240405932 -0.013857628 -0.094005115 -0.275599092 0.956564784
1769789782967058688.000000 0.705322504 -0.132226601 0.250700653 -0.014854329 -0.094535254 -0.255999625 0.961928606
1769789783033731328.000000 0.716431260 -0.145893574 0.270431489 -0.016423702 -0.092798643 -0.237448260 0.966818035
1769789783100384768.000000 0.740382552 -0.166663468 0.274508953 -0.017824065 -0.093362376 -0.214609995 0.972063959
1769789783167057152.000000 0.744735479 -0.172552109 0.307040423 -0.017936999 -0.090814292 -0.195135385 0.976398051
1769789783233716736.000000 0.750087261 -0.177870318 0.332193345 -0.018730737 -0.088342302 -0.177808300 0.979912758
1769789783300383488.000000 0.767370760 -0.197423935 0.308758557 -0.018786853 -0.088334382 -0.159758478 0.983016491
1769789783400394496.000000 0.793059111 -0.224876985 0.333019674 -0.016413728 -0.087365121 -0.144213393 0.985545754
1769789783500386560.000000 0.823195815 -0.246337831 0.340166777 -0.007291780 -0.085931383 -0.140520319 0.986314714
1769789783533737728.000000 0.817545474 -0.263093501 0.341497898 -0.005862738 -0.082753778 -0.139965400 0.986674786
1769789783667067648.000000 0.856053948 -0.290139139 0.360346496 0.007966871 -0.076469630 -0.136125967 0.987703741
1769789783767082240.000000 0.881551385 -0.319243073 0.355393469 0.017688427 -0.067976385 -0.135190070 0.988326848
1769789783933712640.000000 0.913188815 -0.360877573 0.378077954 0.033541627 -0.052011017 -0.132681563 0.989224672
1769789784033721088.000000 0.908613980 -0.379168779 0.400363803 0.038202465 -0.033309165 -0.130660728 0.990130782
1769789784133711872.000000 0.917218864 -0.405379206 0.421588153 0.040734600 -0.016282639 -0.129161149 0.990652800
1769789784300404736.000000 0.913221955 -0.435779512 0.459475875 0.042066894 0.016180115 -0.129523471 0.990551531
1769789784600377600.000000 0.986847281 -0.492802471 0.429646343 0.003739700 0.023175988 -0.120682061 0.992413580
1769789784700379904.000000 1.008859873 -0.492718190 0.433574796 -0.028265201 0.005595925 -0.103987232 0.994161189
1769789784867054592.000000 1.049915195 -0.517624259 0.418842226 -0.062134121 -0.021662075 -0.074941657 0.995014489
1769789785133712896.000000 1.129214168 -0.559889913 0.448688149 -0.092900716 -0.050862428 -0.036594287 0.993701816
1769789785467050752.000000 1.167465329 -0.611949921 0.451039314 -0.094012223 -0.063257314 -0.003857779 0.993551850
1769789785833720320.000000 1.193852782 -0.637867391 0.462265790 -0.065407760 -0.066274874 0.008081343 0.995622516
1769789786233710080.000000 1.254390240 -0.663421571 0.502776206 -0.047679506 -0.070331633 0.018139336 0.996218383
1769789786600390912.000000 1.284150362 -0.621827126 0.501782238 -0.035309602 -0.072464734 0.015613742 0.996623516
1769789786933718528.000000 1.311079979 -0.574423373 0.507088959 -0.029244846 -0.072711468 0.015814815 0.996798754
1769789787300380160.000000 1.309944272 -0.515701175 0.487679362 -0.027007008 -0.069581844 0.018650984 0.997036219
1769789787700394752.000000 1.313185334 -0.407648146 0.485336006 -0.024614945 -0.068493500 0.020291952 0.997141421
1769789788033719296.000000 1.313386321 -0.372824281 0.487289906 -0.032516230 -0.068887167 0.020740721 0.996878684
1769789788333691392.000000 1.317394495 -0.343224555 0.490944922 -0.040060714 -0.069899209 0.028136728 0.996352136
1769789788733696000.000000 1.303135991 -0.310007989 0.477807105 -0.050127856 -0.070922598 0.029736388 0.995777547
1769789789033710336.000000 1.284590960 -0.254080713 0.461402655 -0.051203467 -0.071965449 0.025579913 0.995763481
1769789789367031040.000000 1.264205933 -0.212883249 0.438639462 -0.052342296 -0.075322852 0.022783846 0.995523810
1769789789633702144.000000 1.239883661 -0.194723785 0.427353561 -0.052911639 -0.076300204 0.020400550 0.995471001
1769789790033699328.000000 1.202525377 -0.204771683 0.391344368 -0.054387175 -0.078989208 0.022921149 0.995126843
1769789790367042816.000000 1.164579272 -0.239237666 0.363574147 -0.054436218 -0.080530353 0.024512293 0.994962692
1769789790633730560.000000 1.139682293 -0.269112527 0.356889457 -0.053003930 -0.081087895 0.024299590 0.994999945
1769789790900357376.000000 1.110146999 -0.309875488 0.341627479 -0.049203992 -0.082453310 0.026071733 0.995038033
1769789791033717760.000000 1.092840075 -0.347633481 0.321598262 -0.049498811 -0.083084121 0.023071794 0.995045006
1769789791100374016.000000 1.087435246 -0.355750471 0.322129399 -0.047842275 -0.083393537 0.022709841 0.995108485
1769789791233703936.000000 1.084670544 -0.350532621 0.324835718 -0.038482133 -0.085692093 0.021806754 0.995339394
1769789791400357888.000000 1.072400331 -0.362160206 0.334821463 -0.024904832 -0.087455869 0.016523302 0.995719969
1769789791533691648.000000 1.056585908 -0.355692178 0.336469024 -0.009570571 -0.089602672 0.011221132 0.995868444
1769789791633690880.000000 1.052616596 -0.374728292 0.321146667 -0.001156465 -0.093971997 0.013233721 0.995486200
1769789791667032832.000000 1.046404004 -0.381895334 0.324251711 0.001264677 -0.094669551 0.012703446 0.995426893
1769789791800365568.000000 1.030506849 -0.417156488 0.316783935 0.011784240 -0.097938620 0.012927420 0.995038688
1769789791867024128.000000 1.018682122 -0.439222842 0.321247607 0.015893754 -0.102110617 0.013922354 0.994548619
1769789791967027200.000000 1.005934954 -0.470952809 0.313899100 0.023523211 -0.111210607 0.011988500 0.993446112
1769789792067031040.000000 0.990568817 -0.493789762 0.315321296 0.032347716 -0.122816861 0.006142409 0.991883039
1769789792133691136.000000 0.974652112 -0.519834518 0.316575021 0.037427358 -0.130987227 0.004558031 0.990666866
1769789792200359936.000000 0.963663697 -0.526323199 0.329891175 0.043076705 -0.140809968 0.005755003 0.989082336
1769789792233697536.000000 0.956624150 -0.516247690 0.337502718 0.047743011 -0.145798460 0.004357475 0.988152087
1769789792300364032.000000 0.944956601 -0.512417674 0.352985352 0.052970219 -0.155369684 0.005301979 0.986420929
1769789792333700864.000000 0.946639955 -0.515703559 0.358350813 0.053767275 -0.160472721 0.006382134 0.985554099
1769789792367028736.000000 0.950464547 -0.515753508 0.343611538 0.054344025 -0.164731890 0.006778299 0.984816849
1769789792400355840.000000 0.944622815 -0.516858101 0.344714344 0.053714525 -0.166827127 0.009576837 0.984475374
1769789792433690624.000000 0.947093606 -0.513306439 0.350875854 0.054385807 -0.170295820 0.011018215 0.983829319
1769789792467035648.000000 0.946026087 -0.503338039 0.365328819 0.054910798 -0.172722444 0.014119193 0.983337402
1769789792533707776.000000 0.938327551 -0.515071690 0.361266047 0.048335772 -0.171722919 0.016268980 0.983824313
1769789792567050752.000000 0.931802273 -0.513013482 0.377417326 0.034377303 -0.170838401 0.016187161 0.984566152
1769789792667029760.000000 0.841132641 -0.544594526 0.313729465 -0.008551736 -0.151972502 0.010580515 0.988291085
1769789792700371456.000000 0.838262737 -0.556239545 0.305165887 -0.019988330 -0.148642585 0.011660785 0.988620222
1769789792733688064.000000 0.830148757 -0.553156078 0.325551629 -0.026714493 -0.146833807 0.010483364 0.988744795
1769789792833693952.000000 0.819990218 -0.579619229 0.299922585 -0.048057023 -0.139969260 0.009169822 0.988946438
1769789792933689856.000000 0.793767393 -0.589786887 0.317052186 -0.063537166 -0.133421808 0.002668623 0.989016950
1769789793033688832.000000 0.777621150 -0.614002943 0.311100364 -0.074968733 -0.128636956 -0.000660606 0.988853812
1769789793167028480.000000 0.752519548 -0.636770904 0.319117814 -0.082133107 -0.122440256 -0.003047422 0.989066899
1769789793333695744.000000 0.724044263 -0.671086192 0.318020135 -0.083133265 -0.115586698 -0.004594896 0.989801764
1769789793400356608.000000 0.725074410 -0.667707503 0.327045530 -0.079120636 -0.114420816 -0.004366517 0.990267038
1769789793533692160.000000 0.724939644 -0.665601850 0.336030900 -0.069400519 -0.111753225 -0.004074231 0.991301239
1769789793833697536.000000 0.728826165 -0.667306960 0.346278846 -0.048858490 -0.108205162 -0.001458931 0.992926180
1769789794567021824.000000 0.724063098 -0.653436542 0.350524247 -0.031592146 -0.106929556 0.000226231 0.993764579
1769789795100376832.000000 0.717500269 -0.655693114 0.342789471 -0.039465725 -0.108510546 0.001811980 0.993309975
1769789795367039488.000000 0.719021440 -0.655853212 0.338561684 -0.046880748 -0.110045142 0.001332718 0.992819488
1769789795600355584.000000 0.713427961 -0.587536991 0.331817508 -0.046225335 -0.109971881 0.000952035 0.992858768
1769789795700388352.000000 0.712872088 -0.582446575 0.329428613 -0.048959851 -0.110334359 0.000503033 0.992687821
1769789795867035904.000000 0.710930943 -0.583195806 0.325742811 -0.055290785 -0.110551968 0.000912423 0.992330790
1769789796133726720.000000 0.714674950 -0.490147054 0.316390067 -0.054300178 -0.110403784 0.000208446 0.992402375
1769789796267058688.000000 0.712544680 -0.446425706 0.314766139 -0.052500375 -0.111256965 -0.013171526 0.992316544
1769789796400398592.000000 0.705595493 -0.400352269 0.304384649 -0.046060525 -0.114504427 -0.062463872 0.990386486
1769789796500388096.000000 0.695597589 -0.361197382 0.312787265 -0.041048981 -0.116054088 -0.098529600 0.987490952
1769789796667066112.000000 0.680954814 -0.298940122 0.330858976 -0.032721549 -0.119011968 -0.153114885 0.980469942
1769789796933728512.000000 0.694244683 -0.230835080 0.283461630 -0.023322610 -0.120998964 -0.226534635 0.966176689
1769789797133725184.000000 0.696700335 -0.177908689 0.293683231 -0.016535955 -0.121071920 -0.270602703 0.954904377
1769789797400385792.000000 0.717928231 -0.135112792 0.296364725 -0.010735296 -0.119633846 -0.311345816 0.942675114
1769789797667065088.000000 0.747638762 -0.114675716 0.297511160 -0.007539177 -0.120281778 -0.332418501 0.935400128
1769789797933742592.000000 0.792394221 -0.119988322 0.290935725 -0.007834909 -0.121772371 -0.338651538 0.932965875
1769789798133722880.000000 0.831933022 -0.136062756 0.304901958 -0.007569232 -0.122701913 -0.326416433 0.937197566
1769789798233732096.000000 0.849011302 -0.150483310 0.310334146 -0.009280948 -0.122133739 -0.318213999 0.940072954
1769789798367060480.000000 0.874110520 -0.176939264 0.331336617 -0.012506518 -0.121765152 -0.300657541 0.945844531
1769789798467059456.000000 0.895233512 -0.207693458 0.328345448 -0.016597046 -0.121099636 -0.282751232 0.951373339
1769789798533720320.000000 0.922734797 -0.225632638 0.325694382 -0.018144574 -0.122213162 -0.264814794 0.956351340
1769789798633726208.000000 0.949559033 -0.249336600 0.336739063 -0.020739546 -0.120689213 -0.235417619 0.964148641
1769789798733719040.000000 0.982127607 -0.284846395 0.334776729 -0.025429726 -0.120444022 -0.203654334 0.971273124
1769789798800387840.000000 0.998054445 -0.298527122 0.345221490 -0.027054237 -0.119705431 -0.184702829 0.975101829
1769789798933764096.000000 1.024340272 -0.323381990 0.389926821 -0.027047072 -0.117857896 -0.153265953 0.980758667
1769789799033723904.000000 1.048016548 -0.355964720 0.399361819 -0.022804702 -0.115450256 -0.144538745 0.982476354
1769789799133723136.000000 1.074689865 -0.382213622 0.396011859 -0.013846478 -0.111794986 -0.141411781 0.983520627
1769789799267054848.000000 1.110334635 -0.417656362 0.408219934 -0.001258185 -0.105415650 -0.137100443 0.984931171
1769789799400387072.000000 1.137580395 -0.456934571 0.411906153 0.010029324 -0.093857273 -0.135165572 0.986316621
1769789799533728000.000000 1.159430861 -0.492954850 0.426333308 0.021705989 -0.079838067 -0.132211357 0.987762570
1769789799667057152.000000 1.144858360 -0.504620552 0.467372537 0.030520458 -0.054347936 -0.130608991 0.989472628
1769789799800396800.000000 1.173241258 -0.551252604 0.482550770 0.031641915 -0.034280285 -0.126932427 0.990813732
1769789799933730304.000000 1.216952920 -0.598527789 0.532666802 0.028634384 -0.017378936 -0.124186493 0.991693377
1769789800133715200.000000 1.269932389 -0.660781443 0.567645550 0.010711935 -0.007631361 -0.122968122 0.992323458
1769789800167053824.000000 1.297292352 -0.667281866 0.551859140 -0.002298532 -0.014960411 -0.116879724 0.993030727
1769789800200382976.000000 1.303632855 -0.662281334 0.558015049 -0.015253506 -0.019541025 -0.113578983 0.993219674
1769789800267054848.000000 1.309541821 -0.654907465 0.571191430 -0.037356716 -0.029456269 -0.107383028 0.993078887
1769789800367056896.000000 1.336451054 -0.658968031 0.586573064 -0.060208600 -0.047779407 -0.086808778 0.993255436
1769789800600384256.000000 1.390692830 -0.692504883 0.611257851 -0.101321250 -0.076411322 -0.055665512 0.990351796
1769789800900409344.000000 1.477756858 -0.757537484 0.628331363 -0.120030969 -0.100832373 -0.015371103 0.987516642
1769789801200383232.000000 1.553984165 -0.834730566 0.646531582 -0.113844097 -0.113899350 0.007460028 0.986919880
1769789801467060224.000000 1.612189412 -0.895882964 0.661495686 -0.097753547 -0.120040558 0.014769488 0.987834215
1769789801800393728.000000 1.673411846 -0.910549164 0.685127139 -0.081906967 -0.124899149 0.025785020 0.988446593
1769789802233722368.000000 1.721879840 -0.870946467 0.701102734 -0.068914682 -0.128321469 0.031484336 0.988834202
1769789802500385024.000000 1.747576118 -0.817385554 0.688300610 -0.061556324 -0.129052296 0.032874282 0.989179313
1769789802767053312.000000 1.762220860 -0.747020721 0.683195531 -0.056076214 -0.129727289 0.031463590 0.989462674
1769789803033720832.000000 1.766255498 -0.659026802 0.677489519 -0.050552610 -0.128852844 0.032079678 0.989854693
1769789803300382464.000000 1.761665583 -0.562146127 0.673669994 -0.045613512 -0.127770111 0.031811211 0.990243554
1769789803567066880.000000 1.754209280 -0.461237103 0.666029572 -0.041793242 -0.126965299 0.031033613 0.990540326
1769789803867059968.000000 1.745534062 -0.435797423 0.657551885 -0.050302558 -0.126063019 0.031238940 0.990253448
1769789804133752320.000000 1.738622069 -0.416505456 0.642530262 -0.058014084 -0.126526251 0.034779526 0.989654422
1769789804433741568.000000 1.719187140 -0.371598929 0.624083579 -0.061922081 -0.127753153 0.027076518 0.989500701
1769789804700408064.000000 1.705688596 -0.345678985 0.589804947 -0.065066680 -0.128131270 0.029658699 0.989175975
1769789805033731584.000000 1.678145885 -0.303937018 0.568009913 -0.064853847 -0.129888788 0.027246617 0.989030123
1769789805300403712.000000 1.650677681 -0.298824221 0.534589648 -0.067764886 -0.128821030 0.020664375 0.989134014
1769789805567066368.000000 1.623446941 -0.297896445 0.513321280 -0.067176618 -0.129558936 0.019774986 0.989095926
1769789805867061504.000000 1.596185207 -0.318564028 0.494592309 -0.066774108 -0.131145656 0.022635246 0.988852739
1769789806167062528.000000 1.563240051 -0.357960194 0.477026165 -0.065241866 -0.132527635 0.026775137 0.988667309
1769789806400388096.000000 1.540024161 -0.403280914 0.463150024 -0.064097993 -0.133894011 0.031314217 0.988424659
1769789806567059456.000000 1.532102942 -0.435578585 0.445799977 -0.060204703 -0.136194065 0.037986528 0.988121271
1769789806700398080.000000 1.516734481 -0.469665229 0.437034011 -0.058884963 -0.136442348 0.038828794 0.988133788
1769789806800393728.000000 1.512281179 -0.487237781 0.422681391 -0.055095050 -0.137825847 0.040476523 0.988094270
1769789806900390912.000000 1.508693576 -0.485933930 0.420307785 -0.045799289 -0.139370382 0.036407229 0.988510430
1769789807033736704.000000 1.494969249 -0.489243329 0.419406533 -0.033528816 -0.141729578 0.025899060 0.988998353
1769789807167059712.000000 1.501547813 -0.503535688 0.393127829 -0.018698109 -0.147902310 0.031411644 0.988326192
1769789807300394496.000000 1.359010458 -0.514135718 0.471347064 -0.012545411 -0.130389631 0.008536097 0.991346717
1769789807400409344.000000 1.351208687 -0.537578046 0.473562479 -0.003590736 -0.134174347 0.010463286 0.990895987
1769789807533724672.000000 1.345902205 -0.576746941 0.449226499 0.005841830 -0.145711914 0.011810658 0.989239335
1769789807700387328.000000 1.195094109 -0.601224363 0.456821084 0.023839278 -0.154700950 0.009629166 0.987626731
1769789807767058944.000000 1.184407949 -0.597205043 0.463385165 0.032889310 -0.164522812 0.008003887 0.985792339
1769789807833726208.000000 1.174848199 -0.596061766 0.476703227 0.038571991 -0.174414352 0.009280229 0.983872831
1769789807867055872.000000 1.171902061 -0.595007479 0.479900897 0.041575179 -0.179403514 0.008631285 0.982858777
1769789807900395520.000000 1.170107484 -0.593818605 0.480907172 0.043557383 -0.183955520 0.010380122 0.981914163
1769789807967054336.000000 1.172088623 -0.597718477 0.469312936 0.044506297 -0.191879719 0.012696778 0.980326533
1769789808000387840.000000 1.170009971 -0.598200500 0.469924539 0.044548057 -0.194319323 0.013591312 0.979831994
1769789808033718528.000000 1.172125220 -0.601087868 0.466420978 0.043415397 -0.196779236 0.015708312 0.979360163
1769789808100390144.000000 1.173819542 -0.604748070 0.454137921 0.041586984 -0.197798625 0.019821590 0.979159474
1769789808167071232.000000 1.164990902 -0.608020246 0.464754373 0.021857787 -0.195255399 0.018931236 0.980326056
1769789808233725184.000000 1.157591820 -0.619760990 0.472806960 -0.007322607 -0.189984545 0.012423303 0.981681168
1769789808267055872.000000 1.151859641 -0.620806694 0.483414233 -0.017287564 -0.187785998 0.011180297 0.981994212
1769789808300445440.000000 1.147343040 -0.631275117 0.481707513 -0.027650313 -0.185124367 0.009652910 0.982278585
1769789808433728768.000000 1.130218744 -0.662788868 0.468011111 -0.056059051 -0.175653517 0.005378112 0.982839942
1769789808567075328.000000 1.120135307 -0.696903765 0.439339668 -0.076713860 -0.168470219 0.000700368 0.982716799
1769789808700395520.000000 1.107777119 -0.733666897 0.419192493 -0.089656428 -0.162843823 -0.001880901 0.982568145
1769789808900391936.000000 1.072248101 -0.767152309 0.427200437 -0.095991038 -0.155072838 -0.004262783 0.983219206
1769789809033721600.000000 1.055077553 -0.788564205 0.426372349 -0.094582751 -0.150548309 -0.004474097 0.984057605
1769789809167053824.000000 1.037828445 -0.799815297 0.429940283 -0.089648329 -0.146301150 -0.004067001 0.985161245
1769789809300394240.000000 1.037750721 -0.798650920 0.429817826 -0.081133373 -0.144337207 -0.003161933 0.986191750
1769789809733729792.000000 1.038028836 -0.794999957 0.435936570 -0.065426193 -0.139223367 -0.000660512 0.988097072
1769789810433736448.000000 1.038873672 -0.797625721 0.436383784 -0.062726870 -0.136077836 0.002267437 0.988707781
1769789810600420352.000000 1.037969351 -0.776155591 0.432729214 -0.061473060 -0.135474786 0.001310037 0.988871038
1769789810700402432.000000 1.038753152 -0.755253792 0.430037022 -0.060633782 -0.135101005 0.000977750 0.988974392
1769789810800396288.000000 1.039409399 -0.734609842 0.428203017 -0.059797708 -0.134743303 0.000434409 0.989074469
1769789810967054336.000000 1.044661880 -0.698768675 0.425221413 -0.058336530 -0.134846315 -0.000027027 0.989147782
1769789811133719808.000000 1.050906777 -0.662940621 0.425610512 -0.057270892 -0.134656012 -0.000329941 0.989235938
1769789811433725440.000000 1.066376209 -0.602447927 0.422466248 -0.055541221 -0.135016903 -0.001116162 0.989284813
1769789811667063808.000000 1.083145261 -0.562383413 0.423470736 -0.055118047 -0.135124713 -0.000585553 0.989294171
1769789811967055616.000000 1.106643081 -0.520948350 0.423007727 -0.054801464 -0.135535017 -0.001305073 0.989254951
1769789812267076864.000000 1.124021888 -0.484070450 0.443833351 -0.053284816 -0.136357725 -0.002771501 0.989221752
1769789812633735424.000000 1.155494094 -0.469007373 0.442351729 -0.055679861 -0.135898367 -0.000224730 0.989156902
1769789813067048960.000000 1.210610390 -0.475450724 0.400133729 -0.057966784 -0.137376770 0.001223560 0.988820493
1769789813600389120.000000 1.240920782 -0.491805762 0.397315830 -0.059178017 -0.136401340 0.000600017 0.988884389
1769789813967042560.000000 1.256139278 -0.497817934 0.404293120 -0.058394171 -0.137211934 0.000503562 0.988818884
1769789814067046144.000000 1.259096861 -0.499117196 0.407846957 -0.058336329 -0.137239993 0.000678046 0.988818288
1769789814500383488.000000 1.272108436 -0.507118583 0.414600730 -0.058153473 -0.139202967 0.001084430 0.988554299
1769789815167043328.000000 1.280370474 -0.509134233 0.423452169 -0.059170615 -0.141076982 0.000215086 0.988228738
1769789816467060992.000000 1.282691717 -0.508988738 0.424639493 -0.058427330 -0.142089009 0.000406290 0.988127947
