1769782321284235520.000000 0.000000000 0.000000000 0.000000000 -0.000000000 -0.000000000 -0.000000000 1.000000000
1769782321517569280.000000 -0.000307216 -0.000176065 -0.000249447 0.000153513 -0.000001226 0.002660437 0.999996483
1769782331650933760.000000 -0.000353505 0.000214276 -0.000907539 0.003992058 0.012928227 -0.005451995 0.999893606
1769782332517600000.000000 -0.002261317 -0.001518546 -0.001501036 -0.009209046 0.034625951 -0.004500587 0.999347806
1769782332584266752.000000 -0.002418804 -0.001730232 -0.001259377 -0.010683730 0.036612771 -0.003723884 0.999265492
1769782332917600256.000000 -0.003192642 -0.002495098 -0.001577802 -0.020582035 0.044823531 -0.002669716 0.998779297
1769782333317598976.000000 -0.004277321 -0.003779337 -0.001286566 -0.034274492 0.054049730 0.000024174 0.997949839
1769782333584266240.000000 -0.005072013 -0.005183451 -0.001477851 -0.043783139 0.057352144 0.001427862 0.997392476
1769782333650931712.000000 -0.005289574 -0.005340712 -0.001502744 -0.045496128 0.057713147 0.002298513 0.997293353
1769782334617597952.000000 -0.004698426 -0.006305367 -0.002037016 -0.049114939 0.049540374 0.004364008 0.997554243
1769782334817598208.000000 -0.003926392 -0.005559832 -0.001694409 -0.041624490 0.045034308 0.004135279 0.998109341
1769782334850932224.000000 -0.003848140 -0.005481195 -0.001464625 -0.040270921 0.043724045 0.003932912 0.998223901
1769782334917598720.000000 -0.003717502 -0.005001338 -0.001697882 -0.036788598 0.042035617 0.003227391 0.998433411
1769782335117597184.000000 -0.002662100 -0.004201957 -0.001567554 -0.025670795 0.035306051 0.001811820 0.999045193
1769782335150931200.000000 -0.002527472 -0.004122257 -0.001652120 -0.023881117 0.034080748 0.001157872 0.999133050
1769782335217597952.000000 -0.002353083 -0.003640151 -0.001648908 -0.018771084 0.031416968 0.000542370 0.999329925
1769782335250931712.000000 -0.002137793 -0.003391837 -0.001552170 -0.015910536 0.030151712 -0.000083485 0.999418676
1769782335417598720.000000 -0.001826050 -0.002591799 -0.001634479 -0.001032732 0.024168728 -0.003299472 0.999701917
1769782335817597696.000000 -0.000639311 0.000368958 -0.001261713 0.042215608 -0.010126688 -0.009473423 0.999012351
1769782335850931200.000000 -0.000417818 0.000600167 -0.001469820 0.044699620 -0.013363796 -0.010714988 0.998853624
1769782335950931200.000000 -0.000242104 0.001192817 -0.001200256 0.050420631 -0.020856339 -0.008572576 0.998473465
1769782336050930176.000000 -0.000325045 0.001641769 -0.000376524 0.052130997 -0.021765402 -0.005125224 0.998389900
1769782336084263680.000000 -0.000119684 0.001632061 -0.000198382 0.053008221 -0.020434780 -0.003494993 0.998378873
1769782336250930944.000000 0.000335062 0.002107231 0.000432564 0.020039488 -0.019181954 -0.002272079 0.999612570
1769782336350930176.000000 0.000439494 0.002511767 0.000859459 0.010754576 -0.019433629 -0.002152950 0.999751031
1769782336517597440.000000 0.001278865 0.003395972 0.001013598 0.003448590 -0.021771478 -0.002204170 0.999754608
1769782336550929664.000000 0.001420406 0.003461142 0.001107252 0.003455305 -0.022502404 -0.002986946 0.999736369
1769782336650929664.000000 0.001632238 0.004160718 0.001483989 0.005461411 -0.023893332 -0.002321587 0.999696910
1769782336717596672.000000 0.002207277 0.004541123 0.001256003 0.007878574 -0.025516232 -0.005141016 0.999630153
1769782336817596928.000000 0.002548765 0.005130142 0.001647454 0.014210856 -0.027924439 -0.004928458 0.999496877
1769782336950930432.000000 0.002961814 0.005640017 0.001902609 0.024535524 -0.029362151 -0.003558936 0.999261379
1769782336984262912.000000 0.003141879 0.006035867 0.001293994 0.027737508 -0.030068947 -0.003540436 0.999156654
1769782337017596416.000000 0.003176217 0.006205199 0.001441172 0.030495422 -0.030318817 -0.003401574 0.999069214
1769782337350929408.000000 0.003642039 0.006655727 0.001939954 0.052795190 -0.033056095 0.001529536 0.998056948
1769782337550929408.000000 0.003798153 0.006633000 0.001671336 0.056862935 -0.034689587 0.004375790 0.997769594
1769782338117595648.000000 0.004522619 0.005298988 0.001079603 0.053933851 -0.041940648 0.005411496 0.997648656
1769782338150928640.000000 0.004784604 0.005437526 0.001214649 0.054048136 -0.042641420 0.004906408 0.997615397
1769782338184262912.000000 0.004661649 0.005228386 0.000923786 0.052456569 -0.043034289 0.006047636 0.997677207
1769782338217596160.000000 0.004674783 0.005005562 0.001265093 0.051041339 -0.043813497 0.005303259 0.997720957
1769782338517596160.000000 0.005868711 0.002192270 0.001632815 0.036068607 -0.048361946 0.003272134 0.998173058
1769782338550928384.000000 0.005673116 0.002445222 -0.000303092 0.033763926 -0.049275283 0.002837321 0.998210371
1769782338784286976.000000 0.005933370 0.001027208 -0.001823802 0.019498397 -0.051136859 0.002200230 0.998498857
1769782338817620736.000000 0.006196880 0.000770257 -0.001829166 0.017586518 -0.052146751 0.000850591 0.998484194
1769782338950953472.000000 0.006260938 -0.000858532 -0.001741625 0.006585938 -0.052909907 0.002703916 0.998573959
1769782339117619200.000000 0.006474454 -0.002621648 -0.002026783 -0.006898838 -0.053511072 -0.000130376 0.998543441
1769782339150953984.000000 0.006859646 -0.002311742 -0.002765117 -0.008477167 -0.053995632 0.000473206 0.998505116
1769782339184287488.000000 0.006454840 -0.003206650 -0.002509995 -0.011905935 -0.053022463 0.001499469 0.998521209
1769782339284286208.000000 0.006773446 -0.004595058 -0.001359445 -0.019945437 -0.053088639 0.001223875 0.998389900
1769782339317619200.000000 0.006547994 -0.005067223 -0.002802663 -0.022468235 -0.053370118 -0.008537932 0.998285532
1769782339350952448.000000 0.006821421 -0.005500222 -0.001280398 -0.024753504 -0.053701032 -0.022716152 0.997991741
1769782339417620480.000000 0.006868686 -0.006201384 -0.002410669 -0.028901886 -0.055125259 -0.051638372 0.996724367
1769782339517619968.000000 0.006786403 -0.007228457 -0.003625527 -0.034809090 -0.056751393 -0.092212141 0.993511260
1769782339617619456.000000 0.006922708 -0.008673841 -0.003774374 -0.041202109 -0.058963202 -0.132080272 0.988625586
1769782339650952448.000000 0.006843780 -0.008777616 -0.003349761 -0.042611074 -0.059561592 -0.143418327 0.986948788
1769782339750952960.000000 0.007116869 -0.009776767 -0.003889079 -0.048067596 -0.062723979 -0.180749148 0.980349422
1769782339850953216.000000 0.007213837 -0.010875800 -0.003579617 -0.053004406 -0.065367453 -0.213105172 0.973398089
1769782339884288256.000000 0.006996846 -0.010946916 -0.003559728 -0.053970009 -0.064980209 -0.221387520 0.971520662
1769782339917620480.000000 0.006851833 -0.011004562 -0.004315821 -0.054778401 -0.065211743 -0.230565026 0.969322741
1769782340217619456.000000 0.006566134 -0.013478388 -0.002884105 -0.065640256 -0.065341339 -0.299996048 0.949433625
1769782340317619200.000000 0.006032050 -0.013869556 -0.004245754 -0.067910574 -0.063243695 -0.314648628 0.944661140
1769782340350951680.000000 0.006203315 -0.013760591 -0.003683864 -0.068956114 -0.063784294 -0.318578660 0.943230748
1769782340550951936.000000 0.005580720 -0.013985320 -0.004516053 -0.072227329 -0.060277004 -0.336433291 0.936996579
1769782340650952704.000000 0.005131238 -0.013986195 -0.005247477 -0.073235802 -0.058123365 -0.338438451 0.936332047
1769782340884289024.000000 0.003922367 -0.013372285 -0.004865694 -0.072599843 -0.047572352 -0.329066902 0.940309048
1769782340917619712.000000 0.004106779 -0.013269078 -0.004014071 -0.072374530 -0.046376321 -0.326369584 0.941325724
1769782340950952704.000000 0.003791066 -0.013336012 -0.003499827 -0.071796380 -0.044104781 -0.322761506 0.942722142
1769782340984285696.000000 0.003637186 -0.013036597 -0.003885224 -0.071781717 -0.042319376 -0.317552418 0.944572389
1769782341084284672.000000 0.002651079 -0.012055798 -0.004719227 -0.069109328 -0.034360971 -0.301891416 0.950213075
1769782341150951680.000000 0.002690000 -0.011994217 -0.003371205 -0.067524202 -0.030607738 -0.285486698 0.955510914
1769782341217618944.000000 0.001683041 -0.011195376 -0.003478753 -0.065452307 -0.023042189 -0.267065614 0.961176872
1769782341250951936.000000 0.001407088 -0.010809696 -0.003717507 -0.063801862 -0.020438312 -0.257022321 0.964080453
1769782341284284928.000000 0.001019931 -0.010328613 -0.003969993 -0.062060263 -0.017469728 -0.243483096 0.967759967
1769782341317618176.000000 0.001182047 -0.009872014 -0.003494842 -0.060265761 -0.014687244 -0.234822944 0.970057011
1769782341350951680.000000 0.000755222 -0.009587340 -0.003696964 -0.058316208 -0.011640676 -0.221339613 0.973381996
1769782341417619456.000000 -0.000097248 -0.008725471 -0.003784855 -0.054382138 -0.006276865 -0.196131006 0.979048431
1769782341450951936.000000 -0.000024448 -0.008585122 -0.003660135 -0.052606788 -0.003672919 -0.187453017 0.980857015
1769782341484284928.000000 0.000008072 -0.008126566 -0.003487254 -0.050388418 -0.001997295 -0.178538233 0.982639909
1769782341550951168.000000 -0.000094501 -0.007620522 -0.002618958 -0.046007007 0.002733868 -0.162727222 0.985594094
1769782341650951168.000000 -0.000158046 -0.007044329 -0.002652825 -0.036401391 0.007926975 -0.155459747 0.987139523
1769782341684284672.000000 -0.000129196 -0.007013354 -0.002415063 -0.034473691 0.009157503 -0.155518368 0.987188816
1769782341784284672.000000 -0.000772887 -0.006543900 -0.002432546 -0.023247799 0.018048752 -0.155277520 0.987432361
1769782341850951424.000000 -0.000768958 -0.005961081 -0.002159273 -0.015463683 0.024013268 -0.154886112 0.987519443
1769782341884283904.000000 -0.000859048 -0.005808755 -0.002298049 -0.011837359 0.027248282 -0.155229613 0.987431586
1769782341917619200.000000 -0.000961402 -0.005695587 -0.002375893 -0.008514201 0.030791439 -0.152335510 0.987812400
1769782341950951680.000000 -0.000930149 -0.005677545 -0.001666546 -0.004732389 0.033600025 -0.152929649 0.987654388
1769782342017617920.000000 -0.000965216 -0.005262033 -0.001434632 0.002536456 0.039969310 -0.154678509 0.987152815
1769782342084284160.000000 -0.001098975 -0.004966158 -0.000945431 0.009129884 0.047587886 -0.156277522 0.986523867
1769782342117617408.000000 -0.000858453 -0.004650086 -0.001019572 0.012296747 0.052195355 -0.156749472 0.986181557
1769782342184285184.000000 -0.000887790 -0.004068527 -0.001909357 0.016790939 0.061237477 -0.156685948 0.985605180
1769782342217618176.000000 -0.000837423 -0.004215271 -0.000560761 0.018173225 0.066681609 -0.156868860 0.985198200
1769782342350950912.000000 -0.000664332 -0.004280059 0.000308571 0.021873409 0.085479937 -0.159456819 0.983253896
1769782342450950400.000000 -0.000426426 -0.004279740 0.000405217 0.020787440 0.094988212 -0.162791550 0.981857479
1769782342517618432.000000 -0.000349346 -0.003612052 0.001886309 0.023135759 0.101467460 -0.167616189 0.980343819
1769782342550950656.000000 -0.000569530 -0.002485485 -0.000118390 0.022615753 0.100617647 -0.171267256 0.979812324
1769782343184284672.000000 -0.003274046 0.000555428 0.002777794 -0.024886327 0.079141051 -0.075037338 0.993723691
1769782343250950912.000000 -0.002907936 0.001161738 0.003596598 -0.020438390 0.078918904 -0.069964446 0.994212806
1769782343284283648.000000 -0.003240201 0.000832246 0.003717530 -0.019263273 0.079743169 -0.066847511 0.994384944
1769782343317617408.000000 -0.003234812 0.001363236 0.003638193 -0.016768100 0.079709105 -0.066496000 0.994456410
1769782343350949888.000000 -0.003143722 0.001773939 0.003995034 -0.013030129 0.079660535 -0.064135432 0.994671345
1769782343484283136.000000 -0.003537440 0.002177510 0.003805642 -0.001613203 0.081221856 -0.060434896 0.994860828
1769782343517617664.000000 -0.003479346 0.003122960 0.003643135 0.002930130 0.080804013 -0.060430750 0.994892120
1769782344117616128.000000 -0.004764570 0.003240402 0.004762561 0.026383335 0.090787649 -0.057968989 0.993831575
1769782344250950400.000000 -0.005254257 0.002701855 0.005255821 0.027901070 0.093557067 -0.053311028 0.993794024
1769782344317616640.000000 -0.005432113 0.002735487 0.005141160 0.027371762 0.095340535 -0.053788338 0.993613541
1769782344750949632.000000 -0.006816179 0.001012596 0.004095248 0.018421665 0.102505863 -0.043204833 0.993622959
1769782344784283136.000000 -0.006733741 0.000945130 0.003998940 0.016866310 0.102372214 -0.044722442 0.993597209
1769782344817616640.000000 -0.006843339 0.000910546 0.003546484 0.015791617 0.102466181 -0.046044562 0.993544817
1769782345017616384.000000 -0.008133502 0.000030645 0.002196443 0.007146325 0.105196051 -0.038648821 0.993674517
1769782345217616640.000000 -0.008929125 -0.001245788 0.000845920 -0.004955229 0.108064599 -0.031239193 0.993640602
1769782345250950400.000000 -0.009005705 -0.001279682 -0.000601735 -0.007467011 0.107183285 -0.035068687 0.993592560
1769782345317615872.000000 -0.008679919 -0.002441559 0.000495972 -0.013089580 0.106599092 -0.036308620 0.993552744
1769782345384281856.000000 -0.008819755 -0.003573157 0.002634438 -0.016522551 0.109337777 -0.031971462 0.993353009
1769782345417617664.000000 -0.008588996 -0.003914885 0.000470090 -0.020169163 0.106544331 -0.034188896 0.993515313
1769782345484281856.000000 -0.008800058 -0.004507762 0.000315183 -0.025988720 0.107083149 -0.033705398 0.993338704
1769782345584283136.000000 -0.009009488 -0.005887411 0.000407028 -0.033921521 0.107287809 -0.029931216 0.993198276
1769782345617615872.000000 -0.009381691 -0.006296680 0.000170083 -0.036104079 0.107977457 -0.028917974 0.993076622
1769782345684281856.000000 -0.009130191 -0.006874921 0.000421588 -0.040633325 0.107503548 -0.029848404 0.992925465
1769782345717615360.000000 -0.009330402 -0.007443466 -0.001049231 -0.044110123 0.107025847 -0.028269216 0.992874920
1769782345750948608.000000 -0.008996946 -0.008099250 0.000069385 -0.046758693 0.106717050 -0.027492495 0.992808759
1769782345784282112.000000 -0.009225857 -0.008519577 0.000375621 -0.049313687 0.107014656 -0.025078705 0.992717028
1769782345917616896.000000 -0.008987985 -0.010020426 -0.000608039 -0.060633473 0.105042130 -0.025313515 0.992294848
1769782345984282112.000000 -0.009226495 -0.010382575 -0.001802612 -0.063756086 0.104370102 -0.024171855 0.992198467
1769782346017615616.000000 -0.009034634 -0.011245322 -0.000679083 -0.066638909 0.104073979 -0.022300500 0.992083967
1769782346084281600.000000 -0.009428756 -0.011929371 -0.000931725 -0.071549691 0.104202949 -0.018083101 0.991814196
1769782346117615360.000000 -0.009286436 -0.012303586 -0.001661619 -0.073309764 0.102483466 -0.019472126 0.991838515
1769782346184282624.000000 -0.008931906 -0.012925275 -0.000592585 -0.077775471 0.102049947 -0.017697092 0.991576374
1769782346250949632.000000 -0.008888194 -0.013228364 -0.001730136 -0.082526200 0.100365743 -0.020977009 0.991300225
1769782346617615360.000000 -0.007910035 -0.016309015 -0.002041444 -0.099806800 0.092169158 -0.019173976 0.990543187
1769782346784281344.000000 -0.006911159 -0.016758597 -0.001105110 -0.102593042 0.086635917 -0.018371267 0.990773141
1769782346917616896.000000 -0.007184009 -0.017055348 -0.002654636 -0.104171664 0.082831971 -0.012601616 0.991023898
1769782347050948352.000000 -0.007174563 -0.017734308 -0.003958969 -0.105613336 0.079466105 -0.011420986 0.991161227
1769782347350947840.000000 -0.005204650 -0.017209640 -0.002999571 -0.101292282 0.067435086 -0.012444232 0.992490590
1769782347417616128.000000 -0.005065981 -0.016978292 -0.003505074 -0.099697113 0.065067671 -0.011019036 0.992826939
1769782347450947840.000000 -0.005125014 -0.016525788 -0.005003004 -0.097082436 0.063653357 -0.009964203 0.993188798
1769782347550947840.000000 -0.003884950 -0.016075023 -0.004113008 -0.093701512 0.058389876 -0.011141967 0.993824184
1769782347584281856.000000 -0.003571507 -0.015988279 -0.004285907 -0.092700653 0.056552313 -0.013284879 0.993997991
1769782347650947584.000000 -0.003185144 -0.015564176 -0.004220055 -0.089261740 0.053931653 -0.012567298 0.994467616
1769782347750947840.000000 -0.002662489 -0.014442942 -0.006098809 -0.083902508 0.048170365 -0.015329659 0.995190918
1769782347817614848.000000 -0.001524058 -0.013838891 -0.006056121 -0.079225302 0.043488760 -0.018066503 0.995743811
1769782347884281088.000000 -0.001538071 -0.013135051 -0.007381929 -0.074776016 0.041002259 -0.017392641 0.996205211
1769782347917616384.000000 -0.000955823 -0.013156052 -0.006260610 -0.073062733 0.039875746 -0.018727103 0.996353924
1769782347984280576.000000 -0.000835874 -0.012387494 -0.006354750 -0.068477638 0.037588734 -0.017729180 0.996786654
1769782348017614080.000000 -0.000322315 -0.012033753 -0.006586989 -0.065684356 0.034933973 -0.018943725 0.997048795
1769782348150948864.000000 0.000230821 -0.011027289 -0.006249321 -0.055579837 0.030065298 -0.019885106 0.997803390
1769782348184281856.000000 0.000560826 -0.010791370 -0.007054818 -0.052652895 0.027749218 -0.022760512 0.997967780
1769782348217615104.000000 0.000735838 -0.010653587 -0.006916777 -0.049901787 0.026264537 -0.023443926 0.998133481
1769782348384280320.000000 0.001125272 -0.009254107 -0.007973820 -0.031746905 0.018815605 -0.026929947 0.998955905
1769782348517614848.000000 0.001433033 -0.008804229 -0.007518960 -0.019357434 0.011772749 -0.027033666 0.999377787
1769782348584281344.000000 0.001495267 -0.008525993 -0.007227377 -0.011836099 0.010037521 -0.026125213 0.999538243
1769782348650947072.000000 0.001467082 -0.007997405 -0.007490498 -0.003922696 0.005884470 -0.027091373 0.999607921
1769782348684280320.000000 0.001775204 -0.008016971 -0.007194715 -0.001285919 0.002385256 -0.028045833 0.999602973
1769782348817614080.000000 0.001790460 -0.007263452 -0.007073500 0.011996948 -0.010796658 -0.030410575 0.999407172
1769782348884280320.000000 0.001743497 -0.006888605 -0.007276320 0.018607063 -0.019200373 -0.030848384 0.999166429
1769782348917615104.000000 0.001794641 -0.006810123 -0.007455730 0.021456454 -0.023036871 -0.030511707 0.999038517
1769782348950947072.000000 0.001987333 -0.006707013 -0.006428199 0.024693590 -0.027865887 -0.029682184 0.998865724
1769782349084280320.000000 0.002325535 -0.005949867 -0.006174644 0.033059690 -0.043508045 -0.025399998 0.998182833
1769782349117613056.000000 0.002328534 -0.005730901 -0.005666529 0.034215908 -0.045896731 -0.023386808 0.998086095
1769782349217614080.000000 0.002590817 -0.004963278 -0.005567710 0.033395812 -0.049155984 -0.013152068 0.998145998
1769782349284280320.000000 0.002834266 -0.005150274 -0.005464299 0.013592845 -0.047489200 -0.010835195 0.998720527
1769782349450947072.000000 0.003476848 -0.004553297 -0.005079290 -0.012440970 -0.042278308 -0.013113302 0.998942316
1769782349584281088.000000 0.003466969 -0.003939564 -0.004420645 -0.020623306 -0.039183546 -0.015394622 0.998900592
1769782349617613312.000000 0.003653792 -0.004006605 -0.004422244 -0.022198042 -0.039135825 -0.015129052 0.998872757
1769782349817614080.000000 0.004176441 -0.003265188 -0.002856181 -0.019628216 -0.038001109 -0.017957537 0.998923540
1769782349917615104.000000 0.004485403 -0.002614837 -0.002912334 -0.014160126 -0.037996795 -0.018732637 0.999001920
1769782350450946048.000000 0.005729995 -0.001757671 -0.002877680 0.014102140 -0.039713740 -0.013308252 0.999022961
1769782350650945536.000000 0.005926822 -0.001952922 -0.003082857 0.016818076 -0.041275036 -0.011439387 0.998940766
1769782350784279552.000000 0.006108234 -0.002126490 -0.003340186 0.017299343 -0.042404145 -0.010309294 0.998897612
1769782351150946816.000000 0.006945191 -0.003239460 -0.004020687 0.010134378 -0.047435079 -0.009643717 0.998776376
1769782351184279808.000000 0.006699044 -0.003902456 -0.003929038 0.007291764 -0.046921123 -0.009181563 0.998829782
1769782351217613568.000000 0.006856862 -0.003618780 -0.004537005 0.006917686 -0.047229551 -0.010931592 0.998800278
1769782351517613056.000000 0.007249279 -0.005303058 -0.005559094 -0.006679785 -0.050082117 -0.011074631 0.998661399
1769782351617612032.000000 0.007342540 -0.006483025 -0.005724031 -0.012491842 -0.050989367 -0.009685159 0.998574138
1769782351717611776.000000 0.007349971 -0.007067058 -0.006089602 -0.019187739 -0.051792804 -0.010371880 0.998419642
1769782351850945536.000000 0.007716568 -0.008580497 -0.005823886 -0.029228400 -0.052877683 -0.010868519 0.998113990
1769782351917614080.000000 0.007571473 -0.009256689 -0.006713805 -0.034120116 -0.052628573 -0.012126368 0.997957408
1769782351950945792.000000 0.008003410 -0.009819757 -0.006203854 -0.036465932 -0.053288806 -0.011687452 0.997844696
1769782352050945536.000000 0.007871401 -0.011008897 -0.005903935 -0.043599542 -0.053424053 -0.011961472 0.997547925
1769782352117611520.000000 0.007878470 -0.011861816 -0.005847256 -0.049604915 -0.052711371 -0.009941591 0.997327447
1769782352150945024.000000 0.007793025 -0.011827911 -0.006928199 -0.051360972 -0.053174499 -0.011208165 0.997200549
1769782352217612800.000000 0.008121838 -0.012571813 -0.006320287 -0.057204381 -0.053109363 -0.010550611 0.996893048
1769782352250945536.000000 0.008165145 -0.013527883 -0.006032530 -0.059755150 -0.053025659 -0.010923727 0.996743858
1769782352384277760.000000 0.007668494 -0.015162878 -0.006731182 -0.069646865 -0.055091262 -0.049449153 0.994821131
1769782352417613568.000000 0.007466939 -0.015158940 -0.006542902 -0.071455881 -0.055220861 -0.063569270 0.993883133
1769782352450945024.000000 0.007297431 -0.016740439 -0.007797184 -0.073460713 -0.057269391 -0.075196952 0.992808700
1769782352484277760.000000 0.007348179 -0.016498107 -0.007486930 -0.075041719 -0.058359090 -0.089663610 0.991424918
1769782352517612544.000000 0.007361804 -0.016845403 -0.008017749 -0.077239268 -0.059514709 -0.104321599 0.989752054
1769782352617611776.000000 0.007732973 -0.018579429 -0.006561797 -0.083512068 -0.063772626 -0.143115520 0.984112144
1769782352717611776.000000 0.007503890 -0.019751614 -0.008404526 -0.088914305 -0.067700118 -0.179795071 0.977335513
1769782352750945024.000000 0.007430126 -0.019972036 -0.007297337 -0.090093613 -0.069399126 -0.190204114 0.975135565
1769782352817612032.000000 0.007148356 -0.020774124 -0.008117883 -0.093169898 -0.069846988 -0.210040674 0.970733583
1769782352850945536.000000 0.006949636 -0.021087196 -0.008068685 -0.095208600 -0.069566809 -0.220823944 0.968159378
1769782352884277504.000000 0.007224575 -0.021043982 -0.007845508 -0.095603667 -0.070655480 -0.231224090 0.965610266
1769782352917613312.000000 0.006881322 -0.021374444 -0.008220472 -0.096439019 -0.071177855 -0.239632159 0.963436425
1769782352950945024.000000 0.006966908 -0.021845695 -0.007588603 -0.098207891 -0.071870051 -0.249232620 0.960766912
1769782352984277760.000000 0.006607252 -0.021778876 -0.008351211 -0.099522084 -0.072089970 -0.258544087 0.958150983
1769782353117610496.000000 0.006619928 -0.022775358 -0.007745898 -0.103293069 -0.073506527 -0.289237112 0.948825181
1769782353584277760.000000 0.005889489 -0.023622148 -0.008626168 -0.110394098 -0.071100920 -0.346530378 0.928802729
1769782353617611008.000000 0.005762646 -0.023665005 -0.008717524 -0.110735945 -0.070532672 -0.348437548 0.928091586
1769782353650944000.000000 0.005474453 -0.023835707 -0.009730296 -0.111078098 -0.069073975 -0.347609580 0.928470850
1769782353717610752.000000 0.005392679 -0.023552526 -0.008706396 -0.111161053 -0.066973232 -0.348315090 0.928350389
1769782353884276992.000000 0.004551729 -0.023097392 -0.008828340 -0.110446729 -0.059152927 -0.339763910 0.932128191
1769782353917612288.000000 0.004225192 -0.022857549 -0.009634737 -0.109967485 -0.057131175 -0.335872740 0.933719814
1769782353950945024.000000 0.004280380 -0.022768162 -0.009213428 -0.109688483 -0.055213407 -0.333434999 0.934741139
1769782353984276992.000000 0.004096088 -0.022538187 -0.008320153 -0.109213643 -0.052837092 -0.327786207 0.936929464
1769782354150945024.000000 0.002726639 -0.021293966 -0.008560478 -0.106059805 -0.038851321 -0.295726120 0.948571563
1769782354184278272.000000 0.002839176 -0.021001276 -0.007525939 -0.104181997 -0.036772739 -0.288413793 0.951110601
1769782354217611264.000000 0.002459555 -0.020395758 -0.008668639 -0.102632008 -0.032758787 -0.277776659 0.954585671
1769782354250944512.000000 0.002033520 -0.019782802 -0.008844128 -0.101172119 -0.028965669 -0.266217321 0.958151162
1769782354284314624.000000 0.001950678 -0.019704441 -0.008271710 -0.100606196 -0.025826020 -0.254778832 0.961404800
1769782354317648128.000000 0.001707725 -0.019385735 -0.008475758 -0.099473968 -0.022749003 -0.241929665 0.964913249
1769782354417649152.000000 0.000832081 -0.017848765 -0.008972956 -0.092648424 -0.012897887 -0.208027363 0.973639846
1769782354450981376.000000 0.000669731 -0.017829102 -0.008372075 -0.091529526 -0.010614081 -0.198115572 0.975838065
1769782354484314368.000000 0.000688293 -0.017650116 -0.007665413 -0.090241075 -0.007799922 -0.188824937 0.977824569
1769782354517648384.000000 0.000362974 -0.017207449 -0.008166213 -0.087658629 -0.005178653 -0.180222437 0.979698420
1769782354550981376.000000 0.000405867 -0.017032173 -0.007785432 -0.085375465 -0.002825219 -0.174502745 0.980944395
1769782354584315904.000000 0.000249410 -0.016720504 -0.008339163 -0.082472846 -0.001045654 -0.170735419 0.981858790
1769782354650980864.000000 0.000229442 -0.016521946 -0.007603674 -0.076363765 0.003503209 -0.168828219 0.982676625
1769782354684314624.000000 -0.000286076 -0.016378308 -0.007881104 -0.073203385 0.005916305 -0.168290615 0.982997775
1769782354750981376.000000 -0.000298653 -0.015577526 -0.007670400 -0.064946003 0.011422181 -0.169681966 0.983290195
1769782354784314368.000000 -0.000351427 -0.015493984 -0.007945681 -0.061525900 0.013594172 -0.168686435 0.983653724
1769782354884314368.000000 -0.000273301 -0.015064593 -0.007047558 -0.051593158 0.021828637 -0.170504913 0.983763099
1769782354950982144.000000 -0.000171466 -0.015123848 -0.006333999 -0.045665577 0.028330896 -0.170364499 0.983914614
1769782354984314112.000000 0.000177356 -0.015108149 -0.006402681 -0.042387698 0.029784447 -0.173651159 0.983443677
1769782355117647104.000000 -0.000187166 -0.014157959 -0.006618474 -0.029838827 0.046344835 -0.174751520 0.983068526
1769782355217648384.000000 -0.000010562 -0.014109456 -0.006313520 -0.025289781 0.060329594 -0.178773001 0.981713295
1769782355284314112.000000 0.000303908 -0.013788003 -0.006308909 -0.021580292 0.068084948 -0.180197179 0.981033981
1769782356884313344.000000 -0.003532704 -0.005119632 -0.003268091 -0.017030980 0.083180815 -0.082530245 0.992965102
1769782357917648128.000000 -0.007324934 -0.009246897 -0.002945643 -0.030622417 0.103976816 -0.059035264 0.992353737
1769782358084312064.000000 -0.007902153 -0.009997339 -0.004188549 -0.039382227 0.106152184 -0.058562070 0.991842389
1769782358217646592.000000 -0.008050084 -0.011822895 -0.004115865 -0.050146822 0.106963031 -0.057180464 0.991349876
1769782358284312320.000000 -0.008453422 -0.012179136 -0.004966840 -0.054874890 0.107445821 -0.059681132 0.990899801
1769782358317645824.000000 -0.007950872 -0.012706625 -0.004280393 -0.057917215 0.107195161 -0.060385473 0.990711033
1769782358417647360.000000 -0.008758948 -0.013452952 -0.005837251 -0.064809047 0.108517751 -0.054840621 0.990462661
1769782358484312064.000000 -0.008524030 -0.014462253 -0.005099331 -0.070535287 0.108239532 -0.055963546 0.990038931
1769782358550978560.000000 -0.008770660 -0.015266195 -0.004892987 -0.076271072 0.108706325 -0.056493964 0.989532292
1769782358584312576.000000 -0.008472735 -0.015733656 -0.004732434 -0.078722164 0.108150162 -0.054478984 0.989514232
1769782358684312064.000000 -0.008709597 -0.016710630 -0.005604430 -0.086693332 0.107708909 -0.054429892 0.988898635
1769782358750979072.000000 -0.008379265 -0.017668547 -0.004910334 -0.092416100 0.106942035 -0.054231178 0.988474429
1769782358784312064.000000 -0.008472462 -0.018280376 -0.005351163 -0.096798353 0.106546499 -0.052806448 0.988174796
1769782358917646592.000000 -0.008683628 -0.019889977 -0.005163379 -0.106156074 0.106832869 -0.050650891 0.987295389
1769782358984311808.000000 -0.008688209 -0.020712888 -0.005262937 -0.111101046 0.105638094 -0.050673530 0.986878574
1769782359017644800.000000 -0.008837794 -0.020857021 -0.004986457 -0.113289274 0.105861858 -0.050209269 0.986629546
1769782359117644800.000000 -0.008676523 -0.021866856 -0.005948051 -0.119553626 0.103659071 -0.049608085 0.986154556
1769782359150978560.000000 -0.008567742 -0.022035986 -0.005688641 -0.122083016 0.103348449 -0.049764939 0.985869288
1769782359184312832.000000 -0.008684597 -0.022499934 -0.005275917 -0.124837562 0.103727110 -0.047610004 0.985590994
1769782359517645568.000000 -0.007973851 -0.025332041 -0.005575961 -0.142348498 0.096846938 -0.044378728 0.984067142
1769782359550978048.000000 -0.007857712 -0.025300836 -0.005568668 -0.142805487 0.095677368 -0.044360496 0.984116137
1769782359750978048.000000 -0.007605290 -0.026724296 -0.006740056 -0.149695382 0.089814171 -0.043193504 0.983696640
1769782359850978304.000000 -0.007544567 -0.027069286 -0.007879729 -0.151525423 0.087223426 -0.041324221 0.983729899
1769782359917646848.000000 -0.007210748 -0.027172657 -0.007880869 -0.152199060 0.085014172 -0.040355720 0.983859479
1769782360317644544.000000 -0.005254454 -0.026985891 -0.006565243 -0.149533391 0.070337377 -0.037644692 0.985532999
1769782360350977536.000000 -0.004850610 -0.026939815 -0.006804931 -0.148878589 0.068561770 -0.037925165 0.985746503
1769782360450977536.000000 -0.004261985 -0.026544306 -0.007354243 -0.146112874 0.063550696 -0.039122779 0.986449063
1769782360484310272.000000 -0.003803775 -0.026118239 -0.007999100 -0.144483909 0.061112508 -0.041220423 0.986757576
1769782360584311552.000000 -0.003254729 -0.025684249 -0.008690213 -0.139882997 0.056621615 -0.039553925 0.987756193
1769782360617644544.000000 -0.002819342 -0.025395885 -0.008154446 -0.138320610 0.055122953 -0.040100638 0.988038898
1769782360684310784.000000 -0.002307244 -0.024710994 -0.008169804 -0.134436026 0.052258153 -0.039956149 0.988736331
1769782360750977280.000000 -0.002082031 -0.024309080 -0.009345975 -0.131370023 0.048655733 -0.039891865 0.989334762
1769782360784310784.000000 -0.001738845 -0.024261082 -0.009149948 -0.129578382 0.047292527 -0.039355319 0.989658535
1769782360817644288.000000 -0.001613496 -0.023683080 -0.010958489 -0.127326384 0.044449504 -0.042935945 0.989933729
1769782360984310528.000000 -0.000316370 -0.022035068 -0.011826525 -0.115807198 0.036415018 -0.044500619 0.991605997
1769782361117643520.000000 0.001579270 -0.020901319 -0.011841382 -0.105703451 0.027352080 -0.048458029 0.992839634
1769782361150977024.000000 0.001614318 -0.020840695 -0.011195467 -0.103026174 0.026212268 -0.047138106 0.993215263
1769782361350977024.000000 0.002713498 -0.019219674 -0.012411137 -0.081177689 0.015648596 -0.051903199 0.995224297
1769782361417646080.000000 0.002928016 -0.018467363 -0.012845655 -0.073828764 0.011769288 -0.051412616 0.995875299
1769782361484310272.000000 0.003266117 -0.018189479 -0.013004694 -0.067247942 0.007360189 -0.051690448 0.996369243
1769782361550977024.000000 0.003378171 -0.017927233 -0.012794993 -0.060116403 0.004247412 -0.054733716 0.996680617
1769782361584311040.000000 0.003627893 -0.017890044 -0.013652209 -0.057701781 0.002050446 -0.055754382 0.996773660
1769782361684310528.000000 0.003472873 -0.017319741 -0.013460886 -0.047530521 -0.004985585 -0.053621992 0.997417033
1769782361717643520.000000 0.003637017 -0.017236512 -0.012749810 -0.045034528 -0.008212178 -0.055514645 0.997407973
1769782361750977024.000000 0.003948092 -0.016589724 -0.015051370 -0.040349886 -0.012432571 -0.055738121 0.997552276
1769782361817643776.000000 0.003769996 -0.016576944 -0.012532541 -0.034338396 -0.019093610 -0.054956060 0.997715473
1769782361850977280.000000 0.003896223 -0.016296918 -0.012172148 -0.030731002 -0.023631597 -0.054951716 0.997736216
1769782361917645312.000000 0.003762863 -0.016893772 -0.012600787 -0.027654108 -0.031266727 -0.056720581 0.997517169
1769782361984310272.000000 0.004304726 -0.015732629 -0.012265675 -0.020835942 -0.041145142 -0.054944359 0.997423708
1769782362050976768.000000 0.004196027 -0.015329431 -0.012034632 -0.016725702 -0.048022833 -0.048923083 0.997507215
1769782362117642752.000000 0.004330298 -0.014884558 -0.012221900 -0.014049757 -0.054489806 -0.043949500 0.997447729
1769782362150976000.000000 0.004657254 -0.014101329 -0.012925354 -0.012702556 -0.056062184 -0.043429043 0.997401476
1769782362184310528.000000 0.004514055 -0.014330459 -0.010727512 -0.011937276 -0.056047063 -0.035943475 0.997709513
1769782362217644288.000000 0.004957780 -0.013958288 -0.011674438 -0.017309826 -0.055995084 -0.033249717 0.997727096
1769782362717640960.000000 0.005460613 -0.012249739 -0.010821017 -0.068218872 -0.043658748 -0.034014773 0.996134102
1769782362850974976.000000 0.006017794 -0.011705952 -0.011307851 -0.062204007 -0.044371352 -0.035451915 0.996446192
1769782363317640704.000000 0.007163517 -0.010547881 -0.011173457 -0.034690369 -0.046520513 -0.027377505 0.997939348
1769782363484306688.000000 0.007599361 -0.010582657 -0.011298622 -0.031662125 -0.047450293 -0.029408548 0.997938454
1769782364117639936.000000 0.008290967 -0.011741760 -0.012609753 -0.035203930 -0.053472526 -0.026359061 0.997600436
1769782364217640960.000000 0.008427337 -0.012483648 -0.013339939 -0.039592262 -0.054765746 -0.027165063 0.997344077
1769782364250973952.000000 0.008259567 -0.012489330 -0.013556313 -0.040038250 -0.054216955 -0.023646731 0.997445941
1769782364417641984.000000 0.008795130 -0.013832822 -0.013035184 -0.048490692 -0.057022382 -0.026003398 0.996855557
1769782364484305920.000000 0.008573932 -0.014421498 -0.013919081 -0.053351864 -0.057763338 -0.027884755 0.996513665
1769782364617639680.000000 0.008802715 -0.015418208 -0.013358114 -0.061089553 -0.058930658 -0.025682511 0.996060073
1769782364684306176.000000 0.008349305 -0.016629882 -0.014911973 -0.065157384 -0.059397154 -0.024730334 0.995798647
1769782364817640192.000000 0.008972590 -0.017274296 -0.013124073 -0.074816130 -0.059993222 -0.028000187 0.994997203
1769782364884306176.000000 0.008731979 -0.017358266 -0.013836645 -0.078022473 -0.060010120 -0.026371825 0.994794369
1769782364984306176.000000 0.008810739 -0.018493602 -0.011590104 -0.086319648 -0.059864644 -0.025320573 0.994144857
1769782365017640192.000000 0.008937462 -0.019238232 -0.012687293 -0.089628696 -0.059948344 -0.026382668 0.993819356
1769782365217640192.000000 0.008368533 -0.021313781 -0.013193174 -0.106365234 -0.058112361 -0.023292409 0.992354214
1769782365250973696.000000 0.008543937 -0.021679074 -0.013172735 -0.108580522 -0.058270868 -0.023530979 0.992099345
1769782365284305920.000000 0.008654833 -0.021841189 -0.013525271 -0.110315576 -0.058690507 -0.024454759 0.991860867
1769782365350972672.000000 0.008494148 -0.022839095 -0.012891755 -0.115299389 -0.061368238 -0.053883512 0.989968002
1769782365384305408.000000 0.008772535 -0.023194861 -0.012135566 -0.117099166 -0.063525639 -0.066722795 0.988837898
1769782365417641216.000000 0.008553808 -0.023945995 -0.012866929 -0.120153293 -0.065768301 -0.082856797 0.987103105
1769782365550972160.000000 0.009018780 -0.025179390 -0.013656915 -0.126835257 -0.073640108 -0.137030810 0.979649186
1769782365584306176.000000 0.008517494 -0.025651025 -0.013819692 -0.127418339 -0.074171610 -0.150003746 0.977630794
1769782365617639168.000000 0.008350948 -0.026714440 -0.012857380 -0.131104484 -0.076927982 -0.161968976 0.975017846
1769782365684305664.000000 0.008611392 -0.027226718 -0.013718610 -0.133704141 -0.081043251 -0.188290358 0.969588518
1769782365717638656.000000 0.008723273 -0.027595982 -0.014519522 -0.135241002 -0.083302855 -0.200289577 0.966775358
1769782365784305664.000000 0.009034532 -0.028257553 -0.013573518 -0.138528913 -0.086907297 -0.224334270 0.960693002
1769782365850972928.000000 0.008602124 -0.028871672 -0.013780059 -0.141157255 -0.087901145 -0.243963480 0.955421269
1769782365884305664.000000 0.008596098 -0.029164353 -0.013904747 -0.141998217 -0.088902108 -0.251654983 0.953206539
1769782366084305408.000000 0.008309107 -0.030589383 -0.013039529 -0.147907272 -0.094741918 -0.301685303 0.937087774
1769782366184306432.000000 0.007977618 -0.031291924 -0.014173562 -0.150187314 -0.095716305 -0.320036680 0.930515349
1769782366217639424.000000 0.007824183 -0.031297248 -0.014181950 -0.150351912 -0.095281810 -0.325780839 0.928537846
1769782366317638912.000000 0.007532035 -0.031722404 -0.013533249 -0.152704686 -0.095027968 -0.339745730 0.923159659
1769782366417638912.000000 0.006915062 -0.031954624 -0.013925134 -0.154692680 -0.093949236 -0.349642217 0.919235587
1769782366617638656.000000 0.006192133 -0.032220181 -0.014912609 -0.156810462 -0.090828627 -0.360325843 0.915055156
1769782366650971392.000000 0.006287719 -0.031982835 -0.014722508 -0.156670123 -0.090518758 -0.361123472 0.914795399
1769782366784305664.000000 0.005652804 -0.031562649 -0.013812242 -0.156384200 -0.084666677 -0.360113531 0.915802240
1769782366884304640.000000 0.004977617 -0.031185851 -0.015110100 -0.155689970 -0.078314498 -0.351692885 0.919749737
1769782367050971648.000000 0.003918233 -0.030522007 -0.014320559 -0.154596716 -0.064684473 -0.327317506 0.929934978
1769782367150971136.000000 0.003626340 -0.029595166 -0.014626062 -0.151881099 -0.056421798 -0.308487654 0.937328160
1769782367184305664.000000 0.003068884 -0.029628629 -0.015662866 -0.151356384 -0.052490599 -0.298445165 0.940886021
1769782367250972160.000000 0.002869702 -0.028668709 -0.015723821 -0.148182034 -0.045548353 -0.277680695 0.948082745
1769782367284304640.000000 0.002587062 -0.028032536 -0.015232644 -0.146050766 -0.040342052 -0.264736682 0.952342451
1769782367317638144.000000 0.002474647 -0.028062142 -0.014871733 -0.145731673 -0.037735071 -0.253764153 0.955480039
1769782367350971392.000000 0.002356750 -0.027532363 -0.014743656 -0.144039005 -0.033669680 -0.240758166 0.959246933
1769782367384304384.000000 0.002242880 -0.027110903 -0.014080753 -0.142405242 -0.029870741 -0.228943601 0.962503672
1769782367417638400.000000 0.001932565 -0.026995815 -0.014490511 -0.140868068 -0.026930425 -0.220269471 0.964837968
1769782367517638400.000000 0.001391688 -0.025877252 -0.014625761 -0.134431556 -0.017405190 -0.194426402 0.971505880
1769782367550971136.000000 0.001180904 -0.025783900 -0.014968666 -0.131999955 -0.014190662 -0.189333156 0.972896516
1769782367584305408.000000 0.001215615 -0.025465243 -0.014373237 -0.128633544 -0.012307646 -0.185536593 0.974103749
1769782367617637888.000000 0.000922160 -0.025273407 -0.014744791 -0.125482321 -0.010530967 -0.185836390 0.974478364
1769782367650970880.000000 0.001179737 -0.025208285 -0.014294729 -0.122590899 -0.008762150 -0.185830578 0.974865019
1769782367717637632.000000 0.001066817 -0.024892755 -0.014233282 -0.116537534 -0.004721037 -0.186898962 0.975430965
1769782367750971392.000000 0.000813561 -0.024699099 -0.014790604 -0.112175196 -0.001320052 -0.183001831 0.976691008
1769782367784304128.000000 0.000784422 -0.024548747 -0.014261298 -0.110113271 0.000779356 -0.188903853 0.975802124
1769782367850971648.000000 0.000864993 -0.024452489 -0.014679782 -0.102585301 0.005963187 -0.188357100 0.976709962
1769782367884304128.000000 0.001256679 -0.024701195 -0.014487883 -0.099761568 0.008762751 -0.190994233 0.976469159
1769782367917641216.000000 0.001340867 -0.023867147 -0.013004712 -0.096132167 0.011361657 -0.190332234 0.976935625
1769782367950971648.000000 0.000941315 -0.024222009 -0.013803068 -0.092693768 0.014630803 -0.194310948 0.976441026
1769782367984304128.000000 0.001198732 -0.024107032 -0.012266644 -0.088854641 0.017999567 -0.190978467 0.977398634
1769782368017637888.000000 0.001145883 -0.023483276 -0.013261261 -0.083522990 0.020968622 -0.193741262 0.977265835
1769782368184305152.000000 0.001192024 -0.022842165 -0.012625427 -0.069837436 0.043499302 -0.196281269 0.977089643
1769782368350970624.000000 0.001354589 -0.022201415 -0.012753339 -0.062535696 0.065696977 -0.204286203 0.974700153
1769782368884303360.000000 0.000031766 -0.020801682 -0.012440603 -0.117507502 0.065137744 -0.151884362 0.979224324
1769782368984303616.000000 -0.000572851 -0.019935446 -0.012013065 -0.119095735 0.064962618 -0.136424601 0.981317699
1769782369050970368.000000 -0.000422614 -0.019118354 -0.011308010 -0.119075373 0.065510549 -0.129555136 0.982214272
1769782369384303360.000000 -0.000277470 -0.018577885 -0.010649477 -0.105524965 0.063761845 -0.114505462 0.985742033
1769782370017637120.000000 -0.001546159 -0.016851503 -0.009342355 -0.067476511 0.073236689 -0.106916182 0.989268541
1769782370050970112.000000 -0.001670169 -0.017031064 -0.009383373 -0.067650661 0.073582992 -0.106085844 0.989320338
1769782370184303872.000000 -0.001998893 -0.016942149 -0.009852128 -0.067103237 0.075489804 -0.105786122 0.989246070
1769782370250970368.000000 -0.002190287 -0.017293163 -0.009583810 -0.066861033 0.076607376 -0.104867890 0.989274323
1769782370384302592.000000 -0.002568862 -0.017557023 -0.010146617 -0.068041168 0.078924447 -0.105163909 0.988980234
1769782370551002368.000000 -0.003009771 -0.018027766 -0.010765206 -0.071126707 0.081804186 -0.103299260 0.988725603
1769782370651001856.000000 -0.003134971 -0.018230336 -0.011207378 -0.073099427 0.082791701 -0.102079853 0.988626182
1769782370784334848.000000 -0.003732128 -0.018712597 -0.011263616 -0.077119358 0.085510559 -0.097551152 0.988546550
1769782370917668608.000000 -0.004029168 -0.019635245 -0.011689294 -0.083509296 0.086748980 -0.097252443 0.987948775
1769782370984334592.000000 -0.004679855 -0.019921513 -0.013086600 -0.086408056 0.088366866 -0.093971699 0.987873614
1769782371084334848.000000 -0.004832352 -0.020973926 -0.011691634 -0.092870928 0.090134479 -0.093125090 0.987207413
1769782371117667840.000000 -0.004663332 -0.020845825 -0.011496077 -0.093831651 0.089977153 -0.094055556 0.987042725
1769782371184335104.000000 -0.005248987 -0.021900671 -0.011932457 -0.099677399 0.091685116 -0.090907924 0.986607313
1769782371217668096.000000 -0.005158542 -0.021837719 -0.012438498 -0.100980006 0.091161855 -0.092126980 0.986410260
1769782371284334336.000000 -0.006145276 -0.022282984 -0.013523946 -0.105004542 0.093711086 -0.088439092 0.986088634
1769782371384334336.000000 -0.005501759 -0.024502093 -0.011086538 -0.114716232 0.093932725 -0.087780267 0.985043883
1769782371417668864.000000 -0.006894299 -0.024919160 -0.013544109 -0.117341585 0.095786728 -0.085417807 0.984763741
1769782371451001600.000000 -0.006721113 -0.024916399 -0.013853852 -0.120190270 0.094950236 -0.087830879 0.984288871
1769782371551000832.000000 -0.006641622 -0.026466070 -0.012611095 -0.128366008 0.095476903 -0.086555600 0.983318090
1769782371584334848.000000 -0.006579710 -0.026431330 -0.013080894 -0.130190790 0.095009901 -0.087454759 0.983043790
1769782371617667840.000000 -0.006673367 -0.026968742 -0.013082476 -0.133830249 0.094829522 -0.087247536 0.982590854
1769782371717667840.000000 -0.007237776 -0.027777556 -0.016127236 -0.141331792 0.094551943 -0.091091014 0.981217444
1769782371817667840.000000 -0.007194876 -0.029565256 -0.014261665 -0.149647191 0.094780147 -0.084775165 0.980528235
1769782371851001856.000000 -0.006944070 -0.029542295 -0.013391841 -0.151564538 0.095070213 -0.085848577 0.980112195
1769782371884333568.000000 -0.007105670 -0.030358845 -0.013308805 -0.154651314 0.095088333 -0.083592102 0.979823232
1769782371917668352.000000 -0.006783993 -0.030645357 -0.013576997 -0.156711027 0.093277648 -0.084829859 0.979563594
1769782371984334592.000000 -0.007420064 -0.031576797 -0.012997262 -0.162566125 0.094935320 -0.082599491 0.978640318
1769782372017667328.000000 -0.006405840 -0.031852894 -0.013269741 -0.164876044 0.091354914 -0.085499175 0.978345573
1769782372084334336.000000 -0.006732123 -0.033007849 -0.012669956 -0.170804933 0.092183523 -0.081956886 0.977553606
1769782372217667840.000000 -0.006902669 -0.034083903 -0.012508938 -0.178512901 0.091843888 -0.080579400 0.976322114
1769782372351000320.000000 -0.006775272 -0.035366040 -0.013305249 -0.185775742 0.088415682 -0.078075282 0.975486696
1769782372384333568.000000 -0.006600028 -0.035613135 -0.012512528 -0.188302681 0.088254444 -0.079304412 0.974917471
1769782372684333824.000000 -0.006213774 -0.037660621 -0.013731204 -0.198501006 0.081274942 -0.074327976 0.973892748
1769782372751000576.000000 -0.006181619 -0.037828993 -0.014147582 -0.201030582 0.079086684 -0.075264178 0.973482072
1769782372817667072.000000 -0.005500000 -0.038045403 -0.012652909 -0.202718422 0.077367134 -0.075363040 0.973262548
1769782372884333312.000000 -0.005651882 -0.038381226 -0.013728322 -0.203609288 0.075409561 -0.075291894 0.973235786
1769782373251000832.000000 -0.003578062 -0.038517866 -0.013522651 -0.202491596 0.061028562 -0.070428014 0.974839807
1769782373284333312.000000 -0.003579542 -0.038585763 -0.013757235 -0.201830402 0.059822664 -0.070982292 0.975011468
1769782373417666560.000000 -0.002739955 -0.038062222 -0.014628374 -0.197947189 0.054518033 -0.069615826 0.976216316
1769782373451000320.000000 -0.002639772 -0.038016532 -0.014433658 -0.196888760 0.052972648 -0.069436975 0.976528168
1769782373550999552.000000 -0.001741551 -0.037760779 -0.014351480 -0.193384454 0.047734633 -0.067925356 0.977604270
1769782373584333568.000000 -0.001400076 -0.037130285 -0.013775048 -0.191538990 0.047005627 -0.067876585 0.978006184
1769782373750999808.000000 0.000058090 -0.036314186 -0.016096186 -0.183463156 0.036734626 -0.070409417 0.979813397
1769782373817666816.000000 0.000412164 -0.035761550 -0.016824313 -0.179515377 0.033557020 -0.071330898 0.980591714
1769782373917667072.000000 0.001308586 -0.035170913 -0.015188009 -0.173941508 0.029165709 -0.070739754 0.981778800
1769782373951000576.000000 0.001711319 -0.034930095 -0.015616702 -0.171481073 0.026709439 -0.072073668 0.982184410
1769782373984333056.000000 0.001740679 -0.034518912 -0.016598230 -0.168603927 0.025354529 -0.071503349 0.982759953
1769782374050999552.000000 0.002621295 -0.034084074 -0.016642680 -0.164222494 0.020504097 -0.073108956 0.983496666
1769782374451000064.000000 0.004889870 -0.031182935 -0.016411830 -0.124452516 -0.002058604 -0.074102640 0.989452481
1769782374484332288.000000 0.005372569 -0.032114372 -0.015052751 -0.126411065 -0.005491895 -0.083256111 0.988462746
1769782374550999040.000000 0.005665938 -0.031625904 -0.014973637 -0.118363291 -0.009193061 -0.083574623 0.989404321
1769782374584332800.000000 0.005482393 -0.032094851 -0.014756980 -0.116551273 -0.009697538 -0.082875885 0.989673376
1769782374784332288.000000 0.005885995 -0.030946828 -0.014150786 -0.097692974 -0.029352931 -0.082621887 0.991346657
1769782374850999808.000000 0.006279152 -0.030994723 -0.013263780 -0.093075335 -0.038192689 -0.085911550 0.991210103
1769782375050999040.000000 0.006340570 -0.029408460 -0.013891159 -0.076630130 -0.061850067 -0.077113375 0.992147148
1769782375717665792.000000 0.007737513 -0.026887629 -0.011201476 -0.131377906 -0.051332686 -0.070382036 0.987497449
1769782375950999552.000000 0.008302056 -0.026081823 -0.012507807 -0.120405324 -0.052007604 -0.068570472 0.988987267
1769782376017665024.000000 0.008911399 -0.025825344 -0.011771554 -0.115368158 -0.053726286 -0.069130801 0.989456713
1769782376050998016.000000 0.008941422 -0.025735920 -0.011771095 -0.113227509 -0.053633541 -0.070779845 0.989592433
1769782376117664512.000000 0.008982438 -0.025798965 -0.011702780 -0.108950689 -0.053532287 -0.068805315 0.990217090
1769782376184331776.000000 0.009116635 -0.025430195 -0.012218035 -0.104148902 -0.053971104 -0.067276187 0.990814865
1769782376650998016.000000 0.009996599 -0.025757013 -0.012780631 -0.093623146 -0.057120506 -0.064601347 0.991866231
1769782376817665024.000000 0.010171927 -0.025822781 -0.011796127 -0.092588939 -0.058752451 -0.063052759 0.991967678
1769782377251000064.000000 0.010654312 -0.026906559 -0.013302975 -0.101356141 -0.062731557 -0.065810673 0.990687013
1769782377284330496.000000 0.011175342 -0.027121376 -0.012398886 -0.102723107 -0.065007478 -0.069230586 0.990166247
1769782377517678848.000000 0.010830026 -0.029164584 -0.013105437 -0.117318824 -0.064502910 -0.067077599 0.988724589
1769782377651011584.000000 0.010932079 -0.030475819 -0.013654436 -0.126573086 -0.065778464 -0.068581343 0.987395108
1769782377684344320.000000 0.010974797 -0.030129811 -0.013293300 -0.126209736 -0.066222675 -0.065587424 0.987615347
1769782377751011584.000000 0.010615841 -0.031054836 -0.013573918 -0.132003933 -0.064947978 -0.066272266 0.986896515
1769782377917678592.000000 0.010640112 -0.032641184 -0.013913685 -0.143928006 -0.065261431 -0.065933943 0.985230148
1769782377984344320.000000 0.010737539 -0.033226527 -0.014064373 -0.149079680 -0.065791987 -0.065751716 0.984440625
1769782378017678080.000000 0.010521774 -0.033607557 -0.014499005 -0.151560053 -0.065136306 -0.065120630 0.984147429
1769782378117677568.000000 0.010544757 -0.034810159 -0.014926387 -0.160091594 -0.064916916 -0.065587424 0.982779145
1769782378184345600.000000 0.010148845 -0.035374485 -0.014753938 -0.164811313 -0.063025028 -0.063027181 0.982289493
1769782378217678080.000000 0.010171946 -0.035958890 -0.015022485 -0.167708233 -0.062832445 -0.063607238 0.981774032
1769782378251011584.000000 0.009999112 -0.036394112 -0.015000099 -0.170613304 -0.062271379 -0.063106962 0.981341422
1769782378284344064.000000 0.009596501 -0.036777973 -0.015613310 -0.172557965 -0.061537221 -0.065524481 0.980889142
1769782378317677824.000000 0.009627131 -0.036982626 -0.014815254 -0.174419954 -0.064686738 -0.082270637 0.979093909
1769782378351011072.000000 0.009554433 -0.037534390 -0.016259093 -0.175962999 -0.067370862 -0.095255956 0.977458179
1769782378384343808.000000 0.009675757 -0.038075887 -0.015145002 -0.178426370 -0.070099063 -0.109123327 0.975367785
1769782378484343808.000000 0.009748383 -0.039118163 -0.014592860 -0.182735756 -0.078270249 -0.150544465 0.968409896
1769782378517678336.000000 0.009587552 -0.039696772 -0.014969086 -0.185570896 -0.080603130 -0.164221540 0.965452135
1769782378551010560.000000 0.009416678 -0.040118538 -0.014923728 -0.187174886 -0.082683608 -0.176373675 0.962819457
1769782378584344320.000000 0.009521406 -0.040568240 -0.014823662 -0.188343585 -0.085408099 -0.188366443 0.960078239
1769782378617677568.000000 0.009455644 -0.040937670 -0.014546753 -0.189849198 -0.087900877 -0.200592622 0.957075417
1769782378651010304.000000 0.009390488 -0.041259840 -0.014634967 -0.191148520 -0.090629585 -0.213455558 0.953774214
1769782378684344320.000000 0.009472484 -0.041737396 -0.014571024 -0.192824289 -0.093465589 -0.223758310 0.950797141
1769782378784343552.000000 0.009175329 -0.042607021 -0.014104327 -0.196257487 -0.099699989 -0.256872296 0.941041708
1769782378817677312.000000 0.009156378 -0.043000825 -0.014544358 -0.197555214 -0.101504579 -0.267412215 0.937635064
1769782378917679104.000000 0.009148370 -0.043603536 -0.013835767 -0.199912846 -0.106342986 -0.296215922 0.927891254
1769782378951011840.000000 0.008943620 -0.043885514 -0.014273234 -0.200640276 -0.107716754 -0.304447412 0.924906671
1769782379017677312.000000 0.008896695 -0.044151142 -0.013497134 -0.201978400 -0.110344172 -0.320491523 0.918865621
1769782379084343552.000000 0.008807867 -0.044664837 -0.013077902 -0.203553230 -0.112634003 -0.335206300 0.912971199
1769782379617676800.000000 0.007073587 -0.045864843 -0.013989309 -0.209674075 -0.112253174 -0.393820643 0.887885869
1769782379684344320.000000 0.006745515 -0.045726564 -0.014468978 -0.209056705 -0.110044777 -0.394154370 0.888159752
1769782379751010304.000000 0.006505737 -0.045529928 -0.014377784 -0.209235907 -0.107505530 -0.392043561 0.889361978
1769782379851010816.000000 0.006026377 -0.045068420 -0.013922583 -0.209176436 -0.101319596 -0.387005866 0.892303765
1769782379884342784.000000 0.005933457 -0.045101032 -0.013988969 -0.209573999 -0.099541150 -0.383920342 0.893742442
1769782379951011328.000000 0.005519238 -0.044620071 -0.014140288 -0.208904207 -0.094435364 -0.376408488 0.897640049
1769782379984343552.000000 0.005448928 -0.044414822 -0.013903526 -0.208294317 -0.091755241 -0.372453809 0.899706960
1769782380084343296.000000 0.004920606 -0.043726046 -0.014432193 -0.207013413 -0.082152680 -0.354796648 0.908028543
1769782380151009536.000000 0.004335577 -0.042968020 -0.014859919 -0.205133364 -0.074416794 -0.339471281 0.914954484
1769782380184343040.000000 0.004356740 -0.042682890 -0.014099479 -0.204453424 -0.070313647 -0.330676138 0.918644726
1769782380217676544.000000 0.004231829 -0.042401038 -0.014145511 -0.204082474 -0.066340871 -0.321976900 0.922106385
1769782380251010304.000000 0.003937424 -0.041879799 -0.014526064 -0.202596024 -0.061796509 -0.310339779 0.926728249
1769782380284342528.000000 0.003868544 -0.041505646 -0.013875104 -0.201296434 -0.057572182 -0.298148096 0.931274891
1769782380351009536.000000 0.003455921 -0.040869411 -0.015292501 -0.198413730 -0.048643626 -0.275037378 0.939478695
1769782380384342528.000000 0.003033531 -0.040326189 -0.014372957 -0.196889594 -0.043283261 -0.263569713 0.943340957
1769782380417677824.000000 0.003052688 -0.040081650 -0.014965776 -0.195314676 -0.040439941 -0.254481584 0.946285307
1769782380451010048.000000 0.002995608 -0.039744306 -0.013646718 -0.193769038 -0.036291372 -0.244962707 0.949278533
1769782380484342528.000000 0.002993998 -0.039424866 -0.014354222 -0.191826239 -0.033173863 -0.237648427 0.951643527
1769782380517676544.000000 0.003102165 -0.039017398 -0.013962748 -0.189516574 -0.030813040 -0.231862560 0.953610897
1769782380551009536.000000 0.002831185 -0.038799003 -0.013913845 -0.187066272 -0.027695972 -0.227599889 0.955215931
1769782380651009536.000000 0.002523189 -0.038199175 -0.013515589 -0.177764386 -0.021723580 -0.223353416 0.958144665
1769782380684342528.000000 0.002495597 -0.037743390 -0.012576954 -0.173647746 -0.018840291 -0.223615065 0.958899319
1769782380717676288.000000 0.002723144 -0.037647601 -0.012271026 -0.169990778 -0.017201034 -0.224041626 0.959485650
1769782380751009536.000000 0.002371649 -0.037182823 -0.013087848 -0.164777324 -0.013819708 -0.223522574 0.960570216
1769782380784342016.000000 0.002591316 -0.037247308 -0.012781135 -0.162052065 -0.011908310 -0.224739462 0.960775495
1769782380817676032.000000 0.002273346 -0.036681991 -0.013052848 -0.157281443 -0.008499601 -0.225685373 0.961382568
1769782380884342272.000000 0.002594630 -0.036698401 -0.012772804 -0.151031703 -0.003798105 -0.227916658 0.961888254
1769782380917676288.000000 0.002491510 -0.036268063 -0.012011867 -0.146497086 -0.000135588 -0.226242766 0.962991595
1769782380984342528.000000 0.002147403 -0.035969581 -0.011935370 -0.138875782 0.006585541 -0.228241086 0.963626564
1769782381017676032.000000 0.002595677 -0.035912886 -0.011786021 -0.136058435 0.008215004 -0.230294913 0.963527322
1769782381084342784.000000 0.002658002 -0.035727698 -0.012020714 -0.130168974 0.015695801 -0.230252326 0.964258015
1769782381151008768.000000 0.002887859 -0.035025969 -0.011052558 -0.124604046 0.025501423 -0.233097970 0.964100003
1769782381184343808.000000 0.002622132 -0.035391323 -0.011703490 -0.123249680 0.029967360 -0.236250311 0.963378072
1769782381284342016.000000 0.002781926 -0.035181709 -0.012817931 -0.118843265 0.041206211 -0.242218375 0.962033570
1769782381317675520.000000 0.003322252 -0.035249423 -0.011538366 -0.118146874 0.044553459 -0.242066011 0.962008536
1769782381351008768.000000 0.003134967 -0.035091091 -0.011710183 -0.117000580 0.048692212 -0.243536189 0.961576879
1769782381484342016.000000 0.002986837 -0.033941835 -0.011480523 -0.112678654 0.062169433 -0.253033042 0.958860159
1769782381517676032.000000 0.002989251 -0.033572376 -0.011264917 -0.113515057 0.063269302 -0.253963798 0.958443403
1769782381617675520.000000 0.002465763 -0.033356190 -0.010305046 -0.139889970 0.064582109 -0.242625043 0.957806349
1769782381717675776.000000 0.001807613 -0.033073489 -0.011462018 -0.156542271 0.060273372 -0.223109037 0.960252047
1769782381751009024.000000 0.001810088 -0.032601569 -0.010685038 -0.159217000 0.059571236 -0.215840250 0.961516619
1769782381784342016.000000 0.001745387 -0.032618780 -0.010878650 -0.162280127 0.058920894 -0.210259110 0.962280989
1769782381817675520.000000 0.001508053 -0.031882554 -0.010843650 -0.163326174 0.059226677 -0.203987345 0.963434458
1769782381884342016.000000 0.001300497 -0.031526517 -0.010580889 -0.167009175 0.060057871 -0.193354949 0.964942932
1769782381917677312.000000 0.001304257 -0.031213338 -0.010535387 -0.168344766 0.059047937 -0.191086516 0.965225041
1769782381984342016.000000 0.001180024 -0.030603766 -0.010570552 -0.168769360 0.059555355 -0.182077259 0.966859818
1769782382017675520.000000 0.000550393 -0.030453000 -0.011304786 -0.168376312 0.060387745 -0.177156270 0.967790484
1769782382051008768.000000 0.000640423 -0.029884113 -0.010872406 -0.166984662 0.060822692 -0.173587531 0.968650639
1769782382084341504.000000 0.000646108 -0.029874580 -0.010514835 -0.167185530 0.061356917 -0.170001104 0.969218194
1769782382117674752.000000 0.000447977 -0.029652931 -0.010726251 -0.165858209 0.061328579 -0.168174982 0.969766557
1769782382251009024.000000 0.000476337 -0.028679889 -0.010838529 -0.158247575 0.062352434 -0.160822049 0.972217143
1769782382317674752.000000 0.000131298 -0.028054301 -0.010239047 -0.153093189 0.063970186 -0.155491725 0.973803222
1769782382517675520.000000 0.000112035 -0.027338149 -0.009424921 -0.136771619 0.065165758 -0.151054457 0.976846695
1769782382717675008.000000 0.000120427 -0.026986094 -0.009099836 -0.122948959 0.066348061 -0.147497296 0.979145586
1769782382884340992.000000 -0.000288362 -0.026912769 -0.008809357 -0.116178893 0.068825945 -0.147628635 0.979781210
1769782382917675008.000000 -0.000117327 -0.026800448 -0.008768836 -0.114797473 0.068514466 -0.146610439 0.980118752
1769782383151007744.000000 -0.000772338 -0.027163291 -0.009371352 -0.113780104 0.071485966 -0.145607457 0.980174661
1769782383317674496.000000 -0.001158301 -0.027345721 -0.009821570 -0.112249210 0.074348681 -0.146139771 0.980058968
1769782383384340736.000000 -0.001167180 -0.027426505 -0.009727724 -0.112831920 0.075364694 -0.144496247 0.980158150
1769782383451008512.000000 -0.001295457 -0.027409596 -0.009981286 -0.112862073 0.076301917 -0.144728050 0.980047941
1769782383717674496.000000 -0.002456381 -0.028463339 -0.011388974 -0.120521143 0.081203073 -0.140497863 0.979357481
1769782383751007744.000000 -0.002534724 -0.028535441 -0.011634287 -0.121067755 0.081801213 -0.139037028 0.979448736
1769782383884340224.000000 -0.002980408 -0.029406825 -0.011808421 -0.127427235 0.084907271 -0.136911184 0.978676856
1769782383917674240.000000 -0.003120596 -0.029409183 -0.011846528 -0.128667116 0.085119016 -0.136343613 0.978575468
1769782384084340480.000000 -0.003954352 -0.030334573 -0.012157448 -0.136697859 0.088318698 -0.132814184 0.977688015
1769782384117673728.000000 -0.004059700 -0.030454475 -0.012241092 -0.138831481 0.088694878 -0.133380711 0.977276146
1769782384151006976.000000 -0.004275307 -0.030801775 -0.012059646 -0.140861943 0.089477509 -0.131363183 0.977187514
1769782384217673984.000000 -0.004326040 -0.031517565 -0.012085252 -0.145822227 0.090112485 -0.131941319 0.976323307
1769782384284340224.000000 -0.004858609 -0.032281879 -0.012633754 -0.150934011 0.091206886 -0.131369695 0.975521505
1769782384351007232.000000 -0.005232275 -0.032792639 -0.012229145 -0.155436635 0.092928156 -0.129083425 0.974957049
1769782384384339968.000000 -0.005265328 -0.033186682 -0.012920730 -0.158081934 0.092838928 -0.128781423 0.974580109
1769782384417674240.000000 -0.005467795 -0.033742890 -0.012783243 -0.161991894 0.093347706 -0.127845332 0.974012554
1769782384451007488.000000 -0.005741381 -0.034020476 -0.013091147 -0.163715348 0.093782820 -0.127018228 0.973790765
1769782384551007232.000000 -0.006011956 -0.035184983 -0.013052026 -0.171660572 0.094595201 -0.124821216 0.972627401
1769782384584340480.000000 -0.006160657 -0.035595693 -0.012880668 -0.174273983 0.094790414 -0.123577565 0.972302377
1769782384617673984.000000 -0.006191313 -0.036002532 -0.012476770 -0.177052066 0.095415220 -0.122197285 0.971913755
1769782384651006976.000000 -0.006368328 -0.036457203 -0.012288586 -0.179831162 0.096033134 -0.121344320 0.971449375
1769782384684339712.000000 -0.006528074 -0.036902614 -0.012294183 -0.182635829 0.096196882 -0.120239846 0.971047223
1769782384717673472.000000 -0.006464912 -0.037363611 -0.011733349 -0.185609236 0.096642286 -0.118244432 0.970684171
1769782384751006720.000000 -0.006589641 -0.037374552 -0.011986909 -0.187873840 0.096563973 -0.119355172 0.970120192
1769782384817673984.000000 -0.006977154 -0.038018797 -0.012684939 -0.192075714 0.096721590 -0.116792805 0.969593346
1769782384884339456.000000 -0.006749216 -0.039029114 -0.011700128 -0.197725192 0.095916942 -0.116445757 0.968578935
1769782384917675008.000000 -0.007048095 -0.039526936 -0.011768772 -0.200100675 0.096096799 -0.116028465 0.968123198
1769782384951024128.000000 -0.006850332 -0.039569732 -0.012124115 -0.201799721 0.095715940 -0.115476348 0.967874289
1769782385051022848.000000 -0.007293493 -0.040919200 -0.011873065 -0.210050672 0.096068367 -0.111782789 0.966516554
1769782385217690112.000000 -0.007421761 -0.042493299 -0.012231546 -0.221014440 0.094144762 -0.110582329 0.964396715
1769782385251023104.000000 -0.007491509 -0.042835020 -0.012180042 -0.223104566 0.093679532 -0.109937370 0.964034379
1769782385384355328.000000 -0.007397008 -0.044245072 -0.012221909 -0.229779080 0.091457151 -0.109462231 0.962733209
1769782385517689344.000000 -0.007163257 -0.044290315 -0.011712638 -0.234066799 0.089225546 -0.108293526 0.962041616
1769782385584355072.000000 -0.007302340 -0.044952441 -0.012034267 -0.236577123 0.088225909 -0.106118731 0.961762071
1769782385684356608.000000 -0.007218599 -0.045360155 -0.012076987 -0.239302486 0.086045757 -0.104204617 0.961494625
1769782385751022336.000000 -0.007093016 -0.045995142 -0.012965309 -0.240731165 0.084411807 -0.103484266 0.961360574
1769782385884354304.000000 -0.006844604 -0.046145417 -0.012502244 -0.243334085 0.081624322 -0.101948746 0.961109996
1769782386017688576.000000 -0.006446003 -0.046151619 -0.012511512 -0.243943587 0.077233486 -0.100425497 0.961478710
1769782386084354560.000000 -0.005891130 -0.046503216 -0.012578901 -0.244101211 0.074035406 -0.099710852 0.961764634
1769782386251022592.000000 -0.005185005 -0.046682999 -0.012263376 -0.242988810 0.067891665 -0.097146273 0.962761521
1769782386317688576.000000 -0.004805669 -0.046814330 -0.012599688 -0.241932556 0.065162167 -0.096358605 0.963295162
1769782386417690112.000000 -0.003761955 -0.046056915 -0.011384199 -0.239822090 0.060186602 -0.097439140 0.964037657
1769782386484354816.000000 -0.003497937 -0.046026390 -0.012534096 -0.237375990 0.057324685 -0.097049527 0.964856446
1769782386517688832.000000 -0.003216776 -0.045713373 -0.011757504 -0.236412153 0.056494735 -0.096172154 0.965229809
1769782386551021312.000000 -0.003009906 -0.045766331 -0.012357095 -0.234899238 0.054594804 -0.096132748 0.965712309
1769782386584354816.000000 -0.002736914 -0.045643967 -0.012394538 -0.233952031 0.053281084 -0.095611483 0.966067314
1769782386651021568.000000 -0.002207051 -0.045316342 -0.012311751 -0.231021836 0.050147027 -0.094654731 0.967033982
1769782386684354304.000000 -0.001759808 -0.045136549 -0.011858204 -0.229265213 0.047664020 -0.095809154 0.967463851
1769782386851021824.000000 -0.000091813 -0.044217009 -0.011921696 -0.220346391 0.038515914 -0.096817680 0.969840348
1769782386884353792.000000 0.000010501 -0.044016715 -0.011906473 -0.218648776 0.037096173 -0.095716126 0.970389128
1769782386917688320.000000 0.000123748 -0.043962277 -0.011999149 -0.216914952 0.035890583 -0.095765933 0.970818579
1769782386951022592.000000 -0.000035721 -0.043884218 -0.015308933 -0.213426799 0.032685708 -0.101154730 0.971158266
1769782386984354560.000000 0.000550378 -0.043569691 -0.012254159 -0.212639123 0.033302620 -0.095701724 0.971862495
1769782387084354560.000000 0.000571901 -0.043277457 -0.014788364 -0.205779806 0.027869258 -0.099632204 0.973114312
1769782387117688064.000000 0.000404299 -0.042998474 -0.014088892 -0.203240335 0.026918970 -0.099213853 0.973717332
1769782387151021568.000000 0.000784848 -0.042596750 -0.014341949 -0.199304804 0.025054818 -0.098712727 0.974631011
1769782387184355584.000000 0.001638998 -0.042477317 -0.012353067 -0.197143123 0.023428522 -0.097756758 0.975207329
1769782387217688064.000000 0.000823820 -0.042337824 -0.014375230 -0.193248272 0.022567758 -0.097518012 0.976030767
1769782387951022592.000000 0.002275042 -0.040757772 -0.013543677 -0.137509450 -0.037291858 -0.106567122 0.984044671
1769782390351018752.000000 0.008655780 -0.036958747 -0.013627957 -0.159336060 -0.048081387 -0.093630075 0.981597483
1769782390517686272.000000 0.007990480 -0.038154133 -0.013898980 -0.167243794 -0.044415805 -0.093345173 0.980481267
1769782390984352000.000000 0.006821206 -0.041068945 -0.014229186 -0.186884671 -0.037002385 -0.096669182 0.976913512
1769782391084352000.000000 0.006610687 -0.041515689 -0.013926197 -0.190717101 -0.035563108 -0.098015785 0.976091802
1769782391251019264.000000 0.006148994 -0.042076480 -0.013778612 -0.195928663 -0.032502439 -0.098073229 0.975160062
1769782391317685760.000000 0.005967350 -0.042294268 -0.013411609 -0.197961301 -0.030965120 -0.098256409 0.974781096
1769782392084351488.000000 0.003990372 -0.043485578 -0.013514423 -0.209419221 -0.017070748 -0.100590475 0.972488463
1769782392384350464.000000 0.003497642 -0.043354820 -0.013527857 -0.209210709 -0.012778378 -0.102049164 0.972447217
1769782392617708288.000000 0.003155462 -0.043095790 -0.013564848 -0.207875341 -0.010202133 -0.103348710 0.972626805
1769782393017708032.000000 0.002920390 -0.042689092 -0.013447389 -0.205503941 -0.007563459 -0.105279878 0.972947657
1769782393317708032.000000 0.002715450 -0.042389527 -0.013575829 -0.203645617 -0.006372950 -0.106356345 0.973229825
1769782393751041280.000000 0.002677513 -0.042225212 -0.013397807 -0.202420875 -0.006391425 -0.107569717 0.973351836
1769782394817706752.000000 0.002677443 -0.042079099 -0.013322181 -0.202524230 -0.006606843 -0.108648397 0.973209023
1769782395051040000.000000 0.002772794 -0.042058256 -0.013128856 -0.202548519 -0.006603968 -0.108410642 0.973230481
1769782395417706496.000000 0.002722319 -0.042067554 -0.013144111 -0.202556208 -0.006581006 -0.108463205 0.973223209
