1769782321.284235 0.0000000 0.0000000 0.0000000 -0.0000000 -0.0000000 -0.0000000 1.0000000
1769782321.517569 -0.0003072 -0.0001761 -0.0002494 0.0001535 -0.0000012 0.0026604 0.9999965
1769782331.650934 -0.0003535 0.0002143 -0.0009075 0.0039921 0.0129282 -0.0054520 0.9998936
1769782332.517600 -0.0022613 -0.0015185 -0.0015010 -0.0092090 0.0346260 -0.0045006 0.9993478
1769782332.584267 -0.0024188 -0.0017302 -0.0012594 -0.0106837 0.0366128 -0.0037239 0.9992655
1769782332.917600 -0.0031926 -0.0024951 -0.0015778 -0.0205820 0.0448235 -0.0026697 0.9987793
1769782333.317599 -0.0042773 -0.0037793 -0.0012866 -0.0342745 0.0540497 0.0000242 0.9979498
1769782333.584266 -0.0050720 -0.0051835 -0.0014779 -0.0437831 0.0573521 0.0014279 0.9973925
1769782333.650932 -0.0052896 -0.0053407 -0.0015027 -0.0454961 0.0577131 0.0022985 0.9972934
1769782334.617598 -0.0046984 -0.0063054 -0.0020370 -0.0491149 0.0495404 0.0043640 0.9975542
1769782334.817598 -0.0039264 -0.0055598 -0.0016944 -0.0416245 0.0450343 0.0041353 0.9981093
1769782334.850932 -0.0038481 -0.0054812 -0.0014646 -0.0402709 0.0437240 0.0039329 0.9982239
1769782334.917599 -0.0037175 -0.0050013 -0.0016979 -0.0367886 0.0420356 0.0032274 0.9984334
1769782335.117597 -0.0026621 -0.0042020 -0.0015676 -0.0256708 0.0353061 0.0018118 0.9990452
1769782335.150931 -0.0025275 -0.0041223 -0.0016521 -0.0238811 0.0340807 0.0011579 0.9991331
1769782335.217598 -0.0023531 -0.0036402 -0.0016489 -0.0187711 0.0314170 0.0005424 0.9993299
1769782335.250932 -0.0021378 -0.0033918 -0.0015522 -0.0159105 0.0301517 -0.0000835 0.9994187
1769782335.417599 -0.0018261 -0.0025918 -0.0016345 -0.0010327 0.0241687 -0.0032995 0.9997019
1769782335.817598 -0.0006393 0.0003690 -0.0012617 0.0422156 -0.0101267 -0.0094734 0.9990124
1769782335.850931 -0.0004178 0.0006002 -0.0014698 0.0446996 -0.0133638 -0.0107150 0.9988536
1769782335.950931 -0.0002421 0.0011928 -0.0012003 0.0504206 -0.0208563 -0.0085726 0.9984735
1769782336.050930 -0.0003250 0.0016418 -0.0003765 0.0521310 -0.0217654 -0.0051252 0.9983899
1769782336.084264 -0.0001197 0.0016321 -0.0001984 0.0530082 -0.0204348 -0.0034950 0.9983789
1769782336.250931 0.0003351 0.0021072 0.0004326 0.0200395 -0.0191820 -0.0022721 0.9996126
1769782336.350930 0.0004395 0.0025118 0.0008595 0.0107546 -0.0194336 -0.0021529 0.9997510
1769782336.517597 0.0012789 0.0033960 0.0010136 0.0034486 -0.0217715 -0.0022042 0.9997546
1769782336.550930 0.0014204 0.0034611 0.0011073 0.0034553 -0.0225024 -0.0029869 0.9997364
1769782336.650930 0.0016322 0.0041607 0.0014840 0.0054614 -0.0238933 -0.0023216 0.9996969
1769782336.717597 0.0022073 0.0045411 0.0012560 0.0078786 -0.0255162 -0.0051410 0.9996302
1769782336.817597 0.0025488 0.0051301 0.0016475 0.0142109 -0.0279244 -0.0049285 0.9994969
1769782336.950930 0.0029618 0.0056400 0.0019026 0.0245355 -0.0293622 -0.0035589 0.9992614
1769782336.984263 0.0031419 0.0060359 0.0012940 0.0277375 -0.0300689 -0.0035404 0.9991567
1769782337.017596 0.0031762 0.0062052 0.0014412 0.0304954 -0.0303188 -0.0034016 0.9990692
1769782337.350929 0.0036420 0.0066557 0.0019400 0.0527952 -0.0330561 0.0015295 0.9980569
1769782337.550929 0.0037982 0.0066330 0.0016713 0.0568629 -0.0346896 0.0043758 0.9977696
1769782338.117596 0.0045226 0.0052990 0.0010796 0.0539339 -0.0419406 0.0054115 0.9976487
1769782338.150929 0.0047846 0.0054375 0.0012146 0.0540481 -0.0426414 0.0049064 0.9976154
1769782338.184263 0.0046616 0.0052284 0.0009238 0.0524566 -0.0430343 0.0060476 0.9976772
1769782338.217596 0.0046748 0.0050056 0.0012651 0.0510413 -0.0438135 0.0053033 0.9977210
1769782338.517596 0.0058687 0.0021923 0.0016328 0.0360686 -0.0483619 0.0032721 0.9981731
1769782338.550928 0.0056731 0.0024452 -0.0003031 0.0337639 -0.0492753 0.0028373 0.9982104
1769782338.784287 0.0059334 0.0010272 -0.0018238 0.0194984 -0.0511369 0.0022002 0.9984989
1769782338.817621 0.0061969 0.0007703 -0.0018292 0.0175865 -0.0521468 0.0008506 0.9984842
1769782338.950953 0.0062609 -0.0008585 -0.0017416 0.0065859 -0.0529099 0.0027039 0.9985740
1769782339.117619 0.0064745 -0.0026216 -0.0020268 -0.0068988 -0.0535111 -0.0001304 0.9985434
1769782339.150954 0.0068596 -0.0023117 -0.0027651 -0.0084772 -0.0539956 0.0004732 0.9985051
1769782339.184288 0.0064548 -0.0032067 -0.0025100 -0.0119059 -0.0530225 0.0014995 0.9985212
1769782339.284286 0.0067734 -0.0045951 -0.0013594 -0.0199454 -0.0530886 0.0012239 0.9983899
1769782339.317619 0.0065480 -0.0050672 -0.0028027 -0.0224682 -0.0533701 -0.0085379 0.9982855
1769782339.350952 0.0068214 -0.0055002 -0.0012804 -0.0247535 -0.0537010 -0.0227162 0.9979917
1769782339.417620 0.0068687 -0.0062014 -0.0024107 -0.0289019 -0.0551253 -0.0516384 0.9967244
1769782339.517620 0.0067864 -0.0072285 -0.0036255 -0.0348091 -0.0567514 -0.0922121 0.9935113
1769782339.617620 0.0069227 -0.0086738 -0.0037744 -0.0412021 -0.0589632 -0.1320803 0.9886256
1769782339.650952 0.0068438 -0.0087776 -0.0033498 -0.0426111 -0.0595616 -0.1434183 0.9869488
1769782339.750953 0.0071169 -0.0097768 -0.0038891 -0.0480676 -0.0627240 -0.1807491 0.9803494
1769782339.850953 0.0072138 -0.0108758 -0.0035796 -0.0530044 -0.0653675 -0.2131052 0.9733981
1769782339.884288 0.0069968 -0.0109469 -0.0035597 -0.0539700 -0.0649802 -0.2213875 0.9715207
1769782339.917620 0.0068518 -0.0110046 -0.0043158 -0.0547784 -0.0652117 -0.2305650 0.9693227
1769782340.217619 0.0065661 -0.0134784 -0.0028841 -0.0656403 -0.0653413 -0.2999960 0.9494336
1769782340.317619 0.0060320 -0.0138696 -0.0042458 -0.0679106 -0.0632437 -0.3146486 0.9446611
1769782340.350952 0.0062033 -0.0137606 -0.0036839 -0.0689561 -0.0637843 -0.3185787 0.9432307
1769782340.550952 0.0055807 -0.0139853 -0.0045161 -0.0722273 -0.0602770 -0.3364333 0.9369966
1769782340.650953 0.0051312 -0.0139862 -0.0052475 -0.0732358 -0.0581234 -0.3384385 0.9363320
1769782340.884289 0.0039224 -0.0133723 -0.0048657 -0.0725998 -0.0475724 -0.3290669 0.9403090
1769782340.917620 0.0041068 -0.0132691 -0.0040141 -0.0723745 -0.0463763 -0.3263696 0.9413257
1769782340.950953 0.0037911 -0.0133360 -0.0034998 -0.0717964 -0.0441048 -0.3227615 0.9427221
1769782340.984286 0.0036372 -0.0130366 -0.0038852 -0.0717817 -0.0423194 -0.3175524 0.9445724
1769782341.084285 0.0026511 -0.0120558 -0.0047192 -0.0691093 -0.0343610 -0.3018914 0.9502131
1769782341.150952 0.0026900 -0.0119942 -0.0033712 -0.0675242 -0.0306077 -0.2854867 0.9555109
1769782341.217619 0.0016830 -0.0111954 -0.0034788 -0.0654523 -0.0230422 -0.2670656 0.9611769
1769782341.250952 0.0014071 -0.0108097 -0.0037175 -0.0638019 -0.0204383 -0.2570223 0.9640805
1769782341.284285 0.0010199 -0.0103286 -0.0039700 -0.0620603 -0.0174697 -0.2434831 0.9677600
1769782341.317618 0.0011820 -0.0098720 -0.0034948 -0.0602658 -0.0146872 -0.2348229 0.9700570
1769782341.350952 0.0007552 -0.0095873 -0.0036970 -0.0583162 -0.0116407 -0.2213396 0.9733820
1769782341.417619 -0.0000972 -0.0087255 -0.0037849 -0.0543821 -0.0062769 -0.1961310 0.9790484
1769782341.450952 -0.0000244 -0.0085851 -0.0036601 -0.0526068 -0.0036729 -0.1874530 0.9808570
1769782341.484285 0.0000081 -0.0081266 -0.0034873 -0.0503884 -0.0019973 -0.1785382 0.9826399
1769782341.550951 -0.0000945 -0.0076205 -0.0026190 -0.0460070 0.0027339 -0.1627272 0.9855941
1769782341.650951 -0.0001580 -0.0070443 -0.0026528 -0.0364014 0.0079270 -0.1554597 0.9871395
1769782341.684285 -0.0001292 -0.0070134 -0.0024151 -0.0344737 0.0091575 -0.1555184 0.9871888
1769782341.784285 -0.0007729 -0.0065439 -0.0024325 -0.0232478 0.0180488 -0.1552775 0.9874324
1769782341.850951 -0.0007690 -0.0059611 -0.0021593 -0.0154637 0.0240133 -0.1548861 0.9875194
1769782341.884284 -0.0008590 -0.0058088 -0.0022980 -0.0118374 0.0272483 -0.1552296 0.9874316
1769782341.917619 -0.0009614 -0.0056956 -0.0023759 -0.0085142 0.0307914 -0.1523355 0.9878124
1769782341.950952 -0.0009301 -0.0056775 -0.0016665 -0.0047324 0.0336000 -0.1529296 0.9876544
1769782342.017618 -0.0009652 -0.0052620 -0.0014346 0.0025365 0.0399693 -0.1546785 0.9871528
1769782342.084284 -0.0010990 -0.0049662 -0.0009454 0.0091299 0.0475879 -0.1562775 0.9865239
1769782342.117617 -0.0008585 -0.0046501 -0.0010196 0.0122967 0.0521954 -0.1567495 0.9861816
1769782342.184285 -0.0008878 -0.0040685 -0.0019094 0.0167909 0.0612375 -0.1566859 0.9856052
1769782342.217618 -0.0008374 -0.0042153 -0.0005608 0.0181732 0.0666816 -0.1568689 0.9851982
1769782342.350951 -0.0006643 -0.0042801 0.0003086 0.0218734 0.0854799 -0.1594568 0.9832539
1769782342.450950 -0.0004264 -0.0042797 0.0004052 0.0207874 0.0949882 -0.1627916 0.9818575
1769782342.517618 -0.0003493 -0.0036121 0.0018863 0.0231358 0.1014675 -0.1676162 0.9803438
1769782342.550951 -0.0005695 -0.0024855 -0.0001184 0.0226158 0.1006176 -0.1712673 0.9798123
1769782343.184285 -0.0032740 0.0005554 0.0027778 -0.0248863 0.0791411 -0.0750373 0.9937237
1769782343.250951 -0.0029079 0.0011617 0.0035966 -0.0204384 0.0789189 -0.0699644 0.9942128
1769782343.284284 -0.0032402 0.0008322 0.0037175 -0.0192633 0.0797432 -0.0668475 0.9943849
1769782343.317617 -0.0032348 0.0013632 0.0036382 -0.0167681 0.0797091 -0.0664960 0.9944564
1769782343.350950 -0.0031437 0.0017739 0.0039950 -0.0130301 0.0796605 -0.0641354 0.9946713
1769782343.484283 -0.0035374 0.0021775 0.0038056 -0.0016132 0.0812219 -0.0604349 0.9948608
1769782343.517618 -0.0034793 0.0031230 0.0036431 0.0029301 0.0808040 -0.0604308 0.9948921
1769782344.117616 -0.0047646 0.0032404 0.0047626 0.0263833 0.0907876 -0.0579690 0.9938316
1769782344.250950 -0.0052543 0.0027019 0.0052558 0.0279011 0.0935571 -0.0533110 0.9937940
1769782344.317617 -0.0054321 0.0027355 0.0051412 0.0273718 0.0953405 -0.0537883 0.9936135
1769782344.750950 -0.0068162 0.0010126 0.0040952 0.0184217 0.1025059 -0.0432048 0.9936230
1769782344.784283 -0.0067337 0.0009451 0.0039989 0.0168663 0.1023722 -0.0447224 0.9935972
1769782344.817617 -0.0068433 0.0009105 0.0035465 0.0157916 0.1024662 -0.0460446 0.9935448
1769782345.017616 -0.0081335 0.0000306 0.0021964 0.0071463 0.1051961 -0.0386488 0.9936745
1769782345.217617 -0.0089291 -0.0012458 0.0008459 -0.0049552 0.1080646 -0.0312392 0.9936406
1769782345.250950 -0.0090057 -0.0012797 -0.0006017 -0.0074670 0.1071833 -0.0350687 0.9935926
1769782345.317616 -0.0086799 -0.0024416 0.0004960 -0.0130896 0.1065991 -0.0363086 0.9935527
1769782345.384282 -0.0088198 -0.0035732 0.0026344 -0.0165226 0.1093378 -0.0319715 0.9933530
1769782345.417618 -0.0085890 -0.0039149 0.0004701 -0.0201692 0.1065443 -0.0341889 0.9935153
1769782345.484282 -0.0088001 -0.0045078 0.0003152 -0.0259887 0.1070831 -0.0337054 0.9933387
1769782345.584283 -0.0090095 -0.0058874 0.0004070 -0.0339215 0.1072878 -0.0299312 0.9931983
1769782345.617616 -0.0093817 -0.0062967 0.0001701 -0.0361041 0.1079775 -0.0289180 0.9930766
1769782345.684282 -0.0091302 -0.0068749 0.0004216 -0.0406333 0.1075035 -0.0298484 0.9929255
1769782345.717615 -0.0093304 -0.0074435 -0.0010492 -0.0441101 0.1070258 -0.0282692 0.9928749
1769782345.750949 -0.0089969 -0.0080992 0.0000694 -0.0467587 0.1067171 -0.0274925 0.9928088
1769782345.784282 -0.0092259 -0.0085196 0.0003756 -0.0493137 0.1070147 -0.0250787 0.9927170
1769782345.917617 -0.0089880 -0.0100204 -0.0006080 -0.0606335 0.1050421 -0.0253135 0.9922948
1769782345.984282 -0.0092265 -0.0103826 -0.0018026 -0.0637561 0.1043701 -0.0241719 0.9921985
1769782346.017616 -0.0090346 -0.0112453 -0.0006791 -0.0666389 0.1040740 -0.0223005 0.9920840
1769782346.084282 -0.0094288 -0.0119294 -0.0009317 -0.0715497 0.1042029 -0.0180831 0.9918142
1769782346.117615 -0.0092864 -0.0123036 -0.0016616 -0.0733098 0.1024835 -0.0194721 0.9918385
1769782346.184283 -0.0089319 -0.0129253 -0.0005926 -0.0777755 0.1020499 -0.0176971 0.9915764
1769782346.250950 -0.0088882 -0.0132284 -0.0017301 -0.0825262 0.1003657 -0.0209770 0.9913002
1769782346.617615 -0.0079100 -0.0163090 -0.0020414 -0.0998068 0.0921692 -0.0191740 0.9905432
1769782346.784281 -0.0069112 -0.0167586 -0.0011051 -0.1025930 0.0866359 -0.0183713 0.9907731
1769782346.917617 -0.0071840 -0.0170553 -0.0026546 -0.1041717 0.0828320 -0.0126016 0.9910239
1769782347.050948 -0.0071746 -0.0177343 -0.0039590 -0.1056133 0.0794661 -0.0114210 0.9911612
1769782347.350948 -0.0052046 -0.0172096 -0.0029996 -0.1012923 0.0674351 -0.0124442 0.9924906
1769782347.417616 -0.0050660 -0.0169783 -0.0035051 -0.0996971 0.0650677 -0.0110190 0.9928269
1769782347.450948 -0.0051250 -0.0165258 -0.0050030 -0.0970824 0.0636534 -0.0099642 0.9931888
1769782347.550948 -0.0038850 -0.0160750 -0.0041130 -0.0937015 0.0583899 -0.0111420 0.9938242
1769782347.584282 -0.0035715 -0.0159883 -0.0042859 -0.0927007 0.0565523 -0.0132849 0.9939980
1769782347.650948 -0.0031851 -0.0155642 -0.0042201 -0.0892617 0.0539317 -0.0125673 0.9944676
1769782347.750948 -0.0026625 -0.0144429 -0.0060988 -0.0839025 0.0481704 -0.0153297 0.9951909
1769782347.817615 -0.0015241 -0.0138389 -0.0060561 -0.0792253 0.0434888 -0.0180665 0.9957438
1769782347.884281 -0.0015381 -0.0131351 -0.0073819 -0.0747760 0.0410023 -0.0173926 0.9962052
1769782347.917616 -0.0009558 -0.0131561 -0.0062606 -0.0730627 0.0398757 -0.0187271 0.9963539
1769782347.984281 -0.0008359 -0.0123875 -0.0063548 -0.0684776 0.0375887 -0.0177292 0.9967867
1769782348.017614 -0.0003223 -0.0120338 -0.0065870 -0.0656844 0.0349340 -0.0189437 0.9970488
1769782348.150949 0.0002308 -0.0110273 -0.0062493 -0.0555798 0.0300653 -0.0198851 0.9978034
1769782348.184282 0.0005608 -0.0107914 -0.0070548 -0.0526529 0.0277492 -0.0227605 0.9979678
1769782348.217615 0.0007358 -0.0106536 -0.0069168 -0.0499018 0.0262645 -0.0234439 0.9981335
1769782348.384280 0.0011253 -0.0092541 -0.0079738 -0.0317469 0.0188156 -0.0269299 0.9989559
1769782348.517615 0.0014330 -0.0088042 -0.0075190 -0.0193574 0.0117727 -0.0270337 0.9993778
1769782348.584281 0.0014953 -0.0085260 -0.0072274 -0.0118361 0.0100375 -0.0261252 0.9995382
1769782348.650947 0.0014671 -0.0079974 -0.0074905 -0.0039227 0.0058845 -0.0270914 0.9996079
1769782348.684280 0.0017752 -0.0080170 -0.0071947 -0.0012859 0.0023853 -0.0280458 0.9996030
1769782348.817614 0.0017905 -0.0072635 -0.0070735 0.0119969 -0.0107967 -0.0304106 0.9994072
1769782348.884280 0.0017435 -0.0068886 -0.0072763 0.0186071 -0.0192004 -0.0308484 0.9991664
1769782348.917615 0.0017946 -0.0068101 -0.0074557 0.0214565 -0.0230369 -0.0305117 0.9990385
1769782348.950947 0.0019873 -0.0067070 -0.0064282 0.0246936 -0.0278659 -0.0296822 0.9988657
1769782349.084280 0.0023255 -0.0059499 -0.0061746 0.0330597 -0.0435080 -0.0254000 0.9981828
1769782349.117613 0.0023285 -0.0057309 -0.0056665 0.0342159 -0.0458967 -0.0233868 0.9980861
1769782349.217614 0.0025908 -0.0049633 -0.0055677 0.0333958 -0.0491560 -0.0131521 0.9981460
1769782349.284280 0.0028343 -0.0051503 -0.0054643 0.0135928 -0.0474892 -0.0108352 0.9987205
1769782349.450947 0.0034768 -0.0045533 -0.0050793 -0.0124410 -0.0422783 -0.0131133 0.9989423
1769782349.584281 0.0034670 -0.0039396 -0.0044206 -0.0206233 -0.0391835 -0.0153946 0.9989006
1769782349.617613 0.0036538 -0.0040066 -0.0044222 -0.0221980 -0.0391358 -0.0151291 0.9988728
1769782349.817614 0.0041764 -0.0032652 -0.0028562 -0.0196282 -0.0380011 -0.0179575 0.9989235
1769782349.917615 0.0044854 -0.0026148 -0.0029123 -0.0141601 -0.0379968 -0.0187326 0.9990019
1769782350.450946 0.0057300 -0.0017577 -0.0028777 0.0141021 -0.0397137 -0.0133083 0.9990230
1769782350.650946 0.0059268 -0.0019529 -0.0030829 0.0168181 -0.0412750 -0.0114394 0.9989408
1769782350.784280 0.0061082 -0.0021265 -0.0033402 0.0172993 -0.0424041 -0.0103093 0.9988976
1769782351.150947 0.0069452 -0.0032395 -0.0040207 0.0101344 -0.0474351 -0.0096437 0.9987764
1769782351.184280 0.0066990 -0.0039025 -0.0039290 0.0072918 -0.0469211 -0.0091816 0.9988298
1769782351.217613 0.0068569 -0.0036188 -0.0045370 0.0069177 -0.0472296 -0.0109316 0.9988003
1769782351.517613 0.0072493 -0.0053031 -0.0055591 -0.0066798 -0.0500821 -0.0110746 0.9986614
1769782351.617612 0.0073425 -0.0064830 -0.0057240 -0.0124918 -0.0509894 -0.0096852 0.9985741
1769782351.717612 0.0073500 -0.0070671 -0.0060896 -0.0191877 -0.0517928 -0.0103719 0.9984196
1769782351.850945 0.0077166 -0.0085805 -0.0058239 -0.0292284 -0.0528777 -0.0108685 0.9981140
1769782351.917614 0.0075715 -0.0092567 -0.0067138 -0.0341201 -0.0526286 -0.0121264 0.9979574
1769782351.950946 0.0080034 -0.0098198 -0.0062039 -0.0364659 -0.0532888 -0.0116875 0.9978447
1769782352.050946 0.0078714 -0.0110089 -0.0059039 -0.0435995 -0.0534241 -0.0119615 0.9975479
1769782352.117611 0.0078785 -0.0118618 -0.0058473 -0.0496049 -0.0527114 -0.0099416 0.9973274
1769782352.150945 0.0077930 -0.0118279 -0.0069282 -0.0513610 -0.0531745 -0.0112082 0.9972005
1769782352.217613 0.0081218 -0.0125718 -0.0063203 -0.0572044 -0.0531094 -0.0105506 0.9968930
1769782352.250946 0.0081651 -0.0135279 -0.0060325 -0.0597552 -0.0530257 -0.0109237 0.9967439
1769782352.384278 0.0076685 -0.0151629 -0.0067312 -0.0696469 -0.0550913 -0.0494492 0.9948211
1769782352.417614 0.0074669 -0.0151589 -0.0065429 -0.0714559 -0.0552209 -0.0635693 0.9938831
1769782352.450945 0.0072974 -0.0167404 -0.0077972 -0.0734607 -0.0572694 -0.0751970 0.9928087
1769782352.484278 0.0073482 -0.0164981 -0.0074869 -0.0750417 -0.0583591 -0.0896636 0.9914249
1769782352.517612 0.0073618 -0.0168454 -0.0080177 -0.0772393 -0.0595147 -0.1043216 0.9897521
1769782352.617612 0.0077330 -0.0185794 -0.0065618 -0.0835121 -0.0637726 -0.1431155 0.9841121
1769782352.717612 0.0075039 -0.0197516 -0.0084045 -0.0889143 -0.0677001 -0.1797951 0.9773355
1769782352.750945 0.0074301 -0.0199720 -0.0072973 -0.0900936 -0.0693991 -0.1902041 0.9751356
1769782352.817612 0.0071484 -0.0207741 -0.0081179 -0.0931699 -0.0698470 -0.2100407 0.9707336
1769782352.850945 0.0069496 -0.0210872 -0.0080687 -0.0952086 -0.0695668 -0.2208239 0.9681594
1769782352.884278 0.0072246 -0.0210440 -0.0078455 -0.0956037 -0.0706555 -0.2312241 0.9656103
1769782352.917613 0.0068813 -0.0213744 -0.0082205 -0.0964390 -0.0711779 -0.2396322 0.9634364
1769782352.950945 0.0069669 -0.0218457 -0.0075886 -0.0982079 -0.0718701 -0.2492326 0.9607669
1769782352.984278 0.0066073 -0.0217789 -0.0083512 -0.0995221 -0.0720900 -0.2585441 0.9581510
1769782353.117610 0.0066199 -0.0227754 -0.0077459 -0.1032931 -0.0735065 -0.2892371 0.9488252
1769782353.584278 0.0058895 -0.0236221 -0.0086262 -0.1103941 -0.0711009 -0.3465304 0.9288027
1769782353.617611 0.0057626 -0.0236650 -0.0087175 -0.1107359 -0.0705327 -0.3484375 0.9280916
1769782353.650944 0.0054745 -0.0238357 -0.0097303 -0.1110781 -0.0690740 -0.3476096 0.9284708
1769782353.717611 0.0053927 -0.0235525 -0.0087064 -0.1111611 -0.0669732 -0.3483151 0.9283504
1769782353.884277 0.0045517 -0.0230974 -0.0088283 -0.1104467 -0.0591529 -0.3397639 0.9321282
1769782353.917612 0.0042252 -0.0228575 -0.0096347 -0.1099675 -0.0571312 -0.3358727 0.9337198
1769782353.950945 0.0042804 -0.0227682 -0.0092134 -0.1096885 -0.0552134 -0.3334350 0.9347411
1769782353.984277 0.0040961 -0.0225382 -0.0083202 -0.1092136 -0.0528371 -0.3277862 0.9369295
1769782354.150945 0.0027266 -0.0212940 -0.0085605 -0.1060598 -0.0388513 -0.2957261 0.9485716
1769782354.184278 0.0028392 -0.0210013 -0.0075259 -0.1041820 -0.0367727 -0.2884138 0.9511106
1769782354.217611 0.0024596 -0.0203958 -0.0086686 -0.1026320 -0.0327588 -0.2777767 0.9545857
1769782354.250945 0.0020335 -0.0197828 -0.0088441 -0.1011721 -0.0289657 -0.2662173 0.9581512
1769782354.284315 0.0019507 -0.0197044 -0.0082717 -0.1006062 -0.0258260 -0.2547788 0.9614048
1769782354.317648 0.0017077 -0.0193857 -0.0084758 -0.0994740 -0.0227490 -0.2419297 0.9649132
1769782354.417649 0.0008321 -0.0178488 -0.0089730 -0.0926484 -0.0128979 -0.2080274 0.9736398
1769782354.450981 0.0006697 -0.0178291 -0.0083721 -0.0915295 -0.0106141 -0.1981156 0.9758381
1769782354.484314 0.0006883 -0.0176501 -0.0076654 -0.0902411 -0.0077999 -0.1888249 0.9778246
1769782354.517648 0.0003630 -0.0172074 -0.0081662 -0.0876586 -0.0051787 -0.1802224 0.9796984
1769782354.550981 0.0004059 -0.0170322 -0.0077854 -0.0853755 -0.0028252 -0.1745027 0.9809444
1769782354.584316 0.0002494 -0.0167205 -0.0083392 -0.0824728 -0.0010457 -0.1707354 0.9818588
1769782354.650981 0.0002294 -0.0165219 -0.0076037 -0.0763638 0.0035032 -0.1688282 0.9826766
1769782354.684315 -0.0002861 -0.0163783 -0.0078811 -0.0732034 0.0059163 -0.1682906 0.9829978
1769782354.750981 -0.0002987 -0.0155775 -0.0076704 -0.0649460 0.0114222 -0.1696820 0.9832902
1769782354.784314 -0.0003514 -0.0154940 -0.0079457 -0.0615259 0.0135942 -0.1686864 0.9836537
1769782354.884314 -0.0002733 -0.0150646 -0.0070476 -0.0515932 0.0218286 -0.1705049 0.9837631
1769782354.950982 -0.0001715 -0.0151238 -0.0063340 -0.0456656 0.0283309 -0.1703645 0.9839146
1769782354.984314 0.0001774 -0.0151081 -0.0064027 -0.0423877 0.0297844 -0.1736512 0.9834437
1769782355.117647 -0.0001872 -0.0141580 -0.0066185 -0.0298388 0.0463448 -0.1747515 0.9830685
1769782355.217648 -0.0000106 -0.0141095 -0.0063135 -0.0252898 0.0603296 -0.1787730 0.9817133
1769782355.284314 0.0003039 -0.0137880 -0.0063089 -0.0215803 0.0680849 -0.1801972 0.9810340
1769782356.884313 -0.0035327 -0.0051196 -0.0032681 -0.0170310 0.0831808 -0.0825302 0.9929651
1769782357.917648 -0.0073249 -0.0092469 -0.0029456 -0.0306224 0.1039768 -0.0590353 0.9923537
1769782358.084312 -0.0079022 -0.0099973 -0.0041885 -0.0393822 0.1061522 -0.0585621 0.9918424
1769782358.217647 -0.0080501 -0.0118229 -0.0041159 -0.0501468 0.1069630 -0.0571805 0.9913499
1769782358.284312 -0.0084534 -0.0121791 -0.0049668 -0.0548749 0.1074458 -0.0596811 0.9908998
1769782358.317646 -0.0079509 -0.0127066 -0.0042804 -0.0579172 0.1071952 -0.0603855 0.9907110
1769782358.417647 -0.0087589 -0.0134530 -0.0058373 -0.0648090 0.1085178 -0.0548406 0.9904627
1769782358.484312 -0.0085240 -0.0144623 -0.0050993 -0.0705353 0.1082395 -0.0559635 0.9900389
1769782358.550979 -0.0087707 -0.0152662 -0.0048930 -0.0762711 0.1087063 -0.0564940 0.9895323
1769782358.584313 -0.0084727 -0.0157337 -0.0047324 -0.0787222 0.1081502 -0.0544790 0.9895142
1769782358.684312 -0.0087096 -0.0167106 -0.0056044 -0.0866933 0.1077089 -0.0544299 0.9888986
1769782358.750979 -0.0083793 -0.0176685 -0.0049103 -0.0924161 0.1069420 -0.0542312 0.9884744
1769782358.784312 -0.0084725 -0.0182804 -0.0053512 -0.0967984 0.1065465 -0.0528064 0.9881748
1769782358.917647 -0.0086836 -0.0198900 -0.0051634 -0.1061561 0.1068329 -0.0506509 0.9872954
1769782358.984312 -0.0086882 -0.0207129 -0.0052629 -0.1111010 0.1056381 -0.0506735 0.9868786
1769782359.017645 -0.0088378 -0.0208570 -0.0049865 -0.1132893 0.1058619 -0.0502093 0.9866295
1769782359.117645 -0.0086765 -0.0218669 -0.0059481 -0.1195536 0.1036591 -0.0496081 0.9861546
1769782359.150979 -0.0085677 -0.0220360 -0.0056886 -0.1220830 0.1033484 -0.0497649 0.9858693
1769782359.184313 -0.0086846 -0.0224999 -0.0052759 -0.1248376 0.1037271 -0.0476100 0.9855910
1769782359.517646 -0.0079739 -0.0253320 -0.0055760 -0.1423485 0.0968469 -0.0443787 0.9840671
1769782359.550978 -0.0078577 -0.0253008 -0.0055687 -0.1428055 0.0956774 -0.0443605 0.9841161
1769782359.750978 -0.0076053 -0.0267243 -0.0067401 -0.1496954 0.0898142 -0.0431935 0.9836966
1769782359.850978 -0.0075446 -0.0270693 -0.0078797 -0.1515254 0.0872234 -0.0413242 0.9837299
1769782359.917647 -0.0072107 -0.0271727 -0.0078809 -0.1521991 0.0850142 -0.0403557 0.9838595
1769782360.317645 -0.0052545 -0.0269859 -0.0065652 -0.1495334 0.0703374 -0.0376447 0.9855330
1769782360.350977 -0.0048506 -0.0269398 -0.0068049 -0.1488786 0.0685618 -0.0379252 0.9857465
1769782360.450978 -0.0042620 -0.0265443 -0.0073542 -0.1461129 0.0635507 -0.0391228 0.9864491
1769782360.484310 -0.0038038 -0.0261182 -0.0079991 -0.1444839 0.0611125 -0.0412204 0.9867576
1769782360.584311 -0.0032547 -0.0256842 -0.0086902 -0.1398830 0.0566216 -0.0395539 0.9877562
1769782360.617645 -0.0028193 -0.0253959 -0.0081544 -0.1383206 0.0551230 -0.0401006 0.9880389
1769782360.684311 -0.0023072 -0.0247110 -0.0081698 -0.1344360 0.0522582 -0.0399561 0.9887363
1769782360.750977 -0.0020820 -0.0243091 -0.0093460 -0.1313700 0.0486557 -0.0398919 0.9893348
1769782360.784311 -0.0017388 -0.0242611 -0.0091499 -0.1295784 0.0472925 -0.0393553 0.9896585
1769782360.817644 -0.0016135 -0.0236831 -0.0109585 -0.1273264 0.0444495 -0.0429359 0.9899337
1769782360.984311 -0.0003164 -0.0220351 -0.0118265 -0.1158072 0.0364150 -0.0445006 0.9916060
1769782361.117644 0.0015793 -0.0209013 -0.0118414 -0.1057035 0.0273521 -0.0484580 0.9928396
1769782361.150977 0.0016143 -0.0208407 -0.0111955 -0.1030262 0.0262123 -0.0471381 0.9932153
1769782361.350977 0.0027135 -0.0192197 -0.0124111 -0.0811777 0.0156486 -0.0519032 0.9952243
1769782361.417646 0.0029280 -0.0184674 -0.0128457 -0.0738288 0.0117693 -0.0514126 0.9958753
1769782361.484310 0.0032661 -0.0181895 -0.0130047 -0.0672479 0.0073602 -0.0516904 0.9963692
1769782361.550977 0.0033782 -0.0179272 -0.0127950 -0.0601164 0.0042474 -0.0547337 0.9966806
1769782361.584311 0.0036279 -0.0178900 -0.0136522 -0.0577018 0.0020504 -0.0557544 0.9967737
1769782361.684310 0.0034729 -0.0173197 -0.0134609 -0.0475305 -0.0049856 -0.0536220 0.9974170
1769782361.717643 0.0036370 -0.0172365 -0.0127498 -0.0450345 -0.0082122 -0.0555146 0.9974080
1769782361.750977 0.0039481 -0.0165897 -0.0150514 -0.0403499 -0.0124326 -0.0557381 0.9975523
1769782361.817644 0.0037700 -0.0165769 -0.0125325 -0.0343384 -0.0190936 -0.0549561 0.9977155
1769782361.850977 0.0038962 -0.0162969 -0.0121721 -0.0307310 -0.0236316 -0.0549517 0.9977362
1769782361.917645 0.0037629 -0.0168938 -0.0126008 -0.0276541 -0.0312667 -0.0567206 0.9975172
1769782361.984310 0.0043047 -0.0157326 -0.0122657 -0.0208359 -0.0411451 -0.0549444 0.9974237
1769782362.050977 0.0041960 -0.0153294 -0.0120346 -0.0167257 -0.0480228 -0.0489231 0.9975072
1769782362.117643 0.0043303 -0.0148846 -0.0122219 -0.0140498 -0.0544898 -0.0439495 0.9974477
1769782362.150976 0.0046573 -0.0141013 -0.0129254 -0.0127026 -0.0560622 -0.0434290 0.9974015
1769782362.184310 0.0045141 -0.0143305 -0.0107275 -0.0119373 -0.0560471 -0.0359435 0.9977095
1769782362.217644 0.0049578 -0.0139583 -0.0116744 -0.0173098 -0.0559951 -0.0332497 0.9977271
1769782362.717641 0.0054606 -0.0122497 -0.0108210 -0.0682189 -0.0436587 -0.0340148 0.9961341
1769782362.850975 0.0060178 -0.0117060 -0.0113079 -0.0622040 -0.0443714 -0.0354519 0.9964462
1769782363.317641 0.0071635 -0.0105479 -0.0111735 -0.0346904 -0.0465205 -0.0273775 0.9979393
1769782363.484307 0.0075994 -0.0105827 -0.0112986 -0.0316621 -0.0474503 -0.0294085 0.9979385
1769782364.117640 0.0082910 -0.0117418 -0.0126098 -0.0352039 -0.0534725 -0.0263591 0.9976004
1769782364.217641 0.0084273 -0.0124836 -0.0133399 -0.0395923 -0.0547657 -0.0271651 0.9973441
1769782364.250974 0.0082596 -0.0124893 -0.0135563 -0.0400383 -0.0542170 -0.0236467 0.9974459
1769782364.417642 0.0087951 -0.0138328 -0.0130352 -0.0484907 -0.0570224 -0.0260034 0.9968556
1769782364.484306 0.0085739 -0.0144215 -0.0139191 -0.0533519 -0.0577633 -0.0278848 0.9965137
1769782364.617640 0.0088027 -0.0154182 -0.0133581 -0.0610896 -0.0589307 -0.0256825 0.9960601
1769782364.684306 0.0083493 -0.0166299 -0.0149120 -0.0651574 -0.0593972 -0.0247303 0.9957986
1769782364.817640 0.0089726 -0.0172743 -0.0131241 -0.0748161 -0.0599932 -0.0280002 0.9949972
1769782364.884306 0.0087320 -0.0173583 -0.0138366 -0.0780225 -0.0600101 -0.0263718 0.9947944
1769782364.984306 0.0088107 -0.0184936 -0.0115901 -0.0863196 -0.0598646 -0.0253206 0.9941449
1769782365.017640 0.0089375 -0.0192382 -0.0126873 -0.0896287 -0.0599483 -0.0263827 0.9938194
1769782365.217640 0.0083685 -0.0213138 -0.0131932 -0.1063652 -0.0581124 -0.0232924 0.9923542
1769782365.250974 0.0085439 -0.0216791 -0.0131727 -0.1085805 -0.0582709 -0.0235310 0.9920993
1769782365.284306 0.0086548 -0.0218412 -0.0135253 -0.1103156 -0.0586905 -0.0244548 0.9918609
1769782365.350973 0.0084941 -0.0228391 -0.0128918 -0.1152994 -0.0613682 -0.0538835 0.9899680
1769782365.384305 0.0087725 -0.0231949 -0.0121356 -0.1170992 -0.0635256 -0.0667228 0.9888379
1769782365.417641 0.0085538 -0.0239460 -0.0128669 -0.1201533 -0.0657683 -0.0828568 0.9871031
1769782365.550972 0.0090188 -0.0251794 -0.0136569 -0.1268353 -0.0736401 -0.1370308 0.9796492
1769782365.584306 0.0085175 -0.0256510 -0.0138197 -0.1274183 -0.0741716 -0.1500037 0.9776308
1769782365.617639 0.0083509 -0.0267144 -0.0128574 -0.1311045 -0.0769280 -0.1619690 0.9750178
1769782365.684306 0.0086114 -0.0272267 -0.0137186 -0.1337041 -0.0810433 -0.1882904 0.9695885
1769782365.717639 0.0087233 -0.0275960 -0.0145195 -0.1352410 -0.0833029 -0.2002896 0.9667754
1769782365.784306 0.0090345 -0.0282576 -0.0135735 -0.1385289 -0.0869073 -0.2243343 0.9606930
1769782365.850973 0.0086021 -0.0288717 -0.0137801 -0.1411573 -0.0879011 -0.2439635 0.9554213
1769782365.884306 0.0085961 -0.0291644 -0.0139047 -0.1419982 -0.0889021 -0.2516550 0.9532065
1769782366.084305 0.0083091 -0.0305894 -0.0130395 -0.1479073 -0.0947419 -0.3016853 0.9370878
1769782366.184306 0.0079776 -0.0312919 -0.0141736 -0.1501873 -0.0957163 -0.3200367 0.9305153
1769782366.217639 0.0078242 -0.0312972 -0.0141820 -0.1503519 -0.0952818 -0.3257808 0.9285378
1769782366.317639 0.0075320 -0.0317224 -0.0135332 -0.1527047 -0.0950280 -0.3397457 0.9231597
1769782366.417639 0.0069151 -0.0319546 -0.0139251 -0.1546927 -0.0939492 -0.3496422 0.9192356
1769782366.617639 0.0061921 -0.0322202 -0.0149126 -0.1568105 -0.0908286 -0.3603258 0.9150552
1769782366.650971 0.0062877 -0.0319828 -0.0147225 -0.1566701 -0.0905188 -0.3611235 0.9147954
1769782366.784306 0.0056528 -0.0315626 -0.0138122 -0.1563842 -0.0846667 -0.3601135 0.9158022
1769782366.884305 0.0049776 -0.0311859 -0.0151101 -0.1556900 -0.0783145 -0.3516929 0.9197497
1769782367.050972 0.0039182 -0.0305220 -0.0143206 -0.1545967 -0.0646845 -0.3273175 0.9299350
1769782367.150971 0.0036263 -0.0295952 -0.0146261 -0.1518811 -0.0564218 -0.3084877 0.9373282
1769782367.184306 0.0030689 -0.0296286 -0.0156629 -0.1513564 -0.0524906 -0.2984452 0.9408860
1769782367.250972 0.0028697 -0.0286687 -0.0157238 -0.1481820 -0.0455484 -0.2776807 0.9480827
1769782367.284305 0.0025871 -0.0280325 -0.0152326 -0.1460508 -0.0403421 -0.2647367 0.9523425
1769782367.317638 0.0024746 -0.0280621 -0.0148717 -0.1457317 -0.0377351 -0.2537642 0.9554800
1769782367.350971 0.0023568 -0.0275324 -0.0147437 -0.1440390 -0.0336697 -0.2407582 0.9592469
1769782367.384304 0.0022429 -0.0271109 -0.0140808 -0.1424052 -0.0298707 -0.2289436 0.9625037
1769782367.417638 0.0019326 -0.0269958 -0.0144905 -0.1408681 -0.0269304 -0.2202695 0.9648380
1769782367.517638 0.0013917 -0.0258773 -0.0146258 -0.1344316 -0.0174052 -0.1944264 0.9715059
1769782367.550971 0.0011809 -0.0257839 -0.0149687 -0.1320000 -0.0141907 -0.1893332 0.9728965
1769782367.584305 0.0012156 -0.0254652 -0.0143732 -0.1286335 -0.0123076 -0.1855366 0.9741037
1769782367.617638 0.0009222 -0.0252734 -0.0147448 -0.1254823 -0.0105310 -0.1858364 0.9744784
1769782367.650971 0.0011797 -0.0252083 -0.0142947 -0.1225909 -0.0087622 -0.1858306 0.9748650
1769782367.717638 0.0010668 -0.0248928 -0.0142333 -0.1165375 -0.0047210 -0.1868990 0.9754310
1769782367.750971 0.0008136 -0.0246991 -0.0147906 -0.1121752 -0.0013201 -0.1830018 0.9766910
1769782367.784304 0.0007844 -0.0245487 -0.0142613 -0.1101133 0.0007794 -0.1889039 0.9758021
1769782367.850972 0.0008650 -0.0244525 -0.0146798 -0.1025853 0.0059632 -0.1883571 0.9767100
1769782367.884304 0.0012567 -0.0247012 -0.0144879 -0.0997616 0.0087628 -0.1909942 0.9764692
1769782367.917641 0.0013409 -0.0238671 -0.0130047 -0.0961322 0.0113617 -0.1903322 0.9769356
1769782367.950972 0.0009413 -0.0242220 -0.0138031 -0.0926938 0.0146308 -0.1943109 0.9764410
1769782367.984304 0.0011987 -0.0241070 -0.0122666 -0.0888546 0.0179996 -0.1909785 0.9773986
1769782368.017638 0.0011459 -0.0234833 -0.0132613 -0.0835230 0.0209686 -0.1937413 0.9772658
1769782368.184305 0.0011920 -0.0228422 -0.0126254 -0.0698374 0.0434993 -0.1962813 0.9770896
1769782368.350971 0.0013546 -0.0222014 -0.0127533 -0.0625357 0.0656970 -0.2042862 0.9747002
1769782368.884303 0.0000318 -0.0208017 -0.0124406 -0.1175075 0.0651377 -0.1518844 0.9792243
1769782368.984304 -0.0005729 -0.0199354 -0.0120131 -0.1190957 0.0649626 -0.1364246 0.9813177
1769782369.050970 -0.0004226 -0.0191184 -0.0113080 -0.1190754 0.0655105 -0.1295551 0.9822143
1769782369.384303 -0.0002775 -0.0185779 -0.0106495 -0.1055250 0.0637618 -0.1145055 0.9857420
1769782370.017637 -0.0015462 -0.0168515 -0.0093424 -0.0674765 0.0732367 -0.1069162 0.9892685
1769782370.050970 -0.0016702 -0.0170311 -0.0093834 -0.0676507 0.0735830 -0.1060858 0.9893203
1769782370.184304 -0.0019989 -0.0169421 -0.0098521 -0.0671032 0.0754898 -0.1057861 0.9892461
1769782370.250970 -0.0021903 -0.0172932 -0.0095838 -0.0668610 0.0766074 -0.1048679 0.9892743
1769782370.384303 -0.0025689 -0.0175570 -0.0101466 -0.0680412 0.0789244 -0.1051639 0.9889802
1769782370.551002 -0.0030098 -0.0180278 -0.0107652 -0.0711267 0.0818042 -0.1032993 0.9887256
1769782370.651002 -0.0031350 -0.0182303 -0.0112074 -0.0730994 0.0827917 -0.1020799 0.9886262
1769782370.784335 -0.0037321 -0.0187126 -0.0112636 -0.0771194 0.0855106 -0.0975512 0.9885466
1769782370.917669 -0.0040292 -0.0196352 -0.0116893 -0.0835093 0.0867490 -0.0972524 0.9879488
1769782370.984335 -0.0046799 -0.0199215 -0.0130866 -0.0864081 0.0883669 -0.0939717 0.9878736
1769782371.084335 -0.0048324 -0.0209739 -0.0116916 -0.0928709 0.0901345 -0.0931251 0.9872074
1769782371.117668 -0.0046633 -0.0208458 -0.0114961 -0.0938317 0.0899772 -0.0940556 0.9870427
1769782371.184335 -0.0052490 -0.0219007 -0.0119325 -0.0996774 0.0916851 -0.0909079 0.9866073
1769782371.217668 -0.0051585 -0.0218377 -0.0124385 -0.1009800 0.0911619 -0.0921270 0.9864103
1769782371.284334 -0.0061453 -0.0222830 -0.0135239 -0.1050045 0.0937111 -0.0884391 0.9860886
1769782371.384334 -0.0055018 -0.0245021 -0.0110865 -0.1147162 0.0939327 -0.0877803 0.9850439
1769782371.417669 -0.0068943 -0.0249192 -0.0135441 -0.1173416 0.0957867 -0.0854178 0.9847637
1769782371.451002 -0.0067211 -0.0249164 -0.0138539 -0.1201903 0.0949502 -0.0878309 0.9842889
1769782371.551001 -0.0066416 -0.0264661 -0.0126111 -0.1283660 0.0954769 -0.0865556 0.9833181
1769782371.584335 -0.0065797 -0.0264313 -0.0130809 -0.1301908 0.0950099 -0.0874548 0.9830438
1769782371.617668 -0.0066734 -0.0269687 -0.0130825 -0.1338302 0.0948295 -0.0872475 0.9825909
1769782371.717668 -0.0072378 -0.0277776 -0.0161272 -0.1413318 0.0945519 -0.0910910 0.9812174
1769782371.817668 -0.0071949 -0.0295653 -0.0142617 -0.1496472 0.0947801 -0.0847752 0.9805282
1769782371.851002 -0.0069441 -0.0295423 -0.0133918 -0.1515645 0.0950702 -0.0858486 0.9801122
1769782371.884334 -0.0071057 -0.0303588 -0.0133088 -0.1546513 0.0950883 -0.0835921 0.9798232
1769782371.917668 -0.0067840 -0.0306454 -0.0135770 -0.1567110 0.0932776 -0.0848299 0.9795636
1769782371.984335 -0.0074201 -0.0315768 -0.0129973 -0.1625661 0.0949353 -0.0825995 0.9786403
1769782372.017667 -0.0064058 -0.0318529 -0.0132697 -0.1648760 0.0913549 -0.0854992 0.9783456
1769782372.084334 -0.0067321 -0.0330078 -0.0126700 -0.1708049 0.0921835 -0.0819569 0.9775536
1769782372.217668 -0.0069027 -0.0340839 -0.0125089 -0.1785129 0.0918439 -0.0805794 0.9763221
1769782372.351000 -0.0067753 -0.0353660 -0.0133052 -0.1857757 0.0884157 -0.0780753 0.9754867
1769782372.384334 -0.0066000 -0.0356131 -0.0125125 -0.1883027 0.0882544 -0.0793044 0.9749175
1769782372.684334 -0.0062138 -0.0376606 -0.0137312 -0.1985010 0.0812749 -0.0743280 0.9738927
1769782372.751001 -0.0061816 -0.0378290 -0.0141476 -0.2010306 0.0790867 -0.0752642 0.9734821
1769782372.817667 -0.0055000 -0.0380454 -0.0126529 -0.2027184 0.0773671 -0.0753630 0.9732625
1769782372.884333 -0.0056519 -0.0383812 -0.0137283 -0.2036093 0.0754096 -0.0752919 0.9732358
1769782373.251001 -0.0035781 -0.0385179 -0.0135227 -0.2024916 0.0610286 -0.0704280 0.9748398
1769782373.284333 -0.0035795 -0.0385858 -0.0137572 -0.2018304 0.0598227 -0.0709823 0.9750115
1769782373.417667 -0.0027400 -0.0380622 -0.0146284 -0.1979472 0.0545180 -0.0696158 0.9762163
1769782373.451000 -0.0026398 -0.0380165 -0.0144337 -0.1968888 0.0529726 -0.0694370 0.9765282
1769782373.551000 -0.0017416 -0.0377608 -0.0143515 -0.1933845 0.0477346 -0.0679254 0.9776043
1769782373.584334 -0.0014001 -0.0371303 -0.0137750 -0.1915390 0.0470056 -0.0678766 0.9780062
1769782373.751000 0.0000581 -0.0363142 -0.0160962 -0.1834632 0.0367346 -0.0704094 0.9798134
1769782373.817667 0.0004122 -0.0357616 -0.0168243 -0.1795154 0.0335570 -0.0713309 0.9805917
1769782373.917667 0.0013086 -0.0351709 -0.0151880 -0.1739415 0.0291657 -0.0707398 0.9817788
1769782373.951000 0.0017113 -0.0349301 -0.0156167 -0.1714811 0.0267094 -0.0720737 0.9821844
1769782373.984333 0.0017407 -0.0345189 -0.0165982 -0.1686039 0.0253545 -0.0715033 0.9827600
1769782374.051000 0.0026213 -0.0340841 -0.0166427 -0.1642225 0.0205041 -0.0731090 0.9834967
1769782374.451000 0.0048899 -0.0311829 -0.0164118 -0.1244525 -0.0020586 -0.0741026 0.9894525
1769782374.484332 0.0053726 -0.0321144 -0.0150528 -0.1264111 -0.0054919 -0.0832561 0.9884627
1769782374.550999 0.0056659 -0.0316259 -0.0149736 -0.1183633 -0.0091931 -0.0835746 0.9894043
1769782374.584333 0.0054824 -0.0320949 -0.0147570 -0.1165513 -0.0096975 -0.0828759 0.9896734
1769782374.784332 0.0058860 -0.0309468 -0.0141508 -0.0976930 -0.0293529 -0.0826219 0.9913467
1769782374.851000 0.0062792 -0.0309947 -0.0132638 -0.0930753 -0.0381927 -0.0859115 0.9912101
1769782375.050999 0.0063406 -0.0294085 -0.0138912 -0.0766301 -0.0618501 -0.0771134 0.9921471
1769782375.717666 0.0077375 -0.0268876 -0.0112015 -0.1313779 -0.0513327 -0.0703820 0.9874974
1769782375.950999 0.0083021 -0.0260818 -0.0125078 -0.1204053 -0.0520076 -0.0685705 0.9889873
1769782376.017665 0.0089114 -0.0258253 -0.0117716 -0.1153682 -0.0537263 -0.0691308 0.9894567
1769782376.050998 0.0089414 -0.0257359 -0.0117711 -0.1132275 -0.0536335 -0.0707798 0.9895924
1769782376.117665 0.0089824 -0.0257990 -0.0117028 -0.1089507 -0.0535323 -0.0688053 0.9902171
1769782376.184332 0.0091166 -0.0254302 -0.0122180 -0.1041489 -0.0539711 -0.0672762 0.9908149
1769782376.650998 0.0099966 -0.0257570 -0.0127806 -0.0936231 -0.0571205 -0.0646013 0.9918662
1769782376.817665 0.0101719 -0.0258228 -0.0117961 -0.0925889 -0.0587525 -0.0630528 0.9919677
1769782377.251000 0.0106543 -0.0269066 -0.0133030 -0.1013561 -0.0627316 -0.0658107 0.9906870
1769782377.284330 0.0111753 -0.0271214 -0.0123989 -0.1027231 -0.0650075 -0.0692306 0.9901662
1769782377.517679 0.0108300 -0.0291646 -0.0131054 -0.1173188 -0.0645029 -0.0670776 0.9887246
1769782377.651011 0.0109321 -0.0304758 -0.0136544 -0.1265731 -0.0657785 -0.0685813 0.9873951
1769782377.684344 0.0109748 -0.0301298 -0.0132933 -0.1262097 -0.0662227 -0.0655874 0.9876153
1769782377.751012 0.0106158 -0.0310548 -0.0135739 -0.1320039 -0.0649480 -0.0662723 0.9868965
1769782377.917679 0.0106401 -0.0326412 -0.0139137 -0.1439280 -0.0652614 -0.0659339 0.9852301
1769782377.984344 0.0107375 -0.0332265 -0.0140644 -0.1490797 -0.0657920 -0.0657517 0.9844406
1769782378.017678 0.0105218 -0.0336076 -0.0144990 -0.1515601 -0.0651363 -0.0651206 0.9841474
1769782378.117677 0.0105448 -0.0348102 -0.0149264 -0.1600916 -0.0649169 -0.0655874 0.9827791
1769782378.184345 0.0101488 -0.0353745 -0.0147539 -0.1648113 -0.0630250 -0.0630272 0.9822895
1769782378.217678 0.0101719 -0.0359589 -0.0150225 -0.1677082 -0.0628324 -0.0636072 0.9817740
1769782378.251012 0.0099991 -0.0363941 -0.0150001 -0.1706133 -0.0622714 -0.0631070 0.9813414
1769782378.284344 0.0095965 -0.0367780 -0.0156133 -0.1725580 -0.0615372 -0.0655245 0.9808891
1769782378.317678 0.0096271 -0.0369826 -0.0148153 -0.1744200 -0.0646867 -0.0822706 0.9790939
1769782378.351011 0.0095544 -0.0375344 -0.0162591 -0.1759630 -0.0673709 -0.0952560 0.9774582
1769782378.384344 0.0096758 -0.0380759 -0.0151450 -0.1784264 -0.0700991 -0.1091233 0.9753678
1769782378.484344 0.0097484 -0.0391182 -0.0145929 -0.1827358 -0.0782702 -0.1505445 0.9684099
1769782378.517678 0.0095876 -0.0396968 -0.0149691 -0.1855709 -0.0806031 -0.1642215 0.9654521
1769782378.551011 0.0094167 -0.0401185 -0.0149237 -0.1871749 -0.0826836 -0.1763737 0.9628195
1769782378.584344 0.0095214 -0.0405682 -0.0148237 -0.1883436 -0.0854081 -0.1883664 0.9600782
1769782378.617678 0.0094556 -0.0409377 -0.0145468 -0.1898492 -0.0879009 -0.2005926 0.9570754
1769782378.651010 0.0093905 -0.0412598 -0.0146350 -0.1911485 -0.0906296 -0.2134556 0.9537742
1769782378.684344 0.0094725 -0.0417374 -0.0145710 -0.1928243 -0.0934656 -0.2237583 0.9507971
1769782378.784343 0.0091753 -0.0426070 -0.0141043 -0.1962575 -0.0997000 -0.2568723 0.9410417
1769782378.817677 0.0091564 -0.0430008 -0.0145444 -0.1975552 -0.1015046 -0.2674122 0.9376351
1769782378.917679 0.0091484 -0.0436035 -0.0138358 -0.1999128 -0.1063430 -0.2962159 0.9278913
1769782378.951012 0.0089436 -0.0438855 -0.0142732 -0.2006403 -0.1077168 -0.3044474 0.9249067
1769782379.017677 0.0088967 -0.0441511 -0.0134971 -0.2019784 -0.1103442 -0.3204915 0.9188656
1769782379.084344 0.0088079 -0.0446648 -0.0130779 -0.2035532 -0.1126340 -0.3352063 0.9129712
1769782379.617677 0.0070736 -0.0458648 -0.0139893 -0.2096741 -0.1122532 -0.3938206 0.8878859
1769782379.684344 0.0067455 -0.0457266 -0.0144690 -0.2090567 -0.1100448 -0.3941544 0.8881598
1769782379.751010 0.0065057 -0.0455299 -0.0143778 -0.2092359 -0.1075055 -0.3920436 0.8893620
1769782379.851011 0.0060264 -0.0450684 -0.0139226 -0.2091764 -0.1013196 -0.3870059 0.8923038
1769782379.884343 0.0059335 -0.0451010 -0.0139890 -0.2095740 -0.0995412 -0.3839203 0.8937424
1769782379.951011 0.0055192 -0.0446201 -0.0141403 -0.2089042 -0.0944354 -0.3764085 0.8976400
1769782379.984344 0.0054489 -0.0444148 -0.0139035 -0.2082943 -0.0917552 -0.3724538 0.8997070
1769782380.084343 0.0049206 -0.0437260 -0.0144322 -0.2070134 -0.0821527 -0.3547966 0.9080285
1769782380.151010 0.0043356 -0.0429680 -0.0148599 -0.2051334 -0.0744168 -0.3394713 0.9149545
1769782380.184343 0.0043567 -0.0426829 -0.0140995 -0.2044534 -0.0703136 -0.3306761 0.9186447
1769782380.217677 0.0042318 -0.0424010 -0.0141455 -0.2040825 -0.0663409 -0.3219769 0.9221064
1769782380.251010 0.0039374 -0.0418798 -0.0145261 -0.2025960 -0.0617965 -0.3103398 0.9267282
1769782380.284343 0.0038685 -0.0415056 -0.0138751 -0.2012964 -0.0575722 -0.2981481 0.9312749
1769782380.351010 0.0034559 -0.0408694 -0.0152925 -0.1984137 -0.0486436 -0.2750374 0.9394787
1769782380.384342 0.0030335 -0.0403262 -0.0143730 -0.1968896 -0.0432833 -0.2635697 0.9433410
1769782380.417678 0.0030527 -0.0400817 -0.0149658 -0.1953147 -0.0404399 -0.2544816 0.9462853
1769782380.451010 0.0029956 -0.0397443 -0.0136467 -0.1937690 -0.0362914 -0.2449627 0.9492785
1769782380.484343 0.0029940 -0.0394249 -0.0143542 -0.1918262 -0.0331739 -0.2376484 0.9516435
1769782380.517677 0.0031022 -0.0390174 -0.0139627 -0.1895166 -0.0308130 -0.2318626 0.9536109
1769782380.551009 0.0028312 -0.0387990 -0.0139138 -0.1870663 -0.0276960 -0.2275999 0.9552159
1769782380.651010 0.0025232 -0.0381992 -0.0135156 -0.1777644 -0.0217236 -0.2233534 0.9581447
1769782380.684343 0.0024956 -0.0377434 -0.0125770 -0.1736477 -0.0188403 -0.2236151 0.9588993
1769782380.717676 0.0027231 -0.0376476 -0.0122710 -0.1699908 -0.0172010 -0.2240416 0.9594857
1769782380.751009 0.0023716 -0.0371828 -0.0130878 -0.1647773 -0.0138197 -0.2235226 0.9605702
1769782380.784342 0.0025913 -0.0372473 -0.0127811 -0.1620521 -0.0119083 -0.2247395 0.9607755
1769782380.817676 0.0022733 -0.0366820 -0.0130528 -0.1572814 -0.0084996 -0.2256854 0.9613826
1769782380.884342 0.0025946 -0.0366984 -0.0127728 -0.1510317 -0.0037981 -0.2279167 0.9618883
1769782380.917676 0.0024915 -0.0362681 -0.0120119 -0.1464971 -0.0001356 -0.2262428 0.9629916
1769782380.984343 0.0021474 -0.0359696 -0.0119354 -0.1388758 0.0065855 -0.2282411 0.9636266
1769782381.017676 0.0025957 -0.0359129 -0.0117860 -0.1360584 0.0082150 -0.2302949 0.9635273
1769782381.084343 0.0026580 -0.0357277 -0.0120207 -0.1301690 0.0156958 -0.2302523 0.9642580
1769782381.151009 0.0028879 -0.0350260 -0.0110526 -0.1246040 0.0255014 -0.2330980 0.9641000
1769782381.184344 0.0026221 -0.0353913 -0.0117035 -0.1232497 0.0299674 -0.2362503 0.9633781
1769782381.284342 0.0027819 -0.0351817 -0.0128179 -0.1188433 0.0412062 -0.2422184 0.9620336
1769782381.317676 0.0033223 -0.0352494 -0.0115384 -0.1181469 0.0445535 -0.2420660 0.9620085
1769782381.351009 0.0031350 -0.0350911 -0.0117102 -0.1170006 0.0486922 -0.2435362 0.9615769
1769782381.484342 0.0029868 -0.0339418 -0.0114805 -0.1126787 0.0621694 -0.2530330 0.9588602
1769782381.517676 0.0029893 -0.0335724 -0.0112649 -0.1135151 0.0632693 -0.2539638 0.9584434
1769782381.617676 0.0024658 -0.0333562 -0.0103050 -0.1398900 0.0645821 -0.2426250 0.9578063
1769782381.717676 0.0018076 -0.0330735 -0.0114620 -0.1565423 0.0602734 -0.2231090 0.9602520
1769782381.751009 0.0018101 -0.0326016 -0.0106850 -0.1592170 0.0595712 -0.2158403 0.9615166
1769782381.784342 0.0017454 -0.0326188 -0.0108786 -0.1622801 0.0589209 -0.2102591 0.9622810
1769782381.817676 0.0015081 -0.0318826 -0.0108436 -0.1633262 0.0592267 -0.2039873 0.9634345
1769782381.884342 0.0013005 -0.0315265 -0.0105809 -0.1670092 0.0600579 -0.1933549 0.9649429
1769782381.917677 0.0013043 -0.0312133 -0.0105354 -0.1683448 0.0590479 -0.1910865 0.9652250
1769782381.984342 0.0011800 -0.0306038 -0.0105706 -0.1687694 0.0595554 -0.1820773 0.9668598
1769782382.017675 0.0005504 -0.0304530 -0.0113048 -0.1683763 0.0603877 -0.1771563 0.9677905
1769782382.051009 0.0006404 -0.0298841 -0.0108724 -0.1669847 0.0608227 -0.1735875 0.9686506
1769782382.084342 0.0006461 -0.0298746 -0.0105148 -0.1671855 0.0613569 -0.1700011 0.9692182
1769782382.117675 0.0004480 -0.0296529 -0.0107263 -0.1658582 0.0613286 -0.1681750 0.9697666
1769782382.251009 0.0004763 -0.0286799 -0.0108385 -0.1582476 0.0623524 -0.1608220 0.9722171
1769782382.317675 0.0001313 -0.0280543 -0.0102390 -0.1530932 0.0639702 -0.1554917 0.9738032
1769782382.517676 0.0001120 -0.0273381 -0.0094249 -0.1367716 0.0651658 -0.1510545 0.9768467
1769782382.717675 0.0001204 -0.0269861 -0.0090998 -0.1229490 0.0663481 -0.1474973 0.9791456
1769782382.884341 -0.0002884 -0.0269128 -0.0088094 -0.1161789 0.0688259 -0.1476286 0.9797812
1769782382.917675 -0.0001173 -0.0268004 -0.0087688 -0.1147975 0.0685145 -0.1466104 0.9801188
1769782383.151008 -0.0007723 -0.0271633 -0.0093714 -0.1137801 0.0714860 -0.1456075 0.9801747
1769782383.317674 -0.0011583 -0.0273457 -0.0098216 -0.1122492 0.0743487 -0.1461398 0.9800590
1769782383.384341 -0.0011672 -0.0274265 -0.0097277 -0.1128319 0.0753647 -0.1444962 0.9801582
1769782383.451009 -0.0012955 -0.0274096 -0.0099813 -0.1128621 0.0763019 -0.1447280 0.9800479
1769782383.717674 -0.0024564 -0.0284633 -0.0113890 -0.1205211 0.0812031 -0.1404979 0.9793575
1769782383.751008 -0.0025347 -0.0285354 -0.0116343 -0.1210678 0.0818012 -0.1390370 0.9794487
1769782383.884340 -0.0029804 -0.0294068 -0.0118084 -0.1274272 0.0849073 -0.1369112 0.9786769
1769782383.917674 -0.0031206 -0.0294092 -0.0118465 -0.1286671 0.0851190 -0.1363436 0.9785755
1769782384.084341 -0.0039544 -0.0303346 -0.0121574 -0.1366979 0.0883187 -0.1328142 0.9776880
1769782384.117674 -0.0040597 -0.0304545 -0.0122411 -0.1388315 0.0886949 -0.1333807 0.9772761
1769782384.151007 -0.0042753 -0.0308018 -0.0120596 -0.1408619 0.0894775 -0.1313632 0.9771875
1769782384.217674 -0.0043260 -0.0315176 -0.0120853 -0.1458222 0.0901125 -0.1319413 0.9763233
1769782384.284340 -0.0048586 -0.0322819 -0.0126338 -0.1509340 0.0912069 -0.1313697 0.9755215
1769782384.351007 -0.0052323 -0.0327926 -0.0122291 -0.1554366 0.0929282 -0.1290834 0.9749570
1769782384.384340 -0.0052653 -0.0331867 -0.0129207 -0.1580819 0.0928389 -0.1287814 0.9745801
1769782384.417674 -0.0054678 -0.0337429 -0.0127832 -0.1619919 0.0933477 -0.1278453 0.9740126
1769782384.451008 -0.0057414 -0.0340205 -0.0130911 -0.1637153 0.0937828 -0.1270182 0.9737908
1769782384.551007 -0.0060120 -0.0351850 -0.0130520 -0.1716606 0.0945952 -0.1248212 0.9726274
1769782384.584341 -0.0061607 -0.0355957 -0.0128807 -0.1742740 0.0947904 -0.1235776 0.9723024
1769782384.617674 -0.0061913 -0.0360025 -0.0124768 -0.1770521 0.0954152 -0.1221973 0.9719138
1769782384.651007 -0.0063683 -0.0364572 -0.0122886 -0.1798312 0.0960331 -0.1213443 0.9714494
1769782384.684340 -0.0065281 -0.0369026 -0.0122942 -0.1826358 0.0961969 -0.1202398 0.9710472
1769782384.717674 -0.0064649 -0.0373636 -0.0117333 -0.1856092 0.0966423 -0.1182444 0.9706842
1769782384.751007 -0.0065896 -0.0373746 -0.0119869 -0.1878738 0.0965640 -0.1193552 0.9701202
1769782384.817674 -0.0069772 -0.0380188 -0.0126849 -0.1920757 0.0967216 -0.1167928 0.9695933
1769782384.884339 -0.0067492 -0.0390291 -0.0117001 -0.1977252 0.0959169 -0.1164458 0.9685789
1769782384.917675 -0.0070481 -0.0395269 -0.0117688 -0.2001007 0.0960968 -0.1160285 0.9681232
1769782384.951024 -0.0068503 -0.0395697 -0.0121241 -0.2017997 0.0957159 -0.1154763 0.9678743
1769782385.051023 -0.0072935 -0.0409192 -0.0118731 -0.2100507 0.0960684 -0.1117828 0.9665166
1769782385.217690 -0.0074218 -0.0424933 -0.0122315 -0.2210144 0.0941448 -0.1105823 0.9643967
1769782385.251023 -0.0074915 -0.0428350 -0.0121800 -0.2231046 0.0936795 -0.1099374 0.9640344
1769782385.384355 -0.0073970 -0.0442451 -0.0122219 -0.2297791 0.0914572 -0.1094622 0.9627332
1769782385.517689 -0.0071633 -0.0442903 -0.0117126 -0.2340668 0.0892255 -0.1082935 0.9620416
1769782385.584355 -0.0073023 -0.0449524 -0.0120343 -0.2365771 0.0882259 -0.1061187 0.9617621
1769782385.684357 -0.0072186 -0.0453602 -0.0120770 -0.2393025 0.0860458 -0.1042046 0.9614946
1769782385.751022 -0.0070930 -0.0459951 -0.0129653 -0.2407312 0.0844118 -0.1034843 0.9613606
1769782385.884354 -0.0068446 -0.0461454 -0.0125022 -0.2433341 0.0816243 -0.1019487 0.9611100
1769782386.017689 -0.0064460 -0.0461516 -0.0125115 -0.2439436 0.0772335 -0.1004255 0.9614787
1769782386.084355 -0.0058911 -0.0465032 -0.0125789 -0.2441012 0.0740354 -0.0997109 0.9617646
1769782386.251023 -0.0051850 -0.0466830 -0.0122634 -0.2429888 0.0678917 -0.0971463 0.9627615
1769782386.317688 -0.0048057 -0.0468143 -0.0125997 -0.2419326 0.0651622 -0.0963586 0.9632952
1769782386.417690 -0.0037620 -0.0460569 -0.0113842 -0.2398221 0.0601866 -0.0974391 0.9640377
1769782386.484355 -0.0034979 -0.0460264 -0.0125341 -0.2373760 0.0573247 -0.0970495 0.9648564
1769782386.517689 -0.0032168 -0.0457134 -0.0117575 -0.2364122 0.0564947 -0.0961722 0.9652298
1769782386.551021 -0.0030099 -0.0457663 -0.0123571 -0.2348992 0.0545948 -0.0961327 0.9657123
1769782386.584355 -0.0027369 -0.0456440 -0.0123945 -0.2339520 0.0532811 -0.0956115 0.9660673
1769782386.651021 -0.0022071 -0.0453163 -0.0123118 -0.2310218 0.0501470 -0.0946547 0.9670340
1769782386.684354 -0.0017598 -0.0451365 -0.0118582 -0.2292652 0.0476640 -0.0958092 0.9674639
1769782386.851022 -0.0000918 -0.0442170 -0.0119217 -0.2203464 0.0385159 -0.0968177 0.9698403
1769782386.884354 0.0000105 -0.0440167 -0.0119065 -0.2186488 0.0370962 -0.0957161 0.9703891
1769782386.917688 0.0001237 -0.0439623 -0.0119991 -0.2169150 0.0358906 -0.0957659 0.9708186
1769782386.951023 -0.0000357 -0.0438842 -0.0153089 -0.2134268 0.0326857 -0.1011547 0.9711583
1769782386.984354 0.0005504 -0.0435697 -0.0122542 -0.2126391 0.0333026 -0.0957017 0.9718625
1769782387.084355 0.0005719 -0.0432775 -0.0147884 -0.2057798 0.0278693 -0.0996322 0.9731143
1769782387.117688 0.0004043 -0.0429985 -0.0140889 -0.2032403 0.0269190 -0.0992139 0.9737173
1769782387.151021 0.0007848 -0.0425967 -0.0143419 -0.1993048 0.0250548 -0.0987127 0.9746310
1769782387.184355 0.0016390 -0.0424773 -0.0123531 -0.1971431 0.0234285 -0.0977568 0.9752073
1769782387.217688 0.0008238 -0.0423378 -0.0143752 -0.1932483 0.0225678 -0.0975180 0.9760308
1769782387.951023 0.0022750 -0.0407578 -0.0135437 -0.1375095 -0.0372919 -0.1065671 0.9840447
1769782390.351019 0.0086558 -0.0369587 -0.0136280 -0.1593361 -0.0480814 -0.0936301 0.9815975
1769782390.517686 0.0079905 -0.0381541 -0.0138990 -0.1672438 -0.0444158 -0.0933452 0.9804813
1769782390.984352 0.0068212 -0.0410689 -0.0142292 -0.1868847 -0.0370024 -0.0966692 0.9769135
1769782391.084352 0.0066107 -0.0415157 -0.0139262 -0.1907171 -0.0355631 -0.0980158 0.9760918
1769782391.251019 0.0061490 -0.0420765 -0.0137786 -0.1959287 -0.0325024 -0.0980732 0.9751601
1769782391.317686 0.0059673 -0.0422943 -0.0134116 -0.1979613 -0.0309651 -0.0982564 0.9747811
1769782392.084352 0.0039904 -0.0434856 -0.0135144 -0.2094192 -0.0170707 -0.1005905 0.9724885
1769782392.384351 0.0034976 -0.0433548 -0.0135279 -0.2092107 -0.0127784 -0.1020492 0.9724472
1769782392.617708 0.0031555 -0.0430958 -0.0135648 -0.2078753 -0.0102021 -0.1033487 0.9726268
1769782393.017708 0.0029204 -0.0426891 -0.0134474 -0.2055039 -0.0075635 -0.1052799 0.9729477
1769782393.317708 0.0027155 -0.0423895 -0.0135758 -0.2036456 -0.0063730 -0.1063563 0.9732298
1769782393.751041 0.0026775 -0.0422252 -0.0133978 -0.2024209 -0.0063914 -0.1075697 0.9733518
1769782394.817707 0.0026774 -0.0420791 -0.0133222 -0.2025242 -0.0066068 -0.1086484 0.9732090
1769782395.051040 0.0027728 -0.0420583 -0.0131289 -0.2025485 -0.0066040 -0.1084106 0.9732305
1769782395.417706 0.0027223 -0.0420676 -0.0131441 -0.2025562 -0.0065810 -0.1084632 0.9732232
