1769791118.574418 0.0000000 0.0000000 0.0000000 -0.0000000 -0.0000000 -0.0000000 1.0000000
1769791119.107736 -0.0002835 -0.0014512 -0.0005200 -0.0003716 -0.0000837 -0.0013198 0.9999990
1769791119.141073 -0.0033900 0.0031702 0.0031349 0.0008050 0.0008764 -0.0026452 0.9999958
1769791119.374417 -0.0049694 0.0009824 0.0008690 0.0000185 0.0009797 -0.0007181 0.9999993
1769791119.974396 -0.0032287 -0.0017871 0.0021634 -0.0002534 0.0004013 -0.0017359 0.9999984
1769791120.074415 -0.0024441 0.0001792 -0.0039304 0.0003277 -0.0000990 -0.0004363 0.9999999
1769791120.174408 -0.0028959 -0.0032388 -0.0061399 -0.0003344 0.0002459 0.0000167 0.9999999
1769791120.341071 -0.0032924 -0.0020715 0.0000690 -0.0001002 0.0003626 -0.0004148 0.9999999
1769791120.707731 -0.0002285 0.0002755 0.0062955 -0.0001850 0.0002000 -0.0002298 0.9999999
1769791120.974436 -0.0064129 0.0084413 0.0007584 0.0000440 0.0005724 -0.0023046 0.9999972
1769791121.441064 -0.0053733 -0.0018203 -0.0061725 -0.0000270 -0.0010622 -0.0016175 0.9999982
1769791122.074403 -0.0143374 -0.0061203 -0.0148185 0.0005736 -0.0000151 -0.0026950 0.9999962
1769791122.341074 -0.0246677 -0.0005768 -0.0025614 0.0027608 0.0022599 -0.0032789 0.9999883
1769791122.807730 -0.0093875 -0.0171780 -0.0145430 0.0026558 0.0028285 -0.0030852 0.9999877
1769791123.274397 0.0193128 -0.0243611 -0.0085153 0.0044733 0.0035490 -0.0032748 0.9999784
1769791123.741066 0.0537008 -0.0240687 0.0138755 0.0057848 0.0058079 -0.0013902 0.9999654
1769791124.041070 0.0813298 -0.0278102 0.0077087 0.0071115 0.0063935 0.0000506 0.9999543
1769791124.341071 0.1071157 -0.0266288 0.0136199 0.0075372 0.0081717 0.0016254 0.9999369
1769791124.741064 0.1450433 -0.0077199 0.0297873 0.0088585 0.0110077 0.0001105 0.9999002
1769791125.074413 0.1843545 0.0158498 0.0378983 0.0122843 0.0127442 -0.0005256 0.9998432
1769791125.374409 0.2171708 0.0440380 0.0503429 0.0149182 0.0147596 -0.0009152 0.9997793
1769791125.674464 0.2483386 0.0756278 0.0608005 0.0166907 0.0171490 -0.0019632 0.9997118
1769791125.974414 0.2778887 0.1148511 0.0680785 0.0187250 0.0186404 -0.0029622 0.9996465
1769791126.274430 0.2989202 0.1537455 0.0853383 0.0195434 0.0215933 -0.0057951 0.9995590
1769791126.541086 0.3243725 0.1999710 0.0929814 0.0233087 0.0212170 -0.0064987 0.9994820
1769791126.774406 0.3367766 0.2314493 0.1054516 0.0233633 0.0226213 -0.0091448 0.9994293
1769791127.007740 0.3479318 0.2570772 0.1112418 0.0217228 0.0233871 -0.0122531 0.9994153
1769791127.307747 0.3466270 0.2989371 0.1192201 0.0238237 0.0251997 -0.0137681 0.9993037
1769791127.441072 0.3453816 0.3028577 0.1080390 0.0221911 0.0249055 -0.0128595 0.9993607
1769791127.607744 0.3481531 0.3144712 0.1058361 0.0220081 0.0246629 -0.0130278 0.9993686
1769791127.774411 0.3366560 0.3322847 0.0946638 0.0225836 0.0259627 -0.0143722 0.9993045
1769791128.007739 0.3382715 0.3447513 0.0996846 0.0226187 0.0253370 -0.0153475 0.9993052
1769791128.207750 0.3272948 0.3527203 0.1041442 0.0219872 0.0263510 -0.0197060 0.9992166
1769791128.507747 0.3115729 0.3483484 0.0962571 0.0195538 0.0241571 -0.0224424 0.9992650
1769791128.874409 0.2872843 0.3350708 0.0898896 0.0202072 0.0256635 -0.0225409 0.9992122
1769791129.141108 0.2690341 0.3117669 0.0875495 0.0226714 0.0239519 -0.0174136 0.9993043
1769791129.307743 0.2511906 0.2911746 0.0770662 0.0245827 0.0234162 -0.0145098 0.9993182
1769791129.441081 0.2334603 0.2677857 0.0717656 0.0252448 0.0237986 -0.0118012 0.9993283
1769791129.574406 0.2194207 0.2389838 0.0609074 0.0257559 0.0226885 -0.0089765 0.9993705
1769791129.774409 0.1817330 0.1805775 0.0459341 0.0237545 0.0233285 -0.0076945 0.9994160
1769791129.974411 0.1424021 0.1280728 0.0320760 0.0283705 0.0235485 -0.0067137 0.9992976
1769791130.141085 0.1196732 0.0964729 0.0162841 0.0404132 0.0192170 -0.0066869 0.9989759
1769791130.307745 0.0959265 0.0625247 0.0118751 0.0529723 0.0141728 -0.0061955 0.9984762
1769791130.507747 0.0592317 -0.0037519 0.0112424 0.0628737 0.0013343 -0.0096526 0.9979739
1769791130.641070 0.0513824 -0.0026600 0.0032757 0.0764672 -0.0136250 -0.0092590 0.9969360
1769791130.874412 0.0382858 0.0002753 -0.0305092 0.0925736 -0.0403011 -0.0068919 0.9948661
1769791131.074410 0.0324642 -0.0038401 -0.0394159 0.0903241 -0.0477733 0.0000305 0.9947659
1769791131.141099 0.0281423 -0.0003546 -0.0331267 0.0808331 -0.0431298 -0.0027121 0.9957904
1769791131.207754 0.0297823 -0.0058063 0.0076308 0.0556425 -0.0401040 -0.0001453 0.9976450
1769791131.274425 0.0230270 -0.0209771 -0.0044641 0.0342501 -0.0365247 0.0001786 0.9987457
1769791131.407743 -0.0079325 -0.0518775 -0.0097956 0.0073847 -0.0285499 -0.0036445 0.9995584
1769791131.607737 -0.0523383 -0.0997246 -0.0155240 -0.0196752 -0.0201897 -0.0052844 0.9995886
1769791131.841077 -0.1059059 -0.1733111 -0.0195121 -0.0314961 -0.0121869 -0.0066803 0.9994072
1769791132.007738 -0.1406122 -0.2119845 0.0125023 -0.0266838 -0.0067962 -0.0070908 0.9995957
1769791132.307738 -0.1506137 -0.2223284 -0.0286711 0.0005974 -0.0035675 -0.0068273 0.9999701
1769791132.907748 -0.1331022 -0.2091503 0.0113589 0.0332068 -0.0061820 -0.0055682 0.9994139
1769791133.774402 -0.1512365 -0.2009356 0.0059457 0.0415625 -0.0122520 -0.0077663 0.9990306
1769791134.374401 -0.1709712 -0.1961516 -0.0080728 0.0317746 -0.0160530 -0.0073158 0.9993394
1769791134.741063 -0.1755786 -0.1865127 -0.0122736 0.0237849 -0.0182824 -0.0052605 0.9995361
1769791135.074405 -0.1846939 -0.1886267 -0.0201755 0.0120733 -0.0192984 -0.0025459 0.9997377
1769791135.307734 -0.2076098 -0.1953503 -0.0496157 0.0032278 -0.0179529 -0.0040641 0.9998254
1769791135.541137 -0.2193562 -0.1831587 -0.0578506 -0.0042840 -0.0166968 -0.0048946 0.9998395
1769791135.807763 -0.2222571 -0.1168303 -0.0481452 -0.0058517 -0.0172994 -0.0179291 0.9996725
1769791136.007744 -0.2333144 -0.0550488 -0.0418619 -0.0055198 -0.0197549 -0.0785301 0.9967007
1769791136.141066 -0.2386366 -0.0220765 -0.0438876 -0.0070668 -0.0200827 -0.1190519 0.9926597
1769791136.374393 -0.2387141 0.0226322 -0.0474387 -0.0099367 -0.0212577 -0.1843453 0.9825814
1769791136.574405 -0.2470454 0.0629693 -0.0400982 -0.0120722 -0.0202646 -0.2341471 0.9719150
1769791136.841060 -0.2445519 0.1229553 -0.0371146 -0.0122362 -0.0205920 -0.2890106 0.9570262
1769791137.074395 -0.2407425 0.1605741 -0.0399368 -0.0139035 -0.0202613 -0.3287930 0.9440823
1769791137.307729 -0.2379944 0.1867054 -0.0246608 -0.0159903 -0.0198271 -0.3600880 0.9325706
1769791137.541065 -0.2181529 0.2153398 -0.0368558 -0.0157236 -0.0193480 -0.3823243 0.9236918
1769791137.841063 -0.1781605 0.2392973 -0.0412994 -0.0148663 -0.0189741 -0.3990324 0.9166200
1769791138.074390 -0.1434101 0.2434551 -0.0335000 -0.0146925 -0.0195669 -0.4017825 0.9154081
1769791138.307726 -0.1022278 0.2332779 -0.0311617 -0.0146560 -0.0204831 -0.3971404 0.9174122
1769791138.541058 -0.0580845 0.2097816 -0.0241880 -0.0146582 -0.0204678 -0.3841827 0.9229138
1769791138.774397 -0.0100270 0.1748488 -0.0182535 -0.0143016 -0.0200473 -0.3635409 0.9312527
1769791138.941059 0.0251383 0.1406276 -0.0169076 -0.0146808 -0.0193798 -0.3436710 0.9387754
1769791139.074393 0.0612841 0.1117265 -0.0046101 -0.0138862 -0.0196537 -0.3196566 0.9472278
1769791139.174400 0.0858927 0.0815812 -0.0038750 -0.0151660 -0.0195095 -0.2990100 0.9539300
1769791139.341060 0.1352542 0.0413251 0.0121571 -0.0127513 -0.0197297 -0.2536728 0.9670048
1769791139.474390 0.1751202 0.0013356 0.0206527 -0.0120124 -0.0190186 -0.2092752 0.9775980
1769791139.607728 0.2032566 -0.0314015 0.0236482 -0.0105135 -0.0160712 -0.1746015 0.9844519
1769791139.741068 0.2363404 -0.0630155 0.0353012 -0.0054272 -0.0147130 -0.1515736 0.9883216
1769791139.874400 0.2789731 -0.1062422 0.0502397 0.0051707 -0.0121076 -0.1477175 0.9889420
1769791140.007725 0.3161692 -0.1352368 0.0633338 0.0202979 -0.0048115 -0.1452974 0.9891681
1769791140.141066 0.3505981 -0.1822830 0.0610501 0.0305440 0.0051156 -0.1408524 0.9895461
1769791140.274400 0.3513171 -0.1758673 0.0481774 0.0497648 0.0225374 -0.1490750 0.9873157
1769791140.474394 0.3285570 -0.2107006 0.0395768 0.0524153 0.0624416 -0.1542287 0.9846660
1769791140.607725 0.3495054 -0.2269286 0.0379840 0.0526962 0.0798140 -0.1576879 0.9828466
1769791140.841102 0.3378158 -0.2442483 0.0619383 0.0434236 0.1057468 -0.1697228 0.9788392
1769791140.941061 0.3653770 -0.2099446 0.0405974 0.0454191 0.0987783 -0.1580393 0.9814293
1769791141.007725 0.3427655 -0.2283737 0.0409815 0.0174969 0.0946763 -0.1447515 0.9847727
1769791141.207760 0.4784699 -0.4914804 0.0296107 -0.0505981 0.0522737 -0.0942945 0.9928826
1769791141.541085 0.6986203 -0.4907307 0.0792460 -0.0738801 0.0077361 -0.0444767 0.9962448
1769791141.807754 0.7523288 -0.5239995 0.0880391 -0.0679808 -0.0034778 -0.0222094 0.9974334
1769791144.241089 0.8927863 -0.4924763 0.0859984 -0.0036830 0.0003705 0.0069237 0.9999692
1769791145.474436 0.8114364 -0.2458122 0.0032732 -0.0160568 0.0154661 -0.0026302 0.9997480
1769791145.674431 0.7990378 -0.2130125 -0.0158170 -0.0198015 0.0155133 -0.0027202 0.9996799
1769791145.907750 0.7490428 -0.1674775 -0.0593427 -0.0229886 0.0202124 -0.0015871 0.9995301
1769791146.107751 0.7314172 -0.1354373 -0.0641844 -0.0275001 0.0217727 -0.0085702 0.9993479
1769791146.274438 0.7215972 -0.0936727 -0.0555357 -0.0278960 0.0230992 -0.0095606 0.9992982
1769791146.441093 0.7096714 -0.0650842 -0.0722283 -0.0298428 0.0220798 -0.0118166 0.9992409
1769791146.674418 0.6786972 -0.0359807 -0.0955442 -0.0348192 0.0246500 -0.0192924 0.9989033
1769791146.874426 0.6630324 -0.0065248 -0.0933820 -0.0364153 0.0234665 -0.0209256 0.9988421
1769791147.141090 0.6330941 0.0323032 -0.1010447 -0.0363334 0.0237702 -0.0250952 0.9987417
1769791147.374422 0.5983856 0.0516813 -0.1025512 -0.0375815 0.0246776 -0.0259576 0.9986515
1769791147.607756 0.5707036 0.0686102 -0.1049570 -0.0373059 0.0244504 -0.0269838 0.9986402
1769791147.941092 0.5305072 0.0722987 -0.1133459 -0.0372512 0.0237807 -0.0267233 0.9986655
1769791148.274428 0.4859780 0.0679075 -0.1112667 -0.0333330 0.0212242 -0.0281001 0.9988238
1769791148.441085 0.4525152 0.0442679 -0.1134169 -0.0360521 0.0235860 -0.0272572 0.9986997
1769791148.574416 0.4312931 0.0263599 -0.1132697 -0.0365414 0.0236571 -0.0279731 0.9986604
1769791148.707748 0.4294980 0.0131675 -0.1174845 -0.0338320 0.0161739 -0.0228883 0.9990345
1769791148.807749 0.4144890 -0.0044388 -0.1161846 -0.0332015 0.0156621 -0.0218037 0.9990881
1769791148.974439 0.3750471 -0.0341553 -0.1219244 -0.0305459 0.0199593 -0.0162766 0.9992015
1769791149.074432 0.3569118 -0.0398920 -0.1083080 -0.0265020 0.0195033 -0.0167611 0.9993179
1769791149.174434 0.3377475 -0.0663239 -0.1156311 -0.0271681 0.0205933 -0.0138242 0.9993231
1769791149.241095 0.3382301 -0.0803171 -0.1233400 -0.0255069 0.0184014 -0.0093097 0.9994619
1769791149.374436 0.3260008 -0.1098909 -0.0960916 -0.0256367 0.0188630 -0.0114538 0.9994277
1769791149.507763 0.3151523 -0.1363945 -0.1125858 -0.0202165 0.0172514 -0.0033717 0.9996411
1769791149.541109 0.3136547 -0.1364452 -0.1179547 -0.0166770 0.0149503 -0.0023590 0.9997464
1769791149.707760 0.3025862 -0.2676420 -0.1292758 -0.0377492 0.0091657 -0.0103979 0.9991912
1769791149.807768 0.2356865 -0.4163223 -0.0910516 -0.0690308 0.0174788 -0.0260523 0.9971211
1769791149.874439 0.2300342 -0.4308017 -0.0932987 -0.0628354 0.0150013 -0.0237416 0.9976287
1769791150.007768 0.2009633 -0.4666083 -0.0817734 -0.0539014 0.0121534 -0.0255603 0.9981451
1769791150.174431 0.1638918 -0.4977887 -0.0840782 -0.0380287 0.0077838 -0.0261401 0.9989044
1769791150.307764 0.1607834 -0.4357850 -0.0718120 -0.0039859 -0.0011828 -0.0262985 0.9996455
1769791150.541114 0.1887577 -0.3762092 -0.1045607 0.0384950 -0.0371020 -0.0082162 0.9985360
1769791152.607769 -0.1273109 -0.2073740 0.0393644 0.0356783 -0.0087593 -0.0048803 0.9993131
1769791155.174437 -0.1900756 -0.1735597 -0.0008389 0.0027287 -0.0203422 -0.0045423 0.9997790
1769791155.474500 -0.2227623 -0.1604242 -0.0322288 -0.0075078 -0.0168095 -0.0045752 0.9998201
1769791155.707760 -0.2383772 -0.0778462 -0.0238119 -0.0067501 -0.0192235 -0.0607037 0.9979479
1769791155.974427 -0.2467407 -0.0028246 -0.0179098 -0.0086172 -0.0192301 -0.1406714 0.9898320
1769791156.274423 -0.2521481 0.0448863 -0.0263665 -0.0133300 -0.0197133 -0.2222018 0.9747103
1769791156.607768 -0.2482922 0.1183917 -0.0202415 -0.0138205 -0.0206887 -0.2927387 0.9558687
1769791156.807782 -0.2491403 0.1544570 -0.0047111 -0.0150405 -0.0202787 -0.3270239 0.9446787
1769791157.107772 -0.2377882 0.1957464 -0.0279432 -0.0150803 -0.0191482 -0.3664813 0.9301062
1769791157.374436 -0.2141217 0.2237222 -0.0219147 -0.0155759 -0.0189721 -0.3880845 0.9212968
1769791157.641100 -0.1796576 0.2426565 -0.0243104 -0.0150512 -0.0182414 -0.4006321 0.9159338
1769791157.941098 -0.1312436 0.2439518 -0.0234899 -0.0140982 -0.0194435 -0.4013865 0.9155939
1769791158.274436 -0.0736188 0.2123760 -0.0193531 -0.0156366 -0.0193439 -0.3865741 0.9219229
1769791158.474432 -0.0312771 0.1832668 -0.0190953 -0.0150364 -0.0196073 -0.3705908 0.9284675
1769791158.674435 0.0155758 0.1409757 -0.0138520 -0.0158966 -0.0202514 -0.3459255 0.9379087
1769791158.807773 0.0488113 0.1097015 -0.0151935 -0.0157240 -0.0201816 -0.3249454 0.9453866
1769791158.941099 0.0861756 0.0728659 -0.0126116 -0.0158764 -0.0203837 -0.2975364 0.9543608
1769791159.041109 0.1150636 0.0448838 -0.0072163 -0.0152107 -0.0202005 -0.2707921 0.9623057
1769791159.174430 0.1534377 0.0050560 0.0023127 -0.0151332 -0.0192995 -0.2289227 0.9731356
1769791159.307771 0.1901251 -0.0316608 0.0107163 -0.0142438 -0.0175585 -0.1905251 0.9814219
1769791159.441156 0.2336967 -0.0676206 0.0133510 -0.0115347 -0.0171809 -0.1600917 0.9868852
1769791159.474437 0.2388591 -0.0778287 0.0144411 -0.0102643 -0.0161562 -0.1556042 0.9876340
1769791159.574436 0.2647998 -0.1078699 0.0024608 -0.0027530 -0.0136662 -0.1521458 0.9882598
1769791159.707775 0.2949999 -0.1467566 0.0041843 0.0102334 -0.0062726 -0.1517671 0.9883434
1769791159.807770 0.3153198 -0.1596504 -0.0064418 0.0242142 0.0023450 -0.1522492 0.9880427
1769791159.907768 0.3219362 -0.1717850 -0.0223543 0.0367357 0.0138676 -0.1552822 0.9870895
1769791160.041111 0.3270907 -0.1782099 -0.0662395 0.0545866 0.0306059 -0.1615058 0.9848855
1769791160.207765 0.3455835 -0.1824159 -0.0505661 0.0638321 0.0542685 -0.1525138 0.9847436
1769791160.341109 0.3435200 -0.2029580 -0.0353973 0.0632811 0.0773395 -0.1561961 0.9826581
1769791160.607785 0.3150575 -0.2279997 -0.0099685 0.0511795 0.1122473 -0.1706072 0.9775860
1769791160.707768 0.3478906 -0.2513373 -0.0267372 0.0378668 0.1021189 -0.1581094 0.9813966
1769791160.807771 0.3853843 -0.2256520 -0.0136600 0.0154033 0.0854024 -0.1374142 0.9867049
1769791161.041117 0.6294279 -0.3640634 0.1256676 -0.0451240 0.0302528 -0.0649247 0.9964103
1769791161.407772 0.7388197 -0.4934588 0.1165184 -0.0732838 -0.0002114 -0.0338935 0.9967350
1769791164.674433 0.8655146 -0.3633296 0.0494317 -0.0094200 0.0081679 0.0014783 0.9999212
1769791165.141079 0.7982751 -0.2604389 -0.0102954 -0.0148727 0.0173879 -0.0058376 0.9997212
1769791165.541086 0.8002961 -0.2031579 -0.0191147 -0.0223964 0.0152367 -0.0007655 0.9996328
1769791165.707760 0.7761118 -0.1747916 -0.0378495 -0.0257456 0.0169377 -0.0030113 0.9995205
1769791165.807759 0.7545781 -0.1443821 -0.0490147 -0.0253254 0.0195866 -0.0044106 0.9994776
1769791165.974433 0.7411513 -0.1113521 -0.0538682 -0.0275695 0.0207478 -0.0073475 0.9993775
1769791166.107763 0.7316573 -0.0867718 -0.0568372 -0.0295481 0.0217033 -0.0097798 0.9992799
1769791166.374418 0.7125673 -0.0305748 -0.0553715 -0.0298368 0.0202252 -0.0124046 0.9992732
1769791166.641097 0.6880220 0.0109666 -0.0561111 -0.0311527 0.0207201 -0.0153304 0.9991823
1769791166.707752 0.6806770 0.0205820 -0.0593096 -0.0311676 0.0203379 -0.0161123 0.9991773
1769791166.941095 0.6534758 0.0443562 -0.0700396 -0.0335200 0.0207692 -0.0187708 0.9990459
1769791167.174422 0.6214820 0.0653364 -0.0725605 -0.0332169 0.0206083 -0.0205081 0.9990252
1769791167.541080 0.5762113 0.0855978 -0.0701341 -0.0332116 0.0214684 -0.0210923 0.9989951
1769791167.941079 0.5193883 0.0757308 -0.0773407 -0.0329912 0.0212519 -0.0215369 0.9989976
1769791168.107754 0.4893155 0.0579291 -0.0679914 -0.0346477 0.0221747 -0.0226819 0.9988961
1769791168.241082 0.4700135 0.0463440 -0.0709562 -0.0335396 0.0214745 -0.0208910 0.9989883
1769791168.374435 0.4453898 0.0328352 -0.0711258 -0.0321085 0.0220579 -0.0213510 0.9990128
1769791168.507751 0.4318998 0.0190142 -0.0753975 -0.0290397 0.0193452 -0.0177296 0.9992338
1769791168.607753 0.4130024 0.0014904 -0.0773718 -0.0286838 0.0200101 -0.0164830 0.9992523
1769791168.774420 0.3841869 -0.0188245 -0.0803444 -0.0238531 0.0198149 -0.0131563 0.9994325
1769791168.907753 0.3609743 -0.0472238 -0.0852643 -0.0222809 0.0198442 -0.0119931 0.9994829
1769791169.007754 0.3425301 -0.0779378 -0.0918296 -0.0239724 0.0197855 -0.0098171 0.9994686
1769791169.141091 0.3250249 -0.1176524 -0.1092354 -0.0237711 0.0178476 -0.0054980 0.9995430
1769791169.241109 0.3090455 -0.1522955 -0.1187691 -0.0255567 0.0176284 -0.0038709 0.9995105
1769791169.274443 0.3049283 -0.1548692 -0.1242290 -0.0232285 0.0167690 -0.0032776 0.9995841
1769791169.307764 0.2992944 -0.1673834 -0.1277006 -0.0236612 0.0167232 -0.0024591 0.9995772
1769791169.441079 0.2761242 -0.2463820 -0.1391860 -0.0339652 0.0159165 -0.0040295 0.9992881
1769791169.507749 0.2102243 -0.4110669 -0.0909762 -0.0755073 0.0260763 -0.0226201 0.9965476
1769791169.574411 0.2040601 -0.4396904 -0.0952351 -0.0737107 0.0238122 -0.0222046 0.9967481
1769791169.607755 0.1970628 -0.4461868 -0.0962481 -0.0703705 0.0229013 -0.0228547 0.9969961
1769791169.707744 0.1985397 -0.4673837 -0.1013953 -0.0601941 0.0140400 -0.0241561 0.9977956
1769791169.841085 0.1838263 -0.4953015 -0.1077102 -0.0484770 0.0056766 -0.0289023 0.9983899
1769791170.007758 0.2037429 -0.4509302 -0.1344594 -0.0098208 -0.0095101 -0.0230194 0.9996416
1769791170.141089 0.1723921 -0.3965391 -0.0815799 0.0154211 -0.0108246 -0.0189464 0.9996430
1769791170.307750 0.2191861 -0.5817913 -0.0727479 -0.0240544 -0.0488539 -0.0061198 0.9984975
1769791170.407746 0.2187171 -0.5433905 -0.1076079 -0.0018160 -0.0640676 -0.0032342 0.9979387
1769791170.474418 0.2141688 -0.5449121 -0.1063759 0.0009257 -0.0725928 -0.0005913 0.9973611
1769791170.507764 0.2098401 -0.5453900 -0.1024646 0.0018116 -0.0757710 0.0010242 0.9971231
1769791170.574411 0.2052770 -0.5473762 -0.0990598 0.0020562 -0.0810110 0.0063865 0.9966906
1769791170.641077 0.2065333 -0.5499533 -0.1074837 -0.0000925 -0.0832151 0.0120083 0.9964593
1769791170.674423 0.2066026 -0.5529191 -0.1228535 -0.0016704 -0.0828143 0.0147624 0.9964542
1769791170.741086 0.2066857 -0.5500944 -0.1119098 -0.0044386 -0.0798357 0.0176262 0.9966423
1769791170.774409 0.2371359 -0.5544923 -0.0618055 -0.0192709 -0.0806781 0.0207170 0.9963385
1769791170.841078 0.2014111 -0.5602211 -0.0738967 -0.0418993 -0.0735644 0.0129070 0.9963263
1769791170.907743 0.2096215 -0.5431848 -0.0489533 -0.0580287 -0.0714300 0.0091961 0.9957138
1769791171.007743 0.1881955 -0.5718599 -0.0513600 -0.0794123 -0.0654347 0.0063072 0.9946719
1769791171.207755 0.1431182 -0.6215640 -0.0423251 -0.1079616 -0.0558953 0.0017409 0.9925810
1769791171.474411 0.0868645 -0.7073888 -0.0429124 -0.1194042 -0.0449604 -0.0016130 0.9918259
1769791171.774423 0.0949864 -0.6956424 -0.0271216 -0.0957629 -0.0403566 -0.0047980 0.9945742
1769791172.174418 0.0970078 -0.6904352 -0.0189384 -0.0734589 -0.0379643 -0.0051206 0.9965622
1769791172.574459 0.0971451 -0.6842980 -0.0136478 -0.0646974 -0.0387566 -0.0055194 0.9971368
1769791173.174463 0.0917939 -0.6752053 -0.0120936 -0.0579169 -0.0431034 -0.0051249 0.9973773
1769791173.574453 0.0809451 -0.6738420 -0.0192625 -0.0622442 -0.0452928 -0.0052252 0.9970191
1769791173.974457 0.0742802 -0.6602522 -0.0184005 -0.0694355 -0.0478392 -0.0053680 0.9964243
1769791174.341138 0.0683320 -0.6527694 -0.0296043 -0.0789932 -0.0501425 -0.0048510 0.9956015
1769791174.674455 0.0472616 -0.6577245 -0.0543845 -0.0907536 -0.0491894 -0.0049334 0.9946456
1769791174.974443 0.0345574 -0.6506563 -0.0749274 -0.0997641 -0.0483431 -0.0052972 0.9938220
1769791175.274447 0.0155936 -0.5743699 -0.0714180 -0.1023700 -0.0468250 -0.0058588 0.9936264
1769791175.541115 0.0050726 -0.5349338 -0.0899125 -0.1026245 -0.0573488 -0.0904179 0.9889408
1769791175.774451 0.0063800 -0.4792226 -0.0905657 -0.1060688 -0.0654970 -0.1490649 0.9809380
1769791176.007781 0.0027822 -0.4446158 -0.1025426 -0.1057121 -0.0720341 -0.2157070 0.9680427
1769791176.207789 0.0006487 -0.3967597 -0.1068901 -0.1069411 -0.0760072 -0.2536056 0.9583688
1769791176.407778 0.0089975 -0.3592767 -0.1364401 -0.1033514 -0.0796622 -0.2924374 0.9473398
1769791176.574450 0.0167541 -0.3294840 -0.1445721 -0.1021224 -0.0825270 -0.3181188 0.9389147
1769791176.741120 0.0160615 -0.3064312 -0.1323033 -0.1008704 -0.0841835 -0.3453964 0.9292145
1769791176.874454 0.0204717 -0.2963151 -0.1368479 -0.1005334 -0.0855606 -0.3629665 0.9224032
1769791177.007776 0.0291496 -0.2838727 -0.1418470 -0.0995110 -0.0865556 -0.3756780 0.9173177
1769791177.207777 0.0570465 -0.2620182 -0.1435871 -0.0977786 -0.0863651 -0.3872020 0.9127185
1769791177.374442 0.0801229 -0.2536719 -0.1525591 -0.0966897 -0.0877442 -0.3933989 0.9100491
1769791177.641113 0.1217878 -0.2478420 -0.1472247 -0.0960689 -0.0888976 -0.3973107 0.9083018
1769791177.841118 0.1564516 -0.2621027 -0.1493844 -0.0971675 -0.0889599 -0.3924560 0.9102873
1769791178.007779 0.1862208 -0.2706025 -0.1381313 -0.0967349 -0.0876795 -0.3844589 0.9138632
1769791178.241112 0.2401476 -0.3046933 -0.1193510 -0.0979324 -0.0877609 -0.3651138 0.9216286
1769791178.507786 0.3032500 -0.3524877 -0.0990165 -0.0991970 -0.0847361 -0.3300883 0.9348912
1769791178.674450 0.3445233 -0.3892600 -0.0816657 -0.1012395 -0.0815907 -0.2987769 0.9454237
1769791178.807801 0.3743533 -0.4255039 -0.0764687 -0.1032825 -0.0776700 -0.2677587 0.9547803
1769791178.941111 0.4200040 -0.4653535 -0.0455743 -0.1073037 -0.0745084 -0.2227680 0.9660791
1769791179.107785 0.5348930 -0.5487229 -0.0240376 -0.1165411 -0.0922575 -0.1744634 0.9733804
1769791179.241117 0.5358485 -0.5810162 0.0004351 -0.1165948 -0.0771492 -0.1480359 0.9790500
1769791179.374447 0.5574691 -0.5897189 0.0055048 -0.0989543 -0.0668557 -0.1416856 0.9826818
1769791179.507780 0.5791442 -0.6102439 0.0093562 -0.0817230 -0.0554753 -0.1427863 0.9848126
1769791179.707780 0.4846267 -0.2797914 -0.1188852 -0.0042457 -0.0125710 -0.1837582 0.9828820
1769791179.974468 0.4479587 0.0479678 -0.0579488 0.1036311 0.0574973 -0.1730334 0.9777597
1769791180.141100 0.4694685 -0.0516739 -0.0684906 0.0821980 0.0728000 -0.1825844 0.9770397
1769791180.374440 0.4296677 -0.0840753 -0.0341339 0.0671136 0.1024397 -0.1974125 0.9726409
1769791180.507776 0.4213100 -0.0745533 -0.0511175 0.0430798 0.0954817 -0.1839357 0.9773408
1769791180.874444 0.7093233 -0.4394388 0.0517742 -0.0567121 0.0093136 -0.0760505 0.9954463
1769791181.274451 0.7795268 -0.5070471 0.1173417 -0.0700314 -0.0066450 -0.0230496 0.9972563
1769791181.441106 0.8159600 -0.5354414 0.1242066 -0.0598679 -0.0123293 -0.0133730 0.9980406
1769791181.741128 0.8988845 -0.5316534 0.1654769 -0.0310987 -0.0212629 -0.0028895 0.9992859
1769791182.007780 0.9257903 -0.5488585 0.1644426 -0.0162076 -0.0226312 0.0053922 0.9995980
1769791182.374431 0.9458807 -0.5541084 0.1646644 -0.0041702 -0.0211165 0.0088657 0.9997290
1769791183.274441 0.9810984 -0.5318985 0.1658678 0.0011529 -0.0151755 0.0150340 0.9997712
1769791183.641109 0.9855875 -0.4999933 0.1693553 -0.0011709 -0.0120987 0.0132880 0.9998379
1769791184.907788 0.8129495 -0.2701526 0.0055550 -0.0163258 0.0152685 -0.0019432 0.9997483
1769791185.174436 0.7700119 -0.1913888 -0.0176545 -0.0165487 0.0196463 -0.0039064 0.9996624
1769791185.341098 0.7594417 -0.1598347 -0.0248201 -0.0194780 0.0202948 -0.0085908 0.9995674
1769791185.574439 0.7522259 -0.1305280 -0.0296522 -0.0240545 0.0202504 -0.0064497 0.9994848
1769791185.774435 0.7345378 -0.0923708 -0.0528227 -0.0266655 0.0227482 -0.0102844 0.9993327
1769791185.907768 0.7244242 -0.0666813 -0.0565195 -0.0281301 0.0225820 -0.0116730 0.9992810
1769791186.041110 0.7140993 -0.0422215 -0.0597824 -0.0287014 0.0219691 -0.0134041 0.9992567
1769791186.174432 0.7019567 -0.0223777 -0.0631965 -0.0303964 0.0222322 -0.0155406 0.9991698
1769791186.374433 0.6844034 0.0065818 -0.0684575 -0.0318945 0.0219775 -0.0177568 0.9990918
1769791186.507764 0.6693003 0.0258549 -0.0717843 -0.0321297 0.0223528 -0.0188351 0.9990562
1769791186.641106 0.6534264 0.0390606 -0.0762487 -0.0333875 0.0227089 -0.0205750 0.9989726
1769791186.774435 0.6355823 0.0502988 -0.0791027 -0.0345478 0.0233688 -0.0233109 0.9988579
1769791186.874438 0.6268972 0.0594567 -0.0807752 -0.0343344 0.0218956 -0.0226284 0.9989142
1769791187.141105 0.5948246 0.0774472 -0.0824244 -0.0335459 0.0219626 -0.0225808 0.9989406
1769791187.341159 0.6193824 -0.0438840 -0.0721208 -0.0484938 0.0144541 -0.0105017 0.9986637
1769791187.474460 0.6077826 -0.0468889 -0.0759404 -0.0489232 0.0129725 -0.0098041 0.9986702
1769791187.707788 0.5777887 -0.0588008 -0.0675959 -0.0499159 0.0123139 -0.0096344 0.9986311
1769791187.907799 0.5468180 -0.0802357 -0.0764920 -0.0503759 0.0126455 -0.0076471 0.9986210
1769791188.141116 0.5184596 -0.1035604 -0.0726605 -0.0478937 0.0094487 -0.0039406 0.9988000
1769791188.341117 0.4891687 -0.1373653 -0.0791170 -0.0471055 0.0083925 -0.0020672 0.9988526
1769791188.474448 0.4746998 -0.1632677 -0.0821228 -0.0458962 0.0063829 0.0019272 0.9989240
1769791188.607790 0.4540523 -0.2078215 -0.0876679 -0.0502342 0.0055358 0.0016245 0.9987208
1769791188.741123 0.4441460 -0.2792218 -0.0837197 -0.0616437 0.0021635 0.0067226 0.9980732
1769791188.807787 0.4409786 -0.3059261 -0.0859829 -0.0646161 0.0003305 0.0095035 0.9978649
1769791188.874449 0.4441244 -0.3205643 -0.0900864 -0.0627408 -0.0038070 0.0130183 0.9979377
1769791188.907785 0.4444699 -0.3350993 -0.0924429 -0.0638121 -0.0051015 0.0150344 0.9978356
1769791188.974448 0.4401740 -0.3636931 -0.0962605 -0.0665387 -0.0060809 0.0190729 0.9975830
1769791189.007793 0.4384238 -0.3638716 -0.1016700 -0.0628776 -0.0069203 0.0209616 0.9977771
1769791189.074462 0.4301189 -0.3779702 -0.1113588 -0.0596999 -0.0077114 0.0234727 0.9979106
1769791189.107804 0.4281873 -0.3890967 -0.1131394 -0.0595399 -0.0084576 0.0254119 0.9978666
1769791189.174456 0.4243634 -0.3962796 -0.1229440 -0.0536624 -0.0106828 0.0257913 0.9981688
1769791189.307805 0.3615936 -0.5409766 -0.0966178 -0.0785636 -0.0017170 0.0167760 0.9967665
1769791189.407789 0.3409615 -0.5858343 -0.0871551 -0.0764934 -0.0028837 0.0143661 0.9969624
1769791189.507790 0.3358838 -0.6004297 -0.0957701 -0.0641014 -0.0090397 0.0141050 0.9978028
1769791189.674457 0.3211530 -0.6281787 -0.1012355 -0.0457572 -0.0194913 0.0100151 0.9987122
1769791189.874451 0.2748028 -0.6425473 -0.0619582 -0.0282666 -0.0320852 -0.0235759 0.9988071
1769791190.041114 0.3218994 -0.4732678 -0.1427939 0.0428696 -0.0611588 0.0185944 0.9970336
1769791190.141125 0.3370183 -0.5328793 -0.1461489 0.0339444 -0.0834706 0.0092575 0.9958889
1769791190.241123 0.3316957 -0.5398147 -0.1395979 0.0369172 -0.0962586 0.0182064 0.9945049
1769791190.307786 0.3300890 -0.5356935 -0.1462041 0.0401041 -0.1029520 0.0243278 0.9935797
1769791190.341120 0.3327661 -0.5385634 -0.1460686 0.0392905 -0.1059187 0.0276062 0.9932147
1769791190.441114 0.3301321 -0.5366867 -0.1423807 0.0363254 -0.1081397 0.0370791 0.9927796
1769791190.474450 0.3295749 -0.5352221 -0.1444111 0.0359586 -0.1071079 0.0377803 0.9928784
1769791190.507782 0.3334507 -0.5413989 -0.1378931 0.0321061 -0.1067565 0.0367990 0.9930851
1769791190.541116 0.3278558 -0.5351334 -0.1150103 0.0200363 -0.1026584 0.0387836 0.9937583
1769791190.574447 0.3259886 -0.5096707 -0.1156450 0.0144365 -0.1005084 0.0403283 0.9940137
1769791190.641117 0.3278869 -0.4995714 -0.0973730 -0.0035604 -0.0984922 0.0457465 0.9940794
1769791190.774450 0.3235694 -0.4688173 -0.0831973 -0.0201142 -0.0935780 0.0496431 0.9941701
1769791190.874447 0.3410247 -0.4569330 -0.1082629 -0.0254201 -0.0954881 0.0604698 0.9932669
1769791191.041113 0.2964439 -0.5526533 -0.1116888 -0.0567781 -0.0798040 0.0672213 0.9929194
1769791191.307791 0.2910191 -0.7235738 0.1431908 -0.1207182 -0.0651641 0.0610869 0.9886603
1769791191.674457 0.2884943 -0.7359033 0.1377876 -0.0953252 -0.0568886 0.0616501 0.9919053
1769791192.007788 0.2856415 -0.7354620 0.1353114 -0.0795767 -0.0547468 0.0616203 0.9934149
1769791192.207787 0.2793218 -0.7372096 0.1325716 -0.0748961 -0.0538761 0.0613231 0.9938447
1769791192.341115 0.2769413 -0.7394866 0.1288369 -0.0745029 -0.0535841 0.0617815 0.9938617
1769791192.541120 0.2745692 -0.7396102 0.1279228 -0.0703527 -0.0545946 0.0617100 0.9941136
1769791192.841126 0.2707156 -0.7360474 0.1240927 -0.0675865 -0.0568698 0.0623548 0.9941377
1769791193.607782 0.2557017 -0.7299959 0.1156137 -0.0767744 -0.0619345 0.0619811 0.9931909
1769791193.741138 0.2536610 -0.7250378 0.1172544 -0.0794626 -0.0632424 0.0616577 0.9929171
1769791193.907804 0.2528403 -0.7266181 0.1169270 -0.0842374 -0.0644771 0.0629787 0.9923611
1769791194.074447 0.2452460 -0.7238677 0.1111327 -0.0887289 -0.0652762 0.0620118 0.9919782
1769791194.241119 0.2198781 -0.7043681 0.0840017 -0.0890508 -0.0634044 0.0554621 0.9924585
1769791194.474451 0.2108999 -0.7004810 0.0757018 -0.0961736 -0.0636628 0.0546841 0.9918202
1769791194.641119 0.2105248 -0.6998897 0.0694795 -0.1019936 -0.0646343 0.0559949 0.9911026
1769791194.774452 0.1998386 -0.6791329 0.0642552 -0.1032089 -0.0638602 0.0514185 0.9912749
1769791194.941121 0.1924130 -0.6558487 0.0564237 -0.1049490 -0.0638017 0.0468438 0.9913228
1769791195.107783 0.1825127 -0.6263170 0.0454121 -0.1043873 -0.0667235 0.0244069 0.9919958
1769791195.341134 0.1671434 -0.5898662 0.0310448 -0.1029264 -0.0752508 -0.0548747 0.9903193
1769791195.574463 0.1556317 -0.5550584 0.0130701 -0.1012857 -0.0822985 -0.1288752 0.9830358
1769791195.741168 0.1496363 -0.5239810 0.0126583 -0.1001507 -0.0874446 -0.1747635 0.9755926
1769791195.841136 0.1470260 -0.5099927 0.0068318 -0.0992736 -0.0901603 -0.2018008 0.9702022
1769791195.974451 0.1486433 -0.4778005 -0.0070558 -0.0969040 -0.0928313 -0.2289987 0.9641326
1769791196.107782 0.1550501 -0.4465420 -0.0242627 -0.0945808 -0.0955321 -0.2520567 0.9583296
1769791196.241121 0.1509794 -0.4268285 -0.0181137 -0.0933786 -0.0974150 -0.2796016 0.9505860
1769791196.374456 0.1527619 -0.4104159 -0.0196774 -0.0922370 -0.0989529 -0.3032787 0.9432511
1769791196.507794 0.1522602 -0.3985638 -0.0214761 -0.0918605 -0.1002611 -0.3248595 0.9359357
1769791196.641133 0.1584215 -0.3813759 -0.0247485 -0.0906705 -0.1013158 -0.3398784 0.9305894
1769791196.807786 0.1765294 -0.3599589 -0.0315348 -0.0892812 -0.1026336 -0.3519419 0.9260843
1769791197.074461 0.2110064 -0.3337773 -0.0360458 -0.0868622 -0.1028345 -0.3678454 0.9200923
1769791197.241116 0.2340530 -0.3246891 -0.0328179 -0.0859760 -0.1038050 -0.3719563 0.9184123
1769791197.374460 0.2555755 -0.3255660 -0.0295048 -0.0863210 -0.1048839 -0.3721740 0.9181692
1769791197.507786 0.2785637 -0.3265963 -0.0217178 -0.0862526 -0.1049683 -0.3694829 0.9192522
1769791197.641125 0.3042656 -0.3339857 -0.0133419 -0.0868731 -0.1049581 -0.3639223 0.9214106
1769791197.774450 0.3296564 -0.3466374 -0.0067543 -0.0878177 -0.1047709 -0.3574669 0.9238660
1769791197.974463 0.3751980 -0.3810994 -0.0133034 -0.0899039 -0.1035937 -0.3415500 0.9298007
1769791198.107781 0.4069028 -0.4029987 0.0028380 -0.0913833 -0.1028964 -0.3270993 0.9349158
1769791198.307794 0.4588333 -0.4443581 0.0219370 -0.0942805 -0.1013771 -0.2982030 0.9444093
1769791198.507791 0.5164020 -0.4874786 0.0510712 -0.0972365 -0.0977061 -0.2549310 0.9570835
1769791198.641135 0.5573240 -0.5218716 0.0692259 -0.1002012 -0.0941908 -0.2149245 0.9668999
1769791198.774458 0.6002132 -0.5565425 0.0866747 -0.1024234 -0.0900559 -0.1725126 0.9755198
1769791199.041114 0.6807664 -0.6200423 0.1254489 -0.0987844 -0.0833140 -0.1171795 0.9846672
1769791199.174535 0.7197824 -0.6549132 0.1475038 -0.0877392 -0.0786586 -0.1131922 0.9865608
1769791199.207801 0.7247505 -0.6576370 0.1502714 -0.0837497 -0.0761741 -0.1130182 0.9871223
1769791199.307786 0.7373009 -0.6588393 0.1698107 -0.0719759 -0.0677087 -0.1109264 0.9889036
1769791199.474451 0.7490532 -0.4203375 0.0038121 0.0227638 -0.0462276 -0.1021345 0.9934351
1769791199.641160 0.7264287 -0.3792652 -0.0439538 0.0469490 -0.0155986 -0.1129659 0.9923664
1769791199.807785 0.6493366 -0.3255444 0.1221902 0.0602492 0.0356538 -0.1377468 0.9879902
1769791199.974448 0.6575470 -0.3772458 0.1362482 0.0480743 0.0572448 -0.1461234 0.9864380
1769791200.107790 0.6533422 -0.3862863 0.1494500 0.0408836 0.0688345 -0.1526894 0.9850261
1769791200.174451 0.6489992 -0.3897164 0.1533412 0.0373552 0.0702271 -0.1514661 0.9852567
1769791200.241117 0.6527160 -0.3874506 0.1476218 0.0222438 0.0641638 -0.1431157 0.9873734
1769791200.274450 0.6572058 -0.3911211 0.1527915 0.0096117 0.0587711 -0.1363170 0.9888737
1769791200.307783 0.6593874 -0.3928745 0.1523743 -0.0014294 0.0532190 -0.1294975 0.9901496
1769791200.374447 0.6776162 -0.4090484 0.1461685 -0.0195276 0.0414690 -0.1137215 0.9924548
1769791200.507823 0.7179744 -0.4193867 0.1526445 -0.0409084 0.0227002 -0.0862164 0.9951774
1769791200.707802 0.7803085 -0.4592937 0.1607101 -0.0657317 0.0011467 -0.0520204 0.9964797
1769791200.907779 0.8427644 -0.5001091 0.1773393 -0.0736423 -0.0140255 -0.0259933 0.9968473
1769791201.074456 0.8803435 -0.5230981 0.1941313 -0.0692132 -0.0210869 -0.0121899 0.9973045
1769791201.174453 0.8986239 -0.5410935 0.1943679 -0.0627039 -0.0235876 -0.0041875 0.9977447
1769791201.341118 0.9044349 -0.5250902 0.1923701 -0.0423586 -0.0238600 -0.0032574 0.9988122
1769791201.507784 0.9307712 -0.5406260 0.2017449 -0.0306404 -0.0260170 0.0033325 0.9991863
1769791201.607785 0.9287548 -0.5434198 0.1967101 -0.0243539 -0.0249543 0.0038140 0.9993846
1769791201.941117 0.9407735 -0.5518318 0.1903408 -0.0083545 -0.0232863 0.0099496 0.9996445
1769791202.174459 0.9464002 -0.5526781 0.1876552 -0.0018815 -0.0210394 0.0115858 0.9997098
1769791202.307782 0.9681566 -0.5435991 0.2070714 0.0017208 -0.0221086 0.0114249 0.9996888
1769791202.441129 0.9745343 -0.5378070 0.2018123 0.0035879 -0.0215749 0.0120798 0.9996879
1769791202.607786 0.9786372 -0.5417522 0.2029316 0.0018619 -0.0211489 0.0140633 0.9996757
1769791202.741119 0.9847793 -0.5309486 0.2049298 0.0042513 -0.0194498 0.0131395 0.9997154
1769791202.874451 0.9892787 -0.5255614 0.2039883 0.0042500 -0.0186591 0.0132207 0.9997295
1769791202.974453 0.9877012 -0.5266379 0.2027368 0.0032187 -0.0167432 0.0153286 0.9997371
1769791203.107786 0.9926084 -0.5167370 0.2015578 0.0029617 -0.0161498 0.0142777 0.9997633
1769791203.241154 0.9984822 -0.5093945 0.2050614 0.0010656 -0.0152416 0.0148365 0.9997732
1769791203.441122 0.9950767 -0.4983512 0.1998801 -0.0021044 -0.0130741 0.0140027 0.9998143
1769791203.707786 1.0001296 -0.4941810 0.2069644 -0.0097296 -0.0112042 0.0161978 0.9997587
1769791203.874442 1.0101638 -0.4635055 0.2063936 -0.0106325 -0.0118499 0.0143963 0.9997696
1769791204.041101 1.0122050 -0.4153742 0.2069395 -0.0096196 -0.0117582 0.0117177 0.9998159
1769791204.174439 1.0108193 -0.3705356 0.1998855 -0.0092259 -0.0109466 0.0076576 0.9998682
1769791204.341097 1.0132366 -0.3152984 0.1945271 -0.0074461 -0.0116984 0.0027330 0.9999001
1769791204.474436 1.0107996 -0.2793558 0.1879275 -0.0078810 -0.0112827 -0.0011857 0.9999046
1769791204.607767 1.0044725 -0.2331140 0.1959982 -0.0070545 -0.0106548 -0.0071133 0.9998931
1769791204.774438 1.0036557 -0.1660910 0.1818660 -0.0023467 -0.0106893 -0.0088413 0.9999011
1769791204.907791 0.9975474 -0.1486932 0.1831018 -0.0074132 -0.0107767 -0.0166417 0.9997760
1769791205.041118 0.9872639 -0.1325224 0.1766763 -0.0120938 -0.0100392 -0.0262857 0.9995309
1769791205.174434 0.9784250 -0.1172600 0.1768311 -0.0179665 -0.0098656 -0.0324035 0.9992647
1769791205.341102 0.9659728 -0.1046618 0.1775478 -0.0276859 -0.0087060 -0.0413243 0.9987242
1769791205.474434 0.9512564 -0.0818376 0.1603139 -0.0305045 -0.0054596 -0.0467607 0.9984253
1769791205.607785 0.9359738 -0.0602195 0.1508505 -0.0337859 -0.0015466 -0.0517321 0.9980882
1769791205.841102 0.9147956 -0.0134973 0.1205751 -0.0332798 -0.0009266 -0.0571804 0.9978086
1769791206.007779 0.8987777 0.0145665 0.1106763 -0.0341782 0.0002757 -0.0599323 0.9976171
1769791206.207765 0.8794549 0.0418364 0.1007494 -0.0357849 0.0010241 -0.0626348 0.9973943
1769791206.407766 0.8552779 0.0662027 0.0916069 -0.0366503 0.0028553 -0.0654721 0.9971770
1769791206.607774 0.8322830 0.0874703 0.0852953 -0.0369727 0.0033440 -0.0669563 0.9970651
1769791206.841138 0.8028030 0.1025630 0.0764529 -0.0370804 0.0035267 -0.0682572 0.9969722
1769791207.174429 0.7606508 0.1109273 0.0640175 -0.0383017 0.0041319 -0.0676349 0.9969661
1769791207.474438 0.7219818 0.1013788 0.0551254 -0.0386463 0.0031159 -0.0665757 0.9970278
1769791207.741107 0.6892995 0.0864398 0.0502285 -0.0360555 -0.0007054 -0.0652025 0.9972202
1769791207.774431 0.6812664 0.0804791 0.0479923 -0.0369840 0.0000123 -0.0651186 0.9971920
1769791207.974441 0.6588480 0.0588928 0.0416324 -0.0347872 -0.0041987 -0.0617276 0.9974778
1769791208.174472 0.6252105 0.0288919 0.0319074 -0.0329613 -0.0047206 -0.0558415 0.9978843
1769791208.274446 0.6112896 0.0147461 0.0261980 -0.0307909 -0.0057781 -0.0527784 0.9981147
1769791208.374436 0.5991606 -0.0015296 0.0164701 -0.0287211 -0.0078313 -0.0488979 0.9983600
1769791208.541100 0.5879720 -0.0200211 -0.0020885 -0.0204441 -0.0128258 -0.0410548 0.9988654
1769791208.707768 0.5575294 -0.0561019 -0.0280979 -0.0159295 -0.0128116 -0.0333952 0.9992331
1769791208.841101 0.5418708 -0.0840365 -0.0477346 -0.0107842 -0.0149744 -0.0247179 0.9995241
1769791208.941099 0.5325537 -0.1116253 -0.0568207 -0.0089084 -0.0179170 -0.0216632 0.9995651
1769791209.007767 0.5194109 -0.1170117 -0.0766608 -0.0004841 -0.0181242 -0.0200697 0.9996342
1769791209.107770 0.5172168 -0.1470047 -0.0883208 0.0055858 -0.0238188 -0.0182668 0.9995338
1769791209.174438 0.5169548 -0.1497714 -0.0992565 0.0153611 -0.0286790 -0.0178493 0.9993113
1769791209.241105 0.5166587 -0.1488827 -0.1078073 0.0255844 -0.0335572 -0.0165095 0.9989729
1769791209.374437 0.5073984 -0.2339351 -0.1137814 0.0196104 -0.0443791 -0.0235714 0.9985441
1769791209.507772 0.2982850 -0.4366840 -0.1222057 -0.0136274 -0.0189429 -0.0446287 0.9987311
1769791209.674481 0.3017358 -0.4037240 -0.0753447 0.0054265 -0.0378850 -0.0228539 0.9990060
1769791209.807782 0.2884243 -0.4877158 -0.0605189 -0.0043719 -0.0539142 -0.0086460 0.9984986
1769791209.941098 0.2828680 -0.4970701 -0.0914433 0.0038405 -0.0724310 -0.0037244 0.9973591
1769791210.074436 0.2797813 -0.4985811 -0.1035495 0.0071831 -0.0868666 0.0039403 0.9961863
1769791210.107762 0.2785825 -0.5018069 -0.1009462 0.0061934 -0.0884719 0.0069058 0.9960355
1769791210.207767 0.2768185 -0.5012666 -0.0983347 0.0024437 -0.0889929 0.0147270 0.9959204
1769791210.274431 0.2713486 -0.5040353 -0.0931373 -0.0023527 -0.0839965 0.0137590 0.9963683
1769791210.307767 0.2713670 -0.5038140 -0.0731035 -0.0154002 -0.0820301 0.0126666 0.9964303
1769791210.341093 0.2722609 -0.5007464 -0.0720122 -0.0269473 -0.0806906 0.0120521 0.9963020
1769791210.374431 0.2682121 -0.4990584 -0.0667304 -0.0373514 -0.0787218 0.0104042 0.9961423
1769791210.407764 0.2613415 -0.4987524 -0.0593182 -0.0471945 -0.0763536 0.0093891 0.9959190
1769791210.474440 0.2457374 -0.5166980 -0.0655594 -0.0628447 -0.0720655 0.0067057 0.9953955
1769791210.641095 0.2050745 -0.5500343 -0.0549195 -0.0901335 -0.0629872 0.0015544 0.9939347
1769791210.874443 0.1594806 -0.6164899 -0.0535013 -0.1109891 -0.0541334 -0.0023922 0.9923434
1769791211.041096 0.1284466 -0.6577760 -0.0502550 -0.1128387 -0.0481257 -0.0037812 0.9924400
1769791211.241110 0.0960888 -0.7009885 -0.0384300 -0.1057160 -0.0411470 -0.0039649 0.9935368
1769791211.374428 0.0943205 -0.7029775 -0.0422562 -0.0965319 -0.0389578 -0.0044037 0.9945574
1769791211.774470 0.0978479 -0.6977819 -0.0343718 -0.0787380 -0.0368910 -0.0051813 0.9961991
1769791213.074467 0.0912049 -0.6956362 -0.0422604 -0.0743577 -0.0364133 -0.0036770 0.9965599
1769791213.841131 0.0869271 -0.6936082 -0.0501905 -0.0890580 -0.0347250 -0.0034450 0.9954150
1769791214.541133 0.0591831 -0.6928025 -0.0730752 -0.1044875 -0.0290020 -0.0028506 0.9940991
1769791214.841146 0.0795392 -0.6304211 -0.0708366 -0.1029882 -0.0292912 -0.0042843 0.9942420
1769791215.141131 0.1057469 -0.5844158 -0.0737191 -0.1030736 -0.0297678 -0.0051991 0.9942146
1769791215.174464 0.1075951 -0.5797535 -0.0748001 -0.1030157 -0.0297477 -0.0053063 0.9942207
1769791215.207796 0.1106632 -0.5757114 -0.0742685 -0.1033044 -0.0298530 -0.0053192 0.9941875
1769791215.407807 0.1290384 -0.5524583 -0.0740631 -0.1035660 -0.0303218 -0.0057342 0.9941438
1769791215.974467 0.1806342 -0.5114303 -0.0722574 -0.1046882 -0.0309833 -0.0065347 0.9940009
1769791216.507843 0.2266836 -0.4959477 -0.0632959 -0.1055045 -0.0315249 -0.0066241 0.9938969
1769791217.107809 0.2707386 -0.4988078 -0.0521356 -0.1057705 -0.0326587 -0.0054742 0.9938391
1769791217.641129 0.3002631 -0.5123416 -0.0488561 -0.1059908 -0.0337622 -0.0044887 0.9937837
1769791218.207804 0.3211529 -0.5201374 -0.0392367 -0.1055823 -0.0352846 -0.0041455 0.9937757
1769791218.874538 0.3322101 -0.5247029 -0.0453197 -0.1047138 -0.0364795 -0.0035354 0.9938269
1769791219.407828 0.3430090 -0.5244458 -0.0356734 -0.1047945 -0.0399883 -0.0044390 0.9936797
