1769791118574417664.000000 0.000000000 0.000000000 0.000000000 -0.000000000 -0.000000000 -0.000000000 1.000000000
1769791119107736320.000000 -0.000283533 -0.001451192 -0.000519997 -0.000371589 -0.000083696 -0.001319817 0.999999046
1769791119141073408.000000 -0.003390009 0.003170176 0.003134883 0.000805022 0.000876361 -0.002645235 0.999995828
1769791119374416896.000000 -0.004969440 0.000982355 0.000869038 0.000018454 0.000979724 -0.000718102 0.999999285
1769791119974395648.000000 -0.003228702 -0.001787079 0.002163436 -0.000253429 0.000401279 -0.001735852 0.999998391
1769791120074414848.000000 -0.002444095 0.000179223 -0.003930351 0.000327683 -0.000098952 -0.000436256 0.999999881
1769791120174408192.000000 -0.002895894 -0.003238839 -0.006139892 -0.000334362 0.000245930 0.000016666 0.999999940
1769791120341070848.000000 -0.003292408 -0.002071463 0.000069034 -0.000100205 0.000362607 -0.000414773 0.999999881
1769791120707730944.000000 -0.000228546 0.000275538 0.006295479 -0.000184961 0.000200017 -0.000229781 0.999999940
1769791120974435840.000000 -0.006412926 0.008441326 0.000758366 0.000044030 0.000572359 -0.002304623 0.999997199
1769791121441063680.000000 -0.005373347 -0.001820265 -0.006172512 -0.000027047 -0.001062231 -0.001617463 0.999998152
1769791122074402816.000000 -0.014337363 -0.006120257 -0.014818540 0.000573643 -0.000015056 -0.002695007 0.999996245
1769791122341073408.000000 -0.024667693 -0.000576787 -0.002561384 0.002760831 0.002259857 -0.003278869 0.999988258
1769791122807730432.000000 -0.009387451 -0.017178049 -0.014542973 0.002655832 0.002828543 -0.003085165 0.999987721
1769791123274397440.000000 0.019312769 -0.024361091 -0.008515321 0.004473343 0.003549025 -0.003274818 0.999978364
1769791123741065984.000000 0.053700831 -0.024068719 0.013875501 0.005784837 0.005807948 -0.001390170 0.999965429
1769791124041070336.000000 0.081329785 -0.027810225 0.007708734 0.007111534 0.006393512 0.000050584 0.999954283
1769791124341070848.000000 0.107115693 -0.026628798 0.013619885 0.007537232 0.008171738 0.001625437 0.999936938
1769791124741063680.000000 0.145043284 -0.007719911 0.029787336 0.008858515 0.011007652 0.000110531 0.999900162
1769791125074412544.000000 0.184354544 0.015849793 0.037898343 0.012284285 0.012744194 -0.000525642 0.999843240
1769791125374409216.000000 0.217170805 0.044037983 0.050342876 0.014918231 0.014759576 -0.000915229 0.999779344
1769791125674463488.000000 0.248338610 0.075627789 0.060800508 0.016690666 0.017149011 -0.001963238 0.999711752
1769791125974413824.000000 0.277888685 0.114851102 0.068078503 0.018725036 0.018640427 -0.002962246 0.999646485
1769791126274429440.000000 0.298920155 0.153745517 0.085338272 0.019543428 0.021593280 -0.005795078 0.999559045
1769791126541085696.000000 0.324372530 0.199971005 0.092981361 0.023308668 0.021216996 -0.006498729 0.999482036
1769791126774406400.000000 0.336776555 0.231449276 0.105451584 0.023363337 0.022621347 -0.009144786 0.999429286
1769791127007739904.000000 0.347931802 0.257077217 0.111241788 0.021722848 0.023387050 -0.012253145 0.999415338
1769791127307746560.000000 0.346626967 0.298937112 0.119220145 0.023823714 0.025199680 -0.013768082 0.999303699
1769791127441072128.000000 0.345381618 0.302857727 0.108039007 0.022191135 0.024905505 -0.012859490 0.999360740
1769791127607744000.000000 0.348153114 0.314471245 0.105836138 0.022008069 0.024662873 -0.013027796 0.999368608
1769791127774411264.000000 0.336656034 0.332284689 0.094663791 0.022583628 0.025962723 -0.014372165 0.999304473
1769791128007739136.000000 0.338271499 0.344751298 0.099684559 0.022618664 0.025337033 -0.015347532 0.999305248
1769791128207749888.000000 0.327294827 0.352720290 0.104144245 0.021987183 0.026351042 -0.019706042 0.999216616
1769791128507747328.000000 0.311572880 0.348348409 0.096257105 0.019553801 0.024157148 -0.022442402 0.999264956
1769791128874408704.000000 0.287284255 0.335070819 0.089889638 0.020207152 0.025663456 -0.022540884 0.999212205
1769791129141108224.000000 0.269034117 0.311766922 0.087549537 0.022671351 0.023951873 -0.017413551 0.999304295
1769791129307742976.000000 0.251190633 0.291174561 0.077066213 0.024582669 0.023416223 -0.014509760 0.999318182
1769791129441080832.000000 0.233460322 0.267785668 0.071765639 0.025244800 0.023798570 -0.011801243 0.999328315
1769791129574406144.000000 0.219420716 0.238983840 0.060907420 0.025755890 0.022688461 -0.008976451 0.999370456
1769791129774408960.000000 0.181732953 0.180577487 0.045934137 0.023754491 0.023328511 -0.007694512 0.999415994
1769791129974410752.000000 0.142402142 0.128072798 0.032076024 0.028370487 0.023548488 -0.006713697 0.999297559
1769791130141085184.000000 0.119673245 0.096472949 0.016284073 0.040413160 0.019216951 -0.006686928 0.998975873
1769791130307745024.000000 0.095926479 0.062524691 0.011875142 0.052972332 0.014172842 -0.006195467 0.998476207
1769791130507747072.000000 0.059231650 -0.003751938 0.011242368 0.062873721 0.001334258 -0.009652601 0.997973919
1769791130641070080.000000 0.051382419 -0.002660021 0.003275719 0.076467201 -0.013624986 -0.009258980 0.996936023
1769791130874411776.000000 0.038285837 0.000275346 -0.030509152 0.092573553 -0.040301140 -0.006891896 0.994866073
1769791131074409984.000000 0.032464210 -0.003840116 -0.039415929 0.090324089 -0.047773272 0.000030549 0.994765937
1769791131141099264.000000 0.028142279 -0.000354590 -0.033126723 0.080833115 -0.043129843 -0.002712072 0.995790362
1769791131207753984.000000 0.029782342 -0.005806304 0.007630789 0.055642474 -0.040104039 -0.000145329 0.997645020
1769791131274424576.000000 0.023026999 -0.020977097 -0.004464081 0.034250069 -0.036524732 0.000178638 0.998745680
1769791131407742464.000000 -0.007932506 -0.051877502 -0.009795596 0.007384657 -0.028549857 -0.003644522 0.999558449
1769791131607736832.000000 -0.052338287 -0.099724554 -0.015524036 -0.019675182 -0.020189669 -0.005284403 0.999588609
1769791131841077248.000000 -0.105905868 -0.173311144 -0.019512052 -0.031496074 -0.012186937 -0.006680347 0.999407232
1769791132007738112.000000 -0.140612155 -0.211984545 0.012502310 -0.026683774 -0.006796212 -0.007090756 0.999595702
1769791132307738368.000000 -0.150613710 -0.222328365 -0.028671116 0.000597449 -0.003567519 -0.006827331 0.999970138
1769791132907747584.000000 -0.133102164 -0.209150285 0.011358933 0.033206765 -0.006182009 -0.005568211 0.999413908
1769791133774402048.000000 -0.151236475 -0.200935557 0.005945678 0.041562524 -0.012251973 -0.007766324 0.999030590
1769791134374401024.000000 -0.170971245 -0.196151599 -0.008072835 0.031774614 -0.016053032 -0.007315809 0.999339402
1769791134741062656.000000 -0.175578594 -0.186512724 -0.012273584 0.023784915 -0.018282447 -0.005260493 0.999536097
1769791135074405376.000000 -0.184693888 -0.188626692 -0.020175507 0.012073253 -0.019298419 -0.002545938 0.999737680
1769791135307733504.000000 -0.207609802 -0.195350274 -0.049615748 0.003227826 -0.017952913 -0.004064116 0.999825358
1769791135541137408.000000 -0.219356224 -0.183158651 -0.057850633 -0.004283969 -0.016696833 -0.004894596 0.999839485
1769791135807762688.000000 -0.222257122 -0.116830349 -0.048145164 -0.005851689 -0.017299419 -0.017929137 0.999672472
1769791136007743488.000000 -0.233314425 -0.055048849 -0.041861925 -0.005519797 -0.019754941 -0.078530133 0.996700704
1769791136141065728.000000 -0.238636598 -0.022076538 -0.043887574 -0.007066802 -0.020082740 -0.119051851 0.992659748
1769791136374393344.000000 -0.238714069 0.022632219 -0.047438707 -0.009936739 -0.021257749 -0.184345260 0.982581437
1769791136574405376.000000 -0.247045428 0.062969297 -0.040098172 -0.012072187 -0.020264607 -0.234147131 0.971915007
1769791136841059584.000000 -0.244551882 0.122955278 -0.037114564 -0.012236203 -0.020592002 -0.289010614 0.957026184
1769791137074394624.000000 -0.240742475 0.160574123 -0.039936792 -0.013903495 -0.020261260 -0.328793019 0.944082320
1769791137307729152.000000 -0.237994388 0.186705410 -0.024660826 -0.015990343 -0.019827103 -0.360087961 0.932570577
1769791137541065216.000000 -0.218152940 0.215339765 -0.036855776 -0.015723642 -0.019347975 -0.382324278 0.923691809
1769791137841063168.000000 -0.178160459 0.239297315 -0.041299406 -0.014866281 -0.018974053 -0.399032354 0.916620016
1769791138074389760.000000 -0.143410057 0.243455142 -0.033500034 -0.014692510 -0.019566873 -0.401782542 0.915408134
1769791138307725824.000000 -0.102227814 0.233277917 -0.031161679 -0.014655955 -0.020483110 -0.397140354 0.917412221
1769791138541057792.000000 -0.058084525 0.209781647 -0.024187958 -0.014658242 -0.020467827 -0.384182692 0.922913790
1769791138774397184.000000 -0.010026984 0.174848810 -0.018253464 -0.014301598 -0.020047348 -0.363540858 0.931252718
1769791138941058816.000000 0.025138279 0.140627623 -0.016907630 -0.014680751 -0.019379813 -0.343671024 0.938775361
1769791139074393344.000000 0.061284140 0.111726500 -0.004610092 -0.013886167 -0.019653669 -0.319656640 0.947227836
1769791139174399488.000000 0.085892737 0.081581227 -0.003874960 -0.015166024 -0.019509528 -0.299010038 0.953929961
1769791139341060352.000000 0.135254204 0.041325051 0.012157140 -0.012751290 -0.019729711 -0.253672779 0.967004836
1769791139474389760.000000 0.175120234 0.001335567 0.020652700 -0.012012438 -0.019018615 -0.209275231 0.977598011
1769791139607728128.000000 0.203256577 -0.031401537 0.023648217 -0.010513472 -0.016071199 -0.174601540 0.984451890
1769791139741067776.000000 0.236340433 -0.063015543 0.035301201 -0.005427239 -0.014712952 -0.151573613 0.988321602
1769791139874400256.000000 0.278973073 -0.106242225 0.050239664 0.005170653 -0.012107617 -0.147717476 0.988941967
1769791140007725312.000000 0.316169202 -0.135236770 0.063333832 0.020297881 -0.004811467 -0.145297408 0.989168108
1769791140141066240.000000 0.350598127 -0.182283029 0.061050121 0.030544024 0.005115577 -0.140852407 0.989546120
1769791140274400000.000000 0.351317137 -0.175867304 0.048177417 0.049764823 0.022537386 -0.149074957 0.987315655
1769791140474393856.000000 0.328556955 -0.210700646 0.039576754 0.052415263 0.062441587 -0.154228717 0.984666049
1769791140607724544.000000 0.349505365 -0.226928562 0.037984010 0.052696209 0.079814032 -0.157687888 0.982846558
1769791140841102336.000000 0.337815821 -0.244248271 0.061938301 0.043423556 0.105746761 -0.169722751 0.978839219
1769791140941061120.000000 0.365377039 -0.209944576 0.040597353 0.045419112 0.098778345 -0.158039302 0.981429338
1769791141007725568.000000 0.342765450 -0.228373736 0.040981453 0.017496919 0.094676308 -0.144751474 0.984772742
1769791141207759872.000000 0.478469878 -0.491480350 0.029610708 -0.050598141 0.052273724 -0.094294548 0.992882609
1769791141541084416.000000 0.698620260 -0.490730733 0.079246022 -0.073880084 0.007736102 -0.044476680 0.996244788
1769791141807753472.000000 0.752328753 -0.523999512 0.088039145 -0.067980759 -0.003477833 -0.022209391 0.997433364
1769791144241089024.000000 0.892786264 -0.492476314 0.085998438 -0.003682972 0.000370524 0.006923681 0.999969184
1769791145474435584.000000 0.811436415 -0.245812222 0.003273187 -0.016056752 0.015466081 -0.002630184 0.999747992
1769791145674430720.000000 0.799037755 -0.213012546 -0.015816977 -0.019801466 0.015513288 -0.002720199 0.999679863
1769791145907749888.000000 0.749042809 -0.167477474 -0.059342682 -0.022988552 0.020212390 -0.001587055 0.999530137
1769791146107750912.000000 0.731417179 -0.135437250 -0.064184353 -0.027500078 0.021772712 -0.008570242 0.999347925
1769791146274437632.000000 0.721597195 -0.093672685 -0.055535723 -0.027896019 0.023099201 -0.009560559 0.999298215
1769791146441093120.000000 0.709671378 -0.065084197 -0.072228253 -0.029842762 0.022079846 -0.011816631 0.999240875
1769791146674417920.000000 0.678697228 -0.035980679 -0.095544219 -0.034819193 0.024650024 -0.019292366 0.998903334
1769791146874426368.000000 0.663032353 -0.006524802 -0.093381979 -0.036415320 0.023466468 -0.020925622 0.998842061
1769791147141089792.000000 0.633094072 0.032303214 -0.101044670 -0.036333375 0.023770245 -0.025095221 0.998741746
1769791147374421760.000000 0.598385572 0.051681332 -0.102551192 -0.037581507 0.024677606 -0.025957566 0.998651505
1769791147607756288.000000 0.570703626 0.068610154 -0.104956970 -0.037305884 0.024450416 -0.026983824 0.998640239
1769791147941091840.000000 0.530507207 0.072298676 -0.113345899 -0.037251186 0.023780735 -0.026723325 0.998665452
1769791148274428160.000000 0.485978037 0.067907549 -0.111266740 -0.033332992 0.021224184 -0.028100070 0.998823762
1769791148441084672.000000 0.452515155 0.044267904 -0.113416910 -0.036052071 0.023586022 -0.027257249 0.998699665
1769791148574416128.000000 0.431293130 0.026359860 -0.113269664 -0.036541443 0.023657059 -0.027973101 0.998660445
1769791148707747584.000000 0.429497957 0.013167539 -0.117484540 -0.033831969 0.016173929 -0.022888264 0.999034524
1769791148807748864.000000 0.414489001 -0.004438850 -0.116184562 -0.033201471 0.015662054 -0.021803685 0.999088109
1769791148974438656.000000 0.375047088 -0.034155313 -0.121924385 -0.030545922 0.019959271 -0.016276572 0.999201477
1769791149074432256.000000 0.356911838 -0.039892014 -0.108308025 -0.026501995 0.019503305 -0.016761091 0.999317944
1769791149174434304.000000 0.337747484 -0.066323929 -0.115631081 -0.027168145 0.020593291 -0.013824190 0.999323130
1769791149241094912.000000 0.338230133 -0.080317073 -0.123339988 -0.025506882 0.018401407 -0.009309656 0.999461949
1769791149374436352.000000 0.326000839 -0.109890923 -0.096091643 -0.025636664 0.018862978 -0.011453799 0.999427736
1769791149507763456.000000 0.315152258 -0.136394545 -0.112585828 -0.020216504 0.017251411 -0.003371727 0.999641120
1769791149541108736.000000 0.313654661 -0.136445180 -0.117954701 -0.016676964 0.014950322 -0.002359033 0.999746382
1769791149707760128.000000 0.302586168 -0.267641962 -0.129275769 -0.037749182 0.009165693 -0.010397930 0.999191165
1769791149807768064.000000 0.235686526 -0.416322291 -0.091051579 -0.069030821 0.017478822 -0.026052274 0.997121096
1769791149874438912.000000 0.230034173 -0.430801690 -0.093298674 -0.062835366 0.015001270 -0.023741607 0.997628689
1769791150007767808.000000 0.200963303 -0.466608256 -0.081773438 -0.053901426 0.012153449 -0.025560273 0.998145103
1769791150174431232.000000 0.163891792 -0.497788697 -0.084078245 -0.038028739 0.007783795 -0.026140125 0.998904407
1769791150307763968.000000 0.160783410 -0.435784996 -0.071812011 -0.003985913 -0.001182794 -0.026298467 0.999645531
1769791150541114112.000000 0.188757688 -0.376209229 -0.104560733 0.038495019 -0.037102006 -0.008216154 0.998535991
1769791152607769088.000000 -0.127310932 -0.207373962 0.039364353 0.035678346 -0.008759329 -0.004880283 0.999313056
1769791155174436864.000000 -0.190075636 -0.173559695 -0.000838943 0.002728665 -0.020342203 -0.004542316 0.999779046
1769791155474500096.000000 -0.222762272 -0.160424188 -0.032228764 -0.007507761 -0.016809465 -0.004575183 0.999820054
1769791155707759616.000000 -0.238377199 -0.077846155 -0.023811899 -0.006750107 -0.019223506 -0.060703725 0.997947872
1769791155974427392.000000 -0.246740669 -0.002824632 -0.017909812 -0.008617241 -0.019230146 -0.140671432 0.989832044
1769791156274423296.000000 -0.252148092 0.044886291 -0.026366545 -0.013330042 -0.019713271 -0.222201779 0.974710286
1769791156607768320.000000 -0.248292163 0.118391700 -0.020241478 -0.013820471 -0.020688711 -0.292738676 0.955868721
1769791156807781888.000000 -0.249140337 0.154456973 -0.004711062 -0.015040510 -0.020278661 -0.327023923 0.944678724
1769791157107771904.000000 -0.237788171 0.195746392 -0.027943250 -0.015080301 -0.019148242 -0.366481334 0.930106163
1769791157374435840.000000 -0.214121670 0.223722190 -0.021914706 -0.015575862 -0.018972142 -0.388084531 0.921296835
1769791157641100288.000000 -0.179657623 0.242656544 -0.024310367 -0.015051220 -0.018241422 -0.400632054 0.915933788
1769791157941098240.000000 -0.131243557 0.243951812 -0.023489889 -0.014098231 -0.019443499 -0.401386470 0.915593863
1769791158274436096.000000 -0.073618785 0.212376013 -0.019353051 -0.015636614 -0.019343916 -0.386574119 0.921922863
1769791158474432000.000000 -0.031277064 0.183266819 -0.019095305 -0.015036431 -0.019607259 -0.370590836 0.928467512
1769791158674434816.000000 0.015575798 0.140975654 -0.013851960 -0.015896559 -0.020251371 -0.345925450 0.937908709
1769791158807772928.000000 0.048811313 0.109701544 -0.015193503 -0.015723964 -0.020181594 -0.324945450 0.945386648
1769791158941099520.000000 0.086175613 0.072865874 -0.012611577 -0.015876358 -0.020383652 -0.297536433 0.954360783
1769791159041109248.000000 0.115063608 0.044883784 -0.007216349 -0.015210659 -0.020200463 -0.270792097 0.962305725
1769791159174429952.000000 0.153437734 0.005056020 0.002312690 -0.015133220 -0.019299479 -0.228922725 0.973135591
1769791159307770880.000000 0.190125093 -0.031660769 0.010716271 -0.014243770 -0.017558523 -0.190525129 0.981421947
1769791159441156352.000000 0.233696699 -0.067620598 0.013350966 -0.011534672 -0.017180886 -0.160091713 0.986885250
1769791159474437120.000000 0.238859102 -0.077828720 0.014441138 -0.010264268 -0.016156154 -0.155604199 0.987634003
1769791159574435840.000000 0.264799803 -0.107869938 0.002460805 -0.002752976 -0.013666186 -0.152145803 0.988259792
1769791159707775232.000000 0.294999897 -0.146756560 0.004184313 0.010233352 -0.006272585 -0.151767105 0.988343418
1769791159807769856.000000 0.315319777 -0.159650445 -0.006441762 0.024214160 0.002344986 -0.152249157 0.988042712
1769791159907767808.000000 0.321936190 -0.171784967 -0.022354327 0.036735687 0.013867630 -0.155282244 0.987089515
1769791160041111040.000000 0.327090740 -0.178209916 -0.066239461 0.054586589 0.030605949 -0.161505759 0.984885514
1769791160207764736.000000 0.345583498 -0.182415932 -0.050566092 0.063832127 0.054268491 -0.152513787 0.984743595
1769791160341108736.000000 0.343520045 -0.202958003 -0.035397336 0.063281074 0.077339545 -0.156196102 0.982658088
1769791160607785472.000000 0.315057516 -0.227999672 -0.009968512 0.051179472 0.112247258 -0.170607179 0.977586031
1769791160707768064.000000 0.347890645 -0.251337260 -0.026737154 0.037866820 0.102118857 -0.158109412 0.981396616
1769791160807771136.000000 0.385384262 -0.225651965 -0.013659977 0.015403342 0.085402392 -0.137414172 0.986704886
1769791161041117440.000000 0.629427850 -0.364063412 0.125667557 -0.045123957 0.030252850 -0.064924739 0.996410251
1769791161407772160.000000 0.738819718 -0.493458807 0.116518438 -0.073283784 -0.000211354 -0.033893526 0.996735036
1769791164674432512.000000 0.865514576 -0.363329589 0.049431723 -0.009419969 0.008167911 0.001478252 0.999921203
1769791165141079552.000000 0.798275054 -0.260438949 -0.010295395 -0.014872703 0.017387880 -0.005837597 0.999721169
1769791165541085952.000000 0.800296068 -0.203157857 -0.019114690 -0.022396430 0.015236736 -0.000765458 0.999632776
1769791165707759616.000000 0.776111841 -0.174791604 -0.037849527 -0.025745636 0.016937738 -0.003011295 0.999520481
1769791165807758592.000000 0.754578054 -0.144382060 -0.049014669 -0.025325377 0.019586600 -0.004410643 0.999477625
1769791165974433024.000000 0.741151333 -0.111352056 -0.053868197 -0.027569469 0.020747818 -0.007347489 0.999377549
1769791166107762944.000000 0.731657267 -0.086771809 -0.056837250 -0.029548092 0.021703333 -0.009779802 0.999279857
1769791166374417664.000000 0.712567270 -0.030574776 -0.055371538 -0.029836761 0.020225225 -0.012404612 0.999273181
1769791166641096704.000000 0.688022017 0.010966554 -0.056111060 -0.031152667 0.020720141 -0.015330417 0.999182284
1769791166707751680.000000 0.680676997 0.020581979 -0.059309606 -0.031167567 0.020337883 -0.016112342 0.999177337
1769791166941094912.000000 0.653475761 0.044356178 -0.070039630 -0.033520035 0.020769248 -0.018770751 0.999045908
1769791167174421504.000000 0.621481955 0.065336406 -0.072560526 -0.033216920 0.020608263 -0.020508131 0.999025226
1769791167541079808.000000 0.576211333 0.085597835 -0.070134126 -0.033211581 0.021468431 -0.021092348 0.998995125
1769791167941078784.000000 0.519388258 0.075730823 -0.077340692 -0.032991234 0.021251913 -0.021536939 0.998997569
1769791168107753984.000000 0.489315510 0.057929091 -0.067991361 -0.034647718 0.022174716 -0.022681888 0.998896062
1769791168241082368.000000 0.470013469 0.046343967 -0.070956208 -0.033539593 0.021474544 -0.020890957 0.998988271
1769791168374434816.000000 0.445389837 0.032835238 -0.071125761 -0.032108460 0.022057872 -0.021351004 0.999012828
1769791168507750400.000000 0.431899786 0.019014221 -0.075397514 -0.029039714 0.019345155 -0.017729590 0.999233782
1769791168607752704.000000 0.413002431 0.001490373 -0.077371813 -0.028683800 0.020010065 -0.016483003 0.999252319
1769791168774420224.000000 0.384186864 -0.018824503 -0.080344439 -0.023853110 0.019814894 -0.013156346 0.999432504
1769791168907752448.000000 0.360974282 -0.047223840 -0.085264310 -0.022280913 0.019844165 -0.011993131 0.999482870
1769791169007753984.000000 0.342530072 -0.077937797 -0.091829620 -0.023972360 0.019785492 -0.009817070 0.999468625
1769791169141091328.000000 0.325024903 -0.117652372 -0.109235443 -0.023771072 0.017847562 -0.005497984 0.999543011
1769791169241108736.000000 0.309045464 -0.152295515 -0.118769079 -0.025556669 0.017628377 -0.003870856 0.999510467
1769791169274443008.000000 0.304928273 -0.154869199 -0.124228969 -0.023228472 0.016768990 -0.003277613 0.999584138
1769791169307763712.000000 0.299294442 -0.167383447 -0.127700612 -0.023661159 0.016723171 -0.002459149 0.999577165
1769791169441078784.000000 0.276124179 -0.246382043 -0.139185950 -0.033965241 0.015916495 -0.004029540 0.999288142
1769791169507748864.000000 0.210224316 -0.411066860 -0.090976223 -0.075507313 0.026076293 -0.022620099 0.996547580
1769791169574411264.000000 0.204060093 -0.439690441 -0.095235094 -0.073710725 0.023812233 -0.022204626 0.996748090
1769791169607754752.000000 0.197062775 -0.446186811 -0.096248053 -0.070370451 0.022901319 -0.022854729 0.996996105
1769791169707743744.000000 0.198539704 -0.467383742 -0.101395272 -0.060194116 0.014040033 -0.024156114 0.997795582
1769791169841085440.000000 0.183826327 -0.495301545 -0.107710235 -0.048476998 0.005676641 -0.028902341 0.998389900
1769791170007757568.000000 0.203742862 -0.450930238 -0.134459361 -0.009820803 -0.009510070 -0.023019385 0.999641597
1769791170141089536.000000 0.172392055 -0.396539092 -0.081579924 0.015421070 -0.010824570 -0.018946379 0.999642968
1769791170307749632.000000 0.219186097 -0.581791341 -0.072747886 -0.024054425 -0.048853930 -0.006119818 0.998497486
1769791170407746304.000000 0.218717098 -0.543390453 -0.107607946 -0.001815974 -0.064067565 -0.003234237 0.997938693
1769791170474418432.000000 0.214168787 -0.544912100 -0.106375933 0.000925675 -0.072592832 -0.000591265 0.997361064
1769791170507763968.000000 0.209840119 -0.545390010 -0.102464594 0.001811616 -0.075771049 0.001024220 0.997123063
1769791170574410752.000000 0.205277026 -0.547376215 -0.099059753 0.002056208 -0.081010997 0.006386491 0.996690631
1769791170641077248.000000 0.206533343 -0.549953282 -0.107483730 -0.000092455 -0.083215080 0.012008311 0.996459305
1769791170674422528.000000 0.206602573 -0.552919149 -0.122853510 -0.001670376 -0.082814306 0.014762352 0.996454239
1769791170741085952.000000 0.206685662 -0.550094426 -0.111909762 -0.004438565 -0.079835698 0.017626179 0.996642292
1769791170774408704.000000 0.237135887 -0.554492295 -0.061805453 -0.019270942 -0.080678105 0.020716971 0.996338546
1769791170841078016.000000 0.201411068 -0.560221136 -0.073896691 -0.041899268 -0.073564388 0.012906952 0.996326327
1769791170907742976.000000 0.209621504 -0.543184817 -0.048953313 -0.058028679 -0.071430013 0.009196092 0.995713770
1769791171007743232.000000 0.188195512 -0.571859896 -0.051360007 -0.079412319 -0.065434724 0.006307156 0.994671941
1769791171207755264.000000 0.143118247 -0.621563971 -0.042325132 -0.107961625 -0.055895336 0.001740866 0.992581010
1769791171474411264.000000 0.086864538 -0.707388818 -0.042912398 -0.119404152 -0.044960413 -0.001613015 0.991825938
1769791171774422528.000000 0.094986439 -0.695642412 -0.027121609 -0.095762916 -0.040356629 -0.004798008 0.994574189
1769791172174417920.000000 0.097007811 -0.690435171 -0.018938439 -0.073458910 -0.037964255 -0.005120650 0.996562243
1769791172574459392.000000 0.097145110 -0.684297979 -0.013647790 -0.064697355 -0.038756650 -0.005519439 0.997136772
1769791173174463232.000000 0.091793932 -0.675205290 -0.012093562 -0.057916924 -0.043103382 -0.005124860 0.997377336
1769791173574453248.000000 0.080945142 -0.673841953 -0.019262452 -0.062244236 -0.045292754 -0.005225189 0.997019053
1769791173974457344.000000 0.074280150 -0.660252213 -0.018400466 -0.069435477 -0.047839221 -0.005367964 0.996424258
1769791174341138432.000000 0.068331957 -0.652769387 -0.029604295 -0.078993209 -0.050142545 -0.004850973 0.995601475
1769791174674455296.000000 0.047261577 -0.657724500 -0.054384459 -0.090753645 -0.049189355 -0.004933425 0.994645596
1769791174974443264.000000 0.034557432 -0.650656343 -0.074927397 -0.099764124 -0.048343070 -0.005297160 0.993821979
1769791175274447360.000000 0.015593581 -0.574369907 -0.071418017 -0.102370001 -0.046824995 -0.005858825 0.993626416
1769791175541114880.000000 0.005072629 -0.534933805 -0.089912482 -0.102624521 -0.057348818 -0.090417869 0.988940835
1769791175774450688.000000 0.006380048 -0.479222625 -0.090565689 -0.106068835 -0.065496951 -0.149064898 0.980937958
1769791176007780608.000000 0.002782192 -0.444615781 -0.102542639 -0.105712101 -0.072034106 -0.215706989 0.968042672
1769791176207789312.000000 0.000648737 -0.396759659 -0.106890060 -0.106941111 -0.076007187 -0.253605604 0.958368778
1769791176407777536.000000 0.008997515 -0.359276682 -0.136440128 -0.103351429 -0.079662152 -0.292437434 0.947339833
1769791176574449664.000000 0.016754076 -0.329483986 -0.144572109 -0.102122396 -0.082526974 -0.318118781 0.938914657
1769791176741119744.000000 0.016061515 -0.306431234 -0.132303283 -0.100870401 -0.084183484 -0.345396429 0.929214537
1769791176874454528.000000 0.020471655 -0.296315104 -0.136847883 -0.100533426 -0.085560627 -0.362966478 0.922403216
1769791177007776000.000000 0.029149584 -0.283872664 -0.141847014 -0.099510975 -0.086555578 -0.375677973 0.917317688
1769791177207777024.000000 0.057046518 -0.262018204 -0.143587142 -0.097778596 -0.086365141 -0.387202024 0.912718475
1769791177374441984.000000 0.080122918 -0.253671944 -0.152559057 -0.096689731 -0.087744199 -0.393398941 0.910049081
1769791177641113344.000000 0.121787831 -0.247841954 -0.147224665 -0.096068919 -0.088897593 -0.397310674 0.908301830
1769791177841118208.000000 0.156451568 -0.262102723 -0.149384409 -0.097167499 -0.088959947 -0.392456025 0.910287261
1769791178007778816.000000 0.186220825 -0.270602524 -0.138131291 -0.096734934 -0.087679498 -0.384458870 0.913863242
1769791178241111552.000000 0.240147561 -0.304693252 -0.119350970 -0.097932369 -0.087760881 -0.365113765 0.921628594
1769791178507785984.000000 0.303249985 -0.352487713 -0.099016532 -0.099197015 -0.084736072 -0.330088288 0.934891164
1769791178674450176.000000 0.344523281 -0.389259994 -0.081665657 -0.101239450 -0.081590667 -0.298776925 0.945423663
1769791178807800832.000000 0.374353319 -0.425503910 -0.076468654 -0.103282489 -0.077669971 -0.267758697 0.954780281
1769791178941110784.000000 0.420004010 -0.465353489 -0.045574319 -0.107303672 -0.074508369 -0.222767994 0.966079116
1769791179107785472.000000 0.534892976 -0.548722923 -0.024037564 -0.116541080 -0.092257544 -0.174463362 0.973380387
1769791179241117184.000000 0.535848498 -0.581016243 0.000435086 -0.116594799 -0.077149235 -0.148035884 0.979050040
1769791179374447360.000000 0.557469070 -0.589718878 0.005504773 -0.098954342 -0.066855714 -0.141685650 0.982681811
1769791179507779840.000000 0.579144239 -0.610243857 0.009356176 -0.081722997 -0.055475313 -0.142786264 0.984812617
1769791179707779584.000000 0.484626740 -0.279791385 -0.118885212 -0.004245741 -0.012571008 -0.183758214 0.982881963
1769791179974467840.000000 0.447958678 0.047967847 -0.057948843 0.103631094 0.057497311 -0.173033416 0.977759719
1769791180141100288.000000 0.469468504 -0.051673852 -0.068490587 0.082198031 0.072800018 -0.182584450 0.977039695
1769791180374439680.000000 0.429667681 -0.084075294 -0.034133904 0.067113601 0.102439716 -0.197412476 0.972640872
1769791180507776512.000000 0.421310037 -0.074553289 -0.051117506 0.043079831 0.095481664 -0.183935732 0.977340817
1769791180874443776.000000 0.709323287 -0.439438760 0.051774174 -0.056712098 0.009313595 -0.076050535 0.995446324
1769791181274451200.000000 0.779526770 -0.507047117 0.117341705 -0.070031434 -0.006644962 -0.023049597 0.997256339
1769791181441106432.000000 0.815960050 -0.535441399 0.124206588 -0.059867911 -0.012329281 -0.013373033 0.998040617
1769791181741127680.000000 0.898884535 -0.531653404 0.165476933 -0.031098735 -0.021262927 -0.002889495 0.999285936
1769791182007780096.000000 0.925790250 -0.548858464 0.164442599 -0.016207645 -0.022631181 0.005392209 0.999597967
1769791182374431488.000000 0.945880711 -0.554108441 0.164664358 -0.004170241 -0.021116517 0.008865729 0.999729037
1769791183274440448.000000 0.981098354 -0.531898499 0.165867820 0.001152854 -0.015175451 0.015034047 0.999771178
1769791183641108480.000000 0.985587537 -0.499993324 0.169355303 -0.001170855 -0.012098663 0.013287985 0.999837875
1769791184907787776.000000 0.812949479 -0.270152628 0.005555005 -0.016325796 0.015268549 -0.001943189 0.999748290
1769791185174436352.000000 0.770011902 -0.191388831 -0.017654451 -0.016548665 0.019646278 -0.003906449 0.999662399
1769791185341097728.000000 0.759441674 -0.159834653 -0.024820074 -0.019477969 0.020294817 -0.008590831 0.999567389
1769791185574438656.000000 0.752225935 -0.130527988 -0.029652229 -0.024054455 0.020250428 -0.006449681 0.999484777
1769791185774434560.000000 0.734537780 -0.092370756 -0.052822735 -0.026665468 0.022748223 -0.010284427 0.999332666
1769791185907768064.000000 0.724424183 -0.066681281 -0.056519527 -0.028130082 0.022581959 -0.011672956 0.999280989
1769791186041109760.000000 0.714099288 -0.042221475 -0.059782352 -0.028701412 0.021969115 -0.013404083 0.999256730
1769791186174431744.000000 0.701956689 -0.022377657 -0.063196547 -0.030396448 0.022232220 -0.015540579 0.999169767
1769791186374432512.000000 0.684403360 0.006581821 -0.068457462 -0.031894512 0.021977469 -0.017756846 0.999091804
1769791186507763712.000000 0.669300258 0.025854932 -0.071784273 -0.032129660 0.022352776 -0.018835070 0.999056220
1769791186641106432.000000 0.653426409 0.039060574 -0.076248743 -0.033387490 0.022708867 -0.020575035 0.998972595
1769791186774435072.000000 0.635582328 0.050298795 -0.079102680 -0.034547843 0.023368783 -0.023310922 0.998857856
1769791186874438144.000000 0.626897216 0.059456736 -0.080775246 -0.034334414 0.021895578 -0.022628421 0.998914242
1769791187141104896.000000 0.594824553 0.077447191 -0.082424402 -0.033545900 0.021962598 -0.022580819 0.998940647
1769791187341158656.000000 0.619382441 -0.043883964 -0.072120793 -0.048493788 0.014454057 -0.010501694 0.998663723
1769791187474460416.000000 0.607782602 -0.046888877 -0.075940445 -0.048923239 0.012972481 -0.009804134 0.998670161
1769791187707788032.000000 0.577788711 -0.058800761 -0.067595869 -0.049915858 0.012313923 -0.009634369 0.998631060
1769791187907799296.000000 0.546818018 -0.080235712 -0.076492004 -0.050375879 0.012645497 -0.007647088 0.998620987
1769791188141116416.000000 0.518459558 -0.103560433 -0.072660536 -0.047893707 0.009448734 -0.003940623 0.998799980
1769791188341117440.000000 0.489168733 -0.137365252 -0.079116985 -0.047105458 0.008392466 -0.002067157 0.998852551
1769791188474447872.000000 0.474699795 -0.163267702 -0.082122833 -0.045896173 0.006382907 0.001927245 0.998923957
1769791188607789824.000000 0.454052299 -0.207821533 -0.087667853 -0.050234240 0.005535769 0.001624489 0.998720825
1769791188741122816.000000 0.444145977 -0.279221833 -0.083719738 -0.061643712 0.002163534 0.006722603 0.998073220
1769791188807786752.000000 0.440978616 -0.305926085 -0.085982919 -0.064616106 0.000330550 0.009503544 0.997864902
1769791188874448896.000000 0.444124430 -0.320564270 -0.090086445 -0.062740833 -0.003807041 0.013018313 0.997937739
1769791188907784704.000000 0.444469929 -0.335099250 -0.092442907 -0.063812070 -0.005101461 0.015034388 0.997835636
1769791188974448384.000000 0.440173954 -0.363693088 -0.096260548 -0.066538699 -0.006080944 0.019072868 0.997583032
1769791189007793408.000000 0.438423812 -0.363871574 -0.101669952 -0.062877551 -0.006920304 0.020961616 0.997777104
1769791189074461696.000000 0.430118918 -0.377970248 -0.111358829 -0.059699882 -0.007711418 0.023472689 0.997910559
1769791189107803648.000000 0.428187340 -0.389096737 -0.113139391 -0.059539899 -0.008457638 0.025411861 0.997866631
1769791189174455552.000000 0.424363434 -0.396279603 -0.122943990 -0.053662382 -0.010682790 0.025791280 0.998168826
1769791189307804672.000000 0.361593574 -0.540976584 -0.096617773 -0.078563578 -0.001717024 0.016775953 0.996766508
1769791189407789056.000000 0.340961516 -0.585834324 -0.087155119 -0.076493375 -0.002883687 0.014366130 0.996962428
1769791189507790080.000000 0.335883766 -0.600429714 -0.095770083 -0.064101361 -0.009039727 0.014105000 0.997802794
1769791189674457344.000000 0.321153045 -0.628178656 -0.101235509 -0.045757212 -0.019491291 0.010015133 0.998712182
1769791189874451200.000000 0.274802774 -0.642547309 -0.061958246 -0.028266599 -0.032085225 -0.023575889 0.998807132
1769791190041114368.000000 0.321899414 -0.473267823 -0.142793894 0.042869627 -0.061158825 0.018594410 0.997033596
1769791190141124864.000000 0.337018311 -0.532879293 -0.146148920 0.033944383 -0.083470561 0.009257453 0.995888948
1769791190241123328.000000 0.331695735 -0.539814651 -0.139597878 0.036917169 -0.096258558 0.018206401 0.994504869
1769791190307785984.000000 0.330088973 -0.535693526 -0.146204144 0.040104114 -0.102952011 0.024327777 0.993579745
1769791190341119744.000000 0.332766086 -0.538563430 -0.146068603 0.039290462 -0.105918728 0.027606199 0.993214667
1769791190441114368.000000 0.330132067 -0.536686718 -0.142380685 0.036325444 -0.108139686 0.037079111 0.992779613
1769791190474450176.000000 0.329574913 -0.535222054 -0.144411147 0.035958581 -0.107107855 0.037780326 0.992878437
1769791190507781632.000000 0.333450705 -0.541398883 -0.137893051 0.032106075 -0.106756471 0.036799043 0.993085146
1769791190541115648.000000 0.327855796 -0.535133421 -0.115010343 0.020036280 -0.102658391 0.038783617 0.993758321
1769791190574446848.000000 0.325988621 -0.509670734 -0.115645036 0.014436520 -0.100508407 0.040328298 0.994013727
1769791190641116928.000000 0.327886909 -0.499571443 -0.097373001 -0.003560430 -0.098492235 0.045746505 0.994079411
1769791190774449664.000000 0.323569387 -0.468817294 -0.083197303 -0.020114245 -0.093578003 0.049643096 0.994170129
1769791190874447104.000000 0.341024697 -0.456932962 -0.108262919 -0.025420144 -0.095488124 0.060469817 0.993266940
1769791191041112832.000000 0.296443909 -0.552653253 -0.111688763 -0.056778137 -0.079804018 0.067221306 0.992919385
1769791191307791360.000000 0.291019112 -0.723573804 0.143190816 -0.120718233 -0.065164119 0.061086927 0.988660276
1769791191674457088.000000 0.288494319 -0.735903263 0.137787566 -0.095325217 -0.056888584 0.061650082 0.991905272
1769791192007787776.000000 0.285641491 -0.735462010 0.135311395 -0.079576664 -0.054746781 0.061620258 0.993414938
1769791192207786752.000000 0.279321790 -0.737209558 0.132571593 -0.074896120 -0.053876109 0.061323076 0.993844748
1769791192341114880.000000 0.276941270 -0.739486635 0.128836900 -0.074502945 -0.053584091 0.061781500 0.993861735
1769791192541119488.000000 0.274569184 -0.739610195 0.127922758 -0.070352681 -0.054594588 0.061710015 0.994113564
1769791192841126400.000000 0.270715624 -0.736047447 0.124092735 -0.067586459 -0.056869850 0.062354829 0.994137704
1769791193607782144.000000 0.255701691 -0.729995906 0.115613706 -0.076774448 -0.061934516 0.061981063 0.993190944
1769791193741137408.000000 0.253661007 -0.725037754 0.117254414 -0.079462625 -0.063242435 0.061657734 0.992917120
1769791193907803648.000000 0.252840310 -0.726618052 0.116927020 -0.084237412 -0.064477056 0.062978730 0.992361069
1769791194074446848.000000 0.245246008 -0.723867655 0.111132711 -0.088728897 -0.065276168 0.062011838 0.991978228
1769791194241119232.000000 0.219878122 -0.704368114 0.084001735 -0.089050815 -0.063404366 0.055462059 0.992458463
1769791194474451200.000000 0.210899860 -0.700480998 0.075701840 -0.096173614 -0.063662805 0.054684050 0.991820216
1769791194641118464.000000 0.210524768 -0.699889660 0.069479465 -0.101993635 -0.064634264 0.055994932 0.991102576
1769791194774451968.000000 0.199838564 -0.679132879 0.064255208 -0.103208944 -0.063860185 0.051418528 0.991274893
1769791194941121280.000000 0.192413047 -0.655848682 0.056423672 -0.104948975 -0.063801654 0.046843845 0.991322756
1769791195107783424.000000 0.182512671 -0.626316965 0.045412093 -0.104387343 -0.066723526 0.024406949 0.991995752
1769791195341134336.000000 0.167143390 -0.589866221 0.031044841 -0.102926366 -0.075250834 -0.054874670 0.990319312
1769791195574462720.000000 0.155631661 -0.555058420 0.013070138 -0.101285733 -0.082298458 -0.128875241 0.983035803
1769791195741168384.000000 0.149636269 -0.523981035 0.012658299 -0.100150704 -0.087444603 -0.174763501 0.975592613
1769791195841135616.000000 0.147026032 -0.509992719 0.006831752 -0.099273592 -0.090160333 -0.201800764 0.970202208
1769791195974450944.000000 0.148643315 -0.477800518 -0.007055764 -0.096903957 -0.092831269 -0.228998676 0.964132607
1769791196107781632.000000 0.155050084 -0.446542025 -0.024262737 -0.094580807 -0.095532119 -0.252056688 0.958329558
1769791196241120768.000000 0.150979370 -0.426828474 -0.018113680 -0.093378589 -0.097415015 -0.279601634 0.950586021
1769791196374456320.000000 0.152761936 -0.410415918 -0.019677423 -0.092237048 -0.098952860 -0.303278714 0.943251133
1769791196507793664.000000 0.152260214 -0.398563772 -0.021476066 -0.091860481 -0.100261115 -0.324859500 0.935935736
1769791196641132544.000000 0.158421457 -0.381375909 -0.024748474 -0.090670466 -0.101315759 -0.339878350 0.930589437
1769791196807786240.000000 0.176529408 -0.359958857 -0.031534843 -0.089281186 -0.102633558 -0.351941913 0.926084280
1769791197074460416.000000 0.211006373 -0.333777279 -0.036045782 -0.086862177 -0.102834508 -0.367845416 0.920092285
1769791197241116160.000000 0.234053046 -0.324689120 -0.032817941 -0.085975960 -0.103804968 -0.371956348 0.918412268
1769791197374459904.000000 0.255575478 -0.325565964 -0.029504782 -0.086320989 -0.104883932 -0.372173965 0.918169200
1769791197507785728.000000 0.278563738 -0.326596320 -0.021717824 -0.086252630 -0.104968302 -0.369482875 0.919252217
1769791197641124864.000000 0.304265618 -0.333985656 -0.013341894 -0.086873144 -0.104958147 -0.363922328 0.921410561
1769791197774449920.000000 0.329656422 -0.346637428 -0.006754279 -0.087817699 -0.104770914 -0.357466936 0.923866034
1769791197974462720.000000 0.375198036 -0.381099373 -0.013303392 -0.089903876 -0.103593692 -0.341549963 0.929800689
1769791198107780608.000000 0.406902850 -0.402998745 0.002838049 -0.091383286 -0.102896407 -0.327099264 0.934915781
1769791198307794432.000000 0.458833307 -0.444358081 0.021936953 -0.094280504 -0.101377122 -0.298202991 0.944409251
1769791198507790592.000000 0.516402006 -0.487478554 0.051071234 -0.097236454 -0.097706079 -0.254930973 0.957083523
1769791198641135360.000000 0.557323992 -0.521871567 0.069225922 -0.100201234 -0.094190806 -0.214924514 0.966899872
1769791198774457856.000000 0.600213170 -0.556542516 0.086674705 -0.102423392 -0.090055853 -0.172512576 0.975519776
1769791199041113856.000000 0.680766404 -0.620042264 0.125448942 -0.098784417 -0.083314009 -0.117179513 0.984667182
1769791199174534912.000000 0.719782352 -0.654913187 0.147503838 -0.087739237 -0.078658596 -0.113192216 0.986560762
1769791199207800576.000000 0.724750459 -0.657637000 0.150271356 -0.083749659 -0.076174051 -0.113018163 0.987122297
1769791199307786240.000000 0.737300932 -0.658839345 0.169810712 -0.071975917 -0.067708738 -0.110926442 0.988903582
1769791199474450944.000000 0.749053240 -0.420337528 0.003812126 0.022763759 -0.046227593 -0.102134548 0.993435144
1769791199641160192.000000 0.726428747 -0.379265159 -0.043953791 0.046948981 -0.015598577 -0.112965949 0.992366433
1769791199807784960.000000 0.649336636 -0.325544417 0.122190244 0.060249213 0.035653800 -0.137746826 0.987990201
1769791199974447872.000000 0.657546997 -0.377245843 0.136248156 0.048074335 0.057244826 -0.146123424 0.986437976
1769791200107790592.000000 0.653342247 -0.386286318 0.149449974 0.040883612 0.068834528 -0.152689397 0.985026062
1769791200174450944.000000 0.648999214 -0.389716387 0.153341234 0.037355162 0.070227116 -0.151466101 0.985256672
1769791200241116672.000000 0.652716041 -0.387450576 0.147621751 0.022243842 0.064163812 -0.143115684 0.987373352
1769791200274450176.000000 0.657205820 -0.391121119 0.152791455 0.009611714 0.058771078 -0.136317030 0.988873720
1769791200307783424.000000 0.659387410 -0.392874479 0.152374297 -0.001429374 0.053218991 -0.129497454 0.990149558
1769791200374446592.000000 0.677616179 -0.409048408 0.146168530 -0.019527599 0.041468974 -0.113721490 0.992454767
1769791200507823104.000000 0.717974365 -0.419386715 0.152644545 -0.040908355 0.022700196 -0.086216353 0.995177388
1769791200707802112.000000 0.780308545 -0.459293723 0.160710096 -0.065731660 0.001146664 -0.052020431 0.996479750
1769791200907778816.000000 0.842764437 -0.500109136 0.177339271 -0.073642343 -0.014025482 -0.025993286 0.996847272
1769791201074455808.000000 0.880343497 -0.523098052 0.194131345 -0.069213197 -0.021086935 -0.012189867 0.997304499
1769791201174452480.000000 0.898623884 -0.541093469 0.194367856 -0.062703855 -0.023587603 -0.004187521 0.997744679
1769791201341117952.000000 0.904434919 -0.525090218 0.192370102 -0.042358603 -0.023859970 -0.003257445 0.998812199
1769791201507784192.000000 0.930771172 -0.540625989 0.201744884 -0.030640444 -0.026017021 0.003332481 0.999186277
1769791201607784448.000000 0.928754807 -0.543419838 0.196710095 -0.024353854 -0.024954271 0.003813961 0.999384642
1769791201941116928.000000 0.940773547 -0.551831782 0.190340757 -0.008354510 -0.023286315 0.009949572 0.999644458
1769791202174458880.000000 0.946400225 -0.552678108 0.187655166 -0.001881547 -0.021039400 0.011585755 0.999709785
1769791202307781888.000000 0.968156576 -0.543599129 0.207071394 0.001720814 -0.022108601 0.011424922 0.999688804
1769791202441129216.000000 0.974534273 -0.537807047 0.201812282 0.003587944 -0.021574859 0.012079757 0.999687850
1769791202607785984.000000 0.978637159 -0.541752219 0.202931583 0.001861921 -0.021148890 0.014063300 0.999675691
1769791202741118976.000000 0.984779298 -0.530948579 0.204929754 0.004251258 -0.019449795 0.013139478 0.999715447
1769791202874451456.000000 0.989278674 -0.525561392 0.203988329 0.004249964 -0.018659130 0.013220731 0.999729514
1769791202974452736.000000 0.987701237 -0.526637912 0.202736765 0.003218694 -0.016743235 0.015328556 0.999737144
1769791203107786240.000000 0.992608368 -0.516736984 0.201557755 0.002961685 -0.016149847 0.014277683 0.999763250
1769791203241154304.000000 0.998482168 -0.509394526 0.205061376 0.001065642 -0.015241555 0.014836486 0.999773204
1769791203441122048.000000 0.995076656 -0.498351157 0.199880108 -0.002104446 -0.013074066 0.014002742 0.999814272
1769791203707785728.000000 1.000129580 -0.494180977 0.206964418 -0.009729604 -0.011204237 0.016197758 0.999758720
1769791203874442240.000000 1.010163784 -0.463505507 0.206393570 -0.010632487 -0.011849853 0.014396253 0.999769628
1769791204041100800.000000 1.012205005 -0.415374249 0.206939504 -0.009619592 -0.011758239 0.011717714 0.999815941
1769791204174439168.000000 1.010819316 -0.370535582 0.199885488 -0.009225913 -0.010946550 0.007657569 0.999868214
1769791204341097472.000000 1.013236642 -0.315298408 0.194527119 -0.007446119 -0.011698440 0.002733026 0.999900103
1769791204474436096.000000 1.010799646 -0.279355824 0.187927544 -0.007881011 -0.011282727 -0.001185706 0.999904573
1769791204607766528.000000 1.004472494 -0.233113959 0.195998177 -0.007054497 -0.010654813 -0.007113296 0.999893069
1769791204774438400.000000 1.003655672 -0.166091010 0.181865975 -0.002346664 -0.010689264 -0.008841336 0.999901056
1769791204907791360.000000 0.997547388 -0.148693219 0.183101803 -0.007413151 -0.010776711 -0.016641693 0.999776006
1769791205041117696.000000 0.987263918 -0.132522449 0.176676288 -0.012093764 -0.010039171 -0.026285704 0.999530911
1769791205174434304.000000 0.978424966 -0.117259979 0.176831052 -0.017966505 -0.009865577 -0.032403536 0.999264717
1769791205341101568.000000 0.965972781 -0.104661793 0.177547783 -0.027685938 -0.008705957 -0.041324250 0.998724222
1769791205474433792.000000 0.951256394 -0.081837557 0.160313904 -0.030504528 -0.005459579 -0.046760708 0.998425305
1769791205607785472.000000 0.935973763 -0.060219511 0.150850520 -0.033785861 -0.001546625 -0.051732142 0.998088181
1769791205841102336.000000 0.914795637 -0.013497316 0.120575078 -0.033279780 -0.000926639 -0.057180393 0.997808635
1769791206007778560.000000 0.898777723 0.014566490 0.110676348 -0.034178156 0.000275705 -0.059932306 0.997617126
1769791206207764736.000000 0.879454851 0.041836374 0.100749433 -0.035784945 0.001024095 -0.062634751 0.997394264
1769791206407765504.000000 0.855277896 0.066202700 0.091606937 -0.036650289 0.002855291 -0.065472133 0.997177005
1769791206607774464.000000 0.832282960 0.087470300 0.085295342 -0.036972735 0.003343993 -0.066956289 0.997065067
1769791206841138432.000000 0.802803040 0.102563009 0.076452859 -0.037080366 0.003526745 -0.068257168 0.996972203
1769791207174429440.000000 0.760650814 0.110927343 0.064017482 -0.038301695 0.004131937 -0.067634918 0.996966124
1769791207474438400.000000 0.721981764 0.101378828 0.055125419 -0.038646329 0.003115942 -0.066575743 0.997027814
1769791207741106688.000000 0.689299464 0.086439751 0.050228450 -0.036055457 -0.000705431 -0.065202460 0.997220218
1769791207774431488.000000 0.681266367 0.080479063 0.047992308 -0.036984000 0.000012332 -0.065118559 0.997191966
1769791207974440704.000000 0.658847988 0.058892805 0.041632362 -0.034787156 -0.004198709 -0.061727624 0.997477770
1769791208174472448.000000 0.625210464 0.028891880 0.031907417 -0.032961272 -0.004720580 -0.055841532 0.997884274
1769791208274446336.000000 0.611289620 0.014746140 0.026197966 -0.030790891 -0.005778126 -0.052778356 0.998114705
1769791208374435840.000000 0.599160612 -0.001529598 0.016470075 -0.028721131 -0.007831281 -0.048897915 0.998360038
1769791208541100288.000000 0.587971985 -0.020021085 -0.002088456 -0.020444144 -0.012825767 -0.041054763 0.998865366
1769791208707768320.000000 0.557529449 -0.056101948 -0.028097894 -0.015929492 -0.012811606 -0.033395201 0.999233127
1769791208841101056.000000 0.541870832 -0.084036529 -0.047734614 -0.010784214 -0.014974374 -0.024717901 0.999524117
1769791208941099520.000000 0.532553732 -0.111625329 -0.056820679 -0.008908357 -0.017917005 -0.021663152 0.999565065
1769791209007767296.000000 0.519410908 -0.117011681 -0.076660782 -0.000484088 -0.018124171 -0.020069703 0.999634206
1769791209107770368.000000 0.517216802 -0.147004738 -0.088320762 0.005585764 -0.023818811 -0.018266819 0.999533772
1769791209174438144.000000 0.516954839 -0.149771407 -0.099256471 0.015361086 -0.028678978 -0.017849263 0.999311268
1769791209241104896.000000 0.516658664 -0.148882747 -0.107807286 0.025584379 -0.033557218 -0.016509529 0.998972893
1769791209374436864.000000 0.507398367 -0.233935088 -0.113781415 0.019610409 -0.044379100 -0.023571372 0.998544097
1769791209507772416.000000 0.298285007 -0.436683983 -0.122205734 -0.013627406 -0.018942932 -0.044628691 0.998731077
1769791209674481152.000000 0.301735789 -0.403723955 -0.075344667 0.005426507 -0.037885007 -0.022853948 0.999005973
1769791209807782144.000000 0.288424283 -0.487715781 -0.060518946 -0.004371938 -0.053914249 -0.008645975 0.998498559
1769791209941098240.000000 0.282868028 -0.497070074 -0.091443293 0.003840486 -0.072430976 -0.003724433 0.997359097
1769791210074435840.000000 0.279781342 -0.498581082 -0.103549451 0.007183067 -0.086866572 0.003940302 0.996186256
1769791210107762176.000000 0.278582513 -0.501806855 -0.100946218 0.006193413 -0.088471860 0.006905785 0.996035457
1769791210207767296.000000 0.276818484 -0.501266599 -0.098334745 0.002443743 -0.088992923 0.014726982 0.995920420
1769791210274431488.000000 0.271348596 -0.504035294 -0.093137272 -0.002352726 -0.083996467 0.013759024 0.996368289
1769791210307767296.000000 0.271367043 -0.503813982 -0.073103540 -0.015400250 -0.082030080 0.012666632 0.996430337
1769791210341093376.000000 0.272260904 -0.500746429 -0.072012171 -0.026947333 -0.080690578 0.012052110 0.996302009
1769791210374430976.000000 0.268212080 -0.499058396 -0.066730388 -0.037351411 -0.078721821 0.010404241 0.996142328
1769791210407764224.000000 0.261341453 -0.498752415 -0.059318155 -0.047194477 -0.076353572 0.009389129 0.995919049
1769791210474440192.000000 0.245737433 -0.516698003 -0.065559402 -0.062844746 -0.072065525 0.006705718 0.995395482
1769791210641095424.000000 0.205074504 -0.550034285 -0.054919548 -0.090133481 -0.062987164 0.001554416 0.993934691
1769791210874442752.000000 0.159480602 -0.616489887 -0.053501301 -0.110989057 -0.054133449 -0.002392179 0.992343366
1769791211041096448.000000 0.128446624 -0.657775998 -0.050254978 -0.112838693 -0.048125710 -0.003781169 0.992439985
1769791211241110272.000000 0.096088849 -0.700988531 -0.038430039 -0.105716050 -0.041147016 -0.003964871 0.993536770
1769791211374427904.000000 0.094320498 -0.702977479 -0.042256162 -0.096531890 -0.038957834 -0.004403673 0.994557440
1769791211774470144.000000 0.097847909 -0.697781861 -0.034371760 -0.078738041 -0.036891006 -0.005181297 0.996199071
1769791213074467328.000000 0.091204867 -0.695636153 -0.042260356 -0.074357733 -0.036413342 -0.003677003 0.996559858
1769791213841131008.000000 0.086927071 -0.693608165 -0.050190508 -0.089058049 -0.034725003 -0.003444955 0.995414972
1769791214541132800.000000 0.059183065 -0.692802489 -0.073075242 -0.104487494 -0.029001988 -0.002850635 0.994099140
1769791214841145856.000000 0.079539210 -0.630421102 -0.070836559 -0.102988154 -0.029291216 -0.004284320 0.994242013
1769791215141130752.000000 0.105746873 -0.584415793 -0.073719084 -0.103073642 -0.029767843 -0.005199106 0.994214594
1769791215174464512.000000 0.107595116 -0.579753458 -0.074800111 -0.103015713 -0.029747728 -0.005306283 0.994220674
1769791215207795712.000000 0.110663161 -0.575711370 -0.074268535 -0.103304364 -0.029852994 -0.005319167 0.994187474
1769791215407806976.000000 0.129038408 -0.552458286 -0.074063078 -0.103566028 -0.030321823 -0.005734235 0.994143784
1769791215974467072.000000 0.180634156 -0.511430264 -0.072257355 -0.104688235 -0.030983308 -0.006534661 0.994000852
1769791216507843584.000000 0.226683587 -0.495947719 -0.063295908 -0.105504476 -0.031524885 -0.006624090 0.993896902
1769791217107809024.000000 0.270738572 -0.498807818 -0.052135590 -0.105770454 -0.032658659 -0.005474208 0.993839085
1769791217641129216.000000 0.300263137 -0.512341619 -0.048856109 -0.105990790 -0.033762231 -0.004488700 0.993783653
1769791218207803904.000000 0.321152925 -0.520137370 -0.039236657 -0.105582312 -0.035284616 -0.004145463 0.993775725
1769791218874538496.000000 0.332210094 -0.524702907 -0.045319684 -0.104713842 -0.036479454 -0.003535378 0.993826866
1769791219407828224.000000 0.343008995 -0.524445772 -0.035673432 -0.104794502 -0.039988276 -0.004438972 0.993679702
