1769787808.405171 0.0000000 0.0000000 0.0000000 -0.0000000 -0.0000000 -0.0000000 1.0000000
1769787808.471837 0.0000275 0.0000246 0.0000054 -0.0000144 -0.0001558 0.0000874 1.0000000
1769787808.505171 -0.0000978 -0.0000762 -0.0001108 -0.0002314 -0.0003888 -0.0002959 0.9999999
1769787808.571840 0.0001358 -0.0001613 -0.0007540 -0.0006088 -0.0006260 -0.0007167 0.9999993
1769787808.638504 -0.0003325 -0.0002884 -0.0009506 -0.0006807 -0.0002576 -0.0005193 0.9999996
1769787808.771838 -0.0003234 -0.0003651 -0.0015210 -0.0013112 -0.0003162 -0.0014965 0.9999980
1769787808.905171 -0.0004693 -0.0003102 -0.0013948 -0.0010028 -0.0003127 -0.0015283 0.9999983
1769787812.471858 0.0001614 0.0000509 -0.0004777 0.0002420 -0.0015720 -0.0052230 0.9999851
1769787812.738523 0.0000761 0.0000588 -0.0005989 0.0008415 -0.0002822 -0.0067929 0.9999766
1769787813.171857 0.0003112 0.0000416 -0.0002596 0.0023267 0.0025485 -0.0080950 0.9999613
1769787813.771857 0.0003375 0.0001162 0.0002699 0.0043725 0.0086671 -0.0113794 0.9998882
1769787813.838522 0.0004715 0.0000450 -0.0000081 0.0046278 0.0098048 -0.0113668 0.9998766
1769787814.005190 0.0005014 0.0000419 0.0000248 0.0055866 0.0124533 -0.0109319 0.9998471
1769787814.038523 0.0004624 0.0000276 -0.0000030 0.0052809 0.0132814 -0.0121068 0.9998246
1769787814.071857 0.0005324 0.0000469 0.0000706 0.0055766 0.0133830 -0.0118797 0.9998243
1769787814.405189 0.0006225 0.0000431 0.0002155 0.0062705 0.0191744 -0.0128257 0.9997143
1769787814.438522 0.0005549 0.0000081 0.0000352 0.0063718 0.0196094 -0.0133698 0.9996980
1769787814.805189 0.0006554 -0.0001350 -0.0007639 0.0053336 0.0251674 -0.0118290 0.9995990
1769787814.838522 0.0008189 -0.0003772 -0.0007636 0.0051881 0.0258452 -0.0110912 0.9995910
1769787814.971855 0.0009691 -0.0003659 -0.0009887 0.0039175 0.0279828 -0.0121961 0.9995263
1769787815.005189 0.0011383 -0.0003349 -0.0009345 0.0040277 0.0285010 -0.0125029 0.9995075
1769787815.438522 -0.0000033 -0.0001705 -0.0028319 0.0023205 0.0377171 -0.0124002 0.9992088
1769787815.471855 0.0003148 -0.0002762 -0.0021873 0.0016714 0.0384609 -0.0120278 0.9991863
1769787815.571857 -0.0004622 -0.0006845 -0.0033992 -0.0010628 0.0412065 -0.0125636 0.9990711
1769787815.605189 -0.0000597 -0.0007026 -0.0034741 -0.0008791 0.0417074 -0.0130980 0.9990436
1769787815.638522 -0.0003411 -0.0008174 -0.0027978 -0.0021243 0.0438260 -0.0106213 0.9989805
1769787815.771856 -0.0006746 -0.0007479 -0.0040472 -0.0051214 0.0458738 -0.0160763 0.9988047
1769787815.805188 -0.0006850 -0.0007938 -0.0039687 -0.0050370 0.0471809 -0.0111498 0.9988114
1769787815.838521 -0.0010143 -0.0008715 -0.0038804 -0.0057691 0.0485948 -0.0130100 0.9987172
1769787815.871855 -0.0012149 -0.0009466 -0.0036898 -0.0066614 0.0496716 -0.0119531 0.9986719
1769787817.071855 -0.0054694 -0.0062140 -0.0055072 -0.0494220 0.0770707 -0.0037382 0.9957930
1769787817.305181 -0.0052189 -0.0073264 -0.0047102 -0.0570835 0.0783575 0.0015528 0.9952885
1769787817.338515 -0.0055887 -0.0069928 -0.0055147 -0.0574525 0.0786194 0.0008078 0.9952475
1769787817.871847 -0.0057444 -0.0085793 -0.0058531 -0.0672118 0.0760578 0.0034999 0.9948294
1769787818.171847 -0.0049975 -0.0083479 -0.0062928 -0.0657474 0.0702012 0.0040555 0.9953555
1769787818.371847 -0.0040404 -0.0096201 -0.0030701 -0.0630344 0.0662808 0.0059417 0.9957902
1769787818.405181 -0.0038781 -0.0089063 -0.0043016 -0.0616095 0.0656084 0.0060533 0.9959233
1769787818.471847 -0.0038588 -0.0078062 -0.0053729 -0.0590931 0.0636890 0.0047105 0.9962076
1769787818.505181 -0.0036534 -0.0076945 -0.0053143 -0.0584318 0.0628589 0.0057162 0.9962941
1769787818.638514 -0.0034786 -0.0074441 -0.0058914 -0.0537045 0.0589681 0.0049387 0.9968020
1769787818.671847 -0.0032626 -0.0076626 -0.0055375 -0.0521449 0.0577856 0.0056042 0.9969505
1769787818.771847 -0.0029475 -0.0066702 -0.0059367 -0.0472825 0.0545145 0.0039263 0.9973851
1769787818.805181 -0.0025288 -0.0063913 -0.0051760 -0.0460407 0.0528887 0.0021456 0.9975362
1769787818.905182 -0.0020888 -0.0066190 -0.0055265 -0.0408053 0.0491299 0.0031059 0.9979537
1769787818.938513 -0.0021566 -0.0058371 -0.0057161 -0.0382817 0.0479867 0.0025111 0.9981109
1769787818.971846 -0.0019724 -0.0053987 -0.0063759 -0.0360805 0.0468485 0.0024708 0.9982471
1769787819.005180 -0.0013827 -0.0053266 -0.0060785 -0.0346204 0.0451263 0.0005269 0.9983811
1769787819.071847 -0.0012744 -0.0051748 -0.0059236 -0.0304071 0.0425576 0.0009993 0.9986307
1769787819.138513 -0.0012869 -0.0052568 -0.0065380 -0.0263352 0.0401850 0.0003448 0.9988451
1769787819.171846 -0.0010083 -0.0052154 -0.0059846 -0.0246071 0.0389343 -0.0002048 0.9989387
1769787819.205180 -0.0009310 -0.0046954 -0.0066709 -0.0222078 0.0370602 -0.0019913 0.9990643
1769787819.238514 -0.0007753 -0.0046359 -0.0060262 -0.0198692 0.0357371 -0.0029872 0.9991592
1769787819.338513 0.0002437 -0.0039830 -0.0055584 -0.0107837 0.0306290 -0.0060305 0.9994545
1769787819.405180 0.0004550 -0.0037415 -0.0053646 -0.0051138 0.0275215 -0.0066844 0.9995858
1769787819.471847 0.0006681 -0.0031294 -0.0051982 0.0021974 0.0242480 -0.0069917 0.9996791
1769787819.505181 0.0003815 -0.0026998 -0.0061331 0.0047696 0.0223669 -0.0098888 0.9996896
1769787819.538513 0.0009480 -0.0027506 -0.0053392 0.0083132 0.0204495 -0.0089203 0.9997166
1769787819.571848 0.0008306 -0.0027297 -0.0051635 0.0112382 0.0199468 -0.0090865 0.9996966
1769787819.605180 0.0011331 -0.0024608 -0.0049039 0.0151264 0.0179014 -0.0097622 0.9996777
1769787819.638513 0.0011334 -0.0021745 -0.0058170 0.0186154 0.0158871 -0.0108686 0.9996414
1769787819.738513 0.0015534 -0.0019565 -0.0041382 0.0281150 0.0080934 -0.0121409 0.9994982
1769787819.771847 0.0014227 -0.0021411 -0.0037530 0.0307938 0.0050924 -0.0122300 0.9994380
1769787819.938513 0.0012969 -0.0009971 -0.0040443 0.0439536 -0.0112863 -0.0127377 0.9988886
1769787819.971846 0.0015906 -0.0010108 -0.0033641 0.0466993 -0.0153086 -0.0116854 0.9987233
1769787820.005180 0.0015342 -0.0009680 -0.0031185 0.0491992 -0.0186300 -0.0103530 0.9985616
1769787820.038514 0.0014907 -0.0005396 -0.0031465 0.0516242 -0.0214834 -0.0087785 0.9983969
1769787820.105181 0.0013539 -0.0003124 -0.0025131 0.0558993 -0.0272705 -0.0046394 0.9980531
1769787820.138513 0.0018229 0.0001351 -0.0027736 0.0566982 -0.0292640 -0.0036756 0.9979556
1769787820.371847 0.0023526 0.0010817 -0.0021559 0.0338288 -0.0273504 0.0048394 0.9990416
1769787820.438514 0.0028260 0.0012705 -0.0010609 0.0251180 -0.0284409 0.0035028 0.9992737
1769787820.471846 0.0029105 0.0014510 -0.0009154 0.0220939 -0.0287414 0.0038636 0.9993352
1769787820.505180 0.0029618 0.0021200 -0.0009471 0.0205694 -0.0284076 0.0038699 0.9993773
1769787820.738512 0.0045154 0.0037602 -0.0015498 0.0163474 -0.0334868 0.0003972 0.9993054
1769787820.771846 0.0046966 0.0038323 -0.0022193 0.0176352 -0.0339712 -0.0005427 0.9992670
1769787820.805180 0.0045351 0.0040331 -0.0019967 0.0187928 -0.0336847 0.0007783 0.9992555
1769787820.838511 0.0047201 0.0044337 -0.0028372 0.0208730 -0.0342354 -0.0002222 0.9991958
1769787821.038513 0.0059716 0.0063401 -0.0032110 0.0373899 -0.0384987 -0.0016845 0.9985575
1769787821.105180 0.0064429 0.0071859 -0.0048074 0.0446096 -0.0400578 -0.0012569 0.9982003
1769787821.171845 0.0073633 0.0071778 -0.0042070 0.0508195 -0.0425617 -0.0013578 0.9977996
1769787821.271846 0.0074269 0.0080818 -0.0038499 0.0599853 -0.0430488 0.0010950 0.9972700
1769787821.371845 0.0077122 0.0079479 -0.0036769 0.0656259 -0.0442029 0.0008569 0.9968644
1769787821.405179 0.0076715 0.0080444 -0.0036587 0.0679128 -0.0444016 0.0015424 0.9967015
1769787821.571847 0.0078105 0.0084172 -0.0031071 0.0760250 -0.0460524 0.0035604 0.9960355
1769787821.605179 0.0078609 0.0084395 -0.0033311 0.0772066 -0.0465820 0.0030478 0.9959217
1769787821.638512 0.0077782 0.0085134 -0.0031087 0.0787376 -0.0464617 0.0034367 0.9958062
1769787821.971845 0.0082280 0.0086386 -0.0037841 0.0841010 -0.0512547 0.0064040 0.9951176
1769787822.238512 0.0088064 0.0085276 -0.0038399 0.0856606 -0.0560291 0.0081765 0.9947141
1769787822.271845 0.0087282 0.0084511 -0.0035546 0.0852615 -0.0567346 0.0077069 0.9947122
1769787822.338511 0.0088301 0.0083178 -0.0036493 0.0847093 -0.0576882 0.0075704 0.9947056
1769787822.538512 0.0089343 0.0079520 -0.0037546 0.0818371 -0.0601696 0.0089571 0.9947875
1769787822.705178 0.0092524 0.0074709 -0.0046346 0.0776164 -0.0622796 0.0086652 0.9949984
1769787822.805178 0.0095608 0.0073182 -0.0048015 0.0747245 -0.0639042 0.0079259 0.9951230
1769787822.905179 0.0093551 0.0070333 -0.0055038 0.0718541 -0.0652524 0.0101703 0.9952265
1769787822.971844 0.0093883 0.0067624 -0.0051445 0.0694106 -0.0655197 0.0105443 0.9953784
1769787823.005178 0.0094045 0.0066841 -0.0059110 0.0679545 -0.0662525 0.0115919 0.9954187
1769787823.238512 0.0097761 0.0046377 -0.0059264 0.0555387 -0.0694253 0.0112472 0.9959764
1769787823.271844 0.0097190 0.0048594 -0.0062310 0.0545269 -0.0694569 0.0135977 0.9960008
1769787823.338512 0.0100331 0.0046002 -0.0068624 0.0508967 -0.0710085 0.0109716 0.9961159
1769787823.371844 0.0098537 0.0041879 -0.0061906 0.0487391 -0.0708094 0.0123596 0.9962218
1769787823.405177 0.0095873 0.0039846 -0.0074382 0.0472301 -0.0709835 0.0136889 0.9962647
1769787823.438512 0.0097679 0.0032987 -0.0070332 0.0450565 -0.0714199 0.0137232 0.9963337
1769787823.805177 0.0103332 -0.0004072 -0.0065612 0.0197558 -0.0725587 0.0106200 0.9971119
1769787823.838510 0.0096826 -0.0001997 -0.0094313 0.0192266 -0.0721245 0.0086972 0.9971724
1769787823.938510 0.0078338 0.0034222 -0.0180804 0.0137209 -0.0709217 0.0153114 0.9972700
1769787824.038511 0.0099097 -0.0021470 -0.0065288 0.0042450 -0.0726589 0.0132086 0.9972604
1769787824.271843 0.0100148 -0.0046636 -0.0071928 -0.0111554 -0.0739894 -0.0385709 0.9964504
1769787824.305177 0.0098489 -0.0050817 -0.0060874 -0.0136011 -0.0747452 -0.0518029 0.9957634
1769787824.371844 0.0104271 -0.0056286 -0.0070034 -0.0165732 -0.0775027 -0.0744603 0.9940696
1769787824.471843 0.0105934 -0.0070423 -0.0062765 -0.0234439 -0.0779923 -0.1099198 0.9905984
1769787824.505177 0.0103081 -0.0073193 -0.0075408 -0.0241378 -0.0785260 -0.1194835 0.9894315
1769787824.538510 0.0105401 -0.0080057 -0.0073285 -0.0276910 -0.0791755 -0.1328084 0.9875862
1769787824.571844 0.0104868 -0.0077468 -0.0077417 -0.0277380 -0.0795389 -0.1411688 0.9863952
1769787824.605178 0.0102288 -0.0082022 -0.0079374 -0.0308155 -0.0793599 -0.1530888 0.9845386
1769787824.838510 0.0106231 -0.0107880 -0.0080593 -0.0427678 -0.0844286 -0.2245883 0.9698468
1769787825.371845 0.0095891 -0.0156445 -0.0081326 -0.0637382 -0.0897930 -0.3330872 0.9364441
1769787825.905180 0.0078601 -0.0177693 -0.0080710 -0.0774087 -0.0828392 -0.3822732 0.9170675
1769787825.971845 0.0076003 -0.0176200 -0.0075901 -0.0785925 -0.0813335 -0.3841328 0.9163243
1769787826.138512 0.0068800 -0.0178826 -0.0078419 -0.0813390 -0.0763156 -0.3831142 0.9169424
1769787826.171845 0.0062147 -0.0176505 -0.0082787 -0.0809654 -0.0738484 -0.3816016 0.9178079
1769787826.405179 0.0054261 -0.0171609 -0.0071751 -0.0821229 -0.0637497 -0.3685966 0.9237577
1769787826.438512 0.0050742 -0.0170564 -0.0075589 -0.0817232 -0.0614250 -0.3665265 0.9247738
1769787826.538512 0.0047564 -0.0164441 -0.0077569 -0.0810088 -0.0556782 -0.3587152 0.9282570
1769787826.571846 0.0045806 -0.0161025 -0.0077884 -0.0811047 -0.0537039 -0.3555801 0.9295702
1769787826.638511 0.0039329 -0.0157528 -0.0081933 -0.0795214 -0.0492522 -0.3479874 0.9328212
1769787826.671845 0.0037859 -0.0155776 -0.0081725 -0.0790452 -0.0470766 -0.3443155 0.9343353
1769787826.771845 0.0031283 -0.0147504 -0.0080478 -0.0766834 -0.0405057 -0.3292993 0.9402345
1769787826.805179 0.0030780 -0.0146152 -0.0073836 -0.0765190 -0.0381205 -0.3221171 0.9428321
1769787826.838511 0.0026981 -0.0144060 -0.0080110 -0.0760076 -0.0353029 -0.3167147 0.9448113
1769787826.871844 0.0025345 -0.0141012 -0.0076262 -0.0745872 -0.0326442 -0.3096947 0.9473438
1769787826.905179 0.0025115 -0.0139433 -0.0075378 -0.0737961 -0.0299353 -0.3023486 0.9498649
1769787826.938510 0.0021383 -0.0136022 -0.0077800 -0.0728265 -0.0275180 -0.2939410 0.9526478
1769787826.971844 0.0019188 -0.0133494 -0.0074717 -0.0719998 -0.0245484 -0.2855309 0.9553457
1769787827.005178 0.0016734 -0.0128768 -0.0076533 -0.0707431 -0.0216920 -0.2782908 0.9576425
1769787827.071846 0.0011454 -0.0118198 -0.0078203 -0.0666653 -0.0151561 -0.2576226 0.9638240
1769787827.105179 0.0004797 -0.0113087 -0.0081827 -0.0652343 -0.0106984 -0.2447840 0.9673215
1769787827.138511 0.0005161 -0.0110966 -0.0079502 -0.0636314 -0.0084860 -0.2315725 0.9706973
1769787827.171844 0.0003740 -0.0107998 -0.0078850 -0.0615605 -0.0051099 -0.2195435 0.9736452
1769787827.238511 -0.0001824 -0.0100934 -0.0070169 -0.0575558 0.0014570 -0.1972156 0.9786681
1769787827.305178 -0.0009644 -0.0091554 -0.0077905 -0.0529950 0.0076045 -0.1754332 0.9830346
1769787827.338511 -0.0012243 -0.0088156 -0.0073699 -0.0507484 0.0108423 -0.1671752 0.9845606
1769787827.438512 -0.0019544 -0.0078939 -0.0073158 -0.0426567 0.0176584 -0.1483957 0.9878498
1769787827.471844 -0.0016176 -0.0078642 -0.0073122 -0.0398488 0.0189373 -0.1487061 0.9878967
1769787827.538511 -0.0017703 -0.0075116 -0.0064619 -0.0328537 0.0241528 -0.1484463 0.9880794
1769787827.705178 -0.0023499 -0.0064608 -0.0062613 -0.0140803 0.0390684 -0.1457635 0.9884475
1769787827.738511 -0.0023307 -0.0065761 -0.0058993 -0.0114921 0.0425330 -0.1467785 0.9881877
1769787827.771844 -0.0026087 -0.0061791 -0.0065870 -0.0082752 0.0458551 -0.1468989 0.9880534
1769787827.805178 -0.0024049 -0.0062936 -0.0063064 -0.0052536 0.0482788 -0.1476050 0.9878534
1769787827.838511 -0.0022222 -0.0064052 -0.0050681 -0.0016825 0.0514062 -0.1496702 0.9873973
1769787827.871844 -0.0024642 -0.0057858 -0.0063738 0.0016534 0.0547641 -0.1497371 0.9872066
1769787827.938510 -0.0023483 -0.0056588 -0.0053465 0.0064876 0.0634931 -0.1525486 0.9862330
1769787828.005178 -0.0021315 -0.0054035 -0.0056849 0.0103726 0.0720009 -0.1553340 0.9851800
1769787828.071845 -0.0026066 -0.0051412 -0.0055485 0.0140061 0.0822680 -0.1532313 0.9846603
1769787828.105179 -0.0018203 -0.0050029 -0.0042864 0.0152793 0.0856023 -0.1605537 0.9831894
1769787828.171844 -0.0023784 -0.0051990 -0.0044808 0.0146459 0.0948125 -0.1607479 0.9823219
1769787828.238511 -0.0020796 -0.0049223 -0.0059164 0.0149624 0.1008022 -0.1660831 0.9808320
1769787828.271844 -0.0016898 -0.0046263 -0.0051370 0.0152869 0.1030024 -0.1700277 0.9799222
1769787828.338510 -0.0024204 -0.0039466 -0.0053530 0.0157952 0.1094241 -0.1762027 0.9781255
1769787828.405177 -0.0025947 -0.0030413 -0.0056336 0.0165414 0.1108421 -0.1754327 0.9780920
1769787828.438512 -0.0024185 -0.0028802 -0.0049983 0.0144028 0.1105356 -0.1701586 0.9790917
1769787828.505177 -0.0029407 -0.0030624 -0.0046434 -0.0006971 0.1072190 -0.1567013 0.9818087
1769787828.538510 -0.0031759 -0.0031453 -0.0040289 -0.0069058 0.1050057 -0.1473774 0.9834663
1769787828.638511 -0.0036067 -0.0023497 -0.0025310 -0.0174390 0.1018933 -0.1291866 0.9862173
1769787828.671844 -0.0030911 -0.0025133 -0.0025871 -0.0190651 0.1011257 -0.1239334 0.9869401
1769787828.838510 -0.0052448 -0.0004442 -0.0032410 -0.0234183 0.1004697 -0.1013786 0.9894846
1769787828.871843 -0.0043334 -0.0007931 -0.0014653 -0.0227735 0.0998614 -0.0963619 0.9900624
1769787828.971843 -0.0048035 -0.0000035 -0.0014189 -0.0199570 0.1002368 -0.0865310 0.9909928
1769787829.005177 -0.0049621 0.0002690 -0.0009066 -0.0188856 0.1008658 -0.0849271 0.9910887
1769787829.038511 -0.0050356 0.0003623 -0.0008022 -0.0171360 0.1008266 -0.0825024 0.9913293
1769787829.071844 -0.0047701 0.0002867 -0.0005105 -0.0156654 0.1009749 -0.0807887 0.9914796
1769787829.171843 -0.0044258 0.0000272 0.0006987 -0.0099364 0.1009734 -0.0738692 0.9920933
1769787829.205177 -0.0052307 0.0006069 -0.0009080 -0.0069054 0.1014257 -0.0739074 0.9920700
1769787829.271843 -0.0054066 0.0008952 -0.0000781 -0.0008521 0.1026172 -0.0728359 0.9920503
1769787829.305177 -0.0053542 0.0012079 -0.0001025 0.0035874 0.1025978 -0.0710501 0.9921758
1769787829.371844 -0.0053418 0.0013025 0.0001881 0.0091063 0.1033555 -0.0701530 0.9921257
1769787829.405177 -0.0055180 0.0015093 -0.0006404 0.0123571 0.1032474 -0.0700351 0.9921101
1769787829.471843 -0.0054258 0.0022793 -0.0000127 0.0187035 0.1038586 -0.0696667 0.9919729
1769787829.505177 -0.0055150 0.0020198 0.0004688 0.0210927 0.1048309 -0.0677430 0.9919559
1769787829.571843 -0.0053428 0.0021165 0.0004465 0.0242598 0.1052498 -0.0671141 0.9918818
1769787829.905177 -0.0065094 0.0028006 0.0011937 0.0413653 0.1133215 -0.0620822 0.9907538
1769787830.171843 -0.0069574 0.0032668 0.0005442 0.0459733 0.1178066 -0.0658426 0.9897842
1769787830.238510 -0.0069714 0.0032836 0.0015591 0.0470192 0.1190897 -0.0635511 0.9897314
1769787830.605178 -0.0081064 0.0030470 0.0012125 0.0434608 0.1271699 -0.0655278 0.9887594
1769787830.871842 -0.0087656 0.0021715 0.0007617 0.0386529 0.1332480 -0.0610026 0.9884481
1769787830.938508 -0.0086712 0.0025679 0.0007658 0.0364548 0.1346325 -0.0621306 0.9882737
1769787831.171842 -0.0098029 0.0019448 -0.0010525 0.0293502 0.1387096 -0.0573664 0.9882345
1769787831.338508 -0.0097346 0.0009393 0.0005113 0.0206180 0.1414518 -0.0591567 0.9879609
1769787831.405175 -0.0068102 0.0017278 0.0039521 0.0198356 0.1430474 -0.0545420 0.9880127
1769787831.438509 -0.0106029 0.0002457 -0.0002628 0.0157989 0.1444910 -0.0543914 0.9878837
1769787831.605176 -0.0102314 -0.0004514 -0.0007363 0.0063274 0.1442744 -0.0606340 0.9876580
1769787831.705175 -0.0102047 -0.0003094 0.0005117 0.0013644 0.1461625 -0.0596191 0.9874615
1769787831.738508 -0.0193760 -0.0066965 -0.0151824 -0.0045036 0.1485890 -0.0614462 0.9869779
1769787831.838507 -0.0114734 -0.0029177 0.0008806 -0.0099892 0.1479458 -0.0638521 0.9868816
1769787831.938508 -0.0109913 -0.0042676 0.0026025 -0.0177518 0.1494364 -0.0596231 0.9868124
1769787832.005175 -0.0084071 -0.0068628 0.0080524 -0.0239067 0.1473531 -0.0609096 0.9869172
1769787832.171841 -0.0132356 -0.0071382 -0.0014459 -0.0352219 0.1500887 -0.0587532 0.9862965
1769787832.338508 -0.0121279 -0.0097667 0.0041537 -0.0485012 0.1511131 -0.0586048 0.9855851
1769787832.771847 -0.0107923 -0.0108384 0.0031343 -0.0817107 0.1474696 -0.0522790 0.9842982
1769787832.838513 -0.0137782 -0.0122991 -0.0021375 -0.0859383 0.1498274 -0.0470744 0.9838447
1769787832.871847 -0.0108238 -0.0117474 0.0047171 -0.0888965 0.1491324 -0.0437335 0.9838417
1769787832.971847 -0.0107161 -0.0119134 0.0036658 -0.0953718 0.1466890 -0.0488248 0.9833630
1769787833.271847 -0.0116926 -0.0143896 0.0016147 -0.1128746 0.1410121 -0.0422876 0.9826427
1769787833.305180 -0.0107643 -0.0142863 0.0024454 -0.1158316 0.1389412 -0.0456413 0.9824435
1769787833.371847 -0.0108198 -0.0149067 0.0024869 -0.1186722 0.1384063 -0.0422848 0.9823302
1769787833.805180 -0.0099282 -0.0161380 0.0023682 -0.1339911 0.1253513 -0.0363794 0.9823493
1769787834.038514 -0.0094592 -0.0169418 0.0017097 -0.1376913 0.1170942 -0.0346446 0.9829190
1769787834.171847 -0.0087419 -0.0172460 0.0019705 -0.1390218 0.1124104 -0.0354161 0.9832510
1769787834.305180 -0.0083446 -0.0167531 0.0021017 -0.1385240 0.1079679 -0.0337951 0.9838760
1769787834.338513 -0.0083746 -0.0170161 0.0018790 -0.1382753 0.1070108 -0.0339508 0.9840102
1769787834.571847 -0.0068166 -0.0170709 0.0020657 -0.1353869 0.0970802 -0.0343043 0.9854284
1769787834.638513 -0.0070799 -0.0167748 0.0013929 -0.1327094 0.0942210 -0.0313344 0.9861687
1769787834.705179 -0.0068696 -0.0164975 0.0007669 -0.1308275 0.0911217 -0.0328768 0.9866611
1769787834.838512 -0.0059554 -0.0158532 0.0010041 -0.1255022 0.0838751 -0.0342017 0.9879496
1769787834.871846 -0.0059434 -0.0159034 0.0009525 -0.1243511 0.0830920 -0.0337811 0.9881757
1769787834.905181 -0.0051431 -0.0158954 0.0023144 -0.1229778 0.0812987 -0.0334525 0.9885079
1769787834.938512 -0.0053787 -0.0155135 0.0014156 -0.1215248 0.0792455 -0.0351151 0.9887967
1769787835.005179 -0.0049355 -0.0154983 0.0013611 -0.1184144 0.0761702 -0.0342087 0.9894473
1769787835.038513 -0.0047001 -0.0151835 0.0002058 -0.1160316 0.0736142 -0.0371089 0.9898185
1769787835.071846 -0.0048732 -0.0151645 0.0001167 -0.1148384 0.0724356 -0.0359925 0.9900857
1769787835.171845 -0.0039053 -0.0144275 -0.0000417 -0.1087602 0.0662991 -0.0369430 0.9911665
1769787835.238513 -0.0036579 -0.0138438 -0.0008432 -0.1048257 0.0631132 -0.0368364 0.9918021
1769787835.271845 -0.0035392 -0.0138365 -0.0003981 -0.1031221 0.0615139 -0.0372569 0.9920654
1769787835.338513 -0.0030401 -0.0133412 -0.0009495 -0.0993851 0.0579845 -0.0384835 0.9926124
1769787835.405179 -0.0031298 -0.0128644 -0.0016398 -0.0951988 0.0550889 -0.0386104 0.9931826
1769787835.438513 -0.0027745 -0.0128049 -0.0013325 -0.0932766 0.0533606 -0.0392393 0.9934347
1769787835.471846 -0.0024117 -0.0128260 -0.0010086 -0.0918533 0.0521206 -0.0388832 0.9936471
1769787835.505180 -0.0020242 -0.0126235 -0.0000868 -0.0899563 0.0511449 -0.0393739 0.9938520
1769787835.538512 -0.0022296 -0.0123920 -0.0009894 -0.0872943 0.0498132 -0.0383664 0.9941964
1769787835.571846 -0.0020463 -0.0120688 -0.0000243 -0.0859373 0.0488299 -0.0395556 0.9943168
1769787835.605180 -0.0018717 -0.0124604 0.0004609 -0.0844619 0.0479783 -0.0394815 0.9944875
1769787835.638512 -0.0022766 -0.0122620 0.0000983 -0.0817344 0.0478524 -0.0390722 0.9947377
1769787835.671845 -0.0020461 -0.0121884 -0.0002687 -0.0807799 0.0459028 -0.0409912 0.9948303
1769787835.705179 -0.0016733 -0.0120400 0.0002914 -0.0777382 0.0446953 -0.0426770 0.9950567
1769787835.771846 -0.0014411 -0.0116487 -0.0000959 -0.0707310 0.0407075 -0.0429031 0.9957406
1769787835.805179 -0.0013919 -0.0117733 0.0003623 -0.0682452 0.0397879 -0.0436740 0.9959177
1769787835.838512 -0.0010639 -0.0115322 0.0007145 -0.0645078 0.0378340 -0.0444684 0.9962078
1769787835.871845 -0.0009055 -0.0113674 0.0007629 -0.0606354 0.0358889 -0.0448007 0.9965080
1769787835.971845 -0.0007076 -0.0108834 0.0006350 -0.0494306 0.0305785 -0.0450296 0.9972933
1769787836.005179 -0.0005498 -0.0107303 0.0007045 -0.0469005 0.0285564 -0.0455712 0.9974508
1769787836.038512 -0.0003622 -0.0107675 0.0011182 -0.0442907 0.0265926 -0.0459531 0.9976069
1769787836.071845 -0.0002408 -0.0105838 0.0010282 -0.0408371 0.0239149 -0.0481999 0.9977160
1769787836.138512 -0.0002150 -0.0106776 0.0012532 -0.0350152 0.0213698 -0.0464249 0.9980792
1769787836.171845 -0.0000851 -0.0103732 0.0018607 -0.0306248 0.0192520 -0.0476733 0.9982078
1769787836.205179 -0.0003058 -0.0102706 0.0009904 -0.0271065 0.0170267 -0.0459483 0.9984308
1769787836.305178 -0.0002059 -0.0101633 0.0013729 -0.0184573 0.0082653 -0.0472135 0.9986801
1769787836.338511 -0.0000444 -0.0099804 0.0016204 -0.0152409 0.0050110 -0.0461866 0.9988040
1769787836.405179 -0.0002825 -0.0098505 0.0015886 -0.0081552 -0.0018980 -0.0431402 0.9990339
1769787836.438513 0.0000145 -0.0098883 0.0015481 -0.0054251 -0.0079521 -0.0453813 0.9989234
1769787836.471845 0.0001030 -0.0095889 0.0021485 -0.0028116 -0.0117924 -0.0462263 0.9988574
1769787836.505179 -0.0000108 -0.0094136 0.0017318 0.0008547 -0.0149242 -0.0417051 0.9990181
1769787836.538511 -0.0000454 -0.0093679 0.0015598 0.0024883 -0.0195209 -0.0403096 0.9989935
1769787836.605180 -0.0000697 -0.0089072 0.0022174 0.0068621 -0.0254083 -0.0362667 0.9989955
1769787836.671844 0.0000556 -0.0087249 0.0024937 0.0084041 -0.0306584 -0.0287106 0.9990821
1769787836.705179 0.0004158 -0.0086146 0.0028422 0.0087943 -0.0327553 -0.0258458 0.9990905
1769787836.805179 0.0004005 -0.0073416 0.0017900 0.0098216 -0.0327174 -0.0183859 0.9992473
1769787836.938511 0.0008005 -0.0074740 0.0034656 -0.0182412 -0.0285114 -0.0183712 0.9992582
1769787836.971844 0.0008028 -0.0070077 0.0021922 -0.0225392 -0.0283222 -0.0195679 0.9991531
1769787837.038512 0.0012764 -0.0072577 0.0028157 -0.0279315 -0.0288041 -0.0184545 0.9990243
1769787837.071844 0.0015357 -0.0065951 0.0033964 -0.0292166 -0.0289565 -0.0203766 0.9989458
1769787837.105180 0.0011405 -0.0071422 0.0030395 -0.0316847 -0.0286106 -0.0197746 0.9988927
1769787837.171844 0.0022371 -0.0061491 0.0041987 -0.0329142 -0.0290742 -0.0206743 0.9988213
1769787837.305178 0.0032282 -0.0040262 0.0000719 -0.0302058 -0.0318082 -0.0250207 0.9987241
1769787837.405178 0.0050627 -0.0029739 -0.0003592 -0.0259897 -0.0367272 -0.0261336 0.9986454
1769787837.438511 0.0048593 -0.0025794 -0.0003140 -0.0230132 -0.0358556 -0.0246313 0.9987883
1769787837.505178 0.0049839 -0.0022830 -0.0003417 -0.0183060 -0.0365428 -0.0248390 0.9988557
1769787837.538511 0.0052055 -0.0022710 0.0002969 -0.0161726 -0.0363337 -0.0259779 0.9988711
1769787837.705178 0.0051734 -0.0016738 0.0011983 -0.0032298 -0.0348116 -0.0251505 0.9990722
1769787837.771845 0.0052086 -0.0015704 0.0008739 0.0002842 -0.0344454 -0.0248485 0.9990976
1769787837.905179 0.0053550 -0.0012769 0.0010488 0.0074010 -0.0352404 -0.0246540 0.9990473
1769787837.938510 0.0054726 -0.0010800 0.0007871 0.0088009 -0.0351599 -0.0249935 0.9990304
1769787837.971843 0.0053809 -0.0011775 0.0009246 0.0100065 -0.0355845 -0.0236863 0.9990358
1769787838.571844 0.0057702 -0.0008134 0.0010360 0.0205351 -0.0407306 -0.0202774 0.9987533
1769787838.971843 0.0062044 -0.0011898 0.0003411 0.0176431 -0.0463229 -0.0187364 0.9985949
1769787839.038510 0.0065086 -0.0015973 0.0005459 0.0162250 -0.0474363 -0.0190736 0.9985604
1769787839.105178 0.0064271 -0.0016414 -0.0000833 0.0147541 -0.0479684 -0.0188009 0.9985629
1769787839.138510 0.0063028 -0.0018823 0.0001975 0.0138867 -0.0482493 -0.0181542 0.9985738
1769787839.171843 0.0065011 -0.0022258 0.0002984 0.0127499 -0.0491752 -0.0190516 0.9985271
1769787839.205177 0.0065908 -0.0021591 0.0006289 0.0117409 -0.0493739 -0.0175397 0.9985573
1769787839.405176 0.0068816 -0.0028572 -0.0007480 0.0057041 -0.0527159 -0.0163602 0.9984593
1769787839.505176 0.0070508 -0.0033046 -0.0009393 0.0017251 -0.0544807 -0.0167069 0.9983736
1769787839.605178 0.0073019 -0.0042612 -0.0012494 -0.0048536 -0.0555334 -0.0177241 0.9982877
1769787839.738510 0.0074215 -0.0049260 -0.0013824 -0.0111571 -0.0570053 -0.0188375 0.9981338
1769787839.771843 0.0071414 -0.0055518 -0.0009272 -0.0136397 -0.0569852 -0.0179744 0.9981200
1769787839.838511 0.0069760 -0.0058447 -0.0016989 -0.0175577 -0.0569320 -0.0180643 0.9980602
1769787839.871843 0.0070918 -0.0060409 -0.0021925 -0.0195331 -0.0575053 -0.0170611 0.9980083
1769787840.038510 0.0071029 -0.0077199 -0.0027639 -0.0306973 -0.0582668 -0.0151046 0.9977146
1769787840.105178 0.0073998 -0.0084032 -0.0028895 -0.0354062 -0.0595489 -0.0142793 0.9974951
1769787840.171843 0.0073348 -0.0089171 -0.0018187 -0.0411131 -0.0592834 -0.0157238 0.9972703
1769787840.205176 0.0062294 -0.0088761 -0.0040706 -0.0426280 -0.0586287 -0.0121493 0.9972953
1769787840.271853 0.0072936 -0.0097312 -0.0040121 -0.0463448 -0.0599187 -0.0123419 0.9970505
1769787840.505188 0.0071465 -0.0123399 -0.0027231 -0.0647837 -0.0597118 -0.0101867 0.9960591
1769787840.538520 0.0070158 -0.0126227 -0.0027093 -0.0672583 -0.0591757 -0.0080835 0.9959464
1769787840.605189 0.0070123 -0.0131850 -0.0025091 -0.0721056 -0.0595078 -0.0129202 0.9955364
1769787840.638521 0.0071851 -0.0137496 -0.0031632 -0.0738059 -0.0616618 -0.0228644 0.9951019
1769787840.705187 0.0072872 -0.0143072 -0.0027903 -0.0777119 -0.0642811 -0.0479304 0.9937462
1769787840.771853 0.0072208 -0.0150019 -0.0021988 -0.0819106 -0.0659900 -0.0711389 0.9919049
1769787840.838520 0.0072909 -0.0161252 -0.0020699 -0.0855040 -0.0675386 -0.0937759 0.9896129
1769787840.871853 0.0074474 -0.0163584 -0.0017903 -0.0880590 -0.0692009 -0.1056876 0.9880724
1769787840.905188 0.0072574 -0.0164460 -0.0024796 -0.0896320 -0.0703074 -0.1170063 0.9865762
1769787840.971853 0.0071716 -0.0173174 -0.0031862 -0.0934224 -0.0725001 -0.1394213 0.9831468
1769787841.071853 0.0068838 -0.0183813 -0.0037307 -0.0992903 -0.0755334 -0.1701789 0.9774842
1769787841.238521 0.0071001 -0.0200621 -0.0035625 -0.1079712 -0.0820466 -0.2204006 0.9659370
1769787841.271853 0.0071214 -0.0206760 -0.0033861 -0.1092314 -0.0835222 -0.2301007 0.9634035
1769787841.338521 0.0070112 -0.0213379 -0.0041809 -0.1122209 -0.0853463 -0.2487073 0.9582626
1769787841.371853 0.0070299 -0.0219955 -0.0044477 -0.1139938 -0.0859703 -0.2584507 0.9554150
1769787841.405186 0.0067756 -0.0223587 -0.0048044 -0.1158304 -0.0873645 -0.2660199 0.9529870
1769787841.471853 0.0068868 -0.0229705 -0.0057071 -0.1181644 -0.0904116 -0.2831028 0.9474787
1769787841.538520 0.0067112 -0.0235926 -0.0045977 -0.1205905 -0.0914281 -0.2982803 0.9424053
1769787841.605188 0.0067154 -0.0245864 -0.0046770 -0.1232081 -0.0939935 -0.3101680 0.9379663
1769787841.705186 0.0064230 -0.0253099 -0.0053430 -0.1273920 -0.0953935 -0.3301993 0.9303977
1769787841.738520 0.0062050 -0.0256549 -0.0048584 -0.1287945 -0.0962308 -0.3346073 0.9285416
1769787841.771853 0.0061633 -0.0259620 -0.0051148 -0.1297044 -0.0967856 -0.3413844 0.9258866
1769787841.805186 0.0060751 -0.0262520 -0.0053387 -0.1311268 -0.0976566 -0.3471835 0.9234352
1769787841.838519 0.0060204 -0.0266253 -0.0047363 -0.1324540 -0.0982986 -0.3520176 0.9213452
1769787841.871852 0.0058717 -0.0267419 -0.0053647 -0.1334986 -0.0984726 -0.3573598 0.9191166
1769787842.371853 0.0038744 -0.0285014 -0.0048976 -0.1453191 -0.0937550 -0.3988901 0.9005437
1769787842.405186 0.0038991 -0.0284620 -0.0056597 -0.1455985 -0.0933560 -0.3982161 0.9008383
1769787842.438520 0.0037079 -0.0284976 -0.0051466 -0.1460743 -0.0926874 -0.3984755 0.9007156
1769787842.505186 0.0034460 -0.0283382 -0.0062262 -0.1464062 -0.0907699 -0.3995862 0.9003649
1769787842.571853 0.0030250 -0.0282256 -0.0058805 -0.1477412 -0.0879620 -0.3986567 0.9008375
1769787842.671852 0.0024957 -0.0281215 -0.0063905 -0.1486926 -0.0843298 -0.3978352 0.9013913
1769787842.738519 0.0023926 -0.0279817 -0.0061992 -0.1487578 -0.0813977 -0.3952877 0.9027697
1769787842.838520 0.0014978 -0.0273551 -0.0057928 -0.1483202 -0.0747657 -0.3882616 0.9064569
1769787842.905187 0.0012657 -0.0271237 -0.0062309 -0.1480883 -0.0714604 -0.3850996 0.9081088
1769787843.071852 0.0003314 -0.0260756 -0.0060267 -0.1470303 -0.0601683 -0.3704929 0.9151486
1769787843.138519 0.0000146 -0.0255782 -0.0055991 -0.1461082 -0.0550606 -0.3627540 0.9187112
1769787843.171852 0.0001536 -0.0255482 -0.0063616 -0.1450073 -0.0533060 -0.3595222 0.9202582
1769787843.205186 -0.0001928 -0.0253569 -0.0058917 -0.1450713 -0.0507632 -0.3544662 0.9223509
1769787843.305185 -0.0007980 -0.0242606 -0.0053863 -0.1419137 -0.0426602 -0.3379003 0.9294429
1769787843.371852 -0.0012305 -0.0233811 -0.0064468 -0.1387007 -0.0352262 -0.3248289 0.9348837
1769787843.405185 -0.0016517 -0.0230874 -0.0058025 -0.1379596 -0.0317994 -0.3173666 0.9376750
1769787843.471852 -0.0023241 -0.0221477 -0.0071245 -0.1354499 -0.0239975 -0.2984547 0.9444587
1769787843.538518 -0.0030434 -0.0208654 -0.0079522 -0.1309821 -0.0163281 -0.2773323 0.9516637
1769787843.571852 -0.0029079 -0.0208182 -0.0071846 -0.1304893 -0.0133616 -0.2706526 0.9536987
1769787843.605186 -0.0029813 -0.0205031 -0.0058562 -0.1292513 -0.0086184 -0.2584377 0.9573034
1769787843.638519 -0.0035393 -0.0197168 -0.0063166 -0.1265308 -0.0035687 -0.2433512 0.9616431
1769787843.671852 -0.0041080 -0.0192528 -0.0071780 -0.1243584 0.0000341 -0.2307453 0.9650345
1769787843.705185 -0.0044511 -0.0185185 -0.0075567 -0.1214536 0.0038539 -0.2215466 0.9675491
1769787843.738518 -0.0043209 -0.0186693 -0.0079047 -0.1213365 0.0052820 -0.2130703 0.9694589
1769787843.771852 -0.0044300 -0.0183782 -0.0076164 -0.1198877 0.0081521 -0.2019447 0.9719974
1769787843.805185 -0.0044230 -0.0181994 -0.0068598 -0.1177408 0.0113477 -0.1931658 0.9740099
1769787843.838518 -0.0046374 -0.0178710 -0.0063912 -0.1157341 0.0145811 -0.1851755 0.9757577
1769787843.905186 -0.0048864 -0.0171564 -0.0070334 -0.1083701 0.0194286 -0.1762580 0.9781675
1769787843.938517 -0.0057221 -0.0168416 -0.0083429 -0.1064558 0.0213612 -0.1763113 0.9783278
1769787844.005185 -0.0054572 -0.0164452 -0.0061625 -0.0988873 0.0277100 -0.1754945 0.9791094
1769787844.038518 -0.0055111 -0.0161660 -0.0065553 -0.0947602 0.0299108 -0.1761460 0.9793357
1769787844.071851 -0.0057616 -0.0157883 -0.0068812 -0.0908346 0.0327569 -0.1773797 0.9793940
1769787844.105186 -0.0056218 -0.0157101 -0.0064061 -0.0871315 0.0355673 -0.1763254 0.9798227
1769787844.138519 -0.0060189 -0.0152420 -0.0066546 -0.0827905 0.0397404 -0.1771579 0.9798886
1769787844.171851 -0.0060986 -0.0149508 -0.0064885 -0.0794717 0.0427787 -0.1777397 0.9799300
1769787844.205185 -0.0062419 -0.0149517 -0.0070154 -0.0760869 0.0456478 -0.1791265 0.9798167
1769787844.238519 -0.0061438 -0.0146945 -0.0061701 -0.0725315 0.0492127 -0.1787038 0.9799910
1769787844.271851 -0.0061503 -0.0146535 -0.0064652 -0.0696392 0.0519491 -0.1812515 0.9795915
1769787844.305185 -0.0059974 -0.0146882 -0.0063384 -0.0663350 0.0543378 -0.1829071 0.9793835
1769787844.371851 -0.0057853 -0.0144460 -0.0058001 -0.0609945 0.0611827 -0.1855341 0.9788327
1769787844.405185 -0.0060226 -0.0143560 -0.0059985 -0.0582316 0.0655844 -0.1866034 0.9785126
1769787844.438519 -0.0059137 -0.0144208 -0.0058361 -0.0565533 0.0698076 -0.1868207 0.9782774
1769787844.471851 -0.0057557 -0.0144398 -0.0056553 -0.0550647 0.0740763 -0.1889276 0.9776436
1769787844.538518 -0.0056767 -0.0140992 -0.0054699 -0.0515454 0.0829271 -0.1921749 0.9764912
1769787844.571851 -0.0057115 -0.0140092 -0.0056149 -0.0505785 0.0872277 -0.1936717 0.9758711
1769787844.605186 -0.0056434 -0.0139728 -0.0051262 -0.0494596 0.0916241 -0.1945560 0.9753495
1769787844.705184 -0.0054402 -0.0140446 -0.0050653 -0.0497633 0.1020840 -0.2025401 0.9726664
1769787844.738518 -0.0059280 -0.0136395 -0.0054354 -0.0487954 0.1061680 -0.2041879 0.9719335
1769787844.771852 -0.0057990 -0.0135243 -0.0050552 -0.0494192 0.1087452 -0.2067153 0.9710824
1769787844.805185 -0.0051612 -0.0134517 -0.0038019 -0.0494718 0.1105767 -0.2095445 0.9702662
1769787844.838517 -0.0053130 -0.0133347 -0.0041193 -0.0494081 0.1118399 -0.2104014 0.9699392
1769787844.871851 -0.0054202 -0.0132299 -0.0042552 -0.0485364 0.1125572 -0.2082660 0.9703609
1769787844.938517 -0.0061393 -0.0123405 -0.0050598 -0.0595298 0.1114768 -0.1998384 0.9716449
1769787845.038518 -0.0062687 -0.0114270 -0.0034033 -0.0776004 0.1066405 -0.1788605 0.9749948
1769787845.171851 -0.0060126 -0.0106214 -0.0010895 -0.0868323 0.1062425 -0.1534830 0.9785784
1769787845.205184 -0.0070829 -0.0103060 -0.0027210 -0.0874547 0.1063943 -0.1478833 0.9793684
1769787845.305184 -0.0069126 -0.0093710 -0.0020381 -0.0880570 0.1062282 -0.1371139 0.9808982
1769787845.338517 -0.0073292 -0.0089577 -0.0019825 -0.0875362 0.1073941 -0.1331069 0.9813697
1769787845.371851 -0.0058223 -0.0083172 0.0005002 -0.0869899 0.1070707 -0.1302578 0.9818358
1769787845.405184 -0.0071055 -0.0087106 -0.0017007 -0.0862156 0.1077373 -0.1269680 0.9822620
1769787845.638518 -0.0076014 -0.0076393 -0.0007173 -0.0736522 0.1098560 -0.1140572 0.9846309
1769787845.705184 -0.0101625 -0.0081537 -0.0054701 -0.0667759 0.1111414 -0.1111889 0.9853048
1769787845.771851 -0.0087469 -0.0076634 -0.0027845 -0.0603486 0.1114858 -0.1106624 0.9857397
1769787845.838518 -0.0091497 -0.0076182 -0.0036145 -0.0537909 0.1122216 -0.1101920 0.9860885
1769787846.038517 -0.0077648 -0.0071680 -0.0016856 -0.0392446 0.1141583 -0.1058574 0.9870268
1769787846.138517 -0.0087793 -0.0073375 -0.0023206 -0.0332728 0.1164239 -0.1021755 0.9873695
1769787846.471850 -0.0093161 -0.0066525 -0.0017983 -0.0198668 0.1235398 -0.1028999 0.9867902
1769787846.538517 -0.0091248 -0.0066094 -0.0014000 -0.0190865 0.1243495 -0.1024139 0.9867544
1769787847.105184 -0.0101113 -0.0067799 -0.0016173 -0.0203858 0.1352094 -0.1049311 0.9850342
1769787847.171850 -0.0107460 -0.0067033 -0.0018592 -0.0206938 0.1367540 -0.1048195 0.9848264
1769787847.205183 -0.0105525 -0.0066481 -0.0026274 -0.0209430 0.1370299 -0.1054006 0.9847207
1769787847.371850 -0.0109327 -0.0074984 -0.0024586 -0.0253252 0.1406121 -0.1041977 0.9842407
1769787847.438516 -0.0111006 -0.0073832 -0.0029583 -0.0264343 0.1415341 -0.1062053 0.9838647
1769787847.538516 -0.0120488 -0.0079437 -0.0027021 -0.0283664 0.1469218 -0.0951306 0.9841542
1769787847.705183 -0.0127746 -0.0082792 -0.0029051 -0.0378181 0.1482034 -0.1033145 0.9828182
1769787847.738516 -0.0095607 -0.0075905 0.0016931 -0.0401050 0.1475310 -0.1029754 0.9828643
1769787848.038533 -0.0101652 -0.0087709 0.0028427 -0.0571744 0.1528986 -0.1015249 0.9813490
1769787848.071866 -0.0136522 -0.0093149 -0.0021766 -0.0582718 0.1531754 -0.1087386 0.9804681
1769787848.238534 -0.0074877 -0.0081740 0.0068350 -0.0707094 0.1518624 -0.1098923 0.9797253
1769787848.305199 -0.0109974 -0.0103802 0.0038320 -0.0754238 0.1585525 -0.0997266 0.9794014
1769787848.805199 -0.0010162 -0.0329856 0.0099318 -0.1188720 0.1555007 -0.1040952 0.9751170
1769787848.905200 -0.0050236 -0.0283572 0.0036802 -0.1256732 0.1549924 -0.1100301 0.9736925
1769787849.505199 -0.0155121 -0.0299688 -0.0082959 -0.1658768 0.1547957 -0.1021065 0.9685543
1769787849.938532 -0.0155243 -0.0300656 -0.0090612 -0.1896011 0.1445575 -0.0978257 0.9662219
1769787850.038532 -0.0191452 -0.0319931 -0.0128141 -0.1935520 0.1424278 -0.0945584 0.9660801
1769787850.238533 -0.0173705 -0.0305436 -0.0119847 -0.1983804 0.1384786 -0.0931471 0.9658118
1769787850.271865 -0.0165050 -0.0299800 -0.0093217 -0.2000765 0.1378571 -0.0924414 0.9656187
1769787850.438532 -0.0176401 -0.0293434 -0.0109059 -0.2020726 0.1320270 -0.0913227 0.9661241
1769787850.505198 -0.0184255 -0.0304287 -0.0111381 -0.2042376 0.1304391 -0.0890022 0.9661011
1769787850.571865 -0.0208431 -0.0309127 -0.0128335 -0.2050499 0.1295573 -0.0900384 0.9659516
1769787850.705198 -0.0197463 -0.0299100 -0.0117082 -0.2049207 0.1252458 -0.0896143 0.9665869
1769787850.871864 -0.0200788 -0.0300220 -0.0117415 -0.2039665 0.1190256 -0.0875822 0.9677603
1769787850.905199 -0.0191456 -0.0291083 -0.0100641 -0.2032342 0.1173088 -0.0890418 0.9679908
1769787851.205198 -0.0194123 -0.0292129 -0.0099245 -0.1973141 0.1043105 -0.0885869 0.9707414
1769787851.238532 -0.0194135 -0.0294521 -0.0097923 -0.1960484 0.1026191 -0.0879520 0.9712357
1769787851.271864 -0.0195904 -0.0293833 -0.0102188 -0.1949103 0.1009562 -0.0889201 0.9715509
1769787851.338531 -0.0188514 -0.0295296 -0.0091562 -0.1928076 0.0981526 -0.0862658 0.9724965
1769787851.371864 -0.0207807 -0.0296290 -0.0097103 -0.1908724 0.0969746 -0.0878192 0.9728574
1769787851.438531 -0.0197336 -0.0300027 -0.0100651 -0.1883545 0.0924612 -0.0883473 0.9737393
1769787851.505198 -0.0195628 -0.0289921 -0.0084459 -0.1854664 0.0893303 -0.0898771 0.9744457
1769787851.538531 -0.0192251 -0.0288074 -0.0094594 -0.1837149 0.0870415 -0.0901431 0.9749600
1769787851.671863 -0.0209909 -0.0307502 -0.0113512 -0.1771948 0.0809260 -0.0885352 0.9768391
1769787851.705198 -0.0209028 -0.0305185 -0.0115460 -0.1748528 0.0791760 -0.0880844 0.9774450
1769787851.738530 -0.0204946 -0.0306286 -0.0109749 -0.1739218 0.0769094 -0.0893706 0.9776753
1769787851.771865 -0.0205031 -0.0300344 -0.0115362 -0.1709699 0.0755301 -0.0882432 0.9784057
1769787851.805198 -0.0200173 -0.0302509 -0.0104382 -0.1706291 0.0739323 -0.0893562 0.9784862
1769787851.871864 -0.0196035 -0.0295557 -0.0110821 -0.1653768 0.0704892 -0.0889818 0.9796755
1769787851.905198 -0.0189437 -0.0297113 -0.0100399 -0.1651461 0.0687919 -0.0893622 0.9798004
1769787851.938530 -0.0187730 -0.0291913 -0.0099088 -0.1616886 0.0672914 -0.0888439 0.9805282
1769787852.005197 -0.0184528 -0.0288473 -0.0109348 -0.1580689 0.0641049 -0.0899837 0.9812277
1769787852.038531 -0.0174570 -0.0292363 -0.0070135 -0.1562735 0.0629704 -0.0884017 0.9817324
1769787852.071863 -0.0180191 -0.0282996 -0.0097094 -0.1546188 0.0629641 -0.0893071 0.9819129
1769787852.105199 -0.0177346 -0.0284640 -0.0097981 -0.1535491 0.0624398 -0.0892567 0.9821187
1769787852.138531 -0.0174829 -0.0280206 -0.0095164 -0.1502662 0.0595060 -0.0920788 0.9825480
1769787852.171864 -0.0177991 -0.0280326 -0.0101073 -0.1489085 0.0586058 -0.0929914 0.9827229
1769787852.205197 -0.0173684 -0.0278102 -0.0109322 -0.1458075 0.0561089 -0.0927773 0.9833536
1769787852.238532 -0.0172300 -0.0271207 -0.0113135 -0.1413413 0.0550638 -0.0944447 0.9839059
1769787852.271863 -0.0165212 -0.0275076 -0.0071706 -0.1398243 0.0535189 -0.0941445 0.9842366
1769787852.505197 -0.0165132 -0.0264105 -0.0094407 -0.1179997 0.0410541 -0.0930581 0.9877909
1769787852.538530 -0.0161279 -0.0262267 -0.0093792 -0.1150103 0.0381667 -0.0946306 0.9881098
1769787852.571864 -0.0159645 -0.0263489 -0.0092169 -0.1118912 0.0359919 -0.0952810 0.9884869
1769787852.605199 -0.0165120 -0.0259432 -0.0102198 -0.1075313 0.0350545 -0.0941708 0.9891108
1769787852.638531 -0.0158408 -0.0260078 -0.0095083 -0.1051323 0.0326035 -0.0942571 0.9894442
1769787852.905198 -0.0161862 -0.0252381 -0.0075256 -0.0814959 0.0082401 -0.0870937 0.9928269
1769787852.938530 -0.0154333 -0.0244013 -0.0073641 -0.0788318 0.0040266 -0.0877435 0.9930108
1769787853.138531 -0.0156572 -0.0233368 -0.0075982 -0.0662016 -0.0161557 -0.0723028 0.9950521
1769787853.171863 -0.0154323 -0.0233279 -0.0082554 -0.0662341 -0.0177904 -0.0704893 0.9951522
1769787853.238531 -0.0154970 -0.0228739 -0.0083575 -0.0667369 -0.0167675 -0.0633719 0.9956149
1769787853.271863 -0.0148889 -0.0229463 -0.0072750 -0.0665451 -0.0161404 -0.0630894 0.9956561
1769787853.338532 -0.0150247 -0.0224965 -0.0080308 -0.0799949 -0.0125013 -0.0638043 0.9946726
1769787853.405196 -0.0152900 -0.0223964 -0.0084314 -0.0943369 -0.0106126 -0.0639357 0.9934285
1769787853.438530 -0.0148333 -0.0224772 -0.0067961 -0.0997347 -0.0089014 -0.0658365 0.9927937
1769787853.605199 -0.0127676 -0.0225762 -0.0007802 -0.1121695 -0.0068991 -0.0659096 0.9914768
1769787853.671863 -0.0128588 -0.0211779 -0.0048413 -0.1116838 -0.0093698 -0.0702008 0.9912168
1769787853.705197 -0.0154150 -0.0211871 -0.0102003 -0.1107307 -0.0088760 -0.0694064 0.9913843
1769787853.805196 -0.0174604 -0.0203097 -0.0154877 -0.1095572 -0.0075374 -0.0687352 0.9915724
1769787853.905197 -0.0174172 -0.0200516 -0.0221551 -0.1022818 -0.0094570 -0.0709445 0.9921774
1769787853.938529 -0.0175744 -0.0202465 -0.0219972 -0.1018168 -0.0091648 -0.0694607 0.9923329
1769787853.971862 -0.0180838 -0.0202836 -0.0213956 -0.0990164 -0.0078223 -0.0663786 0.9928386
1769787854.205196 -0.0166046 -0.0190584 -0.0218382 -0.0805654 -0.0126180 -0.0662533 0.9944649
1769787854.405196 -0.0157489 -0.0190194 -0.0218278 -0.0712002 -0.0150219 -0.0664775 0.9951310
1769787854.505196 -0.0157508 -0.0185927 -0.0214064 -0.0683831 -0.0161239 -0.0683735 0.9951828
1769787854.838530 -0.0156508 -0.0184585 -0.0216981 -0.0620082 -0.0187514 -0.0637436 0.9958615
1769787855.605198 -0.0148764 -0.0202794 -0.0230650 -0.0691447 -0.0293156 -0.0589742 0.9954304
1769787855.638529 -0.0148161 -0.0202981 -0.0224887 -0.0692719 -0.0294483 -0.0599150 0.9953614
1769787855.671861 -0.0149434 -0.0202818 -0.0230833 -0.0701987 -0.0295182 -0.0593817 0.9953265
1769787855.705195 -0.0148110 -0.0205617 -0.0223812 -0.0713973 -0.0301320 -0.0586420 0.9952666
1769787855.771862 -0.0146783 -0.0208918 -0.0226311 -0.0734662 -0.0311362 -0.0587146 0.9950808
1769787855.905195 -0.0147753 -0.0214294 -0.0231742 -0.0793028 -0.0326387 -0.0577184 0.9946429
1769787856.005195 -0.0148489 -0.0220668 -0.0232666 -0.0825687 -0.0331556 -0.0570281 0.9943998
1769787856.238536 -0.0146013 -0.0237689 -0.0235283 -0.0953176 -0.0351463 -0.0577001 0.9931515
1769787856.271868 -0.0145831 -0.0233192 -0.0263727 -0.0962635 -0.0367073 -0.0591647 0.9929177
1769787858.571867 -0.0178809 -0.0387411 -0.0224443 -0.2231762 -0.0979958 -0.4008500 0.8831243
1769787858.605201 -0.0179438 -0.0386714 -0.0221558 -0.2234813 -0.0974026 -0.4052745 0.8810910
1769787858.638534 -0.0178942 -0.0388087 -0.0225752 -0.2240462 -0.0981162 -0.4076837 0.8797560
1769787858.738533 -0.0188479 -0.0392137 -0.0239950 -0.2262572 -0.0961920 -0.4134390 0.8767114
1769787858.871866 -0.0193315 -0.0391265 -0.0233181 -0.2278852 -0.0934188 -0.4168516 0.8749720
1769787858.971867 -0.0193204 -0.0389412 -0.0229569 -0.2291370 -0.0913757 -0.4190584 0.8738059
1769787859.005200 -0.0197478 -0.0393405 -0.0236169 -0.2303280 -0.0905443 -0.4181676 0.8740061
1769787859.138534 -0.0201676 -0.0388867 -0.0235078 -0.2306163 -0.0851210 -0.4161488 0.8754374
1769787859.205200 -0.0204086 -0.0386973 -0.0234974 -0.2307096 -0.0819021 -0.4144898 0.8765063
1769787859.305199 -0.0206369 -0.0383147 -0.0231692 -0.2307081 -0.0762325 -0.4090358 0.8795750
1769787859.571867 -0.0216640 -0.0372910 -0.0234812 -0.2291763 -0.0580311 -0.3912046 0.8894209
1769787859.605199 -0.0219843 -0.0370454 -0.0236782 -0.2284707 -0.0544012 -0.3851922 0.8924509
1769787859.638533 -0.0219128 -0.0365536 -0.0232345 -0.2271833 -0.0517085 -0.3828114 0.8939628
1769787859.671865 -0.0221450 -0.0365644 -0.0233408 -0.2274606 -0.0490017 -0.3800922 0.8952041
1769787859.905200 -0.0232779 -0.0344660 -0.0236776 -0.2202902 -0.0232265 -0.3360757 0.9154157
1769787859.971865 -0.0236311 -0.0336930 -0.0240600 -0.2167886 -0.0145760 -0.3197154 0.9222648
1769787860.005199 -0.0238880 -0.0333432 -0.0245025 -0.2151802 -0.0094885 -0.3103662 0.9258943
1769787860.038533 -0.0240945 -0.0333310 -0.0248834 -0.2139680 -0.0047454 -0.2980816 0.9302379
1769787860.071865 -0.0241728 -0.0329830 -0.0246811 -0.2120959 -0.0001318 -0.2871031 0.9341238
1769787860.105201 -0.0246621 -0.0324866 -0.0249676 -0.2104145 0.0059213 -0.2759366 0.9378431
1769787860.138534 -0.0248251 -0.0322419 -0.0251382 -0.2074536 0.0101297 -0.2616267 0.9425560
1769787860.205199 -0.0251575 -0.0317982 -0.0250561 -0.2036113 0.0183862 -0.2424410 0.9483811
1769787860.238533 -0.0254748 -0.0312830 -0.0261375 -0.2018546 0.0220324 -0.2332907 0.9509704
1769787860.305199 -0.0257210 -0.0311798 -0.0254215 -0.1979354 0.0303118 -0.2147613 0.9559186
1769787860.338532 -0.0258543 -0.0302635 -0.0254864 -0.1921392 0.0330471 -0.2107494 0.9579014
1769787860.371866 -0.0258317 -0.0300870 -0.0253979 -0.1886773 0.0354318 -0.2049660 0.9597575
1769787860.471866 -0.0265045 -0.0294174 -0.0254925 -0.1768795 0.0437401 -0.2016525 0.9623600
1769787860.538532 -0.0264686 -0.0290384 -0.0251401 -0.1705155 0.0478469 -0.2060598 0.9623796
1769787860.638532 -0.0262002 -0.0286583 -0.0245792 -0.1603716 0.0555351 -0.2094967 0.9629683
1769787860.705199 -0.0264522 -0.0284600 -0.0252455 -0.1538147 0.0609912 -0.2113620 0.9633002
1769787860.738532 -0.0265120 -0.0285823 -0.0255493 -0.1505225 0.0637439 -0.2129554 0.9632910
1769787860.805199 -0.0261269 -0.0282398 -0.0242902 -0.1441502 0.0694937 -0.2157838 0.9632387
1769787860.838532 -0.0262342 -0.0280387 -0.0247777 -0.1407498 0.0732870 -0.2171845 0.9631456
1769787860.905200 -0.0262306 -0.0277541 -0.0246113 -0.1363471 0.0815337 -0.2201377 0.9624454
1769787861.038533 -0.0257736 -0.0271104 -0.0235784 -0.1297190 0.0984247 -0.2287714 0.9597652
1769787861.071865 -0.0256781 -0.0271008 -0.0234925 -0.1286825 0.1023547 -0.2320892 0.9586965
1769787861.138532 -0.0255864 -0.0266503 -0.0235092 -0.1265423 0.1100547 -0.2356944 0.9572477
1769787861.171865 -0.0253287 -0.0266276 -0.0230813 -0.1266900 0.1130941 -0.2396873 0.9558815
1769787861.271865 -0.0250038 -0.0263579 -0.0223616 -0.1284281 0.1184927 -0.2477081 0.9529462
1769787861.338531 -0.0250204 -0.0261196 -0.0223405 -0.1279801 0.1197245 -0.2454962 0.9534248
1769787861.438532 -0.0249874 -0.0256435 -0.0215620 -0.1469944 0.1181177 -0.2277371 0.9552888
1769787861.471865 -0.0255399 -0.0255906 -0.0219100 -0.1530549 0.1178476 -0.2197642 0.9562374
1769787861.538532 -0.0268635 -0.0240679 -0.0239699 -0.1606900 0.1171076 -0.2071083 0.9578992
1769787861.571864 -0.0257565 -0.0249431 -0.0219639 -0.1632379 0.1168111 -0.2011015 0.9587840
1769787861.638532 -0.0262651 -0.0241355 -0.0232163 -0.1656398 0.1176603 -0.1892520 0.9606785
1769787861.671864 -0.0249754 -0.0233027 -0.0195529 -0.1678493 0.1172411 -0.1867690 0.9608322
1769787861.705198 -0.0253992 -0.0231064 -0.0199045 -0.1681659 0.1182870 -0.1807307 0.9618029
1769787861.771864 -0.0247897 -0.0218441 -0.0167832 -0.1686493 0.1201588 -0.1723245 0.9630283
1769787861.838531 -0.0255040 -0.0216460 -0.0185726 -0.1672087 0.1204703 -0.1655866 0.9644217
1769787861.905199 -0.0254446 -0.0211632 -0.0177655 -0.1661744 0.1211614 -0.1602089 0.9654217
1769787861.938531 -0.0254508 -0.0209803 -0.0177264 -0.1645328 0.1212245 -0.1577614 0.9660978
1769787862.005198 -0.0252109 -0.0208680 -0.0173698 -0.1615571 0.1215767 -0.1547161 0.9670478
1769787862.071864 -0.0254239 -0.0205849 -0.0173726 -0.1577615 0.1225201 -0.1524196 0.9679196
1769787862.105198 -0.0253136 -0.0203786 -0.0169879 -0.1551332 0.1229775 -0.1511465 0.9684859
1769787862.138532 -0.0254432 -0.0201042 -0.0169965 -0.1512291 0.1239619 -0.1498317 0.9691820
1769787862.438532 -0.0247331 -0.0189180 -0.0152262 -0.1254315 0.1257460 -0.1481247 0.9728895
1769787862.471864 -0.0247606 -0.0186645 -0.0150796 -0.1226607 0.1267650 -0.1466228 0.9733379
1769787862.505198 -0.0247536 -0.0186337 -0.0150408 -0.1206314 0.1267956 -0.1460636 0.9736716
1769787862.705198 -0.0249810 -0.0182454 -0.0147213 -0.1109840 0.1298295 -0.1468107 0.9743067
1769787862.838530 -0.0249595 -0.0179421 -0.0147935 -0.1052705 0.1318588 -0.1465511 0.9747072
1769787862.938531 -0.0251257 -0.0178234 -0.0149216 -0.1027593 0.1336715 -0.1478090 0.9745383
1769787863.405193 -0.0258703 -0.0176281 -0.0144082 -0.1003421 0.1434863 -0.1473415 0.9734647
1769787863.805193 -0.0267429 -0.0182194 -0.0145403 -0.1055424 0.1519172 -0.1471896 0.9716569
1769787863.905194 -0.0271563 -0.0183544 -0.0143969 -0.1083727 0.1544794 -0.1481029 0.9708022
1769787864.105193 -0.0272533 -0.0184077 -0.0142246 -0.1160453 0.1578867 -0.1484584 0.9693118
1769787864.138527 -0.0277436 -0.0186368 -0.0144940 -0.1169406 0.1586484 -0.1479888 0.9691516
1769787864.171859 -0.0277927 -0.0187123 -0.0144193 -0.1183436 0.1594116 -0.1484627 0.9687836
1769787864.205193 -0.0281430 -0.0187558 -0.0148815 -0.1204754 0.1598885 -0.1502444 0.9681673
1769787864.371859 -0.0278271 -0.0187327 -0.0140414 -0.1295407 0.1627880 -0.1510397 0.9663883
1769787864.405193 -0.0276790 -0.0188987 -0.0136569 -0.1316365 0.1630083 -0.1513525 0.9660189
1769787864.538526 -0.0277206 -0.0191969 -0.0124894 -0.1401975 0.1652608 -0.1515764 0.9643952
1769787864.571859 -0.0282150 -0.0195512 -0.0132119 -0.1410312 0.1659117 -0.1510584 0.9642432
1769787864.605193 -0.0279423 -0.0195244 -0.0125137 -0.1436543 0.1659899 -0.1526524 0.9635912
1769787864.738525 -0.0284931 -0.0197032 -0.0121406 -0.1524356 0.1690406 -0.1501821 0.9620987
1769787864.871858 -0.0287521 -0.0201293 -0.0116346 -0.1618353 0.1710894 -0.1491444 0.9603612
1769787864.905193 -0.0286946 -0.0205989 -0.0121786 -0.1641962 0.1717029 -0.1482011 0.9599969
1769787864.938525 -0.0294193 -0.0204808 -0.0121994 -0.1666350 0.1718480 -0.1496979 0.9593183
1769787865.071858 -0.0286404 -0.0184931 -0.0113678 -0.1754781 0.1737856 -0.1471266 0.9577890
1769787865.138526 -0.0281227 -0.0181508 -0.0102293 -0.1810487 0.1743701 -0.1460823 0.9568053
1769787865.205193 -0.0293029 -0.0190231 -0.0111103 -0.1859503 0.1751308 -0.1463023 0.9556921
1769787865.238526 -0.0306970 -0.0204943 -0.0128602 -0.1889472 0.1756358 -0.1446169 0.9552681
1769787865.305192 -0.0291190 -0.0200573 -0.0102711 -0.1945581 0.1751590 -0.1452362 0.9541346
1769787865.438526 -0.0290969 -0.0214975 -0.0093459 -0.2044400 0.1760969 -0.1423351 0.9523313
1769787865.505192 -0.0280523 -0.0220042 -0.0074855 -0.2097371 0.1761000 -0.1403313 0.9514759
1769787865.605191 -0.0282150 -0.0230276 -0.0066664 -0.2168263 0.1769261 -0.1363894 0.9503060
1769787865.638525 -0.0278428 -0.0232493 -0.0060600 -0.2191966 0.1773769 -0.1354176 0.9498171
1769787865.671858 -0.0277994 -0.0233598 -0.0058540 -0.2216823 0.1766941 -0.1355670 0.9493459
1769787865.871858 -0.0277209 -0.0238691 -0.0057336 -0.2356605 0.1764143 -0.1318721 0.9465473
1769787865.905192 -0.0276735 -0.0240008 -0.0055992 -0.2374206 0.1759612 -0.1323274 0.9461282
1769787865.938525 -0.0278616 -0.0240827 -0.0055621 -0.2394738 0.1752803 -0.1317201 0.9458218
1769787866.105193 -0.0287186 -0.0245135 -0.0074466 -0.2488689 0.1723840 -0.1329647 0.9437523
1769787866.138526 -0.0290134 -0.0249483 -0.0077740 -0.2504101 0.1727336 -0.1308683 0.9435738
1769787866.205192 -0.0289331 -0.0249532 -0.0079188 -0.2541795 0.1707368 -0.1332314 0.9425981
1769787866.238526 -0.0293750 -0.0249566 -0.0083565 -0.2552713 0.1701089 -0.1335343 0.9423736
1769787866.271857 -0.0293291 -0.0250812 -0.0082870 -0.2560937 0.1699153 -0.1328765 0.9422784
1769787866.405191 -0.0297339 -0.0233348 -0.0075477 -0.2592851 0.1693887 -0.1309722 0.9417670
1769787866.671857 -0.0302168 -0.0238147 -0.0091661 -0.2680300 0.1630400 -0.1284618 0.9407845
1769787866.705191 -0.0308587 -0.0247105 -0.0103106 -0.2687569 0.1621227 -0.1278746 0.9408156
1769787866.738524 -0.0311111 -0.0247264 -0.0104342 -0.2693358 0.1613176 -0.1280043 0.9407709
1769787866.905192 -0.0316555 -0.0250987 -0.0107913 -0.2729080 0.1563512 -0.1262472 0.9408173
1769787867.005191 -0.0311991 -0.0243567 -0.0100333 -0.2742532 0.1542370 -0.1227611 0.9412363
1769787867.038525 -0.0312825 -0.0244780 -0.0100897 -0.2745855 0.1531637 -0.1230300 0.9412796
1769787867.071857 -0.0316066 -0.0246847 -0.0102445 -0.2749659 0.1522507 -0.1231173 0.9413053
1769787867.305190 -0.0317125 -0.0238563 -0.0096971 -0.2747337 0.1446399 -0.1204531 0.9429166
1769787867.405190 -0.0319401 -0.0237327 -0.0090840 -0.2742741 0.1411576 -0.1201737 0.9436136
1769787867.438525 -0.0319319 -0.0235304 -0.0092232 -0.2737694 0.1398587 -0.1205425 0.9439064
1769787867.571857 -0.0329938 -0.0240900 -0.0094127 -0.2714235 0.1347418 -0.1181227 0.9456326
1769787867.605192 -0.0330234 -0.0243655 -0.0096721 -0.2708635 0.1335575 -0.1181670 0.9459556
1769787867.638524 -0.0328497 -0.0242726 -0.0095909 -0.2701389 0.1331606 -0.1177972 0.9462648
1769787867.771857 -0.0320780 -0.0238941 -0.0109392 -0.2646264 0.1250865 -0.1158783 0.9491567
1769787867.805191 -0.0313734 -0.0235450 -0.0100355 -0.2635688 0.1232965 -0.1163800 0.9496237
1769787867.838523 -0.0307877 -0.0234752 -0.0092632 -0.2627452 0.1214849 -0.1167717 0.9500372
1769787867.871856 -0.0305370 -0.0231896 -0.0093549 -0.2613277 0.1194355 -0.1177978 0.9505613
1769787867.938523 -0.0301946 -0.0232270 -0.0098638 -0.2590105 0.1168431 -0.1152959 0.9518236
1769787867.971856 -0.0301443 -0.0229703 -0.0103697 -0.2574832 0.1145540 -0.1176198 0.9522318
1769787868.005191 -0.0298263 -0.0228704 -0.0105580 -0.2563636 0.1131743 -0.1181829 0.9526291
1769787868.071856 -0.0289083 -0.0221992 -0.0095127 -0.2530301 0.1092751 -0.1193974 0.9538233
1769787868.105191 -0.0285736 -0.0220584 -0.0095809 -0.2514711 0.1084354 -0.1178655 0.9545218
1769787868.138524 -0.0284154 -0.0219771 -0.0097245 -0.2498810 0.1059960 -0.1188985 0.9550850
1769787868.205190 -0.0282784 -0.0219494 -0.0101298 -0.2468167 0.1036308 -0.1177781 0.9562795
1769787868.238524 -0.0276391 -0.0217612 -0.0096083 -0.2457812 0.1020108 -0.1188241 0.9565910
1769787868.271857 -0.0277668 -0.0216479 -0.0096834 -0.2440564 0.1006621 -0.1190610 0.9571458
1769787868.305189 -0.0273034 -0.0216539 -0.0102400 -0.2422071 0.0987891 -0.1196687 0.9577348
1769787868.338523 -0.0272139 -0.0213758 -0.0096388 -0.2416336 0.0976602 -0.1200911 0.9579425
1769787868.371858 -0.0268859 -0.0211131 -0.0099213 -0.2386147 0.0957386 -0.1189375 0.9590365
1769787868.405190 -0.0259230 -0.0208998 -0.0083307 -0.2366346 0.0944262 -0.1173627 0.9598509
1769787868.438524 -0.0265034 -0.0211450 -0.0091648 -0.2351454 0.0934529 -0.1173163 0.9603177
1769787868.471857 -0.0266332 -0.0210080 -0.0086913 -0.2332365 0.0920005 -0.1181898 0.9608163
1769787868.505190 -0.0264704 -0.0205660 -0.0087241 -0.2315717 0.0903647 -0.1188840 0.9612884
1769787868.538523 -0.0263257 -0.0207956 -0.0079773 -0.2300662 0.0895369 -0.1193069 0.9616749
1769787868.605190 -0.0262179 -0.0211332 -0.0075196 -0.2266260 0.0869029 -0.1191808 0.9627485
1769787868.638524 -0.0261945 -0.0211045 -0.0079669 -0.2243407 0.0855039 -0.1199128 0.9633178
1769787868.671856 -0.0258257 -0.0206766 -0.0080937 -0.2211212 0.0830638 -0.1212060 0.9641135
1769787868.705190 -0.0256864 -0.0204593 -0.0084792 -0.2181206 0.0811180 -0.1215271 0.9649220
1769787868.738522 -0.0255593 -0.0205379 -0.0078535 -0.2154167 0.0796252 -0.1221027 0.9655809
1769787868.871856 -0.0248927 -0.0197905 -0.0082131 -0.2023098 0.0718193 -0.1234807 0.9688474
1769787868.905190 -0.0246934 -0.0194583 -0.0085217 -0.1991361 0.0696529 -0.1234824 0.9696625
1769787868.938523 -0.0244013 -0.0195463 -0.0076859 -0.1968743 0.0675443 -0.1239028 0.9702197
1769787869.005190 -0.0239579 -0.0193557 -0.0071702 -0.1918886 0.0632727 -0.1238599 0.9715112
1769787869.038523 -0.0242033 -0.0193292 -0.0075130 -0.1884452 0.0609673 -0.1247834 0.9722142
1769787869.071856 -0.0240580 -0.0190509 -0.0074604 -0.1849621 0.0593212 -0.1238758 0.9731006
1769787869.105191 -0.0238660 -0.0191203 -0.0071358 -0.1820505 0.0570125 -0.1246585 0.9736875
1769787869.138524 -0.0233254 -0.0185439 -0.0064410 -0.1783177 0.0547276 -0.1243023 0.9745546
1769787869.205190 -0.0234429 -0.0185132 -0.0063276 -0.1734313 0.0483469 -0.1243396 0.9757683
1769787869.305189 -0.0228149 -0.0177610 -0.0061603 -0.1641610 0.0363699 -0.1224984 0.9781220
1769787869.405189 -0.0225381 -0.0174447 -0.0059173 -0.1577179 0.0238298 -0.1206779 0.9797928
1769787869.438523 -0.0221411 -0.0172503 -0.0050562 -0.1556970 0.0201439 -0.1184929 0.9804653
1769787869.471855 -0.0218960 -0.0169560 -0.0047150 -0.1528275 0.0169535 -0.1148731 0.9814074
1769787869.505190 -0.0217886 -0.0168655 -0.0048846 -0.1501258 0.0130303 -0.1112726 0.9822987
1769787869.538523 -0.0217191 -0.0166478 -0.0044096 -0.1482842 0.0096390 -0.1079494 0.9829882
1769787869.571855 -0.0217087 -0.0164743 -0.0046736 -0.1460594 0.0076042 -0.1035594 0.9838111
1769787869.638523 -0.0206944 -0.0156078 -0.0029010 -0.1437042 0.0032548 -0.0956486 0.9849821
1769787869.671855 -0.0203824 -0.0154820 -0.0033130 -0.1428810 0.0030075 -0.0913334 0.9855121
1769787869.738523 -0.0199755 -0.0152146 -0.0030328 -0.1407556 0.0035731 -0.0856285 0.9863280
1769787869.771856 -0.0208199 -0.0159667 -0.0047949 -0.1467226 0.0053935 -0.0867803 0.9853490
1769787869.938522 -0.0183246 -0.0144282 -0.0023703 -0.1757677 0.0075075 -0.0875260 0.9805042
1769787869.971855 -0.0178415 -0.0140644 -0.0010154 -0.1781233 0.0076409 -0.0878985 0.9800447
1769787870.038522 -0.0173467 -0.0138466 -0.0009727 -0.1815754 0.0071892 -0.0879872 0.9794065
1769787870.105189 -0.0172378 -0.0133389 -0.0007685 -0.1832178 0.0064510 -0.0882703 0.9790802
1769787870.171856 -0.0170463 -0.0132127 -0.0007291 -0.1828265 0.0055503 -0.0877145 0.9792088
1769787870.238523 -0.0171610 -0.0132513 -0.0006849 -0.1818832 0.0044456 -0.0891155 0.9792636
1769787870.271855 -0.0165917 -0.0130297 -0.0006629 -0.1805271 0.0038351 -0.0887075 0.9795541
1769787870.305188 -0.0165247 -0.0128655 -0.0008546 -0.1788810 0.0031568 -0.0897864 0.9797602
1769787870.371855 -0.0160523 -0.0125134 -0.0011370 -0.1753787 0.0021766 -0.0897855 0.9803959
1769787870.405189 -0.0159903 -0.0127040 -0.0011449 -0.1728904 0.0018823 -0.0896259 0.9808530
1769787870.438522 -0.0159545 -0.0125755 -0.0013316 -0.1699383 0.0021310 -0.0893652 0.9813920
1769787870.538522 -0.0154646 -0.0122422 -0.0009620 -0.1622597 0.0013636 -0.0895898 0.9826717
1769787870.571855 -0.0153612 -0.0120387 -0.0009597 -0.1595029 0.0009381 -0.0895161 0.9831301
1769787870.605191 -0.0153450 -0.0118570 -0.0009543 -0.1570963 0.0015485 -0.0889856 0.9835649
1769787870.738521 -0.0151928 -0.0119332 -0.0008695 -0.1503395 0.0011713 -0.0894582 0.9845781
1769787870.905189 -0.0150384 -0.0112830 -0.0007799 -0.1422006 -0.0001779 -0.0891947 0.9858109
1769787870.938521 -0.0147269 -0.0114135 -0.0003666 -0.1419861 -0.0006621 -0.0902319 0.9857473
1769787871.005189 -0.0147367 -0.0112749 -0.0003687 -0.1398249 -0.0014036 -0.0897719 0.9860974
1769787871.038522 -0.0146923 -0.0114330 -0.0006742 -0.1391689 -0.0016101 -0.0896712 0.9861990
1769787871.338531 -0.0144729 -0.0113229 -0.0006137 -0.1348102 -0.0048529 -0.0877600 0.9869655
1769787871.371865 -0.0144174 -0.0112077 -0.0006328 -0.1338575 -0.0050511 -0.0873903 0.9871269
1769787871.605198 -0.0141839 -0.0114357 -0.0008346 -0.1334306 -0.0079896 -0.0852813 0.9873497
1769787871.905198 -0.0140935 -0.0120211 -0.0010570 -0.1368083 -0.0110689 -0.0827234 0.9870754
1769787871.938530 -0.0143089 -0.0122284 -0.0013786 -0.1376089 -0.0112475 -0.0830170 0.9869375
1769787872.071863 -0.0143629 -0.0126562 -0.0011877 -0.1404056 -0.0120895 -0.0803542 0.9867539
1769787872.105199 -0.0143335 -0.0128640 -0.0013669 -0.1411614 -0.0125256 -0.0804456 0.9866332
1769787872.238531 -0.0146036 -0.0130616 -0.0018495 -0.1436982 -0.0127173 -0.0773231 0.9865142
1769787872.305197 -0.0145697 -0.0133377 -0.0021732 -0.1456941 -0.0136012 -0.0775650 0.9861906
1769787872.405197 -0.0148613 -0.0136561 -0.0024763 -0.1492664 -0.0140578 -0.0756796 0.9857964
1769787872.438531 -0.0145167 -0.0137378 -0.0018846 -0.1499486 -0.0145043 -0.0760157 0.9856606
1769787872.538530 -0.0148586 -0.0143073 -0.0030793 -0.1541969 -0.0152498 -0.0765429 0.9849527
1769787872.705197 -0.0146908 -0.0156522 -0.0025794 -0.1636980 -0.0168840 -0.0770206 0.9833543
1769787872.771863 -0.0146259 -0.0160972 -0.0027110 -0.1668895 -0.0169516 -0.0766299 0.9828471
1769787872.805197 -0.0147836 -0.0163881 -0.0028238 -0.1685268 -0.0167631 -0.0757873 0.9826363
1769787872.838529 -0.0146875 -0.0168462 -0.0025819 -0.1713293 -0.0170795 -0.0750038 0.9822062
1769787873.005197 -0.0151614 -0.0184047 -0.0023981 -0.1812352 -0.0166727 -0.0717240 0.9806791
1769787873.038530 -0.0151613 -0.0187301 -0.0022025 -0.1834391 -0.0165656 -0.0709909 0.9803244
1769787873.105197 -0.0151540 -0.0195413 -0.0022904 -0.1877726 -0.0163018 -0.0689502 0.9796538
1769787873.205197 -0.0150100 -0.0208435 -0.0013615 -0.1957617 -0.0166623 -0.0673682 0.9781929
1769787873.238530 -0.0154494 -0.0215211 -0.0020703 -0.1978634 -0.0162160 -0.0674671 0.9777706
1769787873.371862 -0.0155149 -0.0226418 -0.0013048 -0.2072884 -0.0152384 -0.0642203 0.9760507
1769787873.438530 -0.0157388 -0.0234884 -0.0013634 -0.2125618 -0.0142925 -0.0630065 0.9750094
1769787873.505197 -0.0156160 -0.0243389 -0.0008090 -0.2177065 -0.0143633 -0.0628899 0.9738801
1769787873.538530 -0.0156648 -0.0248260 -0.0008900 -0.2196986 -0.0150396 -0.0654683 0.9732524
1769787873.571862 -0.0157072 -0.0250994 -0.0009924 -0.2217573 -0.0183988 -0.0770801 0.9718764
1769787873.605197 -0.0157620 -0.0254571 -0.0010841 -0.2239446 -0.0210233 -0.0883012 0.9703658
1769787873.671862 -0.0158797 -0.0268143 -0.0007341 -0.2299457 -0.0270579 -0.1128345 0.9662615
1769787873.738529 -0.0153071 -0.0265885 0.0008872 -0.2355799 -0.0321838 -0.1341097 0.9620192
1769787873.771862 -0.0161972 -0.0273690 -0.0007145 -0.2366786 -0.0345579 -0.1446691 0.9601353
1769787873.805196 -0.0156067 -0.0273452 0.0003508 -0.2387120 -0.0373676 -0.1556404 0.9578081
1769787873.838529 -0.0156960 -0.0272152 -0.0002488 -0.2410122 -0.0399978 -0.1668141 0.9552415
1769787873.938529 -0.0157297 -0.0268135 -0.0010137 -0.2470103 -0.0483770 -0.1990486 0.9471142
1769787873.971861 -0.0151091 -0.0251725 0.0020556 -0.2486863 -0.0511037 -0.2093027 0.9443177
1769787874.005196 -0.0156777 -0.0254860 0.0003700 -0.2502986 -0.0532571 -0.2193199 0.9414951
1769787874.038530 -0.0166818 -0.0258584 0.0012026 -0.2531771 -0.0554854 -0.2289564 0.9382972
1769787874.105196 -0.0162567 -0.0257544 0.0009989 -0.2559111 -0.0609509 -0.2472670 0.9325522
1769787874.171862 -0.0161761 -0.0261229 0.0013526 -0.2580874 -0.0648698 -0.2617424 0.9277250
1769787874.205195 -0.0155755 -0.0250182 0.0017177 -0.2602396 -0.0676120 -0.2738389 0.9234263
1769787874.238530 -0.0162631 -0.0253382 0.0003448 -0.2613643 -0.0702844 -0.2823061 0.9203543
1769787874.271862 -0.0158250 -0.0249814 0.0006557 -0.2616841 -0.0717992 -0.2861027 0.9189731
1769787874.305196 -0.0171904 -0.0260056 -0.0032086 -0.2630639 -0.0729953 -0.2948891 0.9157016
1769787874.338529 -0.0169189 -0.0255718 -0.0009382 -0.2642900 -0.0761829 -0.3042607 0.9120156
1769787874.371864 -0.0166132 -0.0263214 -0.0028076 -0.2662417 -0.0796177 -0.3130723 0.9081642
1769787874.405196 -0.0166015 -0.0264258 -0.0023624 -0.2674066 -0.0817209 -0.3202595 0.9051239
1769787874.438529 -0.0168910 -0.0259134 -0.0001947 -0.2687899 -0.0817211 -0.3262077 0.9025864
1769787874.471862 -0.0168000 -0.0270481 -0.0015455 -0.2710930 -0.0855063 -0.3349986 0.8983169
1769787874.505196 -0.0170483 -0.0272237 -0.0019727 -0.2717339 -0.0866055 -0.3409726 0.8957666
1769787875.038529 -0.0186827 -0.0298975 -0.0018352 -0.2877028 -0.1033025 -0.4134386 0.8576854
1769787875.138530 -0.0193916 -0.0304342 -0.0030924 -0.2891210 -0.1027198 -0.4205964 0.8537895
1769787875.438529 -0.0201021 -0.0302677 -0.0019406 -0.2935356 -0.0988373 -0.4308562 0.8476031
1769787875.571861 -0.0205364 -0.0299717 -0.0019221 -0.2944135 -0.0936389 -0.4299785 0.8483342
1769787875.605195 -0.0207871 -0.0300236 -0.0020292 -0.2947729 -0.0919477 -0.4291337 0.8488220
1769787875.638529 -0.0210051 -0.0298980 -0.0020198 -0.2950133 -0.0899821 -0.4280461 0.8494980
1769787875.671861 -0.0211124 -0.0298116 -0.0021180 -0.2951550 -0.0881008 -0.4270422 0.8501510
1769787875.738528 -0.0214613 -0.0298008 -0.0026369 -0.2950944 -0.0846877 -0.4247750 0.8516535
1769787875.805195 -0.0215799 -0.0293512 -0.0018665 -0.2952371 -0.0803182 -0.4208961 0.8539500
1769787875.938528 -0.0220674 -0.0290436 -0.0023838 -0.2945026 -0.0709617 -0.4113510 0.8596645
1769787876.005195 -0.0222613 -0.0285609 -0.0023656 -0.2934754 -0.0650477 -0.4064584 0.8628051
1769787876.105195 -0.0228418 -0.0279397 -0.0024710 -0.2916580 -0.0555542 -0.3951995 0.8692909
1769787876.138530 -0.0230829 -0.0278085 -0.0026301 -0.2910115 -0.0523582 -0.3910110 0.8715971
1769787876.171861 -0.0230998 -0.0275007 -0.0024860 -0.2903610 -0.0490554 -0.3866526 0.8739473
1769787876.205195 -0.0229798 -0.0272057 -0.0016761 -0.2902584 -0.0456747 -0.3813844 0.8764758
1769787876.238528 -0.0230853 -0.0270134 -0.0019684 -0.2896304 -0.0425508 -0.3767323 0.8788495
1769787876.271861 -0.0231914 -0.0267336 -0.0015605 -0.2884274 -0.0386316 -0.3715359 0.8816339
1769787876.338527 -0.0234953 -0.0265667 -0.0024194 -0.2858665 -0.0294134 -0.3582775 0.8882862
1769787876.371860 -0.0239169 -0.0260631 -0.0027943 -0.2845492 -0.0248745 -0.3519034 0.8913905
1769787876.405195 -0.0233681 -0.0254438 -0.0016579 -0.2837659 -0.0208519 -0.3449093 0.8944717
1769787876.471861 -0.0238581 -0.0249781 -0.0019977 -0.2810946 -0.0110451 -0.3255895 0.9026934
1769787876.505195 -0.0239593 -0.0243396 -0.0018408 -0.2791271 -0.0052260 -0.3150505 0.9070854
1769787876.538528 -0.0239797 -0.0240514 -0.0019147 -0.2776901 -0.0001670 -0.3034901 0.9114724
1769787876.571860 -0.0240527 -0.0236850 -0.0015760 -0.2753134 0.0062757 -0.2921165 0.9158772
1769787876.605196 -0.0244089 -0.0234834 -0.0018123 -0.2720797 0.0124453 -0.2802728 0.9204699
1769787876.638528 -0.0244477 -0.0230156 -0.0016148 -0.2703461 0.0170485 -0.2717821 0.9234484
1769787876.671860 -0.0245253 -0.0230904 -0.0014595 -0.2690190 0.0218839 -0.2630475 0.9262591
1769787876.705195 -0.0248112 -0.0231299 -0.0019007 -0.2673788 0.0260631 -0.2550648 0.9288548
1769787876.738527 -0.0247194 -0.0227584 -0.0016097 -0.2655843 0.0297954 -0.2481203 0.9311356
1769787876.771861 -0.0245705 -0.0226694 -0.0013370 -0.2632623 0.0337360 -0.2397562 0.9338478
1769787876.805194 -0.0250221 -0.0225675 -0.0017293 -0.2602958 0.0372089 -0.2356106 0.9356010
1769787876.838527 -0.0252194 -0.0227302 -0.0021301 -0.2576452 0.0389402 -0.2332892 0.9368451
1769787876.871861 -0.0251249 -0.0223571 -0.0015303 -0.2539794 0.0417177 -0.2328426 0.9378371
1769787876.905195 -0.0254331 -0.0219687 -0.0020025 -0.2500159 0.0436954 -0.2327346 0.9388384
1769787876.938527 -0.0253104 -0.0218608 -0.0018531 -0.2464590 0.0457537 -0.2335813 0.9394702
1769787876.971860 -0.0253976 -0.0214946 -0.0017546 -0.2421487 0.0484534 -0.2349716 0.9401089
1769787877.005194 -0.0253997 -0.0216127 -0.0016826 -0.2395038 0.0504166 -0.2358238 0.9404697
1769787877.071860 -0.0250689 -0.0208025 -0.0006511 -0.2315635 0.0563601 -0.2376036 0.9416721
1769787877.105194 -0.0254324 -0.0206265 -0.0010900 -0.2285934 0.0588946 -0.2402464 0.9415722
1769787877.138530 -0.0249732 -0.0204731 -0.0005183 -0.2256445 0.0610788 -0.2412179 0.9418959
1769787877.171860 -0.0261358 -0.0208419 -0.0023245 -0.2230077 0.0640538 -0.2433197 0.9417856
1769787877.205194 -0.0257441 -0.0206185 -0.0017751 -0.2193237 0.0663454 -0.2468111 0.9415836
1769787877.238528 -0.0252121 -0.0203633 -0.0006934 -0.2157165 0.0694801 -0.2450475 0.9426509
1769787877.271860 -0.0250155 -0.0200932 -0.0006910 -0.2119842 0.0719410 -0.2466853 0.9428858
1769787877.305193 -0.0255019 -0.0201618 -0.0014513 -0.2087307 0.0755130 -0.2488693 0.9427584
1769787877.371861 -0.0255354 -0.0198204 -0.0009703 -0.2033790 0.0835967 -0.2533263 0.9420586
1769787877.471860 -0.0248045 -0.0193645 -0.0006270 -0.1980381 0.0951144 -0.2613104 0.9399208
1769787877.505194 -0.0244951 -0.0196273 -0.0005913 -0.1972837 0.0981630 -0.2640510 0.9389996
1769787877.538527 -0.0247732 -0.0188748 -0.0003409 -0.1946831 0.1027891 -0.2666070 0.9383249
1769787877.571860 -0.0248217 -0.0192872 -0.0001003 -0.1951664 0.1067244 -0.2682849 0.9373063
1769787877.605193 -0.0245130 -0.0190671 0.0002659 -0.1940137 0.1104585 -0.2721149 0.9360081
1769787877.638528 -0.0245600 -0.0188191 0.0002197 -0.1938648 0.1128783 -0.2759728 0.9346197
1769787877.738527 -0.0245501 -0.0189469 0.0003030 -0.1951213 0.1180554 -0.2842970 0.9312174
1769787877.771860 -0.0243613 -0.0186991 0.0003590 -0.1950249 0.1190639 -0.2837737 0.9312689
1769787877.838526 -0.0244070 -0.0180057 0.0000718 -0.1969250 0.1198427 -0.2804976 0.9317614
1769787877.905195 -0.0252881 -0.0180438 -0.0007307 -0.2117657 0.1209479 -0.2645936 0.9330150
1769787877.938527 -0.0255336 -0.0180374 -0.0003632 -0.2180065 0.1215655 -0.2559842 0.9338989
1769787878.005194 -0.0253129 -0.0174317 0.0002682 -0.2255768 0.1214127 -0.2443983 0.9352238
1769787878.038527 -0.0256556 -0.0172371 0.0002261 -0.2277435 0.1229443 -0.2371685 0.9363593
1769787878.105195 -0.0258505 -0.0167608 -0.0002936 -0.2306578 0.1238550 -0.2290350 0.9375499
1769787878.138528 -0.0257895 -0.0161987 0.0001998 -0.2322617 0.1243650 -0.2243165 0.9382271
1769787878.171860 -0.0260823 -0.0161532 -0.0002960 -0.2331901 0.1254753 -0.2194649 0.9389960
1769787878.205194 -0.0265913 -0.0160293 -0.0014261 -0.2332859 0.1259260 -0.2153378 0.9398670
1769787878.238527 -0.0261915 -0.0155953 -0.0001265 -0.2335979 0.1265808 -0.2125519 0.9403356
1769787878.271860 -0.0260553 -0.0154297 -0.0002267 -0.2333665 0.1265218 -0.2098183 0.9410147
1769787878.371859 -0.0267018 -0.0148216 -0.0009546 -0.2310923 0.1289920 -0.2016876 0.9430162
1769787878.405193 -0.0261828 -0.0146552 0.0000423 -0.2303137 0.1289188 -0.1988230 0.9438246
1769787878.505193 -0.0260346 -0.0143941 0.0001996 -0.2265360 0.1293988 -0.1967964 0.9450971
1769787878.538526 -0.0265805 -0.0144082 -0.0005014 -0.2236503 0.1296508 -0.1946257 0.9461988
1769787878.838516 -0.0268482 -0.0129778 -0.0003568 -0.1964200 0.1318897 -0.1874530 0.9533550
1769787878.871850 -0.0268693 -0.0127402 -0.0000878 -0.1938142 0.1333392 -0.1874794 0.9536814
1769787878.905184 -0.0267345 -0.0124160 0.0002946 -0.1909250 0.1333703 -0.1872481 0.9543051
1769787878.971848 -0.0265686 -0.0121227 0.0001671 -0.1867551 0.1341278 -0.1869374 0.9550846
1769787879.038516 -0.0265773 -0.0119836 0.0007269 -0.1823857 0.1353735 -0.1861790 0.9559011
1769787879.338515 -0.0270557 -0.0112916 0.0004517 -0.1696547 0.1402456 -0.1858007 0.9576151
1769787879.605183 -0.0273986 -0.0108731 0.0012688 -0.1645021 0.1459562 -0.1864260 0.9575391
1769787880.005182 -0.0280761 -0.0111421 0.0011559 -0.1664213 0.1533486 -0.1874155 0.9558575
1769787880.138517 -0.0285826 -0.0112227 0.0005692 -0.1681335 0.1550405 -0.1906307 0.9546484
1769787880.205182 -0.0290150 -0.0113691 0.0005021 -0.1690197 0.1569788 -0.1903276 0.9542355
1769787880.438516 -0.0296427 -0.0120902 0.0006958 -0.1758736 0.1621222 -0.1902474 0.9521506
1769787880.471849 -0.0293949 -0.0118839 0.0007105 -0.1767419 0.1625490 -0.1903114 0.9519042
1769787880.571847 -0.0307089 -0.0129053 -0.0004342 -0.1805366 0.1648375 -0.1905653 0.9507471
1769787880.638517 -0.0309994 -0.0129000 -0.0001038 -0.1835928 0.1667365 -0.1900962 0.9499242
1769787880.738514 -0.0312008 -0.0132727 -0.0003771 -0.1878159 0.1674198 -0.1922470 0.9485447
1769787880.805181 -0.0310349 -0.0133969 0.0002083 -0.1910907 0.1687028 -0.1923383 0.9476444
1769787880.938514 -0.0303991 -0.0132960 0.0015111 -0.1997356 0.1706854 -0.1938539 0.9451946
1769787881.005181 -0.0293454 -0.0114535 0.0029659 -0.2030439 0.1720489 -0.1927513 0.9444678
1769787881.071847 -0.0305442 -0.0138630 0.0025424 -0.2073388 0.1737781 -0.1915602 0.9434599
1769787881.205181 -0.0323640 -0.0154155 0.0023753 -0.2165665 0.1785817 -0.1872793 0.9413469
1769787881.405181 -0.0344058 -0.0148242 -0.0004457 -0.2292208 0.1796954 -0.1931440 0.9369434
1769787881.471847 -0.0339744 -0.0151092 0.0027647 -0.2351247 0.1835951 -0.1880824 0.9357533
1769787881.505181 -0.0345306 -0.0155966 0.0014539 -0.2368959 0.1825745 -0.1901553 0.9350871
1769787881.538514 -0.0352773 -0.0166863 0.0013422 -0.2393440 0.1834937 -0.1881234 0.9346946
1769787881.605181 -0.0356600 -0.0173761 0.0015034 -0.2442643 0.1862568 -0.1838043 0.9337341
1769787881.638516 -0.0352072 -0.0172790 0.0020028 -0.2470833 0.1852426 -0.1846481 0.9330274
1769787881.738513 -0.0352257 -0.0181028 0.0035336 -0.2547982 0.1873579 -0.1810342 0.9312366
1769787881.771847 -0.0355911 -0.0179977 0.0025561 -0.2573151 0.1876493 -0.1823132 0.9302358
1769787881.805181 -0.0363090 -0.0182891 0.0008267 -0.2593366 0.1870666 -0.1836098 0.9295365
1769787881.838513 -0.0364313 -0.0186664 0.0020257 -0.2609869 0.1884789 -0.1805442 0.9293898
1769787881.938514 -0.0383685 -0.0215668 0.0011798 -0.2702839 0.1886496 -0.1787595 0.9270399
1769787881.971847 -0.0365954 -0.0206428 0.0033377 -0.2717146 0.1894468 -0.1764839 0.9268951
1769787882.138516 -0.0386941 -0.0230021 0.0021077 -0.2801661 0.1917872 -0.1706370 0.9249907
1769787882.305180 -0.0310844 -0.0205610 0.0102317 -0.2890262 0.1923822 -0.1702304 0.9222118
1769787882.338513 -0.0360961 -0.0215784 0.0053080 -0.2896853 0.1924803 -0.1722505 0.9216092
1769787882.371846 -0.0369464 -0.0215025 0.0052538 -0.2924835 0.1927956 -0.1708786 0.9209146
1769787882.505180 -0.0376771 -0.0241577 0.0041333 -0.2997892 0.1904138 -0.1708650 0.9190615
1769787882.838512 -0.0385530 -0.0255578 0.0033891 -0.3167596 0.1858303 -0.1634275 0.9156538
1769787882.905181 -0.0382770 -0.0263075 0.0031635 -0.3199314 0.1838658 -0.1631489 0.9149971
1769787882.971846 -0.0379876 -0.0261105 0.0039427 -0.3229412 0.1829040 -0.1613909 0.9144441
1769787883.005180 -0.0380575 -0.0265900 0.0034484 -0.3240139 0.1818193 -0.1607414 0.9143955
1769787883.071846 -0.0381617 -0.0268679 0.0031076 -0.3258944 0.1806741 -0.1596642 0.9141428
1769787883.171846 -0.0384364 -0.0271253 0.0033214 -0.3284867 0.1792844 -0.1567756 0.9139885
1769787883.405180 -0.0384811 -0.0276029 0.0024970 -0.3334887 0.1716588 -0.1541462 0.9140884
1769787883.438513 -0.0379544 -0.0275595 0.0029473 -0.3344736 0.1705082 -0.1541154 0.9139490
1769787883.638515 -0.0392213 -0.0274122 0.0024539 -0.3353761 0.1656707 -0.1512771 0.9149816
1769787883.871846 -0.0383467 -0.0265912 0.0034345 -0.3346458 0.1572847 -0.1476981 0.9173107
1769787883.905180 -0.0390639 -0.0264775 0.0035145 -0.3340361 0.1562651 -0.1477387 0.9177006
1769787883.938512 -0.0392341 -0.0266202 0.0034662 -0.3339739 0.1548429 -0.1482690 0.9178787
1769787884.005179 -0.0399497 -0.0269816 0.0031743 -0.3325213 0.1524721 -0.1466540 0.9190617
1769787884.038513 -0.0400751 -0.0271055 0.0033473 -0.3322997 0.1513398 -0.1469098 0.9192882
1769787884.071845 -0.0407305 -0.0271899 0.0034860 -0.3316702 0.1500305 -0.1477364 0.9195976
1769787884.171846 -0.0397589 -0.0264368 0.0039370 -0.3288869 0.1456294 -0.1451910 0.9217077
1769787884.205179 -0.0409749 -0.0272388 0.0030559 -0.3279687 0.1439044 -0.1465748 0.9220867
1769787884.271845 -0.0403138 -0.0270759 0.0045551 -0.3262987 0.1414895 -0.1437771 0.9234923
1769787884.305179 -0.0405091 -0.0267017 0.0037526 -0.3243369 0.1388035 -0.1456957 0.9242899
1769787884.338512 -0.0404118 -0.0269839 0.0037666 -0.3232740 0.1369006 -0.1447552 0.9250935
1769787884.371845 -0.0396339 -0.0269813 0.0045344 -0.3221577 0.1355094 -0.1431168 0.9259424
1769787884.405179 -0.0409129 -0.0272003 0.0045756 -0.3213999 0.1341300 -0.1441273 0.9262498
1769787884.438513 -0.0401387 -0.0263916 0.0053756 -0.3203039 0.1315168 -0.1456142 0.9267714
1769787884.471845 -0.0405364 -0.0272036 0.0041617 -0.3185850 0.1305436 -0.1441879 0.9277240
1769787884.505179 -0.0409987 -0.0273352 0.0034420 -0.3164726 0.1288789 -0.1443081 0.9286606
1769787884.571845 -0.0407270 -0.0274891 0.0027183 -0.3131973 0.1254704 -0.1425728 0.9305040
1769787884.638514 -0.0407500 -0.0273742 0.0022451 -0.3100460 0.1211223 -0.1449018 0.9317749
1769787884.671845 -0.0405749 -0.0271242 0.0024851 -0.3084103 0.1195224 -0.1438364 0.9326889
1769787884.705179 -0.0399282 -0.0268817 0.0032432 -0.3074349 0.1181934 -0.1437901 0.9331873
1769787884.738512 -0.0398094 -0.0266255 0.0026518 -0.3049545 0.1162561 -0.1441059 0.9341952
1769787884.771845 -0.0396191 -0.0267982 0.0026759 -0.3040847 0.1152639 -0.1433178 0.9347228
1769787884.805179 -0.0394371 -0.0265127 0.0029458 -0.3024868 0.1132627 -0.1448399 0.9352512
1769787884.838512 -0.0389074 -0.0264959 0.0025990 -0.3007187 0.1118555 -0.1434408 0.9362058
1769787884.905180 -0.0390157 -0.0265490 0.0027297 -0.2981665 0.1100963 -0.1433546 0.9372433
1769787884.938512 -0.0386524 -0.0262454 0.0030337 -0.2962647 0.1089257 -0.1432689 0.9379960
1769787884.971845 -0.0384285 -0.0258134 0.0032931 -0.2948961 0.1068445 -0.1451276 0.9383808
1769787885.005179 -0.0387134 -0.0263336 0.0031143 -0.2935560 0.1056828 -0.1444101 0.9390430
1769787885.038512 -0.0385150 -0.0263552 0.0031347 -0.2916431 0.1043237 -0.1439954 0.9398544
1769787885.105179 -0.0384876 -0.0261506 0.0027349 -0.2872306 0.1006970 -0.1461063 0.9412819
1769787885.138512 -0.0380133 -0.0256988 0.0030598 -0.2846511 0.0993146 -0.1467521 0.9421116
1769787885.171845 -0.0379898 -0.0258858 0.0024676 -0.2819926 0.0967992 -0.1476046 0.9430392
1769787885.205179 -0.0377227 -0.0255573 0.0034070 -0.2799168 0.0957080 -0.1483143 0.9436575
1769787885.238512 -0.0373162 -0.0254013 0.0027529 -0.2763646 0.0929176 -0.1490618 0.9448648
1769787885.305178 -0.0370895 -0.0252367 0.0033372 -0.2707309 0.0894322 -0.1493698 0.9467816
1769787885.405179 -0.0360354 -0.0244962 0.0032560 -0.2616946 0.0821909 -0.1502328 0.9498372
1769787885.438513 -0.0359690 -0.0245793 0.0031155 -0.2588309 0.0795266 -0.1500418 0.9508783
1769787885.505179 -0.0353327 -0.0238311 0.0037424 -0.2525173 0.0749626 -0.1493471 0.9530535
1769787885.538512 -0.0355357 -0.0240700 0.0032779 -0.2493467 0.0731215 -0.1501116 0.9539109
1769787885.605178 -0.0352225 -0.0236966 0.0028514 -0.2421957 0.0675912 -0.1497261 0.9562190
1769787885.638514 -0.0349710 -0.0231844 0.0034662 -0.2389436 0.0648857 -0.1491590 0.9573126
1769787885.705179 -0.0350738 -0.0233179 0.0030091 -0.2330720 0.0565404 -0.1489375 0.9593217
1769787885.738511 -0.0348130 -0.0228949 0.0030577 -0.2290860 0.0537431 -0.1470371 0.9607348
1769787885.771844 -0.0340079 -0.0227359 0.0039377 -0.2264421 0.0480714 -0.1465276 0.9617395
1769787885.838511 -0.0341190 -0.0221759 0.0023192 -0.2197484 0.0389161 -0.1461429 0.9637626
1769787886.638513 -0.0307359 -0.0195461 0.0018262 -0.2459667 0.0222506 -0.1185359 0.9617456
1769787889.038535 -0.0269941 -0.0213445 0.0009721 -0.2313581 0.0064192 -0.1178429 0.9656839
1769787889.271868 -0.0285021 -0.0229308 0.0010282 -0.2399339 0.0122020 -0.1124311 0.9641795
1769787889.305201 -0.0284200 -0.0228975 0.0015635 -0.2421284 0.0125687 -0.1122551 0.9636466
1769787889.438535 -0.0290648 -0.0237991 0.0013025 -0.2477746 0.0144613 -0.1117665 0.9622406
1769787889.471868 -0.0289845 -0.0238120 0.0014540 -0.2490558 0.0149761 -0.1119573 0.9618797
1769787889.571867 -0.0293111 -0.0240840 0.0016308 -0.2533349 0.0169881 -0.1110758 0.9608304
1769787889.971867 -0.0306409 -0.0259780 0.0023002 -0.2694997 0.0242084 -0.1121107 0.9561459
1769787890.005202 -0.0307965 -0.0261858 0.0022715 -0.2703979 0.0253203 -0.1120720 0.9558681
1769787890.071867 -0.0308648 -0.0265795 0.0021294 -0.2727172 0.0261989 -0.1127760 0.9551024
1769787890.171869 -0.0313654 -0.0267603 0.0026115 -0.2758853 0.0286569 -0.1124515 0.9541597
1769787890.271867 -0.0316009 -0.0271983 0.0025523 -0.2789824 0.0303677 -0.1131959 0.9531177
1769787890.538534 -0.0325811 -0.0278065 0.0027225 -0.2851413 0.0366885 -0.1136648 0.9510146
1769787890.605201 -0.0326278 -0.0280431 0.0028672 -0.2868474 0.0375201 -0.1142031 0.9504044
1769787891.205201 -0.0343991 -0.0281283 0.0035692 -0.2931029 0.0493274 -0.1176722 0.9475288
1769787891.338533 -0.0347513 -0.0280484 0.0037012 -0.2937641 0.0519608 -0.1191470 0.9469988
1769787891.838533 -0.0357093 -0.0276728 0.0036007 -0.2922888 0.0586904 -0.1225621 0.9466263
1769787892.005200 -0.0357597 -0.0274313 0.0036982 -0.2916039 0.0601646 -0.1237131 0.9465952
1769787892.038533 -0.0358275 -0.0273575 0.0037076 -0.2909647 0.0606062 -0.1231148 0.9468417
1769787892.405200 -0.0360508 -0.0270961 0.0035280 -0.2888903 0.0627701 -0.1256026 0.9470091
1769787892.905200 -0.0363651 -0.0265467 0.0034890 -0.2860155 0.0645784 -0.1275705 0.9474970
1769787894.538537 -0.0364762 -0.0261002 0.0035827 -0.2843390 0.0640092 -0.1298803 0.9477264
1769787894.638537 -0.0365157 -0.0261713 0.0035851 -0.2843590 0.0641040 -0.1294191 0.9477771
1769787894.738536 -0.0365525 -0.0262737 0.0035769 -0.2845064 0.0641655 -0.1293829 0.9477336
1769787894.771869 -0.0365096 -0.0262274 0.0035492 -0.2843920 0.0640428 -0.1294314 0.9477696
1769787894.838536 -0.0365124 -0.0262908 0.0035428 -0.2846555 0.0639807 -0.1295250 0.9476820
1769787894.938537 -0.0365572 -0.0263110 0.0035095 -0.2844194 0.0642268 -0.1293066 0.9477660
1769787895.105204 -0.0364236 -0.0262492 0.0035902 -0.2843688 0.0638383 -0.1293142 0.9478064
1769787895.205204 -0.0364849 -0.0261685 0.0036034 -0.2842719 0.0640827 -0.1290098 0.9478605
1769787895.238537 -0.0365413 -0.0262383 0.0036031 -0.2843683 0.0641269 -0.1291119 0.9478146
1769787895.405203 -0.0364931 -0.0262355 0.0035272 -0.2843536 0.0639587 -0.1291166 0.9478298
1769787895.538536 -0.0364966 -0.0262449 0.0035546 -0.2844180 0.0640849 -0.1288900 0.9478328
1769787896.105203 -0.0365490 -0.0262734 0.0034534 -0.2843147 0.0640644 -0.1287850 0.9478794
1769787896.705202 -0.0364540 -0.0261696 0.0035591 -0.2842319 0.0638785 -0.1289429 0.9478953
