1769786639450205952.000000 0.000000000 0.000000000 0.000000000 -0.000000000 -0.000000000 -0.000000000 1.000000000
1769786639483538944.000000 -0.000077965 -0.000176672 -0.000202172 -0.000212972 0.000007943 0.000469946 0.999999881
1769786639516872448.000000 -0.000014989 -0.000194134 0.000340642 -0.000550575 0.000024056 0.000876408 0.999999464
1769786639583540480.000000 -0.000021917 -0.000089922 0.000500138 -0.000308456 0.000160188 0.001636500 0.999998629
1769786639616873728.000000 -0.000047008 -0.000228873 0.000216613 -0.000615673 -0.000240025 0.000798344 0.999999464
1769786639950205696.000000 0.000036994 -0.000055243 0.000232565 -0.000253333 -0.000284218 0.001776257 0.999998391
1769786640016871936.000000 0.000003699 0.000103771 0.000409351 -0.000187501 -0.000040686 0.001221236 0.999999225
1769786640150205184.000000 0.000075547 0.000004220 0.000409426 -0.000296860 -0.000359739 0.001043426 0.999999344
1769786640550205440.000000 0.000035542 0.000079814 0.000036810 -0.000230014 -0.000616398 0.000799848 0.999999464
1769786646116869888.000000 -0.000244527 0.000539039 0.001402023 0.005707908 0.011394576 -0.005257042 0.999904990
1769786646216869376.000000 -0.000101375 0.000841629 0.001330296 0.005342882 0.012500648 -0.006391880 0.999887168
1769786646783535360.000000 -0.001024376 0.000433351 -0.000093320 0.002903357 0.023308072 -0.006864773 0.999700546
1769786646850202368.000000 -0.001054107 0.000332212 0.000435408 0.001820773 0.025123795 -0.005168221 0.999669313
1769786647050202112.000000 -0.001687862 0.000279571 -0.000949638 -0.000387941 0.029432869 -0.005049634 0.999553978
1769786647116869120.000000 -0.001863659 0.000262773 -0.000701612 -0.000861910 0.031277694 -0.005013802 0.999497831
1769786647450201344.000000 -0.002091870 -0.000951065 -0.000318892 -0.008679410 0.039051022 -0.005899961 0.999182105
1769786647516867584.000000 -0.002317517 -0.000803953 -0.002014447 -0.009566034 0.040004201 -0.005811377 0.999136806
1769786647750200832.000000 -0.002818366 -0.001487240 -0.002240138 -0.016647885 0.045313086 -0.004874190 0.998822272
1769786648216867840.000000 -0.004084198 -0.002826355 -0.002500362 -0.030815683 0.054704484 -0.001491076 0.998025894
1769786648583535872.000000 -0.004799779 -0.004426680 -0.002438750 -0.041696779 0.056911960 -0.000359590 0.997508049
1769786648783534080.000000 -0.004891329 -0.005070465 -0.001964762 -0.044309400 0.057109281 -0.000250941 0.997384191
1769786649316907264.000000 -0.004227970 -0.004847075 -0.002335142 -0.041977648 0.049941085 -0.000012628 0.997869611
1769786649450240256.000000 -0.003798722 -0.004333468 -0.002627654 -0.038157769 0.047432270 0.000046989 0.998145342
1769786649750239488.000000 -0.002946906 -0.003440400 -0.001890149 -0.025422005 0.040229183 -0.000241142 0.998866975
1769786649816906496.000000 -0.002544445 -0.003109863 -0.002257706 -0.022035060 0.038092766 -0.000588500 0.999031067
1769786649850241024.000000 -0.002553577 -0.002768029 -0.002220859 -0.019576699 0.037231725 -0.000945215 0.999114454
1769786649883572992.000000 -0.002390402 -0.002787243 -0.001677563 -0.018232355 0.036204431 -0.001596564 0.999176800
1769786650016906496.000000 -0.001957975 -0.001985227 -0.001878805 -0.008565933 0.031344775 -0.002541466 0.999468684
1769786650050240256.000000 -0.002049093 -0.001851988 -0.001779834 -0.006107096 0.030354951 -0.003673296 0.999513805
1769786650116907008.000000 -0.001664686 -0.001513049 -0.002341344 -0.000250945 0.026793841 -0.005046530 0.999628246
1769786650150239488.000000 -0.001758465 -0.001389607 -0.001604380 0.002512936 0.026488740 -0.004906574 0.999633908
1769786650283572992.000000 -0.001612845 -0.000725111 -0.002730126 0.015595539 0.019813892 -0.007474097 0.999654114
1769786650316906496.000000 -0.001381850 -0.000269066 -0.002732762 0.019430436 0.017270045 -0.008650420 0.999624610
1769786650483572992.000000 -0.000915343 0.001225240 -0.002403507 0.036349319 0.002604902 -0.012534677 0.999257147
1769786650583575296.000000 -0.000791099 0.001342107 -0.002203946 0.043375310 -0.006680246 -0.015272866 0.998919785
1769786650616907008.000000 -0.000764016 0.001729292 -0.002638403 0.046348356 -0.010243320 -0.014817443 0.998762906
1769786650650239488.000000 -0.000405682 0.001764523 -0.000849942 0.047643449 -0.012111902 -0.015426674 0.998671830
1769786650816905984.000000 0.000043963 0.003196949 -0.001075338 0.056407813 -0.019561352 -0.004454439 0.998206258
1769786650850239232.000000 -0.000230108 0.004204125 -0.001278472 0.057422251 -0.018490721 -0.004479134 0.998168707
1769786650883572224.000000 -0.000111889 0.004409071 -0.000897222 0.054248199 -0.017608203 -0.004447104 0.998362303
1769786650916906752.000000 0.000166104 0.004387468 -0.000398811 0.046297692 -0.017487107 -0.002682981 0.998771071
1769786651050239232.000000 0.000321737 0.004119102 0.000432666 0.020369487 -0.015621036 -0.002251189 0.999667943
1769786651083572736.000000 0.000371960 0.004394762 0.000624850 0.017620586 -0.015538909 -0.001886558 0.999722242
1769786651150238720.000000 0.000743075 0.004562408 0.000832792 0.013357323 -0.016542712 -0.002180734 0.999771595
1769786651250239488.000000 0.000802490 0.004815383 0.001356562 0.008098028 -0.016633347 -0.002186325 0.999826491
1769786651350239744.000000 0.001325099 0.005137145 0.001597180 0.007011694 -0.018631235 -0.003371183 0.999796152
1769786651450239488.000000 0.001266057 0.006003548 0.001151661 0.009102545 -0.018937254 -0.005444040 0.999764442
1769786651783571712.000000 0.002719858 0.007564420 0.001952747 0.032394271 -0.024301721 -0.005056398 0.999166906
1769786651883571712.000000 0.002924446 0.007823169 0.001561399 0.040418074 -0.025629302 -0.004511142 0.998843968
1769786652350238464.000000 0.003478317 0.007979497 0.001277207 0.058078226 -0.029252516 -0.001038286 0.997882843
1769786652450238208.000000 0.003597054 0.008089216 0.001248748 0.061035611 -0.030743783 -0.000947827 0.997661591
1769786652550238720.000000 0.003991364 0.007835151 0.001536930 0.060957350 -0.033052828 0.000590739 0.997592807
1769786652883571200.000000 0.004431623 0.006911937 0.000193450 0.056199387 -0.037708428 0.002303743 0.997704566
1769786652916905728.000000 0.004557716 0.007097100 0.000427177 0.054341968 -0.038247697 0.000389792 0.997789502
1769786653083572224.000000 0.005125105 0.006248659 -0.000160790 0.048660144 -0.041451253 -0.002893267 0.997950733
1769786653283571200.000000 0.004754535 0.004573461 -0.000139405 0.038375963 -0.042071175 0.001209925 0.998376608
1769786653316904192.000000 0.005001455 0.004591890 -0.000483515 0.036808558 -0.042708330 0.001065411 0.998408735
1769786653350237952.000000 0.005218436 0.004579381 -0.000798394 0.035058625 -0.042941812 -0.000717534 0.998462021
1769786653483570688.000000 0.005245554 0.002977081 -0.000428793 0.027218135 -0.044542443 0.003030346 0.998632073
1769786653583572992.000000 0.006107962 0.002907122 -0.001831466 0.022063099 -0.045363735 0.003794274 0.998719692
1769786653683570432.000000 0.005315891 0.002028869 -0.002676943 0.014780022 -0.046276037 0.002360750 0.998816609
1769786653783570688.000000 0.005346176 0.001114149 -0.003362569 0.006833383 -0.046163805 0.001658082 0.998909116
1769786653850237184.000000 0.005356421 0.000259316 -0.003551158 0.001635174 -0.046259996 0.002292156 0.998925507
1769786653883570944.000000 0.005126727 -0.000321347 -0.003454473 -0.000927372 -0.045584835 0.004512951 0.998949826
1769786653983570688.000000 0.005400854 -0.001437438 -0.003761956 -0.008606556 -0.045933574 0.001920199 0.998905599
1769786654016903936.000000 0.005352516 -0.001917249 -0.003444786 -0.011992283 -0.046186522 0.004569341 0.998850405
1769786654116904448.000000 0.005600304 -0.003014868 -0.003647305 -0.019000905 -0.046619523 -0.020360772 0.998524427
1769786654150236928.000000 0.005364106 -0.003195285 -0.004112758 -0.020219281 -0.047083348 -0.033207972 0.998134077
1769786654283570432.000000 0.005684998 -0.005129638 -0.004913693 -0.029766671 -0.049575474 -0.090571351 0.994209766
1769786654316903680.000000 0.005893781 -0.005247083 -0.004269236 -0.030870447 -0.050229907 -0.103959329 0.992832541
1769786654450237184.000000 0.005807795 -0.007127089 -0.004319112 -0.040458255 -0.052648418 -0.154861063 0.985702455
1769786654516903424.000000 0.005968088 -0.007927930 -0.004868208 -0.043213643 -0.054593682 -0.178517312 0.981470168
1769786654550237184.000000 0.005926176 -0.008003898 -0.004849168 -0.044448558 -0.055102982 -0.190180138 0.979193330
1769786654616904192.000000 0.006029343 -0.008765207 -0.004724170 -0.048321072 -0.056536842 -0.211299762 0.974587619
1769786654650236672.000000 0.006173023 -0.009063574 -0.004870485 -0.049794752 -0.057744224 -0.221782282 0.972110450
1769786654750236672.000000 0.005917312 -0.010094065 -0.005091145 -0.054615717 -0.056856599 -0.249444455 0.965174556
1769786654816903424.000000 0.005819893 -0.010416864 -0.005410028 -0.057023015 -0.057761587 -0.266999543 0.960272491
1769786654883569920.000000 0.006220895 -0.010890100 -0.004757306 -0.059448231 -0.058068387 -0.282083362 0.955783963
1769786654950237184.000000 0.005730611 -0.011299646 -0.005444341 -0.061475419 -0.057087891 -0.294353455 0.952007294
1769786654983569920.000000 0.005559127 -0.011441113 -0.005275501 -0.062229253 -0.056636654 -0.301152259 0.949856400
1769786655016903424.000000 0.005422828 -0.011603974 -0.005157166 -0.063842461 -0.056402043 -0.306441069 0.948070049
1769786655183569408.000000 0.004832219 -0.012048252 -0.005522128 -0.067314811 -0.054481845 -0.328053981 0.940681219
1769786655216903680.000000 0.005016362 -0.012099932 -0.005259339 -0.067922264 -0.054485284 -0.331568956 0.939404011
1769786655250237184.000000 0.004852867 -0.012053801 -0.006658975 -0.068657085 -0.053979713 -0.333392680 0.938734114
1769786655316903168.000000 0.004684429 -0.012382603 -0.005064777 -0.069307193 -0.052727472 -0.337127119 0.937422872
1769786655483569664.000000 0.004126978 -0.012190645 -0.005137349 -0.070185207 -0.048357084 -0.340344340 0.936430097
1769786655650236160.000000 0.003257559 -0.011799618 -0.005027443 -0.069843911 -0.040730860 -0.332221329 0.939729691
1769786655683569152.000000 0.003033333 -0.011544129 -0.005481093 -0.069776036 -0.038277294 -0.329704374 0.940723777
1769786655750236160.000000 0.002702495 -0.011461582 -0.005416847 -0.069205053 -0.034278713 -0.322419852 0.943441093
1769786655783570176.000000 0.002392421 -0.011245449 -0.005406564 -0.068753228 -0.032125730 -0.316706330 0.945482969
1769786655850236672.000000 0.002119282 -0.010817806 -0.005418998 -0.066979416 -0.027933707 -0.305383205 0.949460149
1769786656016902656.000000 0.000890329 -0.009186476 -0.005090198 -0.060365342 -0.014338774 -0.262861520 0.962836623
1769786656083570176.000000 0.000405977 -0.008610567 -0.004923663 -0.057602521 -0.009650149 -0.239199474 0.969212294
1769786656116902912.000000 -0.000043297 -0.008472418 -0.005242003 -0.056323208 -0.006078417 -0.227510005 0.972126484
1769786656150235648.000000 -0.000157099 -0.007981641 -0.004547832 -0.053791959 -0.002454948 -0.216420189 0.974814236
1769786656250236416.000000 -0.000631642 -0.006936861 -0.004039075 -0.046672203 0.005325538 -0.183166161 0.981958985
1769786656283569664.000000 -0.000866533 -0.006734689 -0.004024164 -0.044966090 0.007595210 -0.175265789 0.983464420
1769786656350235648.000000 -0.001034815 -0.006176442 -0.004140215 -0.039861403 0.011364427 -0.163263991 0.985711336
1769786656416902144.000000 -0.000773786 -0.006018095 -0.003431055 -0.034371249 0.014233308 -0.161012426 0.986250997
1769786656450236160.000000 -0.001110256 -0.005944001 -0.003302974 -0.031163098 0.016641347 -0.160829991 0.986349702
1769786656550235392.000000 -0.001562063 -0.005084315 -0.003495699 -0.018816520 0.024709756 -0.158147797 0.986926854
1769786656583570944.000000 -0.001796832 -0.004861659 -0.003516473 -0.014819725 0.027680740 -0.158380955 0.986878753
1769786656616903680.000000 -0.001645211 -0.004973787 -0.003180902 -0.011190047 0.031245444 -0.157484666 0.986963630
1769786656683568384.000000 -0.001773595 -0.004407597 -0.003329552 -0.003955445 0.037638798 -0.158140048 0.986691117
1769786656750234112.000000 -0.001399717 -0.004243908 -0.001944448 0.003498863 0.043610565 -0.157368094 0.986570418
1769786656783567616.000000 -0.001480294 -0.004474371 -0.001799040 0.006783865 0.047141280 -0.158256739 0.986248672
1769786656850233856.000000 -0.001723293 -0.003758763 -0.003062635 0.011777414 0.053928223 -0.162291646 0.985197723
1769786656883567104.000000 -0.001408571 -0.003853883 -0.001702577 0.012834023 0.058239341 -0.164638132 0.984549522
1769786656950234112.000000 -0.002454242 -0.003575600 -0.004098243 0.016959937 0.067454644 -0.163200498 0.984138131
1769786657116901120.000000 -0.001527988 -0.002861002 -0.002657630 0.025072189 0.091777191 -0.168674156 0.981069505
1769786657150233856.000000 -0.001269926 -0.002572838 -0.000528279 0.026318733 0.095370837 -0.166441932 0.981075346
1769786657250234368.000000 -0.001297390 -0.002594010 -0.000217776 0.025969306 0.106195495 -0.172318086 0.978955865
1769786657283566592.000000 -0.001569210 -0.002153205 -0.000241747 0.026616337 0.108481243 -0.172683761 0.978623390
1769786657316900352.000000 -0.001937600 -0.001709624 -0.000677408 0.026273958 0.109649368 -0.175695285 0.977966189
1769786657450233600.000000 -0.002396639 -0.001152911 -0.001506395 -0.005397034 0.102408640 -0.156492338 0.982340813
1769786657550233856.000000 -0.002636383 0.000619765 -0.001823413 -0.015732257 0.095703073 -0.140361592 0.985338569
1769786657616902144.000000 -0.003811010 -0.000919128 -0.001875551 -0.021265628 0.092507698 -0.125088528 0.987594545
1769786657716900096.000000 -0.003441240 0.000344240 0.000261781 -0.024858478 0.089246720 -0.108390935 0.989782035
1769786657750233344.000000 -0.003301075 0.000614738 0.001126319 -0.025644794 0.088486262 -0.104914621 0.990204751
1769786657783567360.000000 -0.003672308 0.000836114 0.002181343 -0.025043055 0.089780837 -0.098767042 0.990735769
1769786657816900352.000000 -0.004657500 0.000662757 0.000457719 -0.024967168 0.089120410 -0.094369590 0.991225779
1769786657883566848.000000 -0.003497483 0.001166902 0.002469284 -0.024350822 0.087917693 -0.089235112 0.991823852
1769786658383566848.000000 -0.004560926 0.003155076 0.003707306 0.009899165 0.089052998 -0.068152703 0.993643165
1769786658816899840.000000 -0.005493355 0.003454868 0.004448669 0.027152658 0.095584482 -0.061184943 0.993168056
1769786658883565824.000000 -0.005114001 0.003778091 0.004723848 0.028065253 0.095343813 -0.063123539 0.993044496
1769786659283566336.000000 -0.006176332 0.002818875 0.004555226 0.026774345 0.102222174 -0.058662016 0.992669404
1769786659316899072.000000 -0.006342828 0.003012525 0.004152238 0.026780089 0.102542102 -0.057139352 0.992725074
1769786659416899328.000000 -0.007169220 0.003592054 0.001395504 0.024966555 0.103562698 -0.056685079 0.992692411
1769786659516899584.000000 -0.006984569 0.002824625 0.002080178 0.021011338 0.104326889 -0.057193622 0.992674828
1769786659616899328.000000 -0.007218953 0.001371074 0.003834963 0.016835559 0.107724629 -0.052799575 0.992634952
1769786659783565568.000000 -0.007950098 0.000247278 0.005377183 0.009644094 0.111339159 -0.042127803 0.992842317
1769786659816898816.000000 -0.008035337 -0.000087571 0.003943928 0.006506361 0.109712049 -0.041899268 0.993058622
1769786660116899584.000000 -0.007952940 -0.002450218 0.005576171 -0.012529211 0.113937780 -0.040978160 0.992563367
1769786660150231808.000000 -0.007039305 -0.002340846 0.006019659 -0.016103489 0.112340428 -0.047618099 0.992397487
1769786660216899072.000000 -0.008698148 -0.003118944 0.003501831 -0.020274447 0.113390289 -0.041592881 0.992472470
1769786661250232064.000000 -0.008722061 -0.013145345 0.001070385 -0.090477169 0.102783687 -0.028821517 0.990160942
1769786661350231040.000000 -0.008465366 -0.013969808 0.001203962 -0.093938440 0.101438761 -0.025232166 0.990075290
1769786661416897792.000000 -0.008651122 -0.014076360 0.000292201 -0.095434785 0.099527344 -0.025501436 0.990119278
1769786661483564800.000000 -0.008426702 -0.014700854 0.000831058 -0.097939134 0.098376974 -0.023158194 0.990047276
1769786661716898304.000000 -0.007736811 -0.015190894 0.000103292 -0.101979598 0.090568669 -0.020642944 0.990440011
1769786661783564032.000000 -0.008935682 -0.015434540 -0.001814165 -0.101977654 0.088407010 -0.022218946 0.990601420
1769786661816897792.000000 -0.006885414 -0.015081544 0.000577265 -0.101745978 0.086721577 -0.021428641 0.990791559
1769786661850231552.000000 -0.006882058 -0.015671520 0.000982804 -0.102355823 0.086206809 -0.020115811 0.990801215
1769786661983563776.000000 -0.006806000 -0.015349725 -0.000949262 -0.100548655 0.080354236 -0.019897411 0.991482377
1769786662016897280.000000 -0.006612520 -0.015636051 0.000109810 -0.100487843 0.080180481 -0.018492149 0.991529822
1769786662116897792.000000 -0.005742870 -0.014772609 0.000030854 -0.097838044 0.075553425 -0.020188963 0.992124915
1769786662183564032.000000 -0.005400897 -0.015058361 0.000699791 -0.096661672 0.073481940 -0.019566407 0.992408216
1769786662283564032.000000 -0.004411969 -0.014411206 0.000663368 -0.092457980 0.068414547 -0.020216173 0.993157744
1769786662316897280.000000 -0.004165322 -0.014207088 0.000584976 -0.091293998 0.066930480 -0.019718161 0.993376553
1769786662383564288.000000 -0.003583777 -0.013719292 0.000326824 -0.088022768 0.063303031 -0.021982770 0.993861914
1769786662516897536.000000 -0.002710140 -0.012843748 -0.000500684 -0.081257164 0.056726318 -0.024398148 0.994778454
1769786662550231040.000000 -0.002522781 -0.012524647 -0.001531772 -0.079189286 0.055330146 -0.026203690 0.994977891
1769786662583564544.000000 -0.002197331 -0.012719068 0.000090563 -0.078034036 0.054419003 -0.024924489 0.995152295
1769786662716897024.000000 -0.001483245 -0.011049429 -0.001716979 -0.069039613 0.048425991 -0.025049904 0.996122956
1769786662750230272.000000 -0.000949228 -0.011289848 -0.000000814 -0.067934267 0.047281239 -0.025923446 0.996231616
1769786662783563520.000000 0.001226098 -0.012496364 0.007239628 -0.066726305 0.046052419 -0.027080415 0.996340036
1769786662850229760.000000 -0.000609381 -0.010690892 0.000431903 -0.061712231 0.044176452 -0.025460374 0.996790767
1769786662883563520.000000 -0.000258847 -0.010438623 0.000875786 -0.059003908 0.042714216 -0.026261944 0.996997714
1769786662916898048.000000 -0.000341533 -0.010353409 0.000835557 -0.056369033 0.041973565 -0.026822239 0.997166634
1769786662950230528.000000 0.000438196 -0.009974337 0.000209377 -0.054390430 0.039744448 -0.031240430 0.997239232
1769786662983563776.000000 0.000668104 -0.010037387 0.001213593 -0.050342549 0.038697451 -0.030437859 0.997517765
1769786663016896768.000000 0.000652911 -0.009771751 0.001192721 -0.046541307 0.037289172 -0.031053055 0.997737050
1769786663050230016.000000 0.000382642 -0.009318221 0.001084481 -0.042771995 0.036534481 -0.030138858 0.997961640
1769786663183563264.000000 0.000680482 -0.009127806 0.001870669 -0.030417213 0.030721560 -0.030187426 0.998608887
1769786663250230272.000000 0.000933107 -0.008138746 0.000173554 -0.023554614 0.026375920 -0.031964339 0.998863220
1769786663283563264.000000 0.001330452 -0.008389574 0.001358738 -0.021386320 0.025002237 -0.035037883 0.998844266
1769786663316896768.000000 0.001058411 -0.008170849 0.001622844 -0.017001219 0.025022130 -0.033594351 0.998977602
1769786663350231040.000000 0.001251735 -0.007986594 0.001662693 -0.014164714 0.022689736 -0.034804054 0.999036133
1769786663383563264.000000 0.000654558 -0.007346776 -0.000308555 -0.010662127 0.021965967 -0.035330348 0.999077380
1769786663416896256.000000 0.001311144 -0.007525391 0.001218131 -0.007742928 0.019063001 -0.035351124 0.999163151
1769786663550230272.000000 0.001200764 -0.006782938 0.001402877 0.005628203 0.006821172 -0.035442956 0.999332607
1769786663583564032.000000 0.001749380 -0.007602544 0.003704820 0.008142306 0.002609733 -0.035622459 0.999328732
1769786663616898560.000000 0.001065781 -0.005954799 0.000788154 0.012600399 -0.000930661 -0.035192464 0.999300718
1769786663683562496.000000 0.001526192 -0.006423316 0.002532362 0.018138217 -0.010462332 -0.036303915 0.999121428
1769786663850229760.000000 0.001097149 -0.004663379 0.001388439 0.031570565 -0.028854879 -0.027891487 0.998695552
1769786663883562752.000000 0.001453504 -0.004456099 0.001987729 0.032734346 -0.031978346 -0.026342170 0.998605013
1769786663916897280.000000 0.001307138 -0.004544348 0.002034715 0.033246018 -0.034213174 -0.022118358 0.998616517
1769786664016928256.000000 0.001704755 -0.004447415 0.002761667 0.023032637 -0.034617402 -0.012803854 0.999053180
1769786664150261760.000000 0.001561442 -0.004410889 0.003373612 -0.007704117 -0.028113378 -0.012375626 0.999498487
1769786664183594496.000000 0.001557225 -0.004746307 0.003965566 -0.012214525 -0.026298495 -0.010676811 0.999522507
1769786664283594496.000000 0.001921017 -0.003666312 0.002765788 -0.019724941 -0.024568725 -0.012828710 0.999421179
1769786664316928512.000000 0.001938031 -0.003932070 0.003736826 -0.021891158 -0.024504915 -0.013879127 0.999363601
1769786664650261760.000000 0.002779846 -0.001745590 0.003121540 -0.016861152 -0.023375694 -0.017249463 0.999435723
1769786664716928256.000000 0.003368070 -0.001988668 0.004812459 -0.014508266 -0.023115955 -0.018199658 0.999461830
1769786665483593728.000000 0.004990059 -0.000927448 0.003816553 0.015647328 -0.027874043 -0.012222558 0.999414265
1769786665650261248.000000 0.004967519 -0.001629021 0.004119682 0.014977842 -0.028631236 -0.011016924 0.999417126
1769786665783594240.000000 0.005433827 -0.002185853 0.004283887 0.011829698 -0.031069191 -0.010676563 0.999390244
1769786665816927232.000000 0.005604496 -0.002359460 0.003855932 0.010540777 -0.031717874 -0.012105864 0.999367952
1769786666016926976.000000 0.005522698 -0.003574839 0.003236351 0.004016868 -0.033200718 -0.010986948 0.999380291
1769786666050260224.000000 0.004940355 -0.002103428 0.001670024 0.003704033 -0.033154804 -0.011681581 0.999375105
1769786666083592960.000000 0.005364896 -0.003689748 0.003069553 0.001240774 -0.033411354 -0.009732391 0.999393523
1769786666183593216.000000 0.005671917 -0.004135524 0.002613808 -0.002994125 -0.035161495 -0.009547458 0.999331594
1769786666250260736.000000 0.005611805 -0.004875593 0.003244553 -0.007182921 -0.035330933 -0.009238019 0.999307156
1769786666583594496.000000 0.006290538 -0.007489944 0.001901804 -0.027000649 -0.038600959 -0.010946283 0.998829901
1769786666716926976.000000 0.005641968 -0.008738386 -0.000213063 -0.037752472 -0.038192704 -0.007169429 0.998531282
1769786666783593728.000000 0.005917849 -0.009572836 0.000316563 -0.042277627 -0.038219072 -0.007210867 0.998348594
1769786666816926464.000000 0.006053785 -0.009566749 -0.000493976 -0.044011511 -0.039100856 -0.006745152 0.998242795
1769786666916927488.000000 0.005900381 -0.010738647 -0.000180309 -0.052104075 -0.039022125 -0.006903825 0.997855127
1769786666983592960.000000 0.005893590 -0.011650592 -0.000289725 -0.057546984 -0.038398992 -0.006901875 0.997580171
1769786667016926720.000000 0.004699948 -0.011093663 -0.004751319 -0.059026431 -0.037053972 -0.005985864 0.997550547
1769786667050259712.000000 0.005850561 -0.012400798 -0.000684024 -0.062051393 -0.037507713 -0.007445714 0.997340143
1769786667150260480.000000 0.005711515 -0.013986796 -0.000525730 -0.070511915 -0.040151399 -0.044516180 0.995707929
1769786667183592704.000000 0.005861766 -0.014455342 -0.000323377 -0.072087191 -0.041421857 -0.058431301 0.994823337
1769786667283592704.000000 0.006014314 -0.015645465 -0.001141071 -0.079184808 -0.045157008 -0.100211874 0.990781605
1769786667316926208.000000 0.005733696 -0.016037038 -0.000998872 -0.081155941 -0.045994192 -0.110879906 0.989446282
1769786667350259456.000000 0.005894389 -0.016629035 -0.000776405 -0.084332302 -0.046990354 -0.129283622 0.986897051
1769786667450259456.000000 0.006323764 -0.017311199 -0.001256041 -0.088907093 -0.052407768 -0.166416451 0.980639875
1769786667516926464.000000 0.006268063 -0.018051436 -0.000714454 -0.092161886 -0.055749383 -0.189868033 0.975883365
1769786667783592448.000000 0.005994853 -0.020603584 -0.002404246 -0.104758754 -0.061411813 -0.268990487 0.955457151
1769786667816925952.000000 0.005901683 -0.020738117 -0.001778522 -0.105724059 -0.062396817 -0.276439816 0.953157961
1769786667850260992.000000 0.005927475 -0.020780191 -0.001390135 -0.106186718 -0.062422294 -0.283047020 0.951163590
1769786668116928000.000000 0.005380345 -0.022103699 -0.002681679 -0.114009671 -0.061645847 -0.329341084 0.935273290
1769786668250259712.000000 0.004849992 -0.022530435 -0.001312247 -0.116523452 -0.061024319 -0.342527360 0.930254459
1769786668316925952.000000 0.004623125 -0.022631966 -0.001979144 -0.117480427 -0.059818640 -0.346094459 0.928891122
1769786668350258944.000000 0.004563562 -0.022414898 -0.002763276 -0.117451221 -0.059456304 -0.346094757 0.928917944
1769786668450259456.000000 0.004329023 -0.022081327 -0.002450659 -0.117204390 -0.056190450 -0.348957032 0.928081214
1769786668583592960.000000 0.003510828 -0.021963373 -0.002429228 -0.117494009 -0.050206516 -0.344718426 0.929969788
1769786668783591680.000000 0.002261397 -0.021104330 -0.002874061 -0.116096295 -0.038056944 -0.323011458 0.938475907
1769786668816925184.000000 0.001743155 -0.020925922 -0.002999428 -0.115387134 -0.034291793 -0.317696780 0.940520406
1769786668850258432.000000 0.001863855 -0.020618182 -0.002990330 -0.114469565 -0.032969259 -0.312012583 0.942580462
1769786668883591936.000000 0.001712620 -0.020475853 -0.002785928 -0.113390617 -0.029832194 -0.304848075 0.945156217
1769786668950258944.000000 0.001368543 -0.019871032 -0.002798312 -0.110740103 -0.024089305 -0.289425790 0.950467825
1769786668983591680.000000 0.001284579 -0.019639552 -0.002574320 -0.110120192 -0.021101091 -0.280192435 0.953373194
1769786669016924672.000000 0.001014458 -0.019070057 -0.002893996 -0.108122565 -0.017382873 -0.271086335 0.956305206
1769786669050258688.000000 0.000932447 -0.018845851 -0.002465903 -0.106728978 -0.014804355 -0.259445012 0.959728122
1769786669083590912.000000 0.001126069 -0.018689146 -0.002494622 -0.105077140 -0.011517333 -0.247671962 0.963060141
1769786669116927488.000000 0.000461902 -0.018268272 -0.003357280 -0.102755859 -0.007173294 -0.235967338 0.966286302
1769786669150258944.000000 0.000093207 -0.018149886 -0.003427691 -0.101560064 -0.004339125 -0.223731443 0.969335318
1769786669183591424.000000 0.000089551 -0.017923201 -0.002564670 -0.099945873 -0.000860947 -0.214351431 0.971629381
1769786669250259200.000000 0.000148417 -0.017108664 -0.002144909 -0.094653614 0.005334045 -0.195074931 0.976195693
1769786669316924928.000000 -0.000348698 -0.016343068 -0.002987302 -0.089749858 0.010408532 -0.181255683 0.979276776
1769786669383591936.000000 -0.000155009 -0.016319057 -0.002141207 -0.085199840 0.013768290 -0.175665468 0.980659544
1769786669516924928.000000 -0.000595684 -0.015917087 -0.002573184 -0.071786001 0.022053041 -0.175603867 0.981592476
1769786669550258688.000000 -0.000908653 -0.016063122 -0.003224776 -0.069410041 0.024075808 -0.176708609 0.981517553
1769786669583592448.000000 -0.000663934 -0.016098984 -0.003308097 -0.066910349 0.026157280 -0.179226026 0.981181324
1769786669650258688.000000 -0.000507624 -0.015673209 -0.002183913 -0.059287637 0.032792252 -0.180683479 0.981204927
1769786669716925184.000000 -0.000630281 -0.015890108 -0.001076685 -0.054070752 0.038545229 -0.180180505 0.981389642
1769786669783591168.000000 -0.000821588 -0.015906963 -0.001298225 -0.048057001 0.044171341 -0.183846667 0.980785310
1769786669850257920.000000 -0.000441500 -0.015256709 -0.002030067 -0.040830184 0.050955992 -0.184134603 0.980729759
1769786669883591424.000000 -0.000661106 -0.015389933 -0.001910677 -0.039040770 0.055755321 -0.184984237 0.980381548
1769786669916925440.000000 -0.000879989 -0.015378691 -0.001640441 -0.036883876 0.060725581 -0.185893089 0.979997814
1769786669950258176.000000 -0.000615320 -0.015147585 -0.002028820 -0.034627385 0.064640351 -0.186997205 0.979619622
1769786670083590400.000000 -0.000567240 -0.014931500 -0.000896029 -0.028561350 0.083738655 -0.192205593 0.977358222
1769786670116926208.000000 -0.000565255 -0.014482128 -0.001678481 -0.026369678 0.088222675 -0.192942992 0.976879954
1769786670183591168.000000 -0.000800170 -0.014669002 -0.002177968 -0.028041797 0.094740465 -0.199864268 0.974829316
1769786670250258432.000000 -0.001194920 -0.013405905 -0.002742063 -0.026402328 0.101551108 -0.205223590 0.973074317
1769786670450257664.000000 -0.002301553 -0.012660252 -0.002207520 -0.059052125 0.100583062 -0.184574962 0.975872993
1769786670583591424.000000 -0.002314068 -0.012473800 -0.001808801 -0.074564904 0.091353349 -0.157693416 0.980422080
1769786670750257408.000000 -0.001722308 -0.011514668 0.001112127 -0.083024554 0.086751468 -0.134295464 0.983639121
1769786670883590656.000000 -0.002132416 -0.010966411 0.000983206 -0.081299365 0.086370714 -0.120712832 0.985575438
1769786670916924928.000000 -0.002378039 -0.010917482 0.000704198 -0.081020795 0.085356966 -0.119360961 0.985851288
1769786670950257664.000000 -0.002054894 -0.010945083 -0.000065105 -0.081912287 0.083380774 -0.121689424 0.985662103
1769786671783603968.000000 -0.004011939 -0.007937362 0.000193895 -0.026639698 0.093459383 -0.096884459 0.990539849
1769786671950270464.000000 -0.003672971 -0.008752980 0.001031022 -0.027453080 0.095255487 -0.095817514 0.990450263
1769786672016936960.000000 -0.004282344 -0.008508432 0.000141546 -0.025887737 0.096800908 -0.093798123 0.990535915
1769786672416936704.000000 -0.004929389 -0.009872231 0.000261473 -0.032203298 0.104090728 -0.088840358 0.990068436
1769786672750269952.000000 -0.006412829 -0.012228823 0.000445011 -0.048449654 0.112041302 -0.080516592 0.989250481
1769786672816936192.000000 -0.006425984 -0.011792419 0.000014567 -0.051164135 0.111192726 -0.082933761 0.989009798
1769786673016935936.000000 -0.007350536 -0.013284313 -0.000388393 -0.064369269 0.114916310 -0.079092570 0.988127112
1769786673083602176.000000 -0.007558241 -0.014195848 0.000629563 -0.070560306 0.114986807 -0.078151949 0.987771034
1769786673116938240.000000 -0.008112724 -0.013858175 -0.000147892 -0.070580065 0.117827900 -0.073049203 0.987825334
1769786673183602176.000000 -0.007764478 -0.015204650 0.000324356 -0.079279967 0.116250500 -0.075483076 0.987169087
1769786673316935936.000000 -0.007884962 -0.016643044 -0.000883640 -0.087940544 0.116728909 -0.077496715 0.986222625
1769786673416935936.000000 -0.008318349 -0.017303167 -0.001080154 -0.095535867 0.116994083 -0.076329157 0.985575557
1769786673483602176.000000 -0.008188641 -0.017653920 -0.000841490 -0.099061705 0.117196359 -0.076147310 0.985217452
1769786673516935936.000000 -0.007970262 -0.018411301 -0.000015712 -0.101983540 0.116757855 -0.077939622 0.984831154
1769786673683602432.000000 -0.008428350 -0.019733937 0.000197156 -0.114678465 0.116870634 -0.071933500 0.983877897
1769786673716936704.000000 -0.007963524 -0.020357005 -0.000241229 -0.117766462 0.116004072 -0.072060414 0.983606339
1769786674383602688.000000 -0.008238806 -0.025928134 -0.002483710 -0.152365997 0.105563313 -0.064556301 0.980547547
1769786674450269184.000000 -0.007891072 -0.026247865 -0.003044654 -0.154554904 0.103563577 -0.062952720 0.980522454
1769786674583602176.000000 -0.007657569 -0.027060525 -0.002976097 -0.158055678 0.099554203 -0.060998835 0.980503201
1769786674650268928.000000 -0.007348926 -0.027207052 -0.003102453 -0.158981860 0.097267188 -0.061535321 0.980549514
1769786674783601920.000000 -0.006649947 -0.027628230 -0.002487546 -0.160751775 0.092715807 -0.060456891 0.980768859
1769786674850268416.000000 -0.006438177 -0.027505882 -0.002559538 -0.160236895 0.090722218 -0.059674863 0.981087446
1769786674983601408.000000 -0.005660759 -0.027356820 -0.002491075 -0.159344897 0.085083999 -0.058548976 0.981805444
1769786675150268672.000000 -0.004411417 -0.026959378 -0.002659601 -0.156481981 0.077389151 -0.062157363 0.982680380
1769786675283601408.000000 -0.003023111 -0.026727989 -0.003127308 -0.152208775 0.071007840 -0.059606440 0.983990550
1769786675316934912.000000 -0.002772706 -0.026350578 -0.002685868 -0.150088921 0.070420727 -0.059480261 0.984365940
1769786675383601664.000000 -0.002310485 -0.026088931 -0.003488871 -0.147431776 0.066515885 -0.059960846 0.985009789
1769786675450267904.000000 -0.001548959 -0.025648728 -0.003425112 -0.145111263 0.063738599 -0.060110018 0.985528767
1769786675483601152.000000 -0.001514971 -0.025546530 -0.003022019 -0.143891305 0.062705413 -0.060644999 0.985741138
1769786675516934656.000000 -0.001253148 -0.025359018 -0.002995297 -0.141572222 0.061047714 -0.060377665 0.986197293
1769786675550268160.000000 -0.001077712 -0.024852509 -0.003237310 -0.139413148 0.059963964 -0.061076581 0.986528277
1769786675683600640.000000 0.000198080 -0.024065062 -0.002701510 -0.132372692 0.054012194 -0.060913771 0.987851083
1769786675783601408.000000 0.001157276 -0.023233186 -0.002048608 -0.126004547 0.049417838 -0.062167563 0.988845766
1769786675950267904.000000 0.002778530 -0.022078341 -0.002073502 -0.113162719 0.039911982 -0.066446103 0.990548432
1769786676083600640.000000 0.003559637 -0.021230685 -0.001557218 -0.099475481 0.033611931 -0.069094203 0.992069006
1769786676250268416.000000 0.004137198 -0.020148009 -0.002385225 -0.083642863 0.023999067 -0.069449320 0.993783057
1769786676316934656.000000 0.004275399 -0.019574411 -0.001935927 -0.075950518 0.020613417 -0.070416264 0.994408429
1769786676350267392.000000 0.004340221 -0.019552395 -0.001562327 -0.072159104 0.019420279 -0.068382867 0.994856656
1769786676383601408.000000 0.004269513 -0.019334357 -0.002051743 -0.068707399 0.017383059 -0.068586096 0.995124638
1769786676416934144.000000 0.004564708 -0.019354489 -0.001275402 -0.065682642 0.014719203 -0.071483247 0.995167971
1769786676483601408.000000 0.004485340 -0.018722698 -0.001260667 -0.058986977 0.009048713 -0.069421001 0.995800853
1769786676550267648.000000 0.004797134 -0.018249748 -0.001383219 -0.052021939 0.001747427 -0.069937475 0.996192515
1769786676583601152.000000 0.004781514 -0.018313352 -0.000537669 -0.050047260 -0.001766777 -0.070976011 0.996220171
1769786676616935936.000000 0.004836590 -0.018243704 -0.000537654 -0.047997914 -0.005414106 -0.072526857 0.996196151
1769786676650267904.000000 0.004855026 -0.018236319 -0.000381136 -0.044748515 -0.009664099 -0.071226776 0.996409059
1769786676683600128.000000 0.004960618 -0.018058611 0.000209057 -0.041915253 -0.014320122 -0.072771437 0.996364594
1769786676716933888.000000 0.004644144 -0.017514087 -0.000681242 -0.037707545 -0.018603764 -0.070993118 0.996590197
1769786676783600896.000000 0.005383883 -0.017500447 0.000850238 -0.033740252 -0.026952524 -0.068655834 0.996705353
1769786676883600640.000000 0.005228856 -0.016341291 -0.000036938 -0.028247843 -0.036713041 -0.063168667 0.996927261
1769786676916934912.000000 0.005205375 -0.016748454 0.001760538 -0.029776908 -0.037371267 -0.062525161 0.996898890
1769786677383600384.000000 0.007435957 -0.015841376 0.005418352 -0.085523576 -0.025057141 -0.053853415 0.994564056
1769786677416933632.000000 0.007545939 -0.015692011 0.004041863 -0.085457586 -0.025619522 -0.055086505 0.994487882
1769786677516933120.000000 0.007778924 -0.015628513 0.004607613 -0.086163521 -0.025007524 -0.056266874 0.994376421
1769786677583600640.000000 0.007970679 -0.014413693 0.004612335 -0.083696529 -0.024655091 -0.058673758 0.994456828
1769786677616936448.000000 0.008165499 -0.015280196 0.003104012 -0.082010753 -0.025739564 -0.057181489 0.994656742
1769786677916934400.000000 0.009444867 -0.014072503 0.003004538 -0.061238598 -0.028217463 -0.054863282 0.996214688
1769786678016932864.000000 0.010326750 -0.013445254 0.001580860 -0.055924676 -0.030264556 -0.056300409 0.996386886
1769786678050266880.000000 0.009562402 -0.013752046 0.002361669 -0.054248318 -0.029082725 -0.056108922 0.996525526
1769786678183599360.000000 0.009949022 -0.013626478 0.002598130 -0.049606733 -0.030383065 -0.054494217 0.996818125
1769786678516932608.000000 0.010419631 -0.014410149 0.003166881 -0.047136892 -0.032899335 -0.051711809 0.997006357
1769786678683599104.000000 0.010682544 -0.014718247 0.002304226 -0.049064942 -0.034378756 -0.054555509 0.996711850
1769786678883599104.000000 0.011179391 -0.014891126 0.000310159 -0.051930133 -0.036375623 -0.052063238 0.996629059
1769786679150266368.000000 0.011377592 -0.016765341 0.001541768 -0.063753061 -0.038722355 -0.051318694 0.995892823
1769786679216933120.000000 0.010282637 -0.016348610 -0.001150708 -0.065137401 -0.038359512 -0.055209711 0.995609164
1769786679250266880.000000 0.010206850 -0.017112805 -0.001338859 -0.067077115 -0.038486358 -0.051105734 0.995694578
1769786679350265856.000000 0.011195164 -0.018804174 -0.001047803 -0.073137909 -0.039805498 -0.050720781 0.995235562
1769786679383618560.000000 0.010915010 -0.018363059 0.001267247 -0.075715490 -0.038234055 -0.050610330 0.995110035
1769786679616953344.000000 0.010860207 -0.020540062 0.000717682 -0.091411918 -0.039244678 -0.048132561 0.993874788
1769786679650285056.000000 0.010757038 -0.020915827 0.000839725 -0.094459325 -0.039412469 -0.047891088 0.993594766
1769786679683617280.000000 0.010989954 -0.021208337 0.000677820 -0.096470714 -0.040422723 -0.049198274 0.993296981
1769786679750284800.000000 0.010960527 -0.022027500 0.000141605 -0.101554379 -0.039940942 -0.047735061 0.992881060
1769786679783618048.000000 0.010943726 -0.022346307 0.000121317 -0.103447028 -0.039352726 -0.048226241 0.992685378
1769786680016950784.000000 0.010429928 -0.025221929 -0.000097198 -0.122824021 -0.038005423 -0.049007736 0.990488827
1769786680050284544.000000 0.010625946 -0.025504487 0.000727210 -0.125301570 -0.037920069 -0.047755051 0.990242958
1769786680083617280.000000 0.010654932 -0.025998598 0.000824719 -0.127883509 -0.039209027 -0.058774877 0.989269435
1769786680116952832.000000 0.010382047 -0.026560819 0.000513651 -0.129893869 -0.041073758 -0.073871121 0.987918794
1769786680183617024.000000 0.010754165 -0.027415765 0.002528799 -0.134569868 -0.045278177 -0.103922844 0.984398723
1769786680283617536.000000 0.011004403 -0.028580757 0.001025864 -0.140359372 -0.052480571 -0.148240849 0.977532446
1769786680316950528.000000 0.011255374 -0.028640164 0.002113952 -0.141584337 -0.054541126 -0.162025884 0.975052178
1769786680350284032.000000 0.011765707 -0.029175442 0.002375259 -0.143971533 -0.057883561 -0.177858010 0.971744955
1769786680483617024.000000 0.011266898 -0.030754762 0.001727960 -0.150827885 -0.065902986 -0.222746626 0.960880697
1769786680583618048.000000 0.010981064 -0.031639252 0.002706949 -0.155343562 -0.070566259 -0.254968286 0.951777279
1769786681083616512.000000 0.009953499 -0.034231983 0.003660052 -0.170499772 -0.080121860 -0.363406181 0.912384927
1769786681116952064.000000 0.009800161 -0.034441136 0.003046538 -0.171203494 -0.079995848 -0.367616117 0.910575867
1769786681650283776.000000 0.007460642 -0.033979613 0.002755758 -0.174159855 -0.064055324 -0.375977397 0.907858074
1769786681683616512.000000 0.007667663 -0.033769537 0.003185638 -0.173814625 -0.062486425 -0.375349492 0.908293307
1769786681716950528.000000 0.007184091 -0.033732738 0.002932496 -0.173827767 -0.060097411 -0.369899362 0.910684705
1769786681916950528.000000 0.006499252 -0.032127030 0.001749344 -0.168401271 -0.042916566 -0.337177217 0.925262511
1769786681950283008.000000 0.005943699 -0.031955868 0.001394436 -0.167935178 -0.038559489 -0.327848315 0.928884566
1769786681983616256.000000 0.006000896 -0.031613864 0.001798095 -0.166308403 -0.035187855 -0.321202159 0.931629002
1769786682083616000.000000 0.005191884 -0.030754654 0.001363865 -0.161741331 -0.022309439 -0.284205168 0.944758952
1769786682150283520.000000 0.004690117 -0.030043609 0.000419275 -0.158048347 -0.014695889 -0.262843490 0.951692224
1769786682183616000.000000 0.004986754 -0.029459324 0.001018889 -0.155498371 -0.011132215 -0.252522945 0.954949498
1769786682216950528.000000 0.004671561 -0.029071484 0.000602934 -0.153001979 -0.007736167 -0.242187813 0.958058298
1769786682283616000.000000 0.004353480 -0.028470371 0.001599109 -0.149384171 -0.000517697 -0.223481044 0.963192821
1769786682316949760.000000 0.005119040 -0.028451508 0.002937735 -0.147004157 0.001260440 -0.218322232 0.964740157
1769786682350282752.000000 0.004049721 -0.028353712 0.000423645 -0.145321310 0.003304270 -0.214032605 0.965950787
1769786682416948992.000000 0.003989947 -0.027998099 -0.000592518 -0.138977408 0.006381697 -0.214956120 0.966663539
1769786682483616000.000000 0.004366127 -0.027637236 0.002090171 -0.131624401 0.010720946 -0.217061728 0.967183709
1769786682516948736.000000 0.004004838 -0.027658854 -0.000102232 -0.128338814 0.012561087 -0.217277795 0.967554510
1769786682583616768.000000 0.003939844 -0.027605787 0.000944178 -0.122512914 0.018063199 -0.218113348 0.968034565
1769786682783616256.000000 0.003756328 -0.026319329 0.000002492 -0.099342272 0.034912977 -0.222687721 0.969186425
1769786682983616000.000000 0.004297232 -0.026355313 0.002621324 -0.087216012 0.059498474 -0.228895202 0.967708826
1769786683083615488.000000 0.004035508 -0.025554620 0.001798282 -0.077181280 0.074829854 -0.230513558 0.967112720
1769786683150282752.000000 0.003985668 -0.025363822 0.002764326 -0.076169968 0.085796259 -0.236840367 0.964750648
1769786683216948992.000000 0.004000265 -0.024870237 0.002565200 -0.073986612 0.092400722 -0.241382822 0.963183522
1769786683483615232.000000 0.003847616 -0.024377730 0.002014856 -0.115807250 0.088951476 -0.215654686 0.965489209
1769786683550282240.000000 0.003911478 -0.024601273 0.002365947 -0.124295428 0.085770756 -0.202698663 0.967526376
1769786683616951552.000000 0.004066898 -0.023976721 0.002051150 -0.128296763 0.082584463 -0.192979574 0.969267070
1769786683683615232.000000 0.003937588 -0.024295483 0.002954051 -0.134037286 0.082360014 -0.181934461 0.970644474
1769786683750281728.000000 0.003931778 -0.024360940 0.002568027 -0.136977017 0.080265358 -0.176124737 0.971480727
1769786683883614720.000000 0.004050039 -0.023481458 0.003539017 -0.136726469 0.080209635 -0.165097237 0.973455310
1769786683983615744.000000 0.003994337 -0.023153881 0.002774017 -0.132423878 0.078798898 -0.155624434 0.975723147
1769786684383614976.000000 0.003867697 -0.021871740 0.003442309 -0.098247819 0.081240468 -0.139096573 0.982038438
1769786684716948480.000000 0.002111928 -0.020822609 0.000728833 -0.079926655 0.085860491 -0.132679999 0.984192967
1769786684783614720.000000 0.002712797 -0.020938011 0.001813751 -0.080529429 0.086906202 -0.136642843 0.983509600
1769786685183613952.000000 0.002415971 -0.021410335 0.003822039 -0.078145407 0.093443371 -0.127236456 0.984364033
1769786685350281216.000000 0.001914311 -0.022218160 0.002582814 -0.083610922 0.096304365 -0.127570584 0.983595669
1769786685450280960.000000 0.001647805 -0.021755304 0.002268238 -0.083491668 0.097876355 -0.126050770 0.983646572
1769786685550280960.000000 0.001509423 -0.022879917 0.003023571 -0.088625215 0.100487769 -0.120354310 0.983647645
1769786685616949760.000000 0.001167633 -0.022815282 0.002058801 -0.091033697 0.101602189 -0.122057065 0.983103216
1769786685683613696.000000 0.001073829 -0.023065176 0.002262491 -0.095012255 0.102664798 -0.121959038 0.982628405
1769786686383613696.000000 0.002072328 -0.032256149 0.011134438 -0.144957587 0.110989176 -0.116112679 0.976312757
1769786687150280448.000000 0.001015297 -0.039543957 0.010050756 -0.196365371 0.106061861 -0.106430426 0.968950033
1769786687383629056.000000 0.001231071 -0.041619092 0.008308034 -0.206924900 0.099419571 -0.104041941 0.967715442
1769786687416962048.000000 0.001163504 -0.041819766 0.008543410 -0.208225086 0.099766634 -0.105788603 0.967211306
1769786687450295040.000000 0.000161827 -0.041843340 0.007107194 -0.208672345 0.100266792 -0.102222718 0.967446625
1769786687483628288.000000 0.001959034 -0.041802648 0.011537487 -0.210327610 0.098604865 -0.103293918 0.967145145
1769786687516961792.000000 0.001312251 -0.042162750 0.008574035 -0.210680336 0.097488128 -0.102611303 0.967254221
1769786687783628800.000000 0.002000584 -0.042456828 0.007060305 -0.214129031 0.088466853 -0.103425279 0.967277408
1769786687883628032.000000 0.002258917 -0.043267351 0.007274592 -0.214080974 0.085657738 -0.096784309 0.968227684
1769786687950295040.000000 0.002646753 -0.043324023 0.007784602 -0.213708937 0.083545350 -0.095300131 0.968641639
1769786687983628032.000000 0.003019312 -0.043546982 0.007816697 -0.214368016 0.082101882 -0.096691266 0.968481481
1769786688016961280.000000 0.003265182 -0.043491300 0.007829172 -0.213368177 0.080742925 -0.096832871 0.968802392
1769786688116962560.000000 0.003374277 -0.043262202 0.007209762 -0.210911945 0.077626459 -0.094041348 0.969869375
1769786688183627520.000000 0.004047801 -0.043094389 0.007634620 -0.209887490 0.074474849 -0.094750993 0.970269561
1769786688216961280.000000 0.004430898 -0.042705346 0.007559285 -0.208786622 0.072508603 -0.094719306 0.970659018
1769786688250295296.000000 0.004537848 -0.043303683 0.006495355 -0.207768306 0.070433035 -0.095378526 0.970965743
1769786688350294528.000000 0.005644955 -0.042617314 0.007539281 -0.204263180 0.066087171 -0.095234394 0.972028494
1769786688416962048.000000 0.005968149 -0.042356215 0.007093055 -0.201465622 0.063405551 -0.093532287 0.972955823
1769786688516960768.000000 0.006874146 -0.041889645 0.005753657 -0.196150452 0.057803236 -0.094737537 0.974273384
1769786688583628800.000000 0.006955549 -0.041434787 0.005986173 -0.192539066 0.056173164 -0.092624933 0.975291729
1769786688616961792.000000 0.007355265 -0.041273780 0.005818556 -0.190718770 0.053876605 -0.092655547 0.975775898
1769786688650295296.000000 0.007429108 -0.040893484 0.004272366 -0.188181460 0.052127544 -0.094931096 0.976144791
1769786688683627264.000000 0.007909539 -0.040860720 0.005842180 -0.187059566 0.051189441 -0.093648374 0.976533830
1769786688716961280.000000 0.008036979 -0.040402465 0.005502065 -0.184579983 0.050159194 -0.092836298 0.977136493
1769786688816961536.000000 0.008899720 -0.039917402 0.005517030 -0.178679183 0.045004230 -0.093040757 0.978464007
1769786688883627776.000000 0.009604958 -0.039666567 0.006206207 -0.175189227 0.041728869 -0.094189316 0.979130149
1769786688916962304.000000 0.010072269 -0.039347440 0.006969746 -0.172135264 0.039712153 -0.096892342 0.979491830
1769786688950295040.000000 0.010264003 -0.039400104 0.006594250 -0.169887781 0.037791703 -0.098773487 0.979772270
1769786689083627008.000000 0.010534623 -0.038558710 0.006799797 -0.156942934 0.031945344 -0.098789424 0.982134938
1769786689316960512.000000 0.010583724 -0.037519775 0.005407110 -0.135960713 0.020268409 -0.099214010 0.985525489
1769786689350294272.000000 0.011130794 -0.037261464 0.006765441 -0.132255375 0.019012449 -0.098419584 0.986134171
1769786689416961280.000000 0.011265264 -0.036608778 0.005881726 -0.124039471 0.012917546 -0.098767243 0.987265110
1769786689483627008.000000 0.011533892 -0.036282018 0.006010856 -0.118980788 0.006980621 -0.100164533 0.987806618
1769786689516960256.000000 0.011406459 -0.035880513 0.006344398 -0.114586487 0.003489140 -0.097568415 0.988604188
1769786689550294272.000000 0.011879160 -0.035853915 0.007143293 -0.111859828 -0.000573469 -0.098030820 0.988876641
1769786689650294272.000000 0.012129776 -0.035111353 0.005944525 -0.103954263 -0.013790515 -0.101626538 0.989280224
1769786689683627008.000000 0.012182199 -0.035005204 0.006092420 -0.101243816 -0.018450579 -0.100490093 0.989601493
1769786689716961024.000000 0.013111439 -0.035035606 0.008052246 -0.099416062 -0.023488916 -0.098630898 0.989867032
1769786689750293760.000000 0.013100869 -0.034150548 0.007820697 -0.096982114 -0.027620379 -0.098241128 0.990040541
1769786689783627264.000000 0.012530266 -0.035062931 0.005082557 -0.094548449 -0.031718418 -0.095004342 0.990468919
1769786690783626496.000000 0.016006563 -0.032485504 0.011178415 -0.132688522 -0.026436262 -0.080815904 0.987503767
1769786690883625984.000000 0.015586494 -0.032139257 0.010123495 -0.124519728 -0.026439283 -0.080955371 0.988555551
1769786691383626240.000000 0.016925961 -0.031762563 0.008911841 -0.109929562 -0.030212870 -0.077414826 0.990459323
1769786691683624960.000000 0.017272819 -0.032934301 0.007925766 -0.110627770 -0.033033550 -0.075948343 0.990405023
1769786691850292736.000000 0.016920131 -0.033279236 0.008600926 -0.114209868 -0.033459574 -0.073979445 0.990133166
1769786691916960000.000000 0.017300203 -0.033614155 0.009080674 -0.116775259 -0.034117300 -0.074605286 0.989764392
1769786692050292480.000000 0.017546151 -0.034473695 0.010242426 -0.121431917 -0.035059247 -0.071049027 0.989432752
1769786692150292736.000000 0.017585903 -0.034877937 0.010207733 -0.125812218 -0.036839142 -0.072325431 0.988728046
1769786692216959232.000000 0.017390126 -0.035714667 0.009097663 -0.130067661 -0.036047656 -0.070837922 0.988314211
1769786692383625728.000000 0.017682543 -0.036987636 0.009238306 -0.139322951 -0.038291160 -0.072056614 0.986879289
1769786692450292224.000000 0.017637268 -0.037616171 0.007929277 -0.142990828 -0.038602687 -0.074318931 0.986174524
1769786692516958464.000000 0.017617458 -0.037886776 0.008244410 -0.147597715 -0.038616911 -0.072533533 0.985628009
1769786692683625472.000000 0.017608283 -0.039511658 0.008458292 -0.159023374 -0.038377799 -0.073954776 0.983752728
1769786692716958720.000000 0.017546332 -0.039422262 0.008841435 -0.160267368 -0.037827935 -0.072519176 0.983679056
1769786692816958464.000000 0.017217707 -0.040692102 0.009187489 -0.168614149 -0.037061665 -0.073559947 0.982234538
1769786692850292224.000000 0.017106088 -0.040996876 0.009066691 -0.170562029 -0.036832403 -0.074534580 0.981833279
1769786692883624704.000000 0.016916038 -0.041537717 0.008373107 -0.173502222 -0.036329567 -0.074294783 0.981354952
1769786692916959488.000000 0.017276539 -0.041666269 0.009921646 -0.176006973 -0.036877636 -0.073855773 0.980921447
1769786693083623936.000000 0.016921982 -0.043397907 0.010607925 -0.189144954 -0.037017122 -0.089687102 0.977143884
1769786693116958464.000000 0.017303294 -0.043780390 0.009399252 -0.190674782 -0.041813072 -0.107106477 0.974896431
1769786693250292480.000000 0.016838633 -0.045809843 0.011433840 -0.201749310 -0.050687529 -0.159103721 0.965097964
1769786693350291200.000000 0.017354017 -0.046600457 0.010076445 -0.205323249 -0.060883351 -0.204981863 0.955048740
1769786693483624704.000000 0.016843341 -0.048452664 0.010157719 -0.211969748 -0.072535038 -0.248147056 0.942459881
1769786693550291456.000000 0.016809117 -0.050220508 0.008751768 -0.215404406 -0.076533265 -0.268951744 0.935632706
1769786693650291968.000000 0.016550127 -0.049928438 0.010681983 -0.219457641 -0.081988253 -0.297390610 0.925567448
1769786693716958464.000000 0.015984021 -0.051007934 0.010400288 -0.221399575 -0.084675975 -0.314933211 0.919037163
1769786693850290944.000000 0.016405782 -0.051490955 0.010860888 -0.225168034 -0.091995940 -0.347450882 0.905601501
1769786693983624448.000000 0.015687767 -0.052075557 0.010490069 -0.227815956 -0.094770491 -0.369234443 0.895982325
1769786694050291200.000000 0.015998285 -0.052117780 0.012465736 -0.229417995 -0.095628053 -0.381483525 0.890333056
1769786694083623680.000000 0.016023505 -0.051982932 0.012560504 -0.229923770 -0.095933221 -0.386093885 0.888179839
1769786694183623936.000000 0.015547236 -0.052568801 0.011649276 -0.231330246 -0.096570909 -0.397546440 0.882676184
1769786694450290944.000000 0.014983168 -0.052032363 0.012797298 -0.232353896 -0.092613176 -0.410765409 0.876758933
1769786694550290944.000000 0.014126733 -0.052159511 0.010272616 -0.232617468 -0.087556973 -0.409273565 0.877905488
1769786694683624192.000000 0.013551883 -0.051132016 0.011920514 -0.231347561 -0.078241304 -0.397996008 0.884282649
1769786694816957184.000000 0.013358787 -0.050507806 0.011945758 -0.229715928 -0.068138085 -0.384442449 0.891510963
1769786694850290176.000000 0.012864031 -0.050294109 0.012598730 -0.229560733 -0.064080521 -0.374558449 0.896047771
1769786694883624192.000000 0.012892604 -0.049938060 0.012886101 -0.228658378 -0.061036307 -0.369698614 0.898505926
1769786695016956928.000000 0.012110178 -0.048274782 0.011349567 -0.222663090 -0.044474829 -0.336290061 0.913976014
1769786695050290432.000000 0.011660725 -0.047884423 0.010920784 -0.221740261 -0.039230853 -0.324987948 0.918517828
1769786695116957440.000000 0.011624462 -0.047309045 0.011154925 -0.219151631 -0.030407282 -0.301155657 0.927552342
1769786695183623680.000000 0.011452759 -0.045616135 0.013019169 -0.214175463 -0.019161366 -0.281827599 0.935058773
1769786695250303232.000000 0.011807181 -0.044928350 0.012985369 -0.210537821 -0.014231404 -0.266146541 0.940551579
1769786695316969216.000000 0.011569750 -0.045071024 0.013391385 -0.207503915 -0.008127078 -0.248003960 0.946240008
1769786695616971008.000000 0.011577170 -0.042960383 0.013942968 -0.174624339 0.011374597 -0.249998316 0.952301323
1769786695716969984.000000 0.011371427 -0.042779375 0.013929736 -0.164776728 0.019873772 -0.252641886 0.953218639
1769786695750302464.000000 0.011242392 -0.042766124 0.012859218 -0.160996959 0.021538347 -0.255391687 0.953095615
1769786695850302208.000000 0.011379210 -0.042384081 0.013549223 -0.150945693 0.032571565 -0.256962359 0.954004645
1769786695916969728.000000 0.011699192 -0.042020582 0.014691509 -0.146543637 0.040725287 -0.260494292 0.953419685
1769786695950302208.000000 0.011737963 -0.042942155 0.015345477 -0.150288045 0.045569547 -0.268620580 0.950357795
1769786696116969472.000000 0.012104223 -0.041719001 0.014838184 -0.136777923 0.066424146 -0.269641131 0.950880289
1769786696283635200.000000 0.012605614 -0.039952498 0.015608668 -0.131261677 0.080727026 -0.278678715 0.947940767
1769786698783633920.000000 0.005063465 -0.034537815 0.014639808 -0.138244107 0.108828016 -0.127175063 0.976151407
1769786698950300160.000000 0.004665332 -0.036082037 0.015475672 -0.149558634 0.110196166 -0.124755181 0.974641085
1769786699150301440.000000 0.003420115 -0.037633911 0.013974094 -0.162053511 0.113593861 -0.123012684 0.972472608
1769786699183633664.000000 0.002625047 -0.037704498 0.015185334 -0.164371476 0.118227012 -0.116503023 0.972333014
1769786699316966912.000000 0.002570088 -0.039335623 0.015145197 -0.175425842 0.117179006 -0.116388269 0.970540404
1769786699583633920.000000 0.001940763 -0.042130955 0.015265016 -0.195542723 0.118322961 -0.113738015 0.966864228
1769786699616966656.000000 0.002124615 -0.042283844 0.014892919 -0.196418300 0.117813237 -0.114223897 0.966691732
1769786699816966656.000000 0.001495453 -0.044389285 0.015196349 -0.211168244 0.117955908 -0.111420073 0.963887930
1769786700316966144.000000 0.001232563 -0.048276819 0.014478028 -0.237214074 0.110897884 -0.103109695 0.959583044
1769786700550299392.000000 0.001868511 -0.049866024 0.014617053 -0.245283350 0.104998112 -0.101111650 0.958429933
1769786700850299136.000000 0.002328743 -0.050513402 0.012219445 -0.246360645 0.094323903 -0.096946001 0.959693134
1769786700883633664.000000 0.002515112 -0.050561555 0.012425579 -0.246885061 0.093636073 -0.096715562 0.959648967
1769786700916967168.000000 0.002995903 -0.050464235 0.013424311 -0.246861726 0.092559420 -0.097137608 0.959716797
1769786700950298880.000000 0.003282863 -0.050296150 0.014058863 -0.246774301 0.092143215 -0.095986299 0.959895194
1769786701050299392.000000 0.003455660 -0.050516717 0.012713896 -0.245296642 0.087565914 -0.096804485 0.960619926
1769786701116966144.000000 0.004454497 -0.050373625 0.013498319 -0.243947491 0.083681189 -0.095098034 0.961479843
1769786701183631872.000000 0.004872999 -0.050061829 0.012990601 -0.242327034 0.080504999 -0.098855197 0.961781800
1769786701216966144.000000 0.004872449 -0.049963802 0.012872837 -0.241590604 0.079572961 -0.097144194 0.962218881
1769786701283631872.000000 0.005454900 -0.049819481 0.011857212 -0.238787964 0.075317137 -0.097733378 0.963200867
1769786701383632384.000000 0.006236981 -0.049133122 0.012240577 -0.234023958 0.071100414 -0.097137623 0.964749634
1769786701416965120.000000 0.006453696 -0.049213707 0.012272874 -0.233946264 0.069700204 -0.099264696 0.964654148
1769786701450299136.000000 0.006736809 -0.048943866 0.012132147 -0.231679171 0.067602493 -0.097417690 0.965538442
1769786701483631616.000000 0.007000396 -0.048633896 0.012954794 -0.230614200 0.066749096 -0.097818553 0.965812206
1769786701516965376.000000 0.007469564 -0.048675623 0.011424436 -0.229036137 0.062717512 -0.100469142 0.966185749
1769786701616967424.000000 0.008368617 -0.047909025 0.011861216 -0.223282322 0.058745980 -0.099961154 0.967833519
1769786701650299136.000000 0.008498044 -0.047716510 0.011785018 -0.221292287 0.057656143 -0.098751746 0.968480051
1769786701750298880.000000 0.009143104 -0.047450233 0.010688150 -0.216487303 0.052079868 -0.100471705 0.969704270
1769786701816965120.000000 0.009574115 -0.046547644 0.011107348 -0.210719287 0.049754497 -0.100032121 0.971141338
1769786701950298624.000000 0.010516760 -0.045974337 0.008773667 -0.199768439 0.041070569 -0.103360638 0.973510325
1769786702016964864.000000 0.010751210 -0.045543462 0.009115542 -0.192889675 0.037503526 -0.105148107 0.974849224
1769786702050298880.000000 0.010935981 -0.045689993 0.008657231 -0.190645248 0.035831396 -0.104978599 0.975371778
1769786702216964864.000000 0.011697095 -0.045072261 0.009350997 -0.175252929 0.026094614 -0.105105504 0.978549123
1769786702283631616.000000 0.011476424 -0.044825021 0.008945103 -0.168192044 0.023239478 -0.103479184 0.980032384
1769786702316964864.000000 0.011854378 -0.044199742 0.007939759 -0.164270893 0.021241095 -0.104640476 0.980619311
1769786702350317568.000000 0.011532596 -0.044154197 0.006779885 -0.160686329 0.019233951 -0.105842344 0.981125534
1769786702383652096.000000 0.011666291 -0.043973710 0.008129229 -0.158620745 0.017572086 -0.104288839 0.981659055
1769786702483650560.000000 0.011794287 -0.043645319 0.007730044 -0.149883300 0.008720477 -0.104075380 0.983172059
1769786702583651840.000000 0.012409731 -0.043465689 0.007917148 -0.141242057 -0.004462002 -0.103872381 0.984500587
1769786702816984064.000000 0.013505964 -0.041336827 0.008625067 -0.121579364 -0.034904186 -0.096803844 0.987233102
1769786702983650560.000000 0.014131812 -0.040076394 0.009460772 -0.121724367 -0.039580800 -0.080067247 0.988537192
1769786703116985856.000000 0.013994841 -0.039396212 0.008715291 -0.150846317 -0.030993547 -0.081877083 0.984673023
1769786703150318592.000000 0.014236126 -0.039228320 0.008862026 -0.155054241 -0.029822722 -0.082289539 0.984020948
1769786704683649024.000000 0.017392917 -0.037359413 0.008933884 -0.143554688 -0.026488520 -0.087533623 0.985407710
1769786704783649536.000000 0.017544098 -0.037868164 0.008928753 -0.145872742 -0.026917800 -0.087885432 0.985024214
1769786704883649024.000000 0.017578976 -0.038295053 0.008902815 -0.148863703 -0.026352314 -0.087409377 0.984634340
1769786705150317312.000000 0.017174924 -0.039893456 0.008958653 -0.158296853 -0.024442688 -0.085859299 0.983347833
1769786705350315520.000000 0.016900051 -0.040993460 0.009131696 -0.166165084 -0.022770984 -0.085548259 0.982116163
1769786705416982272.000000 0.016806170 -0.041492008 0.009064756 -0.168864027 -0.022188570 -0.085158348 0.981702924
1769786705450316032.000000 0.016773997 -0.041658536 0.009152411 -0.170050457 -0.021816682 -0.085023135 0.981518209
1769786705683648768.000000 0.016153922 -0.043033857 0.009247312 -0.179266810 -0.019048419 -0.085921012 0.979856193
1769786705883648512.000000 0.015733169 -0.043947209 0.009341554 -0.186542526 -0.015511131 -0.086658619 0.978494525
1769786705916983040.000000 0.015635556 -0.044094462 0.009438096 -0.187543094 -0.014717308 -0.086382113 0.978339970
1769786706083647744.000000 0.015207162 -0.044768319 0.009630379 -0.192526773 -0.012117399 -0.086630188 0.977385223
1769786706316981504.000000 0.014827449 -0.045298163 0.009796859 -0.197630748 -0.008725784 -0.087534532 0.976321518
1769786706450315008.000000 0.014476666 -0.045615889 0.009781249 -0.199769154 -0.006327633 -0.087646306 0.975894630
1769786706783648256.000000 0.013680952 -0.045743827 0.010014349 -0.202903375 -0.000540413 -0.088218272 0.975216627
1769786707016980736.000000 0.013425193 -0.045755446 0.009830466 -0.203413367 0.001588258 -0.089688405 0.974975109
1769786707283647488.000000 0.013314469 -0.045728069 0.009835062 -0.203115433 0.003751827 -0.091389127 0.974873364
1769786707516980992.000000 0.012921996 -0.045580722 0.009639828 -0.202111199 0.005909304 -0.091781631 0.975034475
1769786708350314240.000000 0.012690739 -0.044969752 0.009751338 -0.198404118 0.007908703 -0.094736606 0.975499034
1769786708916980992.000000 0.012615563 -0.044861265 0.009897085 -0.198621839 0.008138129 -0.095810786 0.975347877
1769786708983647232.000000 0.012596294 -0.044813119 0.009928913 -0.198620424 0.008200224 -0.095812395 0.975347459
1769786709250314240.000000 0.012654733 -0.044819675 0.009944029 -0.198578134 0.007941015 -0.095708951 0.975368381
1769786709516988928.000000 0.012649590 -0.044799272 0.009907900 -0.198448628 0.007997813 -0.095519088 0.975412905
1769786710650323968.000000 0.012607746 -0.044843432 0.009869163 -0.198349118 0.007868500 -0.095308095 0.975454807
1769786711116988672.000000 0.012638051 -0.044846684 0.009798633 -0.198226869 0.007694727 -0.095288217 0.975483000
1769786711383656448.000000 0.012578158 -0.044862658 0.009758224 -0.198244140 0.007688295 -0.095417991 0.975466847
