1769786639.450206 0.0000000 0.0000000 0.0000000 -0.0000000 -0.0000000 -0.0000000 1.0000000
1769786639.483539 -0.0000780 -0.0001767 -0.0002022 -0.0002130 0.0000079 0.0004699 0.9999999
1769786639.516872 -0.0000150 -0.0001941 0.0003406 -0.0005506 0.0000241 0.0008764 0.9999995
1769786639.583540 -0.0000219 -0.0000899 0.0005001 -0.0003085 0.0001602 0.0016365 0.9999986
1769786639.616874 -0.0000470 -0.0002289 0.0002166 -0.0006157 -0.0002400 0.0007983 0.9999995
1769786639.950206 0.0000370 -0.0000552 0.0002326 -0.0002533 -0.0002842 0.0017763 0.9999984
1769786640.016872 0.0000037 0.0001038 0.0004094 -0.0001875 -0.0000407 0.0012212 0.9999992
1769786640.150205 0.0000755 0.0000042 0.0004094 -0.0002969 -0.0003597 0.0010434 0.9999993
1769786640.550205 0.0000355 0.0000798 0.0000368 -0.0002300 -0.0006164 0.0007998 0.9999995
1769786646.116870 -0.0002445 0.0005390 0.0014020 0.0057079 0.0113946 -0.0052570 0.9999050
1769786646.216869 -0.0001014 0.0008416 0.0013303 0.0053429 0.0125006 -0.0063919 0.9998872
1769786646.783535 -0.0010244 0.0004334 -0.0000933 0.0029034 0.0233081 -0.0068648 0.9997005
1769786646.850202 -0.0010541 0.0003322 0.0004354 0.0018208 0.0251238 -0.0051682 0.9996693
1769786647.050202 -0.0016879 0.0002796 -0.0009496 -0.0003879 0.0294329 -0.0050496 0.9995540
1769786647.116869 -0.0018637 0.0002628 -0.0007016 -0.0008619 0.0312777 -0.0050138 0.9994978
1769786647.450201 -0.0020919 -0.0009511 -0.0003189 -0.0086794 0.0390510 -0.0059000 0.9991821
1769786647.516868 -0.0023175 -0.0008040 -0.0020144 -0.0095660 0.0400042 -0.0058114 0.9991368
1769786647.750201 -0.0028184 -0.0014872 -0.0022401 -0.0166479 0.0453131 -0.0048742 0.9988223
1769786648.216868 -0.0040842 -0.0028264 -0.0025004 -0.0308157 0.0547045 -0.0014911 0.9980259
1769786648.583536 -0.0047998 -0.0044267 -0.0024388 -0.0416968 0.0569120 -0.0003596 0.9975080
1769786648.783534 -0.0048913 -0.0050705 -0.0019648 -0.0443094 0.0571093 -0.0002509 0.9973842
1769786649.316907 -0.0042280 -0.0048471 -0.0023351 -0.0419776 0.0499411 -0.0000126 0.9978696
1769786649.450240 -0.0037987 -0.0043335 -0.0026277 -0.0381578 0.0474323 0.0000470 0.9981453
1769786649.750240 -0.0029469 -0.0034404 -0.0018901 -0.0254220 0.0402292 -0.0002411 0.9988670
1769786649.816906 -0.0025444 -0.0031099 -0.0022577 -0.0220351 0.0380928 -0.0005885 0.9990311
1769786649.850241 -0.0025536 -0.0027680 -0.0022209 -0.0195767 0.0372317 -0.0009452 0.9991145
1769786649.883573 -0.0023904 -0.0027872 -0.0016776 -0.0182324 0.0362044 -0.0015966 0.9991768
1769786650.016906 -0.0019580 -0.0019852 -0.0018788 -0.0085659 0.0313448 -0.0025415 0.9994687
1769786650.050240 -0.0020491 -0.0018520 -0.0017798 -0.0061071 0.0303550 -0.0036733 0.9995138
1769786650.116907 -0.0016647 -0.0015130 -0.0023413 -0.0002509 0.0267938 -0.0050465 0.9996282
1769786650.150239 -0.0017585 -0.0013896 -0.0016044 0.0025129 0.0264887 -0.0049066 0.9996339
1769786650.283573 -0.0016128 -0.0007251 -0.0027301 0.0155955 0.0198139 -0.0074741 0.9996541
1769786650.316906 -0.0013818 -0.0002691 -0.0027328 0.0194304 0.0172700 -0.0086504 0.9996246
1769786650.483573 -0.0009153 0.0012252 -0.0024035 0.0363493 0.0026049 -0.0125347 0.9992571
1769786650.583575 -0.0007911 0.0013421 -0.0022039 0.0433753 -0.0066802 -0.0152729 0.9989198
1769786650.616907 -0.0007640 0.0017293 -0.0026384 0.0463484 -0.0102433 -0.0148174 0.9987629
1769786650.650239 -0.0004057 0.0017645 -0.0008499 0.0476434 -0.0121119 -0.0154267 0.9986718
1769786650.816906 0.0000440 0.0031969 -0.0010753 0.0564078 -0.0195614 -0.0044544 0.9982063
1769786650.850239 -0.0002301 0.0042041 -0.0012785 0.0574223 -0.0184907 -0.0044791 0.9981687
1769786650.883572 -0.0001119 0.0044091 -0.0008972 0.0542482 -0.0176082 -0.0044471 0.9983623
1769786650.916907 0.0001661 0.0043875 -0.0003988 0.0462977 -0.0174871 -0.0026830 0.9987711
1769786651.050239 0.0003217 0.0041191 0.0004327 0.0203695 -0.0156210 -0.0022512 0.9996679
1769786651.083573 0.0003720 0.0043948 0.0006248 0.0176206 -0.0155389 -0.0018866 0.9997222
1769786651.150239 0.0007431 0.0045624 0.0008328 0.0133573 -0.0165427 -0.0021807 0.9997716
1769786651.250239 0.0008025 0.0048154 0.0013566 0.0080980 -0.0166333 -0.0021863 0.9998265
1769786651.350240 0.0013251 0.0051371 0.0015972 0.0070117 -0.0186312 -0.0033712 0.9997962
1769786651.450239 0.0012661 0.0060035 0.0011517 0.0091025 -0.0189373 -0.0054440 0.9997644
1769786651.783572 0.0027199 0.0075644 0.0019527 0.0323943 -0.0243017 -0.0050564 0.9991669
1769786651.883572 0.0029244 0.0078232 0.0015614 0.0404181 -0.0256293 -0.0045111 0.9988440
1769786652.350239 0.0034783 0.0079795 0.0012772 0.0580782 -0.0292525 -0.0010383 0.9978828
1769786652.450238 0.0035971 0.0080892 0.0012487 0.0610356 -0.0307438 -0.0009478 0.9976616
1769786652.550239 0.0039914 0.0078352 0.0015369 0.0609573 -0.0330528 0.0005907 0.9975928
1769786652.883571 0.0044316 0.0069119 0.0001935 0.0561994 -0.0377084 0.0023037 0.9977046
1769786652.916906 0.0045577 0.0070971 0.0004272 0.0543420 -0.0382477 0.0003898 0.9977895
1769786653.083572 0.0051251 0.0062487 -0.0001608 0.0486601 -0.0414513 -0.0028933 0.9979507
1769786653.283571 0.0047545 0.0045735 -0.0001394 0.0383760 -0.0420712 0.0012099 0.9983766
1769786653.316904 0.0050015 0.0045919 -0.0004835 0.0368086 -0.0427083 0.0010654 0.9984087
1769786653.350238 0.0052184 0.0045794 -0.0007984 0.0350586 -0.0429418 -0.0007175 0.9984620
1769786653.483571 0.0052456 0.0029771 -0.0004288 0.0272181 -0.0445424 0.0030303 0.9986321
1769786653.583573 0.0061080 0.0029071 -0.0018315 0.0220631 -0.0453637 0.0037943 0.9987197
1769786653.683570 0.0053159 0.0020289 -0.0026769 0.0147800 -0.0462760 0.0023607 0.9988166
1769786653.783571 0.0053462 0.0011141 -0.0033626 0.0068334 -0.0461638 0.0016581 0.9989091
1769786653.850237 0.0053564 0.0002593 -0.0035512 0.0016352 -0.0462600 0.0022922 0.9989255
1769786653.883571 0.0051267 -0.0003213 -0.0034545 -0.0009274 -0.0455848 0.0045130 0.9989498
1769786653.983571 0.0054009 -0.0014374 -0.0037620 -0.0086066 -0.0459336 0.0019202 0.9989056
1769786654.016904 0.0053525 -0.0019172 -0.0034448 -0.0119923 -0.0461865 0.0045693 0.9988504
1769786654.116904 0.0056003 -0.0030149 -0.0036473 -0.0190009 -0.0466195 -0.0203608 0.9985244
1769786654.150237 0.0053641 -0.0031953 -0.0041128 -0.0202193 -0.0470833 -0.0332080 0.9981341
1769786654.283571 0.0056850 -0.0051296 -0.0049137 -0.0297667 -0.0495755 -0.0905714 0.9942098
1769786654.316904 0.0058938 -0.0052471 -0.0042692 -0.0308704 -0.0502299 -0.1039593 0.9928325
1769786654.450237 0.0058078 -0.0071271 -0.0043191 -0.0404583 -0.0526484 -0.1548611 0.9857025
1769786654.516903 0.0059681 -0.0079279 -0.0048682 -0.0432136 -0.0545937 -0.1785173 0.9814702
1769786654.550237 0.0059262 -0.0080039 -0.0048492 -0.0444486 -0.0551030 -0.1901801 0.9791933
1769786654.616904 0.0060293 -0.0087652 -0.0047242 -0.0483211 -0.0565368 -0.2112998 0.9745876
1769786654.650237 0.0061730 -0.0090636 -0.0048705 -0.0497948 -0.0577442 -0.2217823 0.9721105
1769786654.750237 0.0059173 -0.0100941 -0.0050911 -0.0546157 -0.0568566 -0.2494445 0.9651746
1769786654.816903 0.0058199 -0.0104169 -0.0054100 -0.0570230 -0.0577616 -0.2669995 0.9602725
1769786654.883570 0.0062209 -0.0108901 -0.0047573 -0.0594482 -0.0580684 -0.2820834 0.9557840
1769786654.950237 0.0057306 -0.0112996 -0.0054443 -0.0614754 -0.0570879 -0.2943535 0.9520073
1769786654.983570 0.0055591 -0.0114411 -0.0052755 -0.0622293 -0.0566367 -0.3011523 0.9498564
1769786655.016903 0.0054228 -0.0116040 -0.0051572 -0.0638425 -0.0564020 -0.3064411 0.9480700
1769786655.183569 0.0048322 -0.0120483 -0.0055221 -0.0673148 -0.0544818 -0.3280540 0.9406812
1769786655.216904 0.0050164 -0.0120999 -0.0052593 -0.0679223 -0.0544853 -0.3315690 0.9394040
1769786655.250237 0.0048529 -0.0120538 -0.0066590 -0.0686571 -0.0539797 -0.3333927 0.9387341
1769786655.316903 0.0046844 -0.0123826 -0.0050648 -0.0693072 -0.0527275 -0.3371271 0.9374229
1769786655.483570 0.0041270 -0.0121906 -0.0051373 -0.0701852 -0.0483571 -0.3403443 0.9364301
1769786655.650236 0.0032576 -0.0117996 -0.0050274 -0.0698439 -0.0407309 -0.3322213 0.9397297
1769786655.683569 0.0030333 -0.0115441 -0.0054811 -0.0697760 -0.0382773 -0.3297044 0.9407238
1769786655.750236 0.0027025 -0.0114616 -0.0054168 -0.0692051 -0.0342787 -0.3224199 0.9434411
1769786655.783570 0.0023924 -0.0112454 -0.0054066 -0.0687532 -0.0321257 -0.3167063 0.9454830
1769786655.850237 0.0021193 -0.0108178 -0.0054190 -0.0669794 -0.0279337 -0.3053832 0.9494601
1769786656.016903 0.0008903 -0.0091865 -0.0050902 -0.0603653 -0.0143388 -0.2628615 0.9628366
1769786656.083570 0.0004060 -0.0086106 -0.0049237 -0.0576025 -0.0096501 -0.2391995 0.9692123
1769786656.116903 -0.0000433 -0.0084724 -0.0052420 -0.0563232 -0.0060784 -0.2275100 0.9721265
1769786656.150236 -0.0001571 -0.0079816 -0.0045478 -0.0537920 -0.0024549 -0.2164202 0.9748142
1769786656.250237 -0.0006316 -0.0069369 -0.0040391 -0.0466722 0.0053255 -0.1831662 0.9819590
1769786656.283570 -0.0008665 -0.0067347 -0.0040242 -0.0449661 0.0075952 -0.1752658 0.9834644
1769786656.350236 -0.0010348 -0.0061764 -0.0041402 -0.0398614 0.0113644 -0.1632640 0.9857113
1769786656.416902 -0.0007738 -0.0060181 -0.0034311 -0.0343712 0.0142333 -0.1610124 0.9862510
1769786656.450236 -0.0011103 -0.0059440 -0.0033030 -0.0311631 0.0166413 -0.1608300 0.9863497
1769786656.550236 -0.0015621 -0.0050843 -0.0034957 -0.0188165 0.0247098 -0.1581478 0.9869269
1769786656.583571 -0.0017968 -0.0048617 -0.0035165 -0.0148197 0.0276807 -0.1583810 0.9868788
1769786656.616904 -0.0016452 -0.0049738 -0.0031809 -0.0111900 0.0312454 -0.1574847 0.9869636
1769786656.683568 -0.0017736 -0.0044076 -0.0033296 -0.0039554 0.0376388 -0.1581400 0.9866911
1769786656.750234 -0.0013997 -0.0042439 -0.0019444 0.0034989 0.0436106 -0.1573681 0.9865704
1769786656.783568 -0.0014803 -0.0044744 -0.0017990 0.0067839 0.0471413 -0.1582567 0.9862487
1769786656.850234 -0.0017233 -0.0037588 -0.0030626 0.0117774 0.0539282 -0.1622916 0.9851977
1769786656.883567 -0.0014086 -0.0038539 -0.0017026 0.0128340 0.0582393 -0.1646381 0.9845495
1769786656.950234 -0.0024542 -0.0035756 -0.0040982 0.0169599 0.0674546 -0.1632005 0.9841381
1769786657.116901 -0.0015280 -0.0028610 -0.0026576 0.0250722 0.0917772 -0.1686742 0.9810695
1769786657.150234 -0.0012699 -0.0025728 -0.0005283 0.0263187 0.0953708 -0.1664419 0.9810753
1769786657.250234 -0.0012974 -0.0025940 -0.0002178 0.0259693 0.1061955 -0.1723181 0.9789559
1769786657.283567 -0.0015692 -0.0021532 -0.0002417 0.0266163 0.1084812 -0.1726838 0.9786234
1769786657.316900 -0.0019376 -0.0017096 -0.0006774 0.0262740 0.1096494 -0.1756953 0.9779662
1769786657.450234 -0.0023966 -0.0011529 -0.0015064 -0.0053970 0.1024086 -0.1564923 0.9823408
1769786657.550234 -0.0026364 0.0006198 -0.0018234 -0.0157323 0.0957031 -0.1403616 0.9853386
1769786657.616902 -0.0038110 -0.0009191 -0.0018756 -0.0212656 0.0925077 -0.1250885 0.9875945
1769786657.716900 -0.0034412 0.0003442 0.0002618 -0.0248585 0.0892467 -0.1083909 0.9897820
1769786657.750233 -0.0033011 0.0006147 0.0011263 -0.0256448 0.0884863 -0.1049146 0.9902048
1769786657.783567 -0.0036723 0.0008361 0.0021813 -0.0250431 0.0897808 -0.0987670 0.9907358
1769786657.816900 -0.0046575 0.0006628 0.0004577 -0.0249672 0.0891204 -0.0943696 0.9912258
1769786657.883567 -0.0034975 0.0011669 0.0024693 -0.0243508 0.0879177 -0.0892351 0.9918239
1769786658.383567 -0.0045609 0.0031551 0.0037073 0.0098992 0.0890530 -0.0681527 0.9936432
1769786658.816900 -0.0054934 0.0034549 0.0044487 0.0271527 0.0955845 -0.0611849 0.9931681
1769786658.883566 -0.0051140 0.0037781 0.0047238 0.0280653 0.0953438 -0.0631235 0.9930445
1769786659.283566 -0.0061763 0.0028189 0.0045552 0.0267743 0.1022222 -0.0586620 0.9926694
1769786659.316899 -0.0063428 0.0030125 0.0041522 0.0267801 0.1025421 -0.0571394 0.9927251
1769786659.416899 -0.0071692 0.0035921 0.0013955 0.0249666 0.1035627 -0.0566851 0.9926924
1769786659.516900 -0.0069846 0.0028246 0.0020802 0.0210113 0.1043269 -0.0571936 0.9926748
1769786659.616899 -0.0072190 0.0013711 0.0038350 0.0168356 0.1077246 -0.0527996 0.9926350
1769786659.783566 -0.0079501 0.0002473 0.0053772 0.0096441 0.1113392 -0.0421278 0.9928423
1769786659.816899 -0.0080353 -0.0000876 0.0039439 0.0065064 0.1097120 -0.0418993 0.9930586
1769786660.116899 -0.0079529 -0.0024502 0.0055762 -0.0125292 0.1139378 -0.0409782 0.9925634
1769786660.150232 -0.0070393 -0.0023408 0.0060197 -0.0161035 0.1123404 -0.0476181 0.9923975
1769786660.216899 -0.0086981 -0.0031189 0.0035018 -0.0202744 0.1133903 -0.0415929 0.9924725
1769786661.250232 -0.0087221 -0.0131453 0.0010704 -0.0904772 0.1027837 -0.0288215 0.9901609
1769786661.350231 -0.0084654 -0.0139698 0.0012040 -0.0939384 0.1014388 -0.0252322 0.9900753
1769786661.416898 -0.0086511 -0.0140764 0.0002922 -0.0954348 0.0995273 -0.0255014 0.9901193
1769786661.483565 -0.0084267 -0.0147009 0.0008311 -0.0979391 0.0983770 -0.0231582 0.9900473
1769786661.716898 -0.0077368 -0.0151909 0.0001033 -0.1019796 0.0905687 -0.0206429 0.9904400
1769786661.783564 -0.0089357 -0.0154345 -0.0018142 -0.1019777 0.0884070 -0.0222189 0.9906014
1769786661.816898 -0.0068854 -0.0150815 0.0005773 -0.1017460 0.0867216 -0.0214286 0.9907916
1769786661.850232 -0.0068821 -0.0156715 0.0009828 -0.1023558 0.0862068 -0.0201158 0.9908012
1769786661.983564 -0.0068060 -0.0153497 -0.0009493 -0.1005487 0.0803542 -0.0198974 0.9914824
1769786662.016897 -0.0066125 -0.0156361 0.0001098 -0.1004878 0.0801805 -0.0184921 0.9915298
1769786662.116898 -0.0057429 -0.0147726 0.0000309 -0.0978380 0.0755534 -0.0201890 0.9921249
1769786662.183564 -0.0054009 -0.0150584 0.0006998 -0.0966617 0.0734819 -0.0195664 0.9924082
1769786662.283564 -0.0044120 -0.0144112 0.0006634 -0.0924580 0.0684145 -0.0202162 0.9931577
1769786662.316897 -0.0041653 -0.0142071 0.0005850 -0.0912940 0.0669305 -0.0197182 0.9933766
1769786662.383564 -0.0035838 -0.0137193 0.0003268 -0.0880228 0.0633030 -0.0219828 0.9938619
1769786662.516897 -0.0027101 -0.0128437 -0.0005007 -0.0812572 0.0567263 -0.0243981 0.9947785
1769786662.550231 -0.0025228 -0.0125246 -0.0015318 -0.0791893 0.0553301 -0.0262037 0.9949779
1769786662.583565 -0.0021973 -0.0127191 0.0000906 -0.0780340 0.0544190 -0.0249245 0.9951523
1769786662.716897 -0.0014832 -0.0110494 -0.0017170 -0.0690396 0.0484260 -0.0250499 0.9961230
1769786662.750230 -0.0009492 -0.0112898 -0.0000008 -0.0679343 0.0472812 -0.0259234 0.9962316
1769786662.783564 0.0012261 -0.0124964 0.0072396 -0.0667263 0.0460524 -0.0270804 0.9963400
1769786662.850230 -0.0006094 -0.0106909 0.0004319 -0.0617122 0.0441765 -0.0254604 0.9967908
1769786662.883564 -0.0002588 -0.0104386 0.0008758 -0.0590039 0.0427142 -0.0262619 0.9969977
1769786662.916898 -0.0003415 -0.0103534 0.0008356 -0.0563690 0.0419736 -0.0268222 0.9971666
1769786662.950231 0.0004382 -0.0099743 0.0002094 -0.0543904 0.0397444 -0.0312404 0.9972392
1769786662.983564 0.0006681 -0.0100374 0.0012136 -0.0503425 0.0386975 -0.0304379 0.9975178
1769786663.016897 0.0006529 -0.0097718 0.0011927 -0.0465413 0.0372892 -0.0310531 0.9977371
1769786663.050230 0.0003826 -0.0093182 0.0010845 -0.0427720 0.0365345 -0.0301389 0.9979616
1769786663.183563 0.0006805 -0.0091278 0.0018707 -0.0304172 0.0307216 -0.0301874 0.9986089
1769786663.250230 0.0009331 -0.0081387 0.0001736 -0.0235546 0.0263759 -0.0319643 0.9988632
1769786663.283563 0.0013305 -0.0083896 0.0013587 -0.0213863 0.0250022 -0.0350379 0.9988443
1769786663.316897 0.0010584 -0.0081708 0.0016228 -0.0170012 0.0250221 -0.0335944 0.9989776
1769786663.350231 0.0012517 -0.0079866 0.0016627 -0.0141647 0.0226897 -0.0348041 0.9990361
1769786663.383563 0.0006546 -0.0073468 -0.0003086 -0.0106621 0.0219660 -0.0353303 0.9990774
1769786663.416896 0.0013111 -0.0075254 0.0012181 -0.0077429 0.0190630 -0.0353511 0.9991632
1769786663.550230 0.0012008 -0.0067829 0.0014029 0.0056282 0.0068212 -0.0354430 0.9993326
1769786663.583564 0.0017494 -0.0076025 0.0037048 0.0081423 0.0026097 -0.0356225 0.9993287
1769786663.616899 0.0010658 -0.0059548 0.0007882 0.0126004 -0.0009307 -0.0351925 0.9993007
1769786663.683563 0.0015262 -0.0064233 0.0025324 0.0181382 -0.0104623 -0.0363039 0.9991214
1769786663.850230 0.0010971 -0.0046634 0.0013884 0.0315706 -0.0288549 -0.0278915 0.9986956
1769786663.883563 0.0014535 -0.0044561 0.0019877 0.0327343 -0.0319783 -0.0263422 0.9986050
1769786663.916897 0.0013071 -0.0045443 0.0020347 0.0332460 -0.0342132 -0.0221184 0.9986165
1769786664.016928 0.0017048 -0.0044474 0.0027617 0.0230326 -0.0346174 -0.0128039 0.9990532
1769786664.150262 0.0015614 -0.0044109 0.0033736 -0.0077041 -0.0281134 -0.0123756 0.9994985
1769786664.183594 0.0015572 -0.0047463 0.0039656 -0.0122145 -0.0262985 -0.0106768 0.9995225
1769786664.283595 0.0019210 -0.0036663 0.0027658 -0.0197249 -0.0245687 -0.0128287 0.9994212
1769786664.316928 0.0019380 -0.0039321 0.0037368 -0.0218912 -0.0245049 -0.0138791 0.9993636
1769786664.650262 0.0027798 -0.0017456 0.0031215 -0.0168612 -0.0233757 -0.0172495 0.9994357
1769786664.716928 0.0033681 -0.0019887 0.0048125 -0.0145083 -0.0231160 -0.0181997 0.9994618
1769786665.483594 0.0049901 -0.0009274 0.0038166 0.0156473 -0.0278740 -0.0122226 0.9994143
1769786665.650261 0.0049675 -0.0016290 0.0041197 0.0149778 -0.0286312 -0.0110169 0.9994171
1769786665.783594 0.0054338 -0.0021859 0.0042839 0.0118297 -0.0310692 -0.0106766 0.9993902
1769786665.816927 0.0056045 -0.0023595 0.0038559 0.0105408 -0.0317179 -0.0121059 0.9993680
1769786666.016927 0.0055227 -0.0035748 0.0032364 0.0040169 -0.0332007 -0.0109869 0.9993803
1769786666.050260 0.0049404 -0.0021034 0.0016700 0.0037040 -0.0331548 -0.0116816 0.9993751
1769786666.083593 0.0053649 -0.0036897 0.0030696 0.0012408 -0.0334114 -0.0097324 0.9993935
1769786666.183593 0.0056719 -0.0041355 0.0026138 -0.0029941 -0.0351615 -0.0095475 0.9993316
1769786666.250261 0.0056118 -0.0048756 0.0032446 -0.0071829 -0.0353309 -0.0092380 0.9993072
1769786666.583595 0.0062905 -0.0074899 0.0019018 -0.0270006 -0.0386010 -0.0109463 0.9988299
1769786666.716927 0.0056420 -0.0087384 -0.0002131 -0.0377525 -0.0381927 -0.0071694 0.9985313
1769786666.783594 0.0059178 -0.0095728 0.0003166 -0.0422776 -0.0382191 -0.0072109 0.9983486
1769786666.816926 0.0060538 -0.0095667 -0.0004940 -0.0440115 -0.0391009 -0.0067452 0.9982428
1769786666.916928 0.0059004 -0.0107386 -0.0001803 -0.0521041 -0.0390221 -0.0069038 0.9978551
1769786666.983593 0.0058936 -0.0116506 -0.0002897 -0.0575470 -0.0383990 -0.0069019 0.9975802
1769786667.016927 0.0046999 -0.0110937 -0.0047513 -0.0590264 -0.0370540 -0.0059859 0.9975505
1769786667.050260 0.0058506 -0.0124008 -0.0006840 -0.0620514 -0.0375077 -0.0074457 0.9973401
1769786667.150260 0.0057115 -0.0139868 -0.0005257 -0.0705119 -0.0401514 -0.0445162 0.9957079
1769786667.183593 0.0058618 -0.0144553 -0.0003234 -0.0720872 -0.0414219 -0.0584313 0.9948233
1769786667.283593 0.0060143 -0.0156455 -0.0011411 -0.0791848 -0.0451570 -0.1002119 0.9907816
1769786667.316926 0.0057337 -0.0160370 -0.0009989 -0.0811559 -0.0459942 -0.1108799 0.9894463
1769786667.350260 0.0058944 -0.0166290 -0.0007764 -0.0843323 -0.0469904 -0.1292836 0.9868971
1769786667.450259 0.0063238 -0.0173112 -0.0012560 -0.0889071 -0.0524078 -0.1664165 0.9806399
1769786667.516927 0.0062681 -0.0180514 -0.0007145 -0.0921619 -0.0557494 -0.1898680 0.9758834
1769786667.783592 0.0059949 -0.0206036 -0.0024042 -0.1047588 -0.0614118 -0.2689905 0.9554572
1769786667.816926 0.0059017 -0.0207381 -0.0017785 -0.1057241 -0.0623968 -0.2764398 0.9531580
1769786667.850261 0.0059275 -0.0207802 -0.0013901 -0.1061867 -0.0624223 -0.2830470 0.9511636
1769786668.116928 0.0053803 -0.0221037 -0.0026817 -0.1140097 -0.0616458 -0.3293411 0.9352733
1769786668.250260 0.0048500 -0.0225304 -0.0013122 -0.1165235 -0.0610243 -0.3425274 0.9302545
1769786668.316926 0.0046231 -0.0226320 -0.0019791 -0.1174804 -0.0598186 -0.3460945 0.9288911
1769786668.350259 0.0045636 -0.0224149 -0.0027633 -0.1174512 -0.0594563 -0.3460948 0.9289179
1769786668.450259 0.0043290 -0.0220813 -0.0024507 -0.1172044 -0.0561904 -0.3489570 0.9280812
1769786668.583593 0.0035108 -0.0219634 -0.0024292 -0.1174940 -0.0502065 -0.3447184 0.9299698
1769786668.783592 0.0022614 -0.0211043 -0.0028741 -0.1160963 -0.0380569 -0.3230115 0.9384759
1769786668.816925 0.0017432 -0.0209259 -0.0029994 -0.1153871 -0.0342918 -0.3176968 0.9405204
1769786668.850258 0.0018639 -0.0206182 -0.0029903 -0.1144696 -0.0329693 -0.3120126 0.9425805
1769786668.883592 0.0017126 -0.0204759 -0.0027859 -0.1133906 -0.0298322 -0.3048481 0.9451562
1769786668.950259 0.0013685 -0.0198710 -0.0027983 -0.1107401 -0.0240893 -0.2894258 0.9504678
1769786668.983592 0.0012846 -0.0196396 -0.0025743 -0.1101202 -0.0211011 -0.2801924 0.9533732
1769786669.016925 0.0010145 -0.0190701 -0.0028940 -0.1081226 -0.0173829 -0.2710863 0.9563052
1769786669.050259 0.0009324 -0.0188459 -0.0024659 -0.1067290 -0.0148044 -0.2594450 0.9597281
1769786669.083591 0.0011261 -0.0186891 -0.0024946 -0.1050771 -0.0115173 -0.2476720 0.9630601
1769786669.116927 0.0004619 -0.0182683 -0.0033573 -0.1027559 -0.0071733 -0.2359673 0.9662863
1769786669.150259 0.0000932 -0.0181499 -0.0034277 -0.1015601 -0.0043391 -0.2237314 0.9693353
1769786669.183591 0.0000896 -0.0179232 -0.0025647 -0.0999459 -0.0008609 -0.2143514 0.9716294
1769786669.250259 0.0001484 -0.0171087 -0.0021449 -0.0946536 0.0053340 -0.1950749 0.9761957
1769786669.316925 -0.0003487 -0.0163431 -0.0029873 -0.0897499 0.0104085 -0.1812557 0.9792768
1769786669.383592 -0.0001550 -0.0163191 -0.0021412 -0.0851998 0.0137683 -0.1756655 0.9806595
1769786669.516925 -0.0005957 -0.0159171 -0.0025732 -0.0717860 0.0220530 -0.1756039 0.9815925
1769786669.550259 -0.0009087 -0.0160631 -0.0032248 -0.0694100 0.0240758 -0.1767086 0.9815176
1769786669.583592 -0.0006639 -0.0160990 -0.0033081 -0.0669103 0.0261573 -0.1792260 0.9811813
1769786669.650259 -0.0005076 -0.0156732 -0.0021839 -0.0592876 0.0327923 -0.1806835 0.9812049
1769786669.716925 -0.0006303 -0.0158901 -0.0010767 -0.0540708 0.0385452 -0.1801805 0.9813896
1769786669.783591 -0.0008216 -0.0159070 -0.0012982 -0.0480570 0.0441713 -0.1838467 0.9807853
1769786669.850258 -0.0004415 -0.0152567 -0.0020301 -0.0408302 0.0509560 -0.1841346 0.9807298
1769786669.883591 -0.0006611 -0.0153899 -0.0019107 -0.0390408 0.0557553 -0.1849842 0.9803815
1769786669.916925 -0.0008800 -0.0153787 -0.0016404 -0.0368839 0.0607256 -0.1858931 0.9799978
1769786669.950258 -0.0006153 -0.0151476 -0.0020288 -0.0346274 0.0646404 -0.1869972 0.9796196
1769786670.083591 -0.0005672 -0.0149315 -0.0008960 -0.0285613 0.0837387 -0.1922056 0.9773582
1769786670.116926 -0.0005653 -0.0144821 -0.0016785 -0.0263697 0.0882227 -0.1929430 0.9768800
1769786670.183591 -0.0008002 -0.0146690 -0.0021780 -0.0280418 0.0947405 -0.1998643 0.9748293
1769786670.250258 -0.0011949 -0.0134059 -0.0027421 -0.0264023 0.1015511 -0.2052236 0.9730743
1769786670.450258 -0.0023016 -0.0126603 -0.0022075 -0.0590521 0.1005831 -0.1845750 0.9758730
1769786670.583591 -0.0023141 -0.0124738 -0.0018088 -0.0745649 0.0913533 -0.1576934 0.9804221
1769786670.750257 -0.0017223 -0.0115147 0.0011121 -0.0830246 0.0867515 -0.1342955 0.9836391
1769786670.883591 -0.0021324 -0.0109664 0.0009832 -0.0812994 0.0863707 -0.1207128 0.9855754
1769786670.916925 -0.0023780 -0.0109175 0.0007042 -0.0810208 0.0853570 -0.1193610 0.9858513
1769786670.950258 -0.0020549 -0.0109451 -0.0000651 -0.0819123 0.0833808 -0.1216894 0.9856621
1769786671.783604 -0.0040119 -0.0079374 0.0001939 -0.0266397 0.0934594 -0.0968845 0.9905398
1769786671.950270 -0.0036730 -0.0087530 0.0010310 -0.0274531 0.0952555 -0.0958175 0.9904503
1769786672.016937 -0.0042823 -0.0085084 0.0001415 -0.0258877 0.0968009 -0.0937981 0.9905359
1769786672.416937 -0.0049294 -0.0098722 0.0002615 -0.0322033 0.1040907 -0.0888404 0.9900684
1769786672.750270 -0.0064128 -0.0122288 0.0004450 -0.0484497 0.1120413 -0.0805166 0.9892505
1769786672.816936 -0.0064260 -0.0117924 0.0000146 -0.0511641 0.1111927 -0.0829338 0.9890098
1769786673.016936 -0.0073505 -0.0132843 -0.0003884 -0.0643693 0.1149163 -0.0790926 0.9881271
1769786673.083602 -0.0075582 -0.0141958 0.0006296 -0.0705603 0.1149868 -0.0781519 0.9877710
1769786673.116938 -0.0081127 -0.0138582 -0.0001479 -0.0705801 0.1178279 -0.0730492 0.9878253
1769786673.183602 -0.0077645 -0.0152047 0.0003244 -0.0792800 0.1162505 -0.0754831 0.9871691
1769786673.316936 -0.0078850 -0.0166430 -0.0008836 -0.0879405 0.1167289 -0.0774967 0.9862226
1769786673.416936 -0.0083183 -0.0173032 -0.0010802 -0.0955359 0.1169941 -0.0763292 0.9855756
1769786673.483602 -0.0081886 -0.0176539 -0.0008415 -0.0990617 0.1171964 -0.0761473 0.9852175
1769786673.516936 -0.0079703 -0.0184113 -0.0000157 -0.1019835 0.1167579 -0.0779396 0.9848312
1769786673.683602 -0.0084284 -0.0197339 0.0001972 -0.1146785 0.1168706 -0.0719335 0.9838779
1769786673.716937 -0.0079635 -0.0203570 -0.0002412 -0.1177665 0.1160041 -0.0720604 0.9836063
1769786674.383603 -0.0082388 -0.0259281 -0.0024837 -0.1523660 0.1055633 -0.0645563 0.9805475
1769786674.450269 -0.0078911 -0.0262479 -0.0030447 -0.1545549 0.1035636 -0.0629527 0.9805225
1769786674.583602 -0.0076576 -0.0270605 -0.0029761 -0.1580557 0.0995542 -0.0609988 0.9805032
1769786674.650269 -0.0073489 -0.0272071 -0.0031025 -0.1589819 0.0972672 -0.0615353 0.9805495
1769786674.783602 -0.0066499 -0.0276282 -0.0024875 -0.1607518 0.0927158 -0.0604569 0.9807689
1769786674.850268 -0.0064382 -0.0275059 -0.0025595 -0.1602369 0.0907222 -0.0596749 0.9810874
1769786674.983601 -0.0056608 -0.0273568 -0.0024911 -0.1593449 0.0850840 -0.0585490 0.9818054
1769786675.150269 -0.0044114 -0.0269594 -0.0026596 -0.1564820 0.0773892 -0.0621574 0.9826804
1769786675.283602 -0.0030231 -0.0267280 -0.0031273 -0.1522088 0.0710078 -0.0596064 0.9839906
1769786675.316935 -0.0027727 -0.0263506 -0.0026859 -0.1500889 0.0704207 -0.0594803 0.9843659
1769786675.383602 -0.0023105 -0.0260889 -0.0034889 -0.1474318 0.0665159 -0.0599608 0.9850098
1769786675.450268 -0.0015490 -0.0256487 -0.0034251 -0.1451113 0.0637386 -0.0601100 0.9855288
1769786675.483601 -0.0015150 -0.0255465 -0.0030220 -0.1438913 0.0627054 -0.0606450 0.9857411
1769786675.516935 -0.0012531 -0.0253590 -0.0029953 -0.1415722 0.0610477 -0.0603777 0.9861973
1769786675.550268 -0.0010777 -0.0248525 -0.0032373 -0.1394131 0.0599640 -0.0610766 0.9865283
1769786675.683601 0.0001981 -0.0240651 -0.0027015 -0.1323727 0.0540122 -0.0609138 0.9878511
1769786675.783602 0.0011573 -0.0232332 -0.0020486 -0.1260045 0.0494178 -0.0621676 0.9888458
1769786675.950268 0.0027785 -0.0220783 -0.0020735 -0.1131627 0.0399120 -0.0664461 0.9905484
1769786676.083601 0.0035596 -0.0212307 -0.0015572 -0.0994755 0.0336119 -0.0690942 0.9920690
1769786676.250268 0.0041372 -0.0201480 -0.0023852 -0.0836429 0.0239991 -0.0694493 0.9937831
1769786676.316935 0.0042754 -0.0195744 -0.0019359 -0.0759505 0.0206134 -0.0704163 0.9944084
1769786676.350267 0.0043402 -0.0195524 -0.0015623 -0.0721591 0.0194203 -0.0683829 0.9948567
1769786676.383601 0.0042695 -0.0193344 -0.0020517 -0.0687074 0.0173831 -0.0685861 0.9951246
1769786676.416934 0.0045647 -0.0193545 -0.0012754 -0.0656826 0.0147192 -0.0714832 0.9951680
1769786676.483601 0.0044853 -0.0187227 -0.0012607 -0.0589870 0.0090487 -0.0694210 0.9958009
1769786676.550268 0.0047971 -0.0182497 -0.0013832 -0.0520219 0.0017474 -0.0699375 0.9961925
1769786676.583601 0.0047815 -0.0183134 -0.0005377 -0.0500473 -0.0017668 -0.0709760 0.9962202
1769786676.616936 0.0048366 -0.0182437 -0.0005377 -0.0479979 -0.0054141 -0.0725269 0.9961962
1769786676.650268 0.0048550 -0.0182363 -0.0003811 -0.0447485 -0.0096641 -0.0712268 0.9964091
1769786676.683600 0.0049606 -0.0180586 0.0002091 -0.0419153 -0.0143201 -0.0727714 0.9963646
1769786676.716934 0.0046441 -0.0175141 -0.0006812 -0.0377075 -0.0186038 -0.0709931 0.9965902
1769786676.783601 0.0053839 -0.0175004 0.0008502 -0.0337403 -0.0269525 -0.0686558 0.9967054
1769786676.883601 0.0052289 -0.0163413 -0.0000369 -0.0282478 -0.0367130 -0.0631687 0.9969273
1769786676.916935 0.0052054 -0.0167485 0.0017605 -0.0297769 -0.0373713 -0.0625252 0.9968989
1769786677.383600 0.0074360 -0.0158414 0.0054184 -0.0855236 -0.0250571 -0.0538534 0.9945641
1769786677.416934 0.0075459 -0.0156920 0.0040419 -0.0854576 -0.0256195 -0.0550865 0.9944879
1769786677.516933 0.0077789 -0.0156285 0.0046076 -0.0861635 -0.0250075 -0.0562669 0.9943764
1769786677.583601 0.0079707 -0.0144137 0.0046123 -0.0836965 -0.0246551 -0.0586738 0.9944568
1769786677.616936 0.0081655 -0.0152802 0.0031040 -0.0820108 -0.0257396 -0.0571815 0.9946567
1769786677.916934 0.0094449 -0.0140725 0.0030045 -0.0612386 -0.0282175 -0.0548633 0.9962147
1769786678.016933 0.0103267 -0.0134453 0.0015809 -0.0559247 -0.0302646 -0.0563004 0.9963869
1769786678.050267 0.0095624 -0.0137520 0.0023617 -0.0542483 -0.0290827 -0.0561089 0.9965255
1769786678.183599 0.0099490 -0.0136265 0.0025981 -0.0496067 -0.0303831 -0.0544942 0.9968181
1769786678.516933 0.0104196 -0.0144101 0.0031669 -0.0471369 -0.0328993 -0.0517118 0.9970064
1769786678.683599 0.0106825 -0.0147182 0.0023042 -0.0490649 -0.0343788 -0.0545555 0.9967119
1769786678.883599 0.0111794 -0.0148911 0.0003102 -0.0519301 -0.0363756 -0.0520632 0.9966291
1769786679.150266 0.0113776 -0.0167653 0.0015418 -0.0637531 -0.0387224 -0.0513187 0.9958928
1769786679.216933 0.0102826 -0.0163486 -0.0011507 -0.0651374 -0.0383595 -0.0552097 0.9956092
1769786679.250267 0.0102069 -0.0171128 -0.0013389 -0.0670771 -0.0384864 -0.0511057 0.9956946
1769786679.350266 0.0111952 -0.0188042 -0.0010478 -0.0731379 -0.0398055 -0.0507208 0.9952356
1769786679.383619 0.0109150 -0.0183631 0.0012672 -0.0757155 -0.0382341 -0.0506103 0.9951100
1769786679.616953 0.0108602 -0.0205401 0.0007177 -0.0914119 -0.0392447 -0.0481326 0.9938748
1769786679.650285 0.0107570 -0.0209158 0.0008397 -0.0944593 -0.0394125 -0.0478911 0.9935948
1769786679.683617 0.0109900 -0.0212083 0.0006778 -0.0964707 -0.0404227 -0.0491983 0.9932970
1769786679.750285 0.0109605 -0.0220275 0.0001416 -0.1015544 -0.0399409 -0.0477351 0.9928811
1769786679.783618 0.0109437 -0.0223463 0.0001213 -0.1034470 -0.0393527 -0.0482262 0.9926854
1769786680.016951 0.0104299 -0.0252219 -0.0000972 -0.1228240 -0.0380054 -0.0490077 0.9904888
1769786680.050285 0.0106259 -0.0255045 0.0007272 -0.1253016 -0.0379201 -0.0477551 0.9902430
1769786680.083617 0.0106549 -0.0259986 0.0008247 -0.1278835 -0.0392090 -0.0587749 0.9892694
1769786680.116953 0.0103820 -0.0265608 0.0005137 -0.1298939 -0.0410738 -0.0738711 0.9879188
1769786680.183617 0.0107542 -0.0274158 0.0025288 -0.1345699 -0.0452782 -0.1039228 0.9843987
1769786680.283617 0.0110044 -0.0285808 0.0010259 -0.1403594 -0.0524806 -0.1482408 0.9775324
1769786680.316951 0.0112554 -0.0286402 0.0021140 -0.1415843 -0.0545411 -0.1620259 0.9750522
1769786680.350284 0.0117657 -0.0291754 0.0023753 -0.1439715 -0.0578836 -0.1778580 0.9717450
1769786680.483617 0.0112669 -0.0307548 0.0017280 -0.1508279 -0.0659030 -0.2227466 0.9608807
1769786680.583618 0.0109811 -0.0316393 0.0027069 -0.1553436 -0.0705663 -0.2549683 0.9517773
1769786681.083616 0.0099535 -0.0342320 0.0036601 -0.1704998 -0.0801219 -0.3634062 0.9123849
1769786681.116952 0.0098002 -0.0344411 0.0030465 -0.1712035 -0.0799958 -0.3676161 0.9105759
1769786681.650284 0.0074606 -0.0339796 0.0027558 -0.1741599 -0.0640553 -0.3759774 0.9078581
1769786681.683616 0.0076677 -0.0337695 0.0031856 -0.1738146 -0.0624864 -0.3753495 0.9082933
1769786681.716950 0.0071841 -0.0337327 0.0029325 -0.1738278 -0.0600974 -0.3698994 0.9106847
1769786681.916950 0.0064993 -0.0321270 0.0017493 -0.1684013 -0.0429166 -0.3371772 0.9252625
1769786681.950283 0.0059437 -0.0319559 0.0013944 -0.1679352 -0.0385595 -0.3278483 0.9288846
1769786681.983616 0.0060009 -0.0316139 0.0017981 -0.1663084 -0.0351879 -0.3212022 0.9316290
1769786682.083616 0.0051919 -0.0307547 0.0013639 -0.1617413 -0.0223094 -0.2842052 0.9447590
1769786682.150284 0.0046901 -0.0300436 0.0004193 -0.1580483 -0.0146959 -0.2628435 0.9516922
1769786682.183616 0.0049868 -0.0294593 0.0010189 -0.1554984 -0.0111322 -0.2525229 0.9549495
1769786682.216950 0.0046716 -0.0290715 0.0006029 -0.1530020 -0.0077362 -0.2421878 0.9580583
1769786682.283616 0.0043535 -0.0284704 0.0015991 -0.1493842 -0.0005177 -0.2234810 0.9631928
1769786682.316950 0.0051190 -0.0284515 0.0029377 -0.1470042 0.0012604 -0.2183222 0.9647402
1769786682.350283 0.0040497 -0.0283537 0.0004236 -0.1453213 0.0033043 -0.2140326 0.9659508
1769786682.416949 0.0039899 -0.0279981 -0.0005925 -0.1389774 0.0063817 -0.2149561 0.9666635
1769786682.483616 0.0043661 -0.0276372 0.0020902 -0.1316244 0.0107209 -0.2170617 0.9671837
1769786682.516949 0.0040048 -0.0276589 -0.0001022 -0.1283388 0.0125611 -0.2172778 0.9675545
1769786682.583617 0.0039398 -0.0276058 0.0009442 -0.1225129 0.0180632 -0.2181133 0.9680346
1769786682.783616 0.0037563 -0.0263193 0.0000025 -0.0993423 0.0349130 -0.2226877 0.9691864
1769786682.983616 0.0042972 -0.0263553 0.0026213 -0.0872160 0.0594985 -0.2288952 0.9677088
1769786683.083616 0.0040355 -0.0255546 0.0017983 -0.0771813 0.0748299 -0.2305136 0.9671127
1769786683.150283 0.0039857 -0.0253638 0.0027643 -0.0761700 0.0857963 -0.2368404 0.9647506
1769786683.216949 0.0040003 -0.0248702 0.0025652 -0.0739866 0.0924007 -0.2413828 0.9631835
1769786683.483615 0.0038476 -0.0243777 0.0020149 -0.1158073 0.0889515 -0.2156547 0.9654892
1769786683.550282 0.0039115 -0.0246013 0.0023659 -0.1242954 0.0857708 -0.2026987 0.9675264
1769786683.616951 0.0040669 -0.0239767 0.0020512 -0.1282968 0.0825845 -0.1929796 0.9692671
1769786683.683615 0.0039376 -0.0242955 0.0029541 -0.1340373 0.0823600 -0.1819345 0.9706445
1769786683.750282 0.0039318 -0.0243609 0.0025680 -0.1369770 0.0802654 -0.1761247 0.9714807
1769786683.883615 0.0040500 -0.0234815 0.0035390 -0.1367265 0.0802096 -0.1650972 0.9734553
1769786683.983616 0.0039943 -0.0231539 0.0027740 -0.1324239 0.0787989 -0.1556244 0.9757231
1769786684.383615 0.0038677 -0.0218717 0.0034423 -0.0982478 0.0812405 -0.1390966 0.9820384
1769786684.716949 0.0021119 -0.0208226 0.0007288 -0.0799267 0.0858605 -0.1326800 0.9841930
1769786684.783615 0.0027128 -0.0209380 0.0018138 -0.0805294 0.0869062 -0.1366428 0.9835096
1769786685.183614 0.0024160 -0.0214103 0.0038220 -0.0781454 0.0934434 -0.1272365 0.9843640
1769786685.350281 0.0019143 -0.0222182 0.0025828 -0.0836109 0.0963044 -0.1275706 0.9835957
1769786685.450281 0.0016478 -0.0217553 0.0022682 -0.0834917 0.0978764 -0.1260508 0.9836466
1769786685.550281 0.0015094 -0.0228799 0.0030236 -0.0886252 0.1004878 -0.1203543 0.9836476
1769786685.616950 0.0011676 -0.0228153 0.0020588 -0.0910337 0.1016022 -0.1220571 0.9831032
1769786685.683614 0.0010738 -0.0230652 0.0022625 -0.0950123 0.1026648 -0.1219590 0.9826284
1769786686.383614 0.0020723 -0.0322561 0.0111344 -0.1449576 0.1109892 -0.1161127 0.9763128
1769786687.150280 0.0010153 -0.0395440 0.0100508 -0.1963654 0.1060619 -0.1064304 0.9689500
1769786687.383629 0.0012311 -0.0416191 0.0083080 -0.2069249 0.0994196 -0.1040419 0.9677154
1769786687.416962 0.0011635 -0.0418198 0.0085434 -0.2082251 0.0997666 -0.1057886 0.9672113
1769786687.450295 0.0001618 -0.0418433 0.0071072 -0.2086723 0.1002668 -0.1022227 0.9674466
1769786687.483628 0.0019590 -0.0418026 0.0115375 -0.2103276 0.0986049 -0.1032939 0.9671451
1769786687.516962 0.0013123 -0.0421627 0.0085740 -0.2106803 0.0974881 -0.1026113 0.9672542
1769786687.783629 0.0020006 -0.0424568 0.0070603 -0.2141290 0.0884669 -0.1034253 0.9672774
1769786687.883628 0.0022589 -0.0432674 0.0072746 -0.2140810 0.0856577 -0.0967843 0.9682277
1769786687.950295 0.0026468 -0.0433240 0.0077846 -0.2137089 0.0835453 -0.0953001 0.9686416
1769786687.983628 0.0030193 -0.0435470 0.0078167 -0.2143680 0.0821019 -0.0966913 0.9684815
1769786688.016961 0.0032652 -0.0434913 0.0078292 -0.2133682 0.0807429 -0.0968329 0.9688024
1769786688.116962 0.0033743 -0.0432622 0.0072098 -0.2109119 0.0776265 -0.0940413 0.9698694
1769786688.183628 0.0040478 -0.0430944 0.0076346 -0.2098875 0.0744748 -0.0947510 0.9702696
1769786688.216961 0.0044309 -0.0427053 0.0075593 -0.2087866 0.0725086 -0.0947193 0.9706590
1769786688.250295 0.0045378 -0.0433037 0.0064954 -0.2077683 0.0704330 -0.0953785 0.9709657
1769786688.350295 0.0056450 -0.0426173 0.0075393 -0.2042632 0.0660872 -0.0952344 0.9720285
1769786688.416962 0.0059681 -0.0423562 0.0070931 -0.2014656 0.0634056 -0.0935323 0.9729558
1769786688.516961 0.0068741 -0.0418896 0.0057537 -0.1961505 0.0578032 -0.0947375 0.9742734
1769786688.583629 0.0069555 -0.0414348 0.0059862 -0.1925391 0.0561732 -0.0926249 0.9752917
1769786688.616962 0.0073553 -0.0412738 0.0058186 -0.1907188 0.0538766 -0.0926555 0.9757759
1769786688.650295 0.0074291 -0.0408935 0.0042724 -0.1881815 0.0521275 -0.0949311 0.9761448
1769786688.683627 0.0079095 -0.0408607 0.0058422 -0.1870596 0.0511894 -0.0936484 0.9765338
1769786688.716961 0.0080370 -0.0404025 0.0055021 -0.1845800 0.0501592 -0.0928363 0.9771365
1769786688.816962 0.0088997 -0.0399174 0.0055170 -0.1786792 0.0450042 -0.0930408 0.9784640
1769786688.883628 0.0096050 -0.0396666 0.0062062 -0.1751892 0.0417289 -0.0941893 0.9791301
1769786688.916962 0.0100723 -0.0393474 0.0069697 -0.1721353 0.0397122 -0.0968923 0.9794918
1769786688.950295 0.0102640 -0.0394001 0.0065943 -0.1698878 0.0377917 -0.0987735 0.9797723
1769786689.083627 0.0105346 -0.0385587 0.0067998 -0.1569429 0.0319453 -0.0987894 0.9821349
1769786689.316961 0.0105837 -0.0375198 0.0054071 -0.1359607 0.0202684 -0.0992140 0.9855255
1769786689.350294 0.0111308 -0.0372615 0.0067654 -0.1322554 0.0190124 -0.0984196 0.9861342
1769786689.416961 0.0112653 -0.0366088 0.0058817 -0.1240395 0.0129175 -0.0987672 0.9872651
1769786689.483627 0.0115339 -0.0362820 0.0060109 -0.1189808 0.0069806 -0.1001645 0.9878066
1769786689.516960 0.0114065 -0.0358805 0.0063444 -0.1145865 0.0034891 -0.0975684 0.9886042
1769786689.550294 0.0118792 -0.0358539 0.0071433 -0.1118598 -0.0005735 -0.0980308 0.9888766
1769786689.650294 0.0121298 -0.0351114 0.0059445 -0.1039543 -0.0137905 -0.1016265 0.9892802
1769786689.683627 0.0121822 -0.0350052 0.0060924 -0.1012438 -0.0184506 -0.1004901 0.9896015
1769786689.716961 0.0131114 -0.0350356 0.0080522 -0.0994161 -0.0234889 -0.0986309 0.9898670
1769786689.750294 0.0131009 -0.0341505 0.0078207 -0.0969821 -0.0276204 -0.0982411 0.9900405
1769786689.783627 0.0125303 -0.0350629 0.0050826 -0.0945484 -0.0317184 -0.0950043 0.9904689
1769786690.783627 0.0160066 -0.0324855 0.0111784 -0.1326885 -0.0264363 -0.0808159 0.9875038
1769786690.883626 0.0155865 -0.0321393 0.0101235 -0.1245197 -0.0264393 -0.0809554 0.9885556
1769786691.383626 0.0169260 -0.0317626 0.0089118 -0.1099296 -0.0302129 -0.0774148 0.9904593
1769786691.683625 0.0172728 -0.0329343 0.0079258 -0.1106278 -0.0330335 -0.0759483 0.9904050
1769786691.850293 0.0169201 -0.0332792 0.0086009 -0.1142099 -0.0334596 -0.0739794 0.9901332
1769786691.916960 0.0173002 -0.0336142 0.0090807 -0.1167753 -0.0341173 -0.0746053 0.9897644
1769786692.050292 0.0175462 -0.0344737 0.0102424 -0.1214319 -0.0350592 -0.0710490 0.9894328
1769786692.150293 0.0175859 -0.0348779 0.0102077 -0.1258122 -0.0368391 -0.0723254 0.9887280
1769786692.216959 0.0173901 -0.0357147 0.0090977 -0.1300677 -0.0360477 -0.0708379 0.9883142
1769786692.383626 0.0176825 -0.0369876 0.0092383 -0.1393230 -0.0382912 -0.0720566 0.9868793
1769786692.450292 0.0176373 -0.0376162 0.0079293 -0.1429908 -0.0386027 -0.0743189 0.9861745
1769786692.516958 0.0176175 -0.0378868 0.0082444 -0.1475977 -0.0386169 -0.0725335 0.9856280
1769786692.683625 0.0176083 -0.0395117 0.0084583 -0.1590234 -0.0383778 -0.0739548 0.9837527
1769786692.716959 0.0175463 -0.0394223 0.0088414 -0.1602674 -0.0378279 -0.0725192 0.9836791
1769786692.816958 0.0172177 -0.0406921 0.0091875 -0.1686141 -0.0370617 -0.0735599 0.9822345
1769786692.850292 0.0171061 -0.0409969 0.0090667 -0.1705620 -0.0368324 -0.0745346 0.9818333
1769786692.883625 0.0169160 -0.0415377 0.0083731 -0.1735022 -0.0363296 -0.0742948 0.9813550
1769786692.916960 0.0172765 -0.0416663 0.0099216 -0.1760070 -0.0368776 -0.0738558 0.9809214
1769786693.083624 0.0169220 -0.0433979 0.0106079 -0.1891450 -0.0370171 -0.0896871 0.9771439
1769786693.116958 0.0173033 -0.0437804 0.0093993 -0.1906748 -0.0418131 -0.1071065 0.9748964
1769786693.250293 0.0168386 -0.0458098 0.0114338 -0.2017493 -0.0506875 -0.1591037 0.9650980
1769786693.350291 0.0173540 -0.0466005 0.0100764 -0.2053232 -0.0608834 -0.2049819 0.9550487
1769786693.483625 0.0168433 -0.0484527 0.0101577 -0.2119697 -0.0725350 -0.2481471 0.9424599
1769786693.550292 0.0168091 -0.0502205 0.0087518 -0.2154044 -0.0765333 -0.2689517 0.9356327
1769786693.650292 0.0165501 -0.0499284 0.0106820 -0.2194576 -0.0819883 -0.2973906 0.9255674
1769786693.716959 0.0159840 -0.0510079 0.0104003 -0.2213996 -0.0846760 -0.3149332 0.9190372
1769786693.850291 0.0164058 -0.0514910 0.0108609 -0.2251680 -0.0919959 -0.3474509 0.9056015
1769786693.983624 0.0156878 -0.0520756 0.0104901 -0.2278160 -0.0947705 -0.3692344 0.8959823
1769786694.050291 0.0159983 -0.0521178 0.0124657 -0.2294180 -0.0956281 -0.3814835 0.8903331
1769786694.083624 0.0160235 -0.0519829 0.0125605 -0.2299238 -0.0959332 -0.3860939 0.8881798
1769786694.183624 0.0155472 -0.0525688 0.0116493 -0.2313302 -0.0965709 -0.3975464 0.8826762
1769786694.450291 0.0149832 -0.0520324 0.0127973 -0.2323539 -0.0926132 -0.4107654 0.8767589
1769786694.550291 0.0141267 -0.0521595 0.0102726 -0.2326175 -0.0875570 -0.4092736 0.8779055
1769786694.683624 0.0135519 -0.0511320 0.0119205 -0.2313476 -0.0782413 -0.3979960 0.8842826
1769786694.816957 0.0133588 -0.0505078 0.0119458 -0.2297159 -0.0681381 -0.3844424 0.8915110
1769786694.850290 0.0128640 -0.0502941 0.0125987 -0.2295607 -0.0640805 -0.3745584 0.8960478
1769786694.883624 0.0128926 -0.0499381 0.0128861 -0.2286584 -0.0610363 -0.3696986 0.8985059
1769786695.016957 0.0121102 -0.0482748 0.0113496 -0.2226631 -0.0444748 -0.3362901 0.9139760
1769786695.050290 0.0116607 -0.0478844 0.0109208 -0.2217403 -0.0392309 -0.3249879 0.9185178
1769786695.116957 0.0116245 -0.0473090 0.0111549 -0.2191516 -0.0304073 -0.3011557 0.9275523
1769786695.183624 0.0114528 -0.0456161 0.0130192 -0.2141755 -0.0191614 -0.2818276 0.9350588
1769786695.250303 0.0118072 -0.0449283 0.0129854 -0.2105378 -0.0142314 -0.2661465 0.9405516
1769786695.316969 0.0115697 -0.0450710 0.0133914 -0.2075039 -0.0081271 -0.2480040 0.9462400
1769786695.616971 0.0115772 -0.0429604 0.0139430 -0.1746243 0.0113746 -0.2499983 0.9523013
1769786695.716970 0.0113714 -0.0427794 0.0139297 -0.1647767 0.0198738 -0.2526419 0.9532186
1769786695.750303 0.0112424 -0.0427661 0.0128592 -0.1609970 0.0215383 -0.2553917 0.9530956
1769786695.850302 0.0113792 -0.0423841 0.0135492 -0.1509457 0.0325716 -0.2569624 0.9540046
1769786695.916970 0.0116992 -0.0420206 0.0146915 -0.1465436 0.0407253 -0.2604943 0.9534197
1769786695.950302 0.0117380 -0.0429422 0.0153455 -0.1502880 0.0455695 -0.2686206 0.9503578
1769786696.116969 0.0121042 -0.0417190 0.0148382 -0.1367779 0.0664241 -0.2696411 0.9508803
1769786696.283635 0.0126056 -0.0399525 0.0156087 -0.1312617 0.0807270 -0.2786787 0.9479408
1769786698.783634 0.0050635 -0.0345378 0.0146398 -0.1382441 0.1088280 -0.1271751 0.9761514
1769786698.950300 0.0046653 -0.0360820 0.0154757 -0.1495586 0.1101962 -0.1247552 0.9746411
1769786699.150301 0.0034201 -0.0376339 0.0139741 -0.1620535 0.1135939 -0.1230127 0.9724726
1769786699.183634 0.0026250 -0.0377045 0.0151853 -0.1643715 0.1182270 -0.1165030 0.9723330
1769786699.316967 0.0025701 -0.0393356 0.0151452 -0.1754258 0.1171790 -0.1163883 0.9705404
1769786699.583634 0.0019408 -0.0421310 0.0152650 -0.1955427 0.1183230 -0.1137380 0.9668642
1769786699.616967 0.0021246 -0.0422838 0.0148929 -0.1964183 0.1178132 -0.1142239 0.9666917
1769786699.816967 0.0014955 -0.0443893 0.0151963 -0.2111682 0.1179559 -0.1114201 0.9638879
1769786700.316966 0.0012326 -0.0482768 0.0144780 -0.2372141 0.1108979 -0.1031097 0.9595830
1769786700.550299 0.0018685 -0.0498660 0.0146171 -0.2452834 0.1049981 -0.1011117 0.9584299
1769786700.850299 0.0023287 -0.0505134 0.0122194 -0.2463606 0.0943239 -0.0969460 0.9596931
1769786700.883634 0.0025151 -0.0505616 0.0124256 -0.2468851 0.0936361 -0.0967156 0.9596490
1769786700.916967 0.0029959 -0.0504642 0.0134243 -0.2468617 0.0925594 -0.0971376 0.9597168
1769786700.950299 0.0032829 -0.0502962 0.0140589 -0.2467743 0.0921432 -0.0959863 0.9598952
1769786701.050299 0.0034557 -0.0505167 0.0127139 -0.2452966 0.0875659 -0.0968045 0.9606199
1769786701.116966 0.0044545 -0.0503736 0.0134983 -0.2439475 0.0836812 -0.0950980 0.9614798
1769786701.183632 0.0048730 -0.0500618 0.0129906 -0.2423270 0.0805050 -0.0988552 0.9617818
1769786701.216966 0.0048724 -0.0499638 0.0128728 -0.2415906 0.0795730 -0.0971442 0.9622189
1769786701.283632 0.0054549 -0.0498195 0.0118572 -0.2387880 0.0753171 -0.0977334 0.9632009
1769786701.383632 0.0062370 -0.0491331 0.0122406 -0.2340240 0.0711004 -0.0971376 0.9647496
1769786701.416965 0.0064537 -0.0492137 0.0122729 -0.2339463 0.0697002 -0.0992647 0.9646541
1769786701.450299 0.0067368 -0.0489439 0.0121321 -0.2316792 0.0676025 -0.0974177 0.9655384
1769786701.483632 0.0070004 -0.0486339 0.0129548 -0.2306142 0.0667491 -0.0978186 0.9658122
1769786701.516965 0.0074696 -0.0486756 0.0114244 -0.2290361 0.0627175 -0.1004691 0.9661857
1769786701.616967 0.0083686 -0.0479090 0.0118612 -0.2232823 0.0587460 -0.0999612 0.9678335
1769786701.650299 0.0084980 -0.0477165 0.0117850 -0.2212923 0.0576561 -0.0987517 0.9684801
1769786701.750299 0.0091431 -0.0474502 0.0106882 -0.2164873 0.0520799 -0.1004717 0.9697043
1769786701.816965 0.0095741 -0.0465476 0.0111073 -0.2107193 0.0497545 -0.1000321 0.9711413
1769786701.950299 0.0105168 -0.0459743 0.0087737 -0.1997684 0.0410706 -0.1033606 0.9735103
1769786702.016965 0.0107512 -0.0455435 0.0091155 -0.1928897 0.0375035 -0.1051481 0.9748492
1769786702.050299 0.0109360 -0.0456900 0.0086572 -0.1906452 0.0358314 -0.1049786 0.9753718
1769786702.216965 0.0116971 -0.0450723 0.0093510 -0.1752529 0.0260946 -0.1051055 0.9785491
1769786702.283632 0.0114764 -0.0448250 0.0089451 -0.1681920 0.0232395 -0.1034792 0.9800324
1769786702.316965 0.0118544 -0.0441997 0.0079398 -0.1642709 0.0212411 -0.1046405 0.9806193
1769786702.350317 0.0115326 -0.0441542 0.0067799 -0.1606863 0.0192340 -0.1058423 0.9811255
1769786702.383652 0.0116663 -0.0439737 0.0081292 -0.1586207 0.0175721 -0.1042888 0.9816591
1769786702.483650 0.0117943 -0.0436453 0.0077300 -0.1498833 0.0087205 -0.1040754 0.9831721
1769786702.583652 0.0124097 -0.0434657 0.0079171 -0.1412421 -0.0044620 -0.1038724 0.9845006
1769786702.816984 0.0135060 -0.0413368 0.0086251 -0.1215794 -0.0349042 -0.0968038 0.9872331
1769786702.983650 0.0141318 -0.0400764 0.0094608 -0.1217244 -0.0395808 -0.0800672 0.9885372
1769786703.116986 0.0139948 -0.0393962 0.0087153 -0.1508463 -0.0309935 -0.0818771 0.9846730
1769786703.150319 0.0142361 -0.0392283 0.0088620 -0.1550542 -0.0298227 -0.0822895 0.9840209
1769786704.683649 0.0173929 -0.0373594 0.0089339 -0.1435547 -0.0264885 -0.0875336 0.9854077
1769786704.783649 0.0175441 -0.0378682 0.0089288 -0.1458727 -0.0269178 -0.0878854 0.9850242
1769786704.883649 0.0175790 -0.0382951 0.0089028 -0.1488637 -0.0263523 -0.0874094 0.9846343
1769786705.150317 0.0171749 -0.0398935 0.0089587 -0.1582969 -0.0244427 -0.0858593 0.9833478
1769786705.350316 0.0169001 -0.0409935 0.0091317 -0.1661651 -0.0227710 -0.0855483 0.9821162
1769786705.416982 0.0168062 -0.0414920 0.0090648 -0.1688640 -0.0221886 -0.0851583 0.9817029
1769786705.450316 0.0167740 -0.0416585 0.0091524 -0.1700505 -0.0218167 -0.0850231 0.9815182
1769786705.683649 0.0161539 -0.0430339 0.0092473 -0.1792668 -0.0190484 -0.0859210 0.9798562
1769786705.883648 0.0157332 -0.0439472 0.0093416 -0.1865425 -0.0155111 -0.0866586 0.9784945
1769786705.916983 0.0156356 -0.0440945 0.0094381 -0.1875431 -0.0147173 -0.0863821 0.9783400
1769786706.083648 0.0152072 -0.0447683 0.0096304 -0.1925268 -0.0121174 -0.0866302 0.9773852
1769786706.316982 0.0148274 -0.0452982 0.0097969 -0.1976307 -0.0087258 -0.0875345 0.9763215
1769786706.450315 0.0144767 -0.0456159 0.0097812 -0.1997692 -0.0063276 -0.0876463 0.9758946
1769786706.783648 0.0136810 -0.0457438 0.0100143 -0.2029034 -0.0005404 -0.0882183 0.9752166
1769786707.016981 0.0134252 -0.0457554 0.0098305 -0.2034134 0.0015883 -0.0896884 0.9749751
1769786707.283648 0.0133145 -0.0457281 0.0098351 -0.2031154 0.0037518 -0.0913891 0.9748734
1769786707.516981 0.0129220 -0.0455807 0.0096398 -0.2021112 0.0059093 -0.0917816 0.9750345
1769786708.350314 0.0126907 -0.0449698 0.0097513 -0.1984041 0.0079087 -0.0947366 0.9754990
1769786708.916981 0.0126156 -0.0448613 0.0098971 -0.1986218 0.0081381 -0.0958108 0.9753479
1769786708.983647 0.0125963 -0.0448131 0.0099289 -0.1986204 0.0082002 -0.0958124 0.9753475
1769786709.250314 0.0126547 -0.0448197 0.0099440 -0.1985781 0.0079410 -0.0957090 0.9753684
1769786709.516989 0.0126496 -0.0447993 0.0099079 -0.1984486 0.0079978 -0.0955191 0.9754129
1769786710.650324 0.0126077 -0.0448434 0.0098692 -0.1983491 0.0078685 -0.0953081 0.9754548
1769786711.116989 0.0126381 -0.0448467 0.0097986 -0.1982269 0.0076947 -0.0952882 0.9754830
1769786711.383657 0.0125782 -0.0448627 0.0097582 -0.1982441 0.0076883 -0.0954180 0.9754668
