1769789978.237882 0.0000000 0.0000000 0.0000000 -0.0000000 -0.0000000 -0.0000000 1.0000000
1769789978.271179 -0.0005520 -0.0040958 -0.0025779 -0.0009724 -0.0002298 -0.0012919 0.9999987
1769789978.304538 -0.0007098 -0.0017486 0.0014217 -0.0007039 0.0002260 -0.0013388 0.9999989
1769789978.404516 -0.0006531 0.0007118 0.0007466 0.0001306 0.0003350 -0.0005469 0.9999998
1769789978.671249 0.0009499 0.0001168 -0.0040270 0.0001164 -0.0002670 -0.0006451 0.9999998
1769789978.837848 0.0007363 0.0004223 -0.0009368 -0.0001208 -0.0001736 -0.0012895 0.9999992
1769789979.037838 0.0128225 0.0083142 0.0348909 0.0015446 -0.0031742 -0.0014978 0.9999927
1769789982.837853 0.0758362 -0.0106163 0.0906009 0.0046165 -0.0061788 -0.0010612 0.9999697
1769789983.537846 0.1171817 -0.0157694 0.1041612 0.0053054 -0.0029066 0.0007679 0.9999814
1769789983.871181 0.1542024 -0.0063039 0.1079085 0.0075230 -0.0022078 0.0005028 0.9999691
1769789984.071177 0.1709328 0.0146757 0.1169232 0.0100938 -0.0008581 0.0004109 0.9999486
1769789984.237843 0.1822723 0.0257812 0.1265453 0.0109085 0.0014698 -0.0003307 0.9999394
1769789984.371174 0.1918195 0.0350075 0.1308383 0.0113766 0.0031670 -0.0009098 0.9999299
1769789984.504525 0.1961627 0.0441741 0.1444128 0.0120348 0.0062743 -0.0018712 0.9999062
1769789984.671176 0.2001326 0.0471274 0.1430998 0.0111795 0.0093150 -0.0010388 0.9998936
1769789985.004518 0.2172257 0.0666679 0.1480035 0.0087977 0.0136538 0.0006451 0.9998679
1769789985.337842 0.2296522 0.1051587 0.1450364 0.0077483 0.0183026 -0.0010958 0.9998019
1769789985.604517 0.2426527 0.1489456 0.1527668 0.0094152 0.0219945 -0.0029787 0.9997094
1769789985.871180 0.2597995 0.1779396 0.1627651 0.0076415 0.0214584 -0.0038440 0.9997332
1769789986.171179 0.2708250 0.2083936 0.1659815 0.0073139 0.0201396 -0.0055864 0.9997548
1769789986.504506 0.2777817 0.2366552 0.1680322 0.0081789 0.0186714 -0.0081256 0.9997592
1769789986.904511 0.2705031 0.2486739 0.1659661 0.0101646 0.0153105 -0.0096182 0.9997849
1769789987.337846 0.2479997 0.2288192 0.1558716 0.0122413 0.0152968 -0.0083193 0.9997734
1769789987.637862 0.2209069 0.1917579 0.1451274 0.0147763 0.0151028 -0.0055057 0.9997616
1769789987.804527 0.2068985 0.1713959 0.1408441 0.0182314 0.0142132 -0.0051722 0.9997194
1769789987.904521 0.1955204 0.1648693 0.1395295 0.0216314 0.0138348 -0.0062092 0.9996510
1769789988.037854 0.1826025 0.1435215 0.1374797 0.0268908 0.0122438 -0.0060490 0.9995451
1769789988.171197 0.1678019 0.1125188 0.1273234 0.0334431 0.0092865 -0.0053718 0.9993830
1769789988.271188 0.1585251 0.0930980 0.1264838 0.0407477 0.0074308 -0.0062464 0.9991223
1769789988.404531 0.1507189 0.0722556 0.1203061 0.0512063 -0.0001172 -0.0067397 0.9986654
1769789988.537861 0.1520444 0.0298726 0.0928687 0.0584767 -0.0141289 -0.0045862 0.9981782
1769789988.671189 0.1361141 -0.0109995 0.1012837 0.0652812 -0.0286600 -0.0020473 0.9974532
1769789988.804521 0.1067316 -0.0570329 0.1520803 0.0686792 -0.0423865 0.0001710 0.9967380
1769789988.971184 0.0827389 -0.1423443 0.1082764 0.0625198 -0.0490022 0.0033866 0.9968343
1769789989.037864 0.1529442 -0.1830819 0.1463462 0.0582219 -0.0567484 0.0039372 0.9966817
1769789989.104523 0.0554417 -0.1792417 0.1075425 0.0521444 -0.0413634 0.0018087 0.9977809
1769789989.171193 0.0421132 -0.1693525 0.1148004 0.0285983 -0.0375979 0.0004966 0.9988835
1769789989.304518 0.0194318 -0.1861813 0.1207731 -0.0072184 -0.0311336 -0.0001821 0.9994892
1769789989.437854 -0.0017272 -0.2090309 0.1229194 -0.0310181 -0.0269127 -0.0009805 0.9991559
1769789989.604518 -0.0353436 -0.2419406 0.1300610 -0.0524820 -0.0214094 -0.0039006 0.9983847
1769789989.771186 -0.0705067 -0.2783027 0.1440580 -0.0619725 -0.0165261 -0.0052701 0.9979271
1769789989.904528 -0.0917024 -0.3160039 0.1212588 -0.0636859 -0.0136966 -0.0053797 0.9978615
1769789990.037908 -0.1116083 -0.3487100 0.1202721 -0.0598426 -0.0108427 -0.0055730 0.9981334
1769789990.204544 -0.1422798 -0.3872218 0.1285019 -0.0505995 -0.0069561 -0.0042554 0.9986857
1769789990.337881 -0.0855693 -0.4226554 0.1545125 -0.0413688 -0.0122661 -0.0033410 0.9990631
1769789990.537849 -0.0662566 -0.4236171 0.1692531 -0.0269781 -0.0142128 -0.0021237 0.9995328
1769789990.871182 -0.0569759 -0.4196487 0.1736178 -0.0131828 -0.0160123 -0.0008876 0.9997845
1769789991.504521 -0.0726734 -0.4339074 0.1739716 -0.0086219 -0.0188236 0.0009742 0.9997852
1769789991.871182 -0.0710240 -0.4250658 0.1745896 -0.0142176 -0.0215818 0.0020350 0.9996639
1769789992.004517 -0.1154642 -0.4166000 0.1593749 -0.0171894 -0.0174919 0.0016541 0.9996979
1769789992.437867 -0.2076207 -0.2370003 0.1428695 -0.0098489 -0.0097930 -0.0006497 0.9999034
1769789992.604523 -0.2084090 -0.1811646 0.1417560 -0.0093400 -0.0105136 0.0001268 0.9999011
1769789992.871241 -0.2074448 -0.0845768 0.1498100 -0.0078924 -0.0100413 -0.0003901 0.9999183
1769789993.137848 -0.2189324 0.0000084 0.1402533 -0.0070307 -0.0119515 -0.0728138 0.9972492
1769789993.404521 -0.2311255 0.0854278 0.1379374 -0.0049733 -0.0133367 -0.1621357 0.9866658
1769789993.671183 -0.2309156 0.1541429 0.1324693 -0.0042612 -0.0138114 -0.2356770 0.9717240
1769789993.871180 -0.2249774 0.1954278 0.1519636 -0.0049616 -0.0134773 -0.2786194 0.9602942
1769789994.104522 -0.2070140 0.2341918 0.1497331 -0.0032473 -0.0115478 -0.3138938 0.9493823
1769789994.304523 -0.1850821 0.2558401 0.1644074 -0.0025706 -0.0121163 -0.3316680 0.9433149
1769789994.504514 -0.1627785 0.2560389 0.1590069 -0.0034881 -0.0120470 -0.3442392 0.9387982
1769789994.771187 -0.1279432 0.2344369 0.1525374 -0.0049348 -0.0117276 -0.3374873 0.9412441
1769789994.937854 -0.0923050 0.2204401 0.1668098 -0.0038030 -0.0114918 -0.3251715 0.9455776
1769789995.104584 -0.0630134 0.1887080 0.1635785 -0.0048021 -0.0105350 -0.3013616 0.9534397
1769789995.237877 -0.0299921 0.1523932 0.1485333 -0.0053495 -0.0111716 -0.2701727 0.9627322
1769789995.371209 0.0125694 0.1252770 0.1633604 -0.0034018 -0.0105694 -0.2280198 0.9735932
1769789995.471205 0.0324098 0.0978647 0.1572055 -0.0030810 -0.0089535 -0.1998518 0.9797804
1769789995.571203 0.0678344 0.0709899 0.1569551 -0.0025901 -0.0095333 -0.1728301 0.9849021
1769789995.704533 0.1090404 0.0381124 0.1657602 0.0033005 -0.0092419 -0.1469389 0.9890969
1769789995.804564 0.1328449 0.0126056 0.1653414 0.0113159 -0.0065838 -0.1444374 0.9894274
1769789995.904560 0.1612308 -0.0171856 0.1754691 0.0209315 -0.0022771 -0.1415292 0.9897102
1769789996.004534 0.1833912 -0.0444918 0.1749989 0.0302364 0.0045857 -0.1400787 0.9896680
1769789996.104536 0.2009797 -0.0681948 0.1757907 0.0398475 0.0130988 -0.1378303 0.9895673
1769789996.404563 0.2695596 -0.1550500 0.2041461 0.0588652 0.0499247 -0.1312940 0.9883341
1769789996.504559 0.2362779 -0.1477718 0.2221847 0.0648910 0.0743316 -0.1303497 0.9865460
1769789996.637867 0.2340803 -0.1529545 0.2355376 0.0664137 0.0997346 -0.1309351 0.9841231
1769789996.771198 0.2751906 -0.1896896 0.2414590 0.0606665 0.1105015 -0.1285325 0.9836607
1769789996.871216 0.3057637 -0.2082294 0.2228166 0.0445701 0.1057519 -0.1263633 0.9853235
1769789997.104533 0.3658638 -0.2141391 0.2398271 -0.0178329 0.0659438 -0.0869962 0.9938637
1769789997.371200 0.4477428 -0.2529104 0.2560836 -0.0542571 0.0310488 -0.0429322 0.9971203
1769789997.671198 0.5285357 -0.3242044 0.2337775 -0.0641499 0.0080844 -0.0102977 0.9978544
1769789998.037860 0.6140740 -0.4153380 0.2557392 -0.0485877 -0.0052988 0.0099917 0.9987549
1769789998.304540 0.6710571 -0.4462698 0.2526295 -0.0304973 -0.0105636 0.0216260 0.9992450
1769789998.604531 0.7171320 -0.4517580 0.2593531 -0.0183928 -0.0142019 0.0266566 0.9993745
1769789998.937862 0.7578174 -0.4191706 0.2654687 -0.0086842 -0.0172635 0.0279229 0.9994233
1769789999.237872 0.7771589 -0.3586632 0.2695582 -0.0005946 -0.0171649 0.0273568 0.9994782
1769789999.537861 0.7922618 -0.2806111 0.2665852 0.0044552 -0.0178924 0.0239625 0.9995428
1769789999.837872 0.7916261 -0.1736920 0.2737859 0.0117601 -0.0165904 0.0236816 0.9995127
1769790000.137874 0.7885004 -0.1301886 0.2683587 0.0070625 -0.0154002 0.0240341 0.9995676
1769790000.404527 0.7831354 -0.0246534 0.2647296 0.0116242 -0.0146977 0.0240710 0.9995346
1769790000.704538 0.7600701 0.0119794 0.2552971 0.0044909 -0.0132180 0.0215695 0.9996699
1769790000.971200 0.7434535 0.0889629 0.2507926 0.0059589 -0.0133621 0.0218218 0.9996548
1769790001.171199 0.7285174 0.1226606 0.2494730 0.0030596 -0.0132181 0.0174740 0.9997553
1769790001.371202 0.7093220 0.1571427 0.2479945 0.0019876 -0.0124540 0.0144804 0.9998156
1769790001.604528 0.6854957 0.1914634 0.2447865 0.0013645 -0.0128368 0.0118201 0.9998468
1769790001.937861 0.6515336 0.2187506 0.2380490 0.0003483 -0.0134938 0.0092740 0.9998659
1769790002.271197 0.6144437 0.2244382 0.2252170 -0.0003135 -0.0143051 0.0073653 0.9998705
1769790002.571221 0.5803087 0.2054487 0.2115842 -0.0008694 -0.0155995 0.0081299 0.9998449
1769790002.804547 0.5496995 0.1814241 0.2068225 0.0006598 -0.0163913 0.0100076 0.9998153
1769790002.871212 0.5429761 0.1709927 0.2016104 0.0009860 -0.0173343 0.0108027 0.9997909
1769790002.971214 0.5312420 0.1534660 0.1965783 0.0014177 -0.0180400 0.0124639 0.9997586
1769790003.104562 0.5153680 0.1293504 0.1874444 0.0023821 -0.0187695 0.0144110 0.9997172
1769790003.204545 0.5050069 0.1091533 0.1776307 0.0038433 -0.0193839 0.0178047 0.9996462
1769790003.271224 0.5000898 0.0975674 0.1719606 0.0054447 -0.0205927 0.0199646 0.9995738
1769790003.371218 0.4868542 0.0735841 0.1622034 0.0068448 -0.0210234 0.0217893 0.9995181
1769790003.437880 0.4794003 0.0679696 0.1605842 0.0098447 -0.0215551 0.0211243 0.9994960
1769790003.504558 0.4728569 0.0527328 0.1483490 0.0112298 -0.0222757 0.0215507 0.9994565
1769790003.637877 0.4161489 0.0463108 0.2033412 0.0180273 -0.0142715 0.0063808 0.9997153
1769790003.704544 0.3879597 0.0311839 0.2142682 0.0223494 -0.0107075 0.0024491 0.9996899
1769790003.771215 0.3811780 0.0208670 0.2074839 0.0284694 -0.0125188 0.0018085 0.9995146
1769790003.804584 0.3753747 0.0111427 0.1988990 0.0305230 -0.0129729 0.0021516 0.9994476
1769790003.837880 0.3693661 0.0039570 0.2004480 0.0328926 -0.0136560 0.0010360 0.9993650
1769790003.904546 0.3546146 -0.0073194 0.2031043 0.0385763 -0.0144316 -0.0000545 0.9991515
1769790003.971212 0.3437888 -0.0248052 0.1906656 0.0428758 -0.0171634 0.0002850 0.9989330
1769790004.004549 0.3385979 -0.0278161 0.1943285 0.0464866 -0.0179282 0.0002246 0.9987580
1769790004.037885 0.3379015 -0.0359443 0.1962360 0.0494506 -0.0191309 -0.0000311 0.9985934
1769790004.104544 0.3322858 -0.0539485 0.2005731 0.0553501 -0.0215978 -0.0004861 0.9982333
1769790004.204545 0.3193744 -0.0830330 0.1980985 0.0625914 -0.0293724 -0.0014058 0.9976060
1769790004.271214 0.3081442 -0.1015198 0.2011117 0.0676979 -0.0353840 -0.0014883 0.9970771
1769790004.337879 0.3007511 -0.1269882 0.2028212 0.0723061 -0.0438803 -0.0023128 0.9964141
1769790004.437883 0.2868497 -0.1609296 0.1979655 0.0794522 -0.0578598 -0.0030085 0.9951535
1769790004.504558 0.2752777 -0.1920512 0.1905093 0.0819395 -0.0674068 -0.0025182 0.9943520
1769790004.604547 0.2505836 -0.2273212 0.2180912 0.0863556 -0.0813760 -0.0031265 0.9929305
1769790004.637880 0.1872007 -0.2767754 0.1881153 0.0817726 -0.0787311 -0.0023519 0.9935337
1769790004.671214 0.1909086 -0.2812884 0.1997183 0.0825596 -0.0836105 -0.0017619 0.9930711
1769790004.704551 0.1795323 -0.2796778 0.1923373 0.0828785 -0.0857452 -0.0005064 0.9928639
1769790004.737887 0.1826111 -0.2824988 0.1920303 0.0820054 -0.0892078 0.0012975 0.9926305
1769790004.771220 0.1769701 -0.2846744 0.1809380 0.0811448 -0.0893908 0.0023477 0.9926829
1769790004.871212 0.1718169 -0.2935670 0.1600391 0.0617973 -0.0872154 0.0058934 0.9942535
1769790004.904547 0.1631817 -0.2971879 0.1363041 0.0468241 -0.0844267 0.0061466 0.9953099
1769790004.937881 0.1620736 -0.2949754 0.1486556 0.0345859 -0.0827772 0.0045860 0.9959573
1769790004.971217 0.1550369 -0.3074395 0.1480926 0.0201021 -0.0785721 0.0067174 0.9966831
1769790005.004551 0.1451077 -0.3069654 0.1747426 0.0111547 -0.0755398 0.0047309 0.9970692
1769790005.037884 0.1368938 -0.3076150 0.1854252 0.0045229 -0.0731094 0.0041906 0.9973049
1769790005.171226 0.1155647 -0.3431346 0.1676981 -0.0243847 -0.0635516 0.0024816 0.9976776
1769790005.271232 0.0978386 -0.3567590 0.1863924 -0.0389188 -0.0582272 0.0020913 0.9975423
1769790005.471218 0.0630934 -0.4021800 0.1857047 -0.0544210 -0.0484479 0.0000180 0.9973421
1769790005.604547 0.0403913 -0.4285099 0.1904534 -0.0563748 -0.0426001 -0.0013009 0.9974996
1769790005.737890 0.0200418 -0.4610374 0.1861048 -0.0531876 -0.0377397 -0.0004786 0.9978710
1769790005.871238 -0.0049297 -0.4752477 0.2116625 -0.0447968 -0.0322024 -0.0002969 0.9984769
1769790006.004563 -0.0166918 -0.4698416 0.2042006 -0.0336015 -0.0282774 -0.0006629 0.9990350
1769790006.137918 -0.0170714 -0.4760326 0.1774040 -0.0262234 -0.0270095 0.0000333 0.9992912
1769790006.437886 -0.0163707 -0.4714907 0.1905484 -0.0169875 -0.0248024 0.0007726 0.9995477
1769790006.871245 -0.0175072 -0.4715278 0.1890154 -0.0099388 -0.0256850 0.0013141 0.9996198
1769790007.037876 -0.0229721 -0.4670093 0.1864045 -0.0100826 -0.0259018 0.0012048 0.9996129
1769790007.271236 -0.0224488 -0.4673251 0.1869107 -0.0138268 -0.0268186 0.0024214 0.9995418
1769790007.437882 -0.0258084 -0.4692760 0.1794961 -0.0177449 -0.0274354 0.0042004 0.9994572
1769790007.571210 -0.0336978 -0.4338443 0.1788736 -0.0172942 -0.0273246 0.0031244 0.9994721
1769790007.704545 -0.0395259 -0.3990909 0.1757250 -0.0169994 -0.0273780 0.0024895 0.9994775
1769790007.837876 -0.0463833 -0.3601498 0.1697109 -0.0167777 -0.0272649 0.0012155 0.9994867
1769790007.937880 -0.0496960 -0.3283341 0.1706077 -0.0163167 -0.0269310 0.0008876 0.9995037
1769790008.071211 -0.0529187 -0.2833171 0.1702136 -0.0160457 -0.0270801 0.0003065 0.9995044
1769790008.204545 -0.0539218 -0.2385510 0.1671059 -0.0156246 -0.0272833 -0.0002312 0.9995056
1769790008.404553 -0.0540282 -0.1691628 0.1611051 -0.0150117 -0.0270178 -0.0017300 0.9995207
1769790008.437875 -0.0533923 -0.1592157 0.1594921 -0.0146856 -0.0268747 -0.0014681 0.9995299
1769790008.504544 -0.0526009 -0.1361271 0.1616643 -0.0147830 -0.0270192 -0.0013907 0.9995247
1769790008.537883 -0.0525188 -0.1259982 0.1610688 -0.0142868 -0.0267304 -0.0025575 0.9995373
1769790008.704551 -0.0644243 -0.0682079 0.1611211 -0.0118776 -0.0282306 -0.0648773 0.9974232
1769790008.904575 -0.0770340 -0.0026225 0.1579380 -0.0092008 -0.0294485 -0.1352105 0.9903365
1769790009.104545 -0.0806845 0.0575832 0.1479958 -0.0066764 -0.0315660 -0.1964886 0.9799751
1769790009.204551 -0.0796376 0.0855228 0.1544869 -0.0056613 -0.0303637 -0.2235263 0.9742084
1769790009.337882 -0.0761455 0.1177742 0.1561968 -0.0044977 -0.0303826 -0.2553584 0.9663585
1769790009.637880 -0.0592048 0.1785254 0.1658309 -0.0017089 -0.0282560 -0.3084170 0.9508300
1769790009.871190 -0.0349731 0.2018614 0.1765809 -0.0009315 -0.0287270 -0.3330602 0.9424674
1769790010.037852 -0.0157034 0.2074237 0.1609155 -0.0008492 -0.0282735 -0.3413811 0.9394993
1769790010.204547 0.0101125 0.2060043 0.1770894 0.0000050 -0.0299787 -0.3428480 0.9389125
1769790010.371204 0.0404713 0.1917156 0.1640157 -0.0002183 -0.0301058 -0.3372316 0.9409402
1769790010.504528 0.0637800 0.1724929 0.1663420 -0.0018315 -0.0300683 -0.3277332 0.9442900
1769790010.604524 0.0832915 0.1583144 0.1711968 -0.0018253 -0.0295289 -0.3162175 0.9482253
1769790010.704528 0.1041894 0.1381530 0.1760293 -0.0025889 -0.0294079 -0.3004520 0.9533400
1769790010.837887 0.1359593 0.1044869 0.1872515 -0.0042473 -0.0292830 -0.2711640 0.9620783
1769790010.904524 0.1525139 0.0855025 0.1893744 -0.0048462 -0.0286757 -0.2510383 0.9675402
1769790010.971204 0.1727745 0.0682281 0.1901409 -0.0049345 -0.0288538 -0.2288438 0.9730229
1769790011.037861 0.1900760 0.0518653 0.1882541 -0.0045411 -0.0273301 -0.2085270 0.9776242
1769790011.104533 0.2107821 0.0331172 0.1873567 -0.0042552 -0.0275103 -0.1894189 0.9815017
1769790011.204535 0.2423161 0.0069107 0.1849353 -0.0032648 -0.0276065 -0.1637295 0.9861135
1769790011.304522 0.2653404 -0.0198077 0.1984854 0.0008389 -0.0259753 -0.1491672 0.9884704
1769790011.404565 0.2917280 -0.0462305 0.2086498 0.0088655 -0.0234762 -0.1457267 0.9890066
1769790011.504524 0.3186274 -0.0686361 0.2133975 0.0194986 -0.0195163 -0.1432150 0.9893070
1769790011.704523 0.3549785 -0.1162202 0.2231400 0.0379879 -0.0037851 -0.1379412 0.9897044
1769790011.837862 0.3851471 -0.1511189 0.2208109 0.0498232 0.0083265 -0.1352396 0.9895244
1769790011.971195 0.4224457 -0.1932940 0.1947050 0.0557947 0.0246373 -0.1298271 0.9896590
1769790012.104532 0.4635154 -0.2410050 0.1996622 0.0578604 0.0430075 -0.1246664 0.9895761
1769790012.237863 0.5033573 -0.2859596 0.2384794 0.0558615 0.0620780 -0.1198633 0.9892718
1769790012.504519 0.5911275 -0.1219778 0.1933968 0.0835832 0.0661243 -0.0743309 0.9915223
1769790012.637861 0.6422961 -0.1106326 0.2028108 0.0509965 0.0367394 -0.0489656 0.9968209
1769790013.204548 0.9471045 -0.1960574 0.2128851 -0.0037813 -0.0550913 0.0439350 0.9975071
1769790013.437865 0.9775829 -0.2009299 0.2130433 0.0076599 -0.0617962 0.0548320 0.9965521
1769790013.871189 1.0165528 -0.2070920 0.2072291 0.0437187 -0.0628904 0.0641112 0.9949991
1769790014.104551 1.0468127 -0.2081705 0.2169417 0.0552171 -0.0647969 0.0685461 0.9940090
1769790014.437860 1.0732552 -0.1888166 0.2472796 0.0645976 -0.0664589 0.0714559 0.9931287
1769790016.071189 1.0352581 0.0253073 0.2126317 0.0562338 -0.0570105 0.0774150 0.9937779
1769790016.304539 1.0230803 0.0704356 0.2069578 0.0530855 -0.0570259 0.0762982 0.9940365
1769790016.471186 1.0175691 0.0939609 0.2028166 0.0504783 -0.0584485 0.0768626 0.9940462
1769790016.604532 1.0138994 0.1047044 0.2025253 0.0472772 -0.0595033 0.0791799 0.9939591
1769790016.837863 0.9958355 0.1375828 0.2132280 0.0446587 -0.0613840 0.0770914 0.9941300
1769790017.071183 0.9766177 0.1774582 0.2006810 0.0443475 -0.0624595 0.0767312 0.9941049
1769790017.437853 0.9361824 0.2117577 0.1872931 0.0429081 -0.0632429 0.0727584 0.9944171
1769790017.637857 0.9143259 0.2213522 0.1700194 0.0427788 -0.0629418 0.0714487 0.9945368
1769790017.871200 0.8909596 0.2173810 0.1721013 0.0422261 -0.0656714 0.0722855 0.9943234
1769790018.037865 0.8746733 0.2090548 0.1546989 0.0427690 -0.0662882 0.0732728 0.9941870
1769790018.237877 0.8532291 0.1890448 0.1422953 0.0429387 -0.0673190 0.0728704 0.9941400
1769790018.437880 0.8319403 0.1620544 0.1299178 0.0438712 -0.0678576 0.0751283 0.9938946
1769790018.604531 0.8170406 0.1258155 0.1104664 0.0432461 -0.0690413 0.0757144 0.9937960
1769790018.737866 0.8038336 0.0997058 0.1053305 0.0442734 -0.0695191 0.0764895 0.9936581
1769790018.904530 0.7858133 0.0697713 0.0922089 0.0471891 -0.0693189 0.0751347 0.9936413
1769790019.004528 0.7771346 0.0465312 0.0814420 0.0487534 -0.0699905 0.0759343 0.9934579
1769790019.171200 0.7153403 0.0369901 0.0937945 0.0589072 -0.0639304 0.0707188 0.9937010
1769790019.237863 0.7153727 0.0224954 0.0748048 0.0638265 -0.0655803 0.0729480 0.9931284
1769790019.304534 0.7094150 0.0090666 0.0645605 0.0700190 -0.0660445 0.0721810 0.9927363
1769790019.437868 0.6720292 -0.0080383 0.0700291 0.0837749 -0.0649551 0.0703151 0.9918762
1769790019.537863 0.6697482 -0.0253427 0.0581740 0.0922730 -0.0686996 0.0710664 0.9908156
1769790019.737927 0.6580153 -0.0711074 0.0412447 0.1111359 -0.0756833 0.0709978 0.9883725
1769790019.904528 0.6265897 -0.1233948 0.0480285 0.1238635 -0.0877444 0.0716133 0.9858146
1769790020.037870 0.5899767 -0.1692574 0.0343735 0.1344308 -0.1031110 0.0721004 0.9829029
1769790020.104532 0.5797856 -0.1694499 0.0345615 0.1422555 -0.1125313 0.0701640 0.9809063
1769790020.171196 0.5736136 -0.1755418 0.0479640 0.1458278 -0.1225980 0.0749871 0.9788161
1769790020.204533 0.5703594 -0.1730175 0.0494903 0.1498015 -0.1271468 0.0710928 0.9779259
1769790020.237867 0.5732644 -0.1723680 0.0360278 0.1509053 -0.1316128 0.0721384 0.9770884
1769790020.304526 0.5752426 -0.1763909 0.0400861 0.1526089 -0.1396260 0.0737591 0.9755894
1769790020.371200 0.5747743 -0.1828793 0.0393205 0.1501423 -0.1436246 0.0789323 0.9749867
1769790020.404536 0.5739571 -0.1830088 0.0386130 0.1501058 -0.1445592 0.0791597 0.9748358
1769790020.437863 0.5703693 -0.1809436 0.0483777 0.1447964 -0.1440296 0.0808049 0.9755819
1769790020.471203 0.5650804 -0.1816269 0.0747108 0.1313788 -0.1446245 0.0792832 0.9775161
1769790020.504535 0.5539290 -0.1938993 0.0429349 0.1126001 -0.1411656 0.0799311 0.9803084
1769790020.571218 0.5384743 -0.2221489 0.0308540 0.0855534 -0.1370213 0.0809630 0.9835399
1769790020.637866 0.5271142 -0.2477990 0.0197763 0.0684931 -0.1314504 0.0746641 0.9861313
1769790020.737857 0.5327477 -0.2548060 0.0195027 0.0492553 -0.1284324 0.0735062 0.9877631
1769790020.904540 0.5045481 -0.2964406 0.0161862 0.0237359 -0.1190464 0.0661258 0.9903999
1769790021.137860 0.4714162 -0.3465512 0.0181100 0.0113887 -0.1097067 0.0633797 0.9918759
1769790021.304530 0.4532884 -0.3892328 0.0070119 0.0128943 -0.1033637 0.0634656 0.9925330
1769790021.471197 0.4382881 -0.4206711 0.0144752 0.0213286 -0.0974610 0.0656946 0.9928397
1769790022.904528 0.4023746 -0.4071307 0.0238083 0.0513896 -0.0895442 0.0714810 0.9920844
1769790023.471198 0.2985719 -0.2657062 0.0089949 0.0523251 -0.0826224 0.0697745 0.9927574
1769790023.604525 0.2937097 -0.2319621 -0.0001309 0.0516032 -0.0830682 0.0699713 0.9927441
1769790023.737864 0.2833412 -0.1842034 0.0175874 0.0522181 -0.0832822 0.0696545 0.9927163
1769790023.871209 0.2733585 -0.1396072 0.0161975 0.0523345 -0.0826900 0.0692336 0.9927891
1769790024.037869 0.2673430 -0.0839689 0.0249001 0.0531988 -0.0829327 0.0693431 0.9927153
1769790024.237867 0.2525510 -0.0255900 0.0260697 0.0560686 -0.0813113 0.0280168 0.9947160
1769790024.437874 0.2349731 0.0294471 0.0050513 0.0606078 -0.0781971 -0.0423172 0.9941937
1769790024.671186 0.2207636 0.1089704 -0.0202411 0.0677064 -0.0750527 -0.1172727 0.9879423
1769790024.904521 0.2124867 0.1759796 0.0189525 0.0736185 -0.0687369 -0.1769729 0.9790486
1769790025.204529 0.2206404 0.2352899 0.0355065 0.0781068 -0.0626943 -0.2341943 0.9670170
1769790025.471190 0.2384162 0.2674824 0.0600356 0.0804894 -0.0596104 -0.2636296 0.9594100
1769790025.504528 0.2423349 0.2681510 0.0574446 0.0799273 -0.0595531 -0.2661915 0.9587529
1769790025.704502 0.2715230 0.2786116 0.0291207 0.0809481 -0.0590977 -0.2734289 0.9566565
1769790025.871173 0.2933828 0.2725627 0.0540763 0.0807832 -0.0598682 -0.2721877 0.9569764
1769790025.971176 0.3128487 0.2685093 0.0437088 0.0808913 -0.0593378 -0.2679880 0.9581848
1769790026.071174 0.3301373 0.2578443 0.0396990 0.0794778 -0.0598725 -0.2617398 0.9599952
1769790026.137842 0.3445474 0.2489811 0.0401859 0.0790152 -0.0603611 -0.2546707 0.9619023
1769790026.271171 0.3743763 0.2274798 0.0385341 0.0777666 -0.0614797 -0.2350059 0.9669254
1769790026.371171 0.4014825 0.2144288 0.0606396 0.0775815 -0.0634364 -0.2135355 0.9717816
1769790026.437842 0.4176953 0.1971023 0.0541125 0.0758370 -0.0639943 -0.1980980 0.9751465
1769790026.537831 0.4470211 0.1745254 0.0724532 0.0738396 -0.0669336 -0.1662648 0.9810320
1769790026.637830 0.4763086 0.1525093 0.0887780 0.0725137 -0.0685385 -0.1345794 0.9858665
1769790026.704501 0.4936052 0.1354826 0.1033004 0.0713133 -0.0696016 -0.1156776 0.9882756
1769790026.804504 0.5133344 0.1166987 0.1041772 0.0722580 -0.0673724 -0.0947005 0.9905915
1769790026.904514 0.5557463 0.0888347 0.0962578 0.0751351 -0.0690318 -0.0791468 0.9916275
1769790026.971169 0.5718176 0.0805898 0.1031942 0.0823269 -0.0666431 -0.0768091 0.9914037
1769790027.104505 0.5976877 0.0436207 0.1152410 0.0934316 -0.0582441 -0.0729428 0.9912404
1769790027.304513 0.6298121 0.0085038 0.1248452 0.1119687 -0.0415796 -0.0660272 0.9906435
1769790027.471166 0.6690726 -0.0432812 0.1285623 0.1224509 -0.0216670 -0.0635144 0.9902031
1769790027.604518 0.7073212 -0.0820670 0.1360926 0.1246679 -0.0026366 -0.0599895 0.9903798
1769790027.737847 0.7047181 -0.1077027 0.1746668 0.1268212 0.0244068 -0.0543612 0.9901341
1769790027.871193 0.7118633 -0.1185292 0.1818886 0.1253791 0.0464200 -0.0530955 0.9895990
1769790028.037834 0.7601611 -0.1506078 0.1810366 0.1105631 0.0507332 -0.0511170 0.9912563
1769790028.204502 0.7984189 -0.1440950 0.1648450 0.0546811 0.0184374 -0.0347056 0.9977303
1769790028.404498 0.8536614 -0.1548208 0.1967459 0.0213527 -0.0163948 -0.0049702 0.9996252
1769790028.604504 0.9085426 -0.1776291 0.2120110 0.0007639 -0.0406197 0.0232258 0.9989044
1769790029.004515 0.9765334 -0.2084035 0.2081532 0.0043970 -0.0619345 0.0556008 0.9965206
1769790029.304512 1.0081463 -0.2113759 0.2095556 0.0315256 -0.0640458 0.0621883 0.9955084
1769790029.604500 1.0343475 -0.2098839 0.2172919 0.0508612 -0.0640157 0.0664402 0.9944350
1769790030.004532 1.0609241 -0.1879942 0.2261065 0.0641910 -0.0647686 0.0703591 0.9933450
1769790030.471176 1.0738229 -0.1520247 0.2327782 0.0695631 -0.0621363 0.0743567 0.9928601
1769790030.937833 1.0687577 -0.0926428 0.2299682 0.0668980 -0.0598616 0.0759006 0.9930661
1769790031.371182 1.0551958 -0.0293909 0.2295812 0.0604393 -0.0583960 0.0772682 0.9934620
1769790032.271166 1.0080746 0.1154675 0.2078196 0.0466658 -0.0601758 0.0786851 0.9939868
1769790032.637854 0.9767507 0.1689375 0.2098889 0.0438692 -0.0619345 0.0750080 0.9942904
1769790033.237829 0.9156497 0.2223370 0.1822276 0.0429241 -0.0642434 0.0721897 0.9943938
1769790033.604506 0.8779622 0.2111134 0.1700469 0.0427979 -0.0669294 0.0730080 0.9941623
1769790034.037845 0.8308874 0.1647461 0.1289573 0.0446691 -0.0674196 0.0748726 0.9939082
1769790034.237845 0.8138182 0.1299741 0.1153686 0.0452237 -0.0688238 0.0742513 0.9938334
1769790034.371165 0.7987381 0.0988595 0.1047995 0.0458330 -0.0688251 0.0748970 0.9937569
1769790034.504498 0.7901363 0.0767524 0.0886375 0.0484608 -0.0700446 0.0758231 0.9934768
1769790034.637841 0.7765169 0.0521973 0.0791921 0.0519956 -0.0699380 0.0753203 0.9933439
1769790034.771166 0.7632976 0.0344856 0.0800576 0.0588008 -0.0700574 0.0729161 0.9931353
1769790034.804510 0.7603775 0.0309290 0.0731791 0.0618538 -0.0701032 0.0728822 0.9929491
1769790034.904501 0.7568004 0.0335132 0.0813627 0.0731475 -0.0713255 0.0706325 0.9922566
1769790035.071164 0.7281362 0.0076105 0.0376652 0.0873013 -0.0726284 0.0701387 0.9910521
1769790035.204510 0.7124962 -0.0182831 0.0320073 0.0990762 -0.0752247 0.0724135 0.9895865
1769790035.337833 0.7057707 -0.0478815 0.0287326 0.1115156 -0.0816343 0.0733050 0.9876875
1769790035.437831 0.6967294 -0.0750599 0.0264955 0.1198094 -0.0897123 0.0716428 0.9861363
1769790035.537835 0.6882177 -0.1093349 0.0118987 0.1275665 -0.1003727 0.0722400 0.9840902
1769790035.671206 0.6718651 -0.1809819 -0.0125276 0.1329379 -0.1168808 0.0773953 0.9811607
1769790035.737838 0.6631403 -0.1900173 -0.0162494 0.1386895 -0.1254755 0.0763981 0.9793797
1769790035.804498 0.6527014 -0.1839272 0.0087536 0.1468817 -0.1351468 0.0721993 0.9772146
1769790035.837832 0.6551506 -0.1742101 0.0205198 0.1496117 -0.1399012 0.0724088 0.9761153
1769790035.871181 0.6427825 -0.1813683 0.0332342 0.1513557 -0.1430009 0.0704202 0.9755425
1769790035.937843 0.6474447 -0.1768051 0.0374581 0.1514612 -0.1489505 0.0739765 0.9743720
1769790036.004501 0.6233522 -0.1899356 0.0624636 0.1490270 -0.1497062 0.0784934 0.9742781
1769790036.037833 0.6263010 -0.1986124 0.0333105 0.1396334 -0.1479493 0.0783409 0.9759489
1769790036.071164 0.6171411 -0.2063003 0.0495702 0.1247655 -0.1476245 0.0762821 0.9781726
1769790036.137830 0.5355170 -0.2610162 0.0628127 0.0925911 -0.1384230 0.0792120 0.9828486
1769790036.171172 0.5800839 -0.2480048 0.0905695 0.0838341 -0.1412189 0.0737673 0.9836603
1769790036.204514 0.5763505 -0.2614247 0.0990139 0.0740601 -0.1403850 0.0721771 0.9846815
1769790036.304506 0.5747025 -0.2905517 0.0638394 0.0501364 -0.1345578 0.0723271 0.9869900
1769790036.337836 0.5710193 -0.3022930 0.0511937 0.0426524 -0.1319609 0.0714993 0.9877525
1769790036.404503 0.5569504 -0.3120884 0.0619639 0.0320983 -0.1287353 0.0681604 0.9888130
1769790036.471168 0.5505271 -0.3271218 0.0624257 0.0222579 -0.1265520 0.0678641 0.9893855
1769790036.604496 0.5296133 -0.3533241 0.0662334 0.0112116 -0.1207649 0.0647003 0.9905069
1769790036.937830 0.4923995 -0.4348558 0.0394893 0.0092290 -0.1070272 0.0654424 0.9920571
1769790037.037836 0.4816770 -0.4554040 0.0322941 0.0145648 -0.1028920 0.0657511 0.9924102
1769790037.137844 0.4719884 -0.4700029 0.0303409 0.0214903 -0.0993575 0.0673492 0.9925374
1769790037.237840 0.4437555 -0.4212397 0.0324990 0.0339372 -0.0947566 0.0677141 0.9926149
1769790037.304499 0.4425218 -0.4210374 0.0382634 0.0378008 -0.0935626 0.0680205 0.9925675
1769790037.437833 0.4422192 -0.4203908 0.0368695 0.0440172 -0.0922755 0.0689683 0.9923664
1769790038.304504 0.4340921 -0.4161214 0.0430815 0.0534458 -0.0918598 0.0714899 0.9917634
1769790038.337847 0.4323636 -0.4174923 0.0412384 0.0529869 -0.0920085 0.0715533 0.9917696
1769790038.437836 0.4028984 -0.4070594 0.0305386 0.0527238 -0.0890488 0.0716145 0.9920493
1769790038.471166 0.4025357 -0.4069378 0.0317384 0.0519290 -0.0894114 0.0714783 0.9920685
1769790038.571174 0.3698449 -0.4072350 0.0175142 0.0496866 -0.0860185 0.0709403 0.9925218
1769790038.671181 0.3600864 -0.3833656 0.0151645 0.0505406 -0.0862307 0.0709041 0.9924629
1769790038.737836 0.3550292 -0.3662180 0.0174545 0.0507201 -0.0859847 0.0707775 0.9924841
1769790038.971163 0.3369568 -0.3038357 0.0198611 0.0507272 -0.0860974 0.0704309 0.9924986
1769790039.037835 0.3311538 -0.2857385 0.0202519 0.0508682 -0.0860523 0.0699945 0.9925262
1769790039.604500 0.3018882 -0.1170146 0.0301093 0.0499118 -0.0866640 0.0687798 0.9926064
1769790039.737842 0.2992502 -0.0774546 0.0257480 0.0493349 -0.0863761 0.0649628 0.9929175
1769790039.837846 0.2859424 -0.0473228 0.0246948 0.0527315 -0.0848644 0.0256722 0.9946650
1769790039.937831 0.2756137 -0.0159248 0.0257852 0.0561312 -0.0832626 -0.0101114 0.9948941
1769790040.004497 0.2697812 0.0060544 0.0195942 0.0581166 -0.0818778 -0.0341978 0.9943586
1769790040.104494 0.2641238 0.0380341 0.0074564 0.0616932 -0.0807117 -0.0679893 0.9925004
1769790040.171170 0.2582962 0.0598758 0.0039559 0.0635814 -0.0797161 -0.0897177 0.9907338
1769790040.271163 0.2552408 0.0879979 0.0050572 0.0663378 -0.0789449 -0.1194903 0.9874660
1769790040.371164 0.2483644 0.1129968 0.0072575 0.0676091 -0.0751151 -0.1485832 0.9837224
1769790040.437829 0.2502862 0.1307115 0.0089391 0.0693806 -0.0740408 -0.1645350 0.9811384
1769790040.571162 0.2461419 0.1651124 0.0231690 0.0727808 -0.0711876 -0.1946577 0.9755735
1769790040.637831 0.2499299 0.1763006 0.0221079 0.0734081 -0.0704641 -0.2070918 0.9730154
1769790040.704497 0.2524827 0.1888895 0.0246689 0.0741340 -0.0693251 -0.2195555 0.9703059
1769790040.771161 0.2544664 0.1997797 0.0254368 0.0750271 -0.0680480 -0.2302397 0.9678482
1769790040.837849 0.2598569 0.2064503 0.0260319 0.0755701 -0.0666072 -0.2389514 0.9657924
1769790040.871202 0.2619015 0.2123825 0.0264708 0.0758889 -0.0658266 -0.2435045 0.9646831
1769790040.971225 0.2654645 0.2190176 0.0264110 0.0764158 -0.0640707 -0.2540045 0.9620485
1769790041.004520 0.2702316 0.2243174 0.0344940 0.0770115 -0.0642133 -0.2568924 0.9612244
1769790041.137864 0.2875060 0.2359372 0.0527970 0.0776510 -0.0644040 -0.2683928 0.9580124
1769790041.271201 0.3054104 0.2432516 0.0357846 0.0787356 -0.0642420 -0.2726002 0.9567459
1769790041.471200 0.3346370 0.2366167 0.0387538 0.0780942 -0.0650018 -0.2717905 0.9569775
1769790041.571208 0.3485481 0.2286989 0.0441239 0.0770324 -0.0641422 -0.2687646 0.9579757
1769790041.671191 0.3692586 0.2190278 0.0238801 0.0760634 -0.0646944 -0.2611905 0.9601086
1769790041.704533 0.3761057 0.2159117 0.0294631 0.0759672 -0.0651008 -0.2577606 0.9610153
1769790041.804519 0.3873598 0.1988037 0.0166165 0.0731691 -0.0639782 -0.2474349 0.9640172
1769790041.837866 0.3965718 0.1964616 0.0155797 0.0733895 -0.0646707 -0.2418817 0.9653626
1769790041.871195 0.4038868 0.1877486 0.0134508 0.0724829 -0.0652051 -0.2356063 0.9669458
1769790041.937860 0.4142470 0.1732940 0.0058307 0.0701740 -0.0643568 -0.2252982 0.9696260
1769790041.971184 0.4234549 0.1658628 -0.0007392 0.0698666 -0.0650038 -0.2174821 0.9713880
1769790042.037885 0.4415447 0.1542570 0.0052373 0.0695956 -0.0656613 -0.2002021 0.9750714
1769790042.071192 0.4518455 0.1464995 0.0144837 0.0688404 -0.0663885 -0.1903532 0.9770462
1769790042.104532 0.4638727 0.1376259 0.0145005 0.0678827 -0.0675743 -0.1801876 0.9789577
1769790042.171201 0.4843851 0.1225605 0.0360511 0.0670063 -0.0693175 -0.1566017 0.9829451
1769790042.204524 0.4967901 0.1199003 0.0473558 0.0676804 -0.0698107 -0.1462893 0.9844518
1769790042.237863 0.5055458 0.1143322 0.0621845 0.0680699 -0.0703105 -0.1359004 0.9858773
1769790042.304536 0.5264217 0.0985844 0.0786549 0.0673197 -0.0719378 -0.1170803 0.9882233
1769790042.337851 0.5318826 0.0985060 0.0837620 0.0686220 -0.0712649 -0.1097363 0.9890249
1769790042.371191 0.5412397 0.0879538 0.0841211 0.0676297 -0.0716181 -0.1013767 0.9899595
1769790042.471182 0.5768361 0.0596868 0.0833473 0.0692426 -0.0721809 -0.0819582 0.9916039
1769790042.504526 0.5831547 0.0552528 0.0916305 0.0717864 -0.0711071 -0.0796381 0.9916896
1769790042.537869 0.5852372 0.0489648 0.0974721 0.0751770 -0.0680245 -0.0792872 0.9916827
1769790042.604524 0.6065402 0.0359744 0.1018060 0.0815354 -0.0668804 -0.0761236 0.9915060
1769790042.671188 0.6231904 0.0217013 0.1014804 0.0879872 -0.0637143 -0.0734285 0.9913662
1769790042.737865 0.6386066 0.0080018 0.1061043 0.0942459 -0.0590852 -0.0712927 0.9912336
1769790042.804527 0.6535962 -0.0058929 0.1042222 0.1005751 -0.0532736 -0.0701163 0.9910249
1769790042.904522 0.6811982 -0.0318371 0.1095514 0.1086749 -0.0459388 -0.0662854 0.9908005
1769790042.971185 0.6978135 -0.0487056 0.1130738 0.1150026 -0.0400864 -0.0635754 0.9905179
1769790043.004518 0.7038584 -0.0568772 0.1120738 0.1164518 -0.0361256 -0.0629818 0.9905388
1769790043.137856 0.7095378 -0.0863291 0.1360375 0.1218898 -0.0137234 -0.0594903 0.9906642
1769790043.271242 0.7242632 -0.1108323 0.1581293 0.1253337 0.0095741 -0.0551745 0.9905330
1769790043.337873 0.7362802 -0.1208308 0.1702818 0.1263316 0.0210465 -0.0513305 0.9904355
1769790043.437890 0.7361686 -0.1320151 0.1774398 0.1248579 0.0388954 -0.0499673 0.9901520
1769790043.604517 0.7894496 -0.1707048 0.2074708 0.1160639 0.0494491 -0.0498412 0.9907572
1769790043.671203 0.8078555 -0.1717678 0.2197303 0.0934151 0.0406198 -0.0456515 0.9937503
1769790043.771201 0.8339164 -0.1766224 0.2194058 0.0583892 0.0188922 -0.0349853 0.9975018
1769790043.937848 0.8769155 -0.1816034 0.2201526 0.0264053 -0.0134982 -0.0074408 0.9995325
1769790044.137857 0.9279779 -0.2010483 0.2360846 0.0016205 -0.0401602 0.0214207 0.9989623
1769790044.404526 1.0056233 -0.2470440 0.2463730 -0.0099818 -0.0636185 0.0552036 0.9963963
1769790044.604518 1.0617959 -0.2754174 0.2317802 -0.0034423 -0.0740203 0.0757125 0.9943726
1769790047.271183 1.0353786 0.0354151 0.2117371 0.0568942 -0.0570293 0.0756416 0.9938758
1769790047.571185 1.0180402 0.0937527 0.2034914 0.0533429 -0.0577529 0.0758934 0.9940118
1769790047.937852 1.0045050 0.1253484 0.2036525 0.0456247 -0.0603489 0.0771663 0.9941438
1769790048.171172 0.9833446 0.1615101 0.1973090 0.0438055 -0.0607579 0.0736641 0.9944662
1769790048.404498 0.9598940 0.1937158 0.1914310 0.0436996 -0.0616171 0.0721779 0.9945270
1769790048.771177 0.9203674 0.2221651 0.1817243 0.0434267 -0.0627280 0.0718824 0.9944910
1769790049.337835 0.8640144 0.2019795 0.1511406 0.0433747 -0.0663270 0.0726722 0.9942023
1769790049.571167 0.8416992 0.1746643 0.1378814 0.0445269 -0.0682356 0.0742744 0.9939037
1769790049.804501 0.8154467 0.1335160 0.1230370 0.0450529 -0.0683690 0.0750611 0.9938118
1769790050.071170 0.7936426 0.0800785 0.0995096 0.0476491 -0.0698836 0.0754974 0.9935523
1769790050.237866 0.7791621 0.0526526 0.0863812 0.0522642 -0.0705272 0.0765054 0.9931976
1769790050.404501 0.7677459 0.0478737 0.0969718 0.0648264 -0.0708464 0.0716443 0.9927968
1769790050.471164 0.7610608 0.0334706 0.0864239 0.0702008 -0.0713019 0.0723601 0.9923466
1769790050.537833 0.7535503 0.0195806 0.0769007 0.0758587 -0.0716299 0.0723778 0.9919053
1769790050.571166 0.7481294 0.0129385 0.0747504 0.0784894 -0.0713732 0.0726328 0.9917005
1769790050.704507 0.7357346 0.0057732 0.0657946 0.0924190 -0.0745642 0.0714644 0.9903493
1769790050.771179 0.7285154 -0.0086847 0.0633967 0.0978662 -0.0764434 0.0727242 0.9895908
1769790050.871169 0.7232733 -0.0344648 0.0518785 0.1067274 -0.0783299 0.0734362 0.9884740
1769790050.971172 0.7184867 -0.0480556 0.0460088 0.1166222 -0.0859364 0.0737253 0.9867010
1769790051.037853 0.7101263 -0.0700380 0.0563825 0.1218398 -0.0911512 0.0725395 0.9856899
1769790051.104511 0.7016880 -0.0959181 0.0515429 0.1270941 -0.0974847 0.0729001 0.9843929
1769790051.237864 0.6894798 -0.1418422 0.0467473 0.1378368 -0.1149232 0.0706524 0.9812247
1769790051.304500 0.6833099 -0.1746559 0.0119971 0.1397807 -0.1243312 0.0724464 0.9796706
1769790051.337833 0.6816613 -0.1784501 0.0092971 0.1426906 -0.1291220 0.0700471 0.9788056
1769790051.371177 0.6720102 -0.1779802 0.0260636 0.1468485 -0.1331874 0.0684711 0.9777568
1769790051.404505 0.6643193 -0.1744760 0.0409753 0.1497950 -0.1371867 0.0690191 0.9767178
1769790051.504507 0.6533576 -0.1805121 0.0465775 0.1507532 -0.1471714 0.0728303 0.9748383
1769790051.537832 0.6480145 -0.1820041 0.0610051 0.1510929 -0.1493233 0.0730290 0.9744436
1769790051.604500 0.6483318 -0.1866766 0.0551284 0.1489750 -0.1504520 0.0772435 0.9742711
1769790051.637829 0.6379100 -0.1845892 0.0691749 0.1403675 -0.1488004 0.0766618 0.9758475
1769790051.671163 0.6338693 -0.1845205 0.0835973 0.1267628 -0.1486616 0.0760877 0.9777738
1769790051.704518 0.6340745 -0.1940196 0.0765287 0.1112999 -0.1472239 0.0760941 0.9798710
1769790051.804500 0.5942967 -0.2606855 0.0657583 0.0737228 -0.1381204 0.0739394 0.9848963
1769790051.837844 0.5888674 -0.2651032 0.0686703 0.0668013 -0.1364964 0.0737370 0.9856313
1769790051.971190 0.5710997 -0.2892138 0.0652209 0.0414969 -0.1298672 0.0682538 0.9883087
1769790052.104511 0.5523701 -0.3192249 0.0593455 0.0233606 -0.1241591 0.0650679 0.9898510
1769790052.237844 0.5331725 -0.3476568 0.0603324 0.0131439 -0.1190567 0.0636334 0.9907591
1769790052.337838 0.5212142 -0.3680819 0.0579191 0.0094825 -0.1149067 0.0630803 0.9913261
1769790052.471177 0.5023941 -0.3792774 0.0602700 0.0126952 -0.1104387 0.0587798 0.9920620
1769790052.671197 0.4905555 -0.4115259 0.0465890 0.0171073 -0.1047434 0.0618387 0.9924274
1769790052.837834 0.4774892 -0.4248804 0.0434427 0.0252558 -0.0993369 0.0638229 0.9926837
1769790053.037836 0.4523849 -0.4047389 0.0400270 0.0352669 -0.0932582 0.0636716 0.9929779
1769790053.271161 0.4516536 -0.4040260 0.0417776 0.0421608 -0.0910282 0.0650092 0.9928294
1769790053.571165 0.4518618 -0.4039349 0.0401154 0.0458618 -0.0894953 0.0657520 0.9927558
1769790053.837831 0.4501595 -0.4035161 0.0362980 0.0450590 -0.0881645 0.0669648 0.9928305
1769790054.137834 0.4497133 -0.3978989 0.0318828 0.0420676 -0.0872462 0.0674130 0.9930125
1769790054.304503 0.4443880 -0.3597017 0.0349568 0.0440316 -0.0864839 0.0668194 0.9930342
1769790054.704505 0.4370920 -0.2579120 0.0767810 0.0506136 -0.0863400 0.0638547 0.9929281
1769790054.904509 0.4540351 -0.2274989 0.0747233 0.0468418 -0.0889469 0.0705606 0.9924291
1769790055.071172 0.4704863 -0.2066427 0.0732954 0.0429375 -0.0902877 0.0755948 0.9921139
1769790055.204503 0.4846378 -0.1896501 0.0644976 0.0402858 -0.0912795 0.0801849 0.9917740
1769790055.304501 0.4941113 -0.1802570 0.0612870 0.0377241 -0.0920985 0.0835081 0.9915247
1769790055.404499 0.5007514 -0.1656569 0.0608988 0.0376795 -0.0920576 0.0838231 0.9915036
1769790055.471162 0.5046919 -0.1588294 0.0634391 0.0368750 -0.0922973 0.0837884 0.9915145
1769790055.537843 0.5091253 -0.1525128 0.0646142 0.0362455 -0.0925490 0.0848382 0.9914250
1769790055.604496 0.5134339 -0.1490898 0.0630482 0.0349329 -0.0921639 0.0852394 0.9914736
1769790055.704489 0.5174643 -0.1457687 0.0676909 0.0322288 -0.0910677 0.0852495 0.9916655
1769790055.737839 0.5165949 -0.1438252 0.0695600 0.0316987 -0.0904296 0.0849018 0.9917709
1769790055.871171 0.5163234 -0.1471767 0.0767713 0.0267580 -0.0871246 0.0834699 0.9923337
1769790055.937831 0.5167096 -0.1460993 0.0779825 0.0253432 -0.0860129 0.0829611 0.9925104
1769790056.071164 0.5177129 -0.1461066 0.0817457 0.0225070 -0.0828369 0.0836808 0.9927885
1769790056.204495 0.5187467 -0.1456425 0.0842671 0.0206738 -0.0800403 0.0830980 0.9931067
1769790056.704501 0.5207408 -0.1492840 0.0919054 0.0168200 -0.0696879 0.0815841 0.9940849
1769790057.437827 0.5310604 -0.1508852 0.0938826 0.0202395 -0.0610080 0.0806402 0.9946686
1769790058.504493 0.5400392 -0.1532784 0.1017179 0.0234757 -0.0581176 0.0793796 0.9948719
