1769789978237881856.000000 0.000000000 0.000000000 0.000000000 -0.000000000 -0.000000000 -0.000000000 1.000000000
1769789978271179264.000000 -0.000552031 -0.004095774 -0.002577865 -0.000972376 -0.000229834 -0.001291949 0.999998689
1769789978304538368.000000 -0.000709836 -0.001748649 0.001421658 -0.000703949 0.000226047 -0.001338847 0.999998868
1769789978404516096.000000 -0.000653073 0.000711769 0.000746572 0.000130629 0.000335033 -0.000546867 0.999999821
1769789978671248896.000000 0.000949931 0.000116845 -0.004027047 0.000116408 -0.000266957 -0.000645053 0.999999762
1769789978837848064.000000 0.000736316 0.000422320 -0.000936836 -0.000120784 -0.000173637 -0.001289538 0.999999166
1769789979037838336.000000 0.012822468 0.008314204 0.034890916 0.001544612 -0.003174203 -0.001497823 0.999992669
1769789982837853440.000000 0.075836226 -0.010616320 0.090600893 0.004616453 -0.006178841 -0.001061158 0.999969721
1769789983537846272.000000 0.117181681 -0.015769366 0.104161218 0.005305410 -0.002906551 0.000767909 0.999981403
1769789983871180544.000000 0.154202446 -0.006303915 0.107908510 0.007522953 -0.002207775 0.000502846 0.999969125
1769789984071176448.000000 0.170932814 0.014675703 0.116923176 0.010093785 -0.000858094 0.000410918 0.999948621
1769789984237842432.000000 0.182272255 0.025781238 0.126545295 0.010908488 0.001469771 -0.000330732 0.999939382
1769789984371173632.000000 0.191819519 0.035007458 0.130838305 0.011376614 0.003167026 -0.000909830 0.999929905
1769789984504525056.000000 0.196162745 0.044174142 0.144412801 0.012034755 0.006274260 -0.001871238 0.999906182
1769789984671175936.000000 0.200132623 0.047127366 0.143099755 0.011179500 0.009314969 -0.001038755 0.999893606
1769789985004518144.000000 0.217225745 0.066667929 0.148003533 0.008797652 0.013653847 0.000645088 0.999867857
1769789985337841664.000000 0.229652241 0.105158679 0.145036355 0.007748267 0.018302577 -0.001095831 0.999801874
1769789985604516864.000000 0.242652744 0.148945555 0.152766839 0.009415227 0.021994460 -0.002978748 0.999709368
1769789985871179520.000000 0.259799480 0.177939624 0.162765056 0.007641452 0.021458410 -0.003843952 0.999733150
1769789986171179264.000000 0.270824969 0.208393574 0.165981472 0.007313905 0.020139633 -0.005586397 0.999754846
1769789986504505600.000000 0.277781695 0.236655235 0.168032184 0.008178862 0.018671356 -0.008125639 0.999759197
1769789986904510720.000000 0.270503134 0.248673946 0.165966064 0.010164639 0.015310535 -0.009618172 0.999784887
1769789987337845760.000000 0.247999698 0.228819162 0.155871645 0.012241296 0.015296767 -0.008319331 0.999773443
1769789987637862400.000000 0.220906854 0.191757873 0.145127371 0.014776259 0.015102845 -0.005505712 0.999761581
1769789987804526592.000000 0.206898525 0.171395868 0.140844077 0.018231355 0.014213237 -0.005172177 0.999719441
1769789987904520960.000000 0.195520371 0.164869294 0.139529496 0.021631364 0.013834837 -0.006209178 0.999651015
1769789988037854208.000000 0.182602480 0.143521473 0.137479693 0.026890812 0.012243760 -0.006048961 0.999545097
1769789988171196928.000000 0.167801902 0.112518795 0.127323389 0.033443138 0.009286530 -0.005371841 0.999383032
1769789988271187712.000000 0.158525124 0.093097962 0.126483753 0.040747683 0.007430833 -0.006246356 0.999122322
1769789988404530944.000000 0.150718912 0.072255604 0.120306060 0.051206302 -0.000117180 -0.006739710 0.998665392
1769789988537861376.000000 0.152044386 0.029872611 0.092868738 0.058476735 -0.014128930 -0.004586163 0.998178244
1769789988671189248.000000 0.136114061 -0.010999497 0.101283737 0.065281227 -0.028659966 -0.002047338 0.997453153
1769789988804520960.000000 0.106731594 -0.057032909 0.152080312 0.068679206 -0.042386483 0.000171010 0.996737957
1769789988971183616.000000 0.082738884 -0.142344266 0.108276449 0.062519796 -0.049002249 0.003386561 0.996834278
1769789989037863936.000000 0.152944192 -0.183081925 0.146346197 0.058221880 -0.056748368 0.003937154 0.996681690
1769789989104522752.000000 0.055441685 -0.179241747 0.107542492 0.052144419 -0.041363351 0.001808735 0.997780919
1769789989171193088.000000 0.042113218 -0.169352487 0.114800438 0.028598307 -0.037597880 0.000496643 0.998883545
1769789989304518400.000000 0.019431802 -0.186181322 0.120773084 -0.007218427 -0.031133607 -0.000182065 0.999489188
1769789989437853696.000000 -0.001727228 -0.209030896 0.122919425 -0.031018080 -0.026912680 -0.000980467 0.999155939
1769789989604518144.000000 -0.035343647 -0.241940588 0.130061015 -0.052482009 -0.021409430 -0.003900643 0.998384714
1769789989771186432.000000 -0.070506662 -0.278302699 0.144057959 -0.061972477 -0.016526058 -0.005270140 0.997927129
1769789989904528384.000000 -0.091702372 -0.316003919 0.121258773 -0.063685931 -0.013696599 -0.005379668 0.997861505
1769789990037907712.000000 -0.111608274 -0.348710030 0.120272055 -0.059842579 -0.010842650 -0.005572959 0.998133421
1769789990204543744.000000 -0.142279834 -0.387221754 0.128501862 -0.050599549 -0.006956101 -0.004255410 0.998685718
1769789990337881344.000000 -0.085569330 -0.422655433 0.154512510 -0.041368816 -0.012266087 -0.003340956 0.999063075
1769789990537848832.000000 -0.066256553 -0.423617065 0.169253141 -0.026978062 -0.014212754 -0.002123749 0.999532759
1769789990871181824.000000 -0.056975901 -0.419648737 0.173617765 -0.013182838 -0.016012281 -0.000887567 0.999784470
1769789991504521472.000000 -0.072673425 -0.433907449 0.173971564 -0.008621885 -0.018823611 0.000974239 0.999785185
1769789991871182080.000000 -0.071024008 -0.425065786 0.174589604 -0.014217625 -0.021581769 0.002035021 0.999663949
1769789992004517120.000000 -0.115464166 -0.416600049 0.159374878 -0.017189419 -0.017491858 0.001654103 0.999697864
1769789992437867008.000000 -0.207620710 -0.237000331 0.142869473 -0.009848936 -0.009792978 -0.000649677 0.999903381
1769789992604522752.000000 -0.208408996 -0.181164593 0.141755953 -0.009339955 -0.010513604 0.000126816 0.999901116
1769789992871241216.000000 -0.207444772 -0.084576823 0.149810031 -0.007892445 -0.010041316 -0.000390109 0.999918342
1769789993137847808.000000 -0.218932405 0.000008380 0.140253291 -0.007030713 -0.011951550 -0.072813764 0.997249186
1769789993404520448.000000 -0.231125519 0.085427836 0.137937412 -0.004973256 -0.013336713 -0.162135720 0.986665845
1769789993671182592.000000 -0.230915636 0.154142871 0.132469252 -0.004261229 -0.013811431 -0.235677019 0.971723974
1769789993871180032.000000 -0.224977389 0.195427820 0.151963606 -0.004961595 -0.013477267 -0.278619379 0.960294247
1769789994104521984.000000 -0.207014009 0.234191850 0.149733096 -0.003247335 -0.011547752 -0.313893795 0.949382305
1769789994304522496.000000 -0.185082093 0.255840093 0.164407387 -0.002570643 -0.012116324 -0.331667989 0.943314850
1769789994504514304.000000 -0.162778452 0.256038904 0.159006923 -0.003488095 -0.012046957 -0.344239235 0.938798189
1769789994771186688.000000 -0.127943158 0.234436885 0.152537376 -0.004934786 -0.011727587 -0.337487251 0.941244125
1769789994937854208.000000 -0.092305019 0.220440075 0.166809767 -0.003802972 -0.011491759 -0.325171500 0.945577562
1769789995104584192.000000 -0.063013390 0.188707978 0.163578525 -0.004802112 -0.010534975 -0.301361620 0.953439653
1769789995237877248.000000 -0.029992113 0.152393177 0.148533270 -0.005349542 -0.011171590 -0.270172715 0.962732196
1769789995371208960.000000 0.012569403 0.125277027 0.163360432 -0.003401750 -0.010569367 -0.228019804 0.973593235
1769789995471205376.000000 0.032409847 0.097864680 0.157205477 -0.003081047 -0.008953514 -0.199851766 0.979780376
1769789995571203584.000000 0.067834362 0.070989914 0.156955078 -0.002590135 -0.009533333 -0.172830105 0.984902143
1769789995704533248.000000 0.109040372 0.038112395 0.165760219 0.003300487 -0.009241858 -0.146938905 0.989096940
1769789995804563712.000000 0.132844850 0.012605599 0.165341362 0.011315866 -0.006583760 -0.144437388 0.989427388
1769789995904560128.000000 0.161230817 -0.017185563 0.175469100 0.020931495 -0.002277123 -0.141529173 0.989710152
1769789996004534272.000000 0.183391228 -0.044491768 0.174998865 0.030236389 0.004585725 -0.140078694 0.989667952
1769789996104536064.000000 0.200979665 -0.068194792 0.175790712 0.039847527 0.013098819 -0.137830287 0.989567280
1769789996404563456.000000 0.269559592 -0.155049965 0.204146117 0.058865152 0.049924653 -0.131293967 0.988334119
1769789996504558592.000000 0.236277863 -0.147771776 0.222184673 0.064890958 0.074331589 -0.130349651 0.986545980
1769789996637866752.000000 0.234080285 -0.152954519 0.235537559 0.066413656 0.099734604 -0.130935073 0.984123111
1769789996771198208.000000 0.275190622 -0.189689636 0.241458982 0.060666516 0.110501491 -0.128532514 0.983660698
1769789996871215616.000000 0.305763692 -0.208229437 0.222816631 0.044570107 0.105751902 -0.126363322 0.985323489
1769789997104533504.000000 0.365863770 -0.214139149 0.239827141 -0.017832899 0.065943778 -0.086996220 0.993863702
1769789997371200256.000000 0.447742790 -0.252910435 0.256083578 -0.054257102 0.031048831 -0.042932197 0.997120321
1769789997671197952.000000 0.528535724 -0.324204385 0.233777538 -0.064149909 0.008084401 -0.010297724 0.997854412
1769789998037860352.000000 0.614073992 -0.415338010 0.255739182 -0.048587654 -0.005298788 0.009991690 0.998754919
1769789998304539904.000000 0.671057105 -0.446269780 0.252629548 -0.030497266 -0.010563587 0.021625986 0.999245048
1769789998604530688.000000 0.717132032 -0.451757967 0.259353101 -0.018392844 -0.014201852 0.026656553 0.999374509
1769789998937862400.000000 0.757817388 -0.419170558 0.265468746 -0.008684237 -0.017263513 0.027922867 0.999423265
1769789999237871616.000000 0.777158856 -0.358663172 0.269558221 -0.000594648 -0.017164852 0.027356820 0.999478161
1769789999537860608.000000 0.792261779 -0.280611098 0.266585171 0.004455158 -0.017892400 0.023962475 0.999542832
1769789999837871616.000000 0.791626096 -0.173691958 0.273785919 0.011760119 -0.016590433 0.023681633 0.999512732
1769790000137874432.000000 0.788500369 -0.130188599 0.268358737 0.007062476 -0.015400154 0.024034094 0.999567568
1769790000404526592.000000 0.783135355 -0.024653381 0.264729649 0.011624152 -0.014697701 0.024070971 0.999534607
1769790000704538368.000000 0.760070145 0.011979379 0.255297065 0.004490945 -0.013217989 0.021569461 0.999669909
1769790000971200512.000000 0.743453503 0.088962875 0.250792563 0.005958945 -0.013362060 0.021821767 0.999654830
1769790001171198976.000000 0.728517354 0.122660592 0.249472991 0.003059631 -0.013218114 0.017473955 0.999755263
1769790001371202304.000000 0.709321976 0.157142669 0.247994483 0.001987599 -0.012453957 0.014480415 0.999815643
1769790001604528128.000000 0.685495675 0.191463366 0.244786516 0.001364454 -0.012836752 0.011820099 0.999846816
1769790001937860864.000000 0.651533604 0.218750611 0.238048971 0.000348338 -0.013493791 0.009274015 0.999865890
1769790002271196928.000000 0.614443719 0.224438161 0.225217044 -0.000313475 -0.014305108 0.007365324 0.999870539
1769790002571221248.000000 0.580308676 0.205448717 0.211584195 -0.000869436 -0.015599457 0.008129860 0.999844909
1769790002804547328.000000 0.549699485 0.181424126 0.206822485 0.000659838 -0.016391288 0.010007570 0.999815345
1769790002871212032.000000 0.542976141 0.170992732 0.201610386 0.000986009 -0.017334336 0.010802715 0.999790907
1769790002971214336.000000 0.531242013 0.153465971 0.196578264 0.001417667 -0.018039964 0.012463943 0.999758601
1769790003104562176.000000 0.515367985 0.129350409 0.187444448 0.002382051 -0.018769473 0.014411036 0.999717176
1769790003204544768.000000 0.505006909 0.109153338 0.177630663 0.003843266 -0.019383891 0.017804656 0.999646187
1769790003271223808.000000 0.500089765 0.097567394 0.171960607 0.005444691 -0.020592693 0.019964559 0.999573767
1769790003371218432.000000 0.486854196 0.073584132 0.162203386 0.006844832 -0.021023447 0.021789284 0.999518096
1769790003437879808.000000 0.479400277 0.067969598 0.160584226 0.009844696 -0.021555075 0.021124292 0.999495983
1769790003504558080.000000 0.472856939 0.052732762 0.148348972 0.011229842 -0.022275714 0.021550700 0.999456465
1769790003637877504.000000 0.416148871 0.046310790 0.203341216 0.018027298 -0.014271453 0.006380763 0.999715328
1769790003704544256.000000 0.387959659 0.031183934 0.214268208 0.022349413 -0.010707515 0.002449136 0.999689877
1769790003771215104.000000 0.381178021 0.020866981 0.207483888 0.028469397 -0.012518835 0.001808483 0.999514639
1769790003804584192.000000 0.375374675 0.011142720 0.198898971 0.030522967 -0.012972877 0.002151620 0.999447584
1769790003837879552.000000 0.369366109 0.003956969 0.200448036 0.032892641 -0.013655963 0.001035974 0.999365032
1769790003904545536.000000 0.354614556 -0.007319359 0.203104317 0.038576279 -0.014431623 -0.000054461 0.999151468
1769790003971212032.000000 0.343788832 -0.024805190 0.190665588 0.042875774 -0.017163437 0.000285034 0.998932958
1769790004004549376.000000 0.338597894 -0.027816098 0.194328457 0.046486612 -0.017928233 0.000224624 0.998758018
1769790004037885440.000000 0.337901473 -0.035944283 0.196236014 0.049450621 -0.019130860 -0.000031128 0.998593390
1769790004104544256.000000 0.332285821 -0.053948484 0.200573102 0.055350143 -0.021597784 -0.000486076 0.998233318
1769790004204544512.000000 0.319374382 -0.083033018 0.198098511 0.062591411 -0.029372379 -0.001405761 0.997605979
1769790004271213568.000000 0.308144152 -0.101519801 0.201111659 0.067697853 -0.035383988 -0.001488276 0.997077107
1769790004337879296.000000 0.300751060 -0.126988158 0.202821165 0.072306126 -0.043880258 -0.002312840 0.996414065
1769790004437883392.000000 0.286849678 -0.160929635 0.197965458 0.079452172 -0.057859767 -0.003008458 0.995153546
1769790004504557568.000000 0.275277704 -0.192051172 0.190509319 0.081939541 -0.067406826 -0.002518212 0.994352043
1769790004604547328.000000 0.250583559 -0.227321193 0.218091220 0.086355597 -0.081376001 -0.003126458 0.992930472
1769790004637880320.000000 0.187200740 -0.276775390 0.188115329 0.081772648 -0.078731149 -0.002351895 0.993533671
1769790004671213568.000000 0.190908611 -0.281288415 0.199718311 0.082559638 -0.083610497 -0.001761904 0.993071079
1769790004704551424.000000 0.179532275 -0.279677838 0.192337275 0.082878515 -0.085745186 -0.000506397 0.992863894
1769790004737886720.000000 0.182611093 -0.282498837 0.192030266 0.082005426 -0.089207843 0.001297453 0.992630541
1769790004771220480.000000 0.176970080 -0.284674436 0.180938005 0.081144787 -0.089390814 0.002347739 0.992682874
1769790004871212032.000000 0.171816856 -0.293566972 0.160039112 0.061797306 -0.087215424 0.005893396 0.994253457
1769790004904547328.000000 0.163181677 -0.297187895 0.136304110 0.046824094 -0.084426746 0.006146631 0.995309949
1769790004937881088.000000 0.162073582 -0.294975400 0.148655578 0.034585860 -0.082777157 0.004585984 0.995957255
1769790004971216896.000000 0.155036867 -0.307439506 0.148092553 0.020102102 -0.078572117 0.006717447 0.996683121
1769790005004550656.000000 0.145107701 -0.306965441 0.174742609 0.011154654 -0.075539768 0.004730894 0.997069180
1769790005037883648.000000 0.136893764 -0.307614952 0.185425177 0.004522877 -0.073109359 0.004190576 0.997304857
1769790005171225856.000000 0.115564689 -0.343134582 0.167698070 -0.024384713 -0.063551612 0.002481634 0.997677565
1769790005271231744.000000 0.097838588 -0.356759012 0.186392367 -0.038918801 -0.058227155 0.002091268 0.997542322
1769790005471217664.000000 0.063093439 -0.402180046 0.185704693 -0.054421023 -0.048447866 0.000017968 0.997342050
1769790005604547072.000000 0.040391296 -0.428509861 0.190453380 -0.056374796 -0.042600136 -0.001300894 0.997499585
1769790005737889792.000000 0.020041788 -0.461037427 0.186104849 -0.053187568 -0.037739720 -0.000478646 0.997871041
1769790005871238400.000000 -0.004929653 -0.475247651 0.211662471 -0.044796783 -0.032202370 -0.000296942 0.998476923
1769790006004562944.000000 -0.016691756 -0.469841599 0.204200640 -0.033601463 -0.028277414 -0.000662943 0.999035001
1769790006137918464.000000 -0.017071405 -0.476032585 0.177404031 -0.026223389 -0.027009465 0.000033319 0.999291182
1769790006437886208.000000 -0.016370706 -0.471490681 0.190548405 -0.016987499 -0.024802368 0.000772582 0.999547720
1769790006871245312.000000 -0.017507197 -0.471527785 0.189015359 -0.009938808 -0.025685024 0.001314064 0.999619842
1769790007037875968.000000 -0.022972094 -0.467009306 0.186404541 -0.010082638 -0.025901837 0.001204799 0.999612927
1769790007271235840.000000 -0.022448841 -0.467325091 0.186910748 -0.013826815 -0.026818592 0.002421386 0.999541759
1769790007437881856.000000 -0.025808383 -0.469276041 0.179496124 -0.017744897 -0.027435429 0.004200373 0.999457240
1769790007571209984.000000 -0.033697784 -0.433844328 0.178873554 -0.017294241 -0.027324645 0.003124362 0.999472141
1769790007704545024.000000 -0.039525930 -0.399090886 0.175725013 -0.016999437 -0.027378011 0.002489492 0.999477506
1769790007837876224.000000 -0.046383291 -0.360149771 0.169710889 -0.016777668 -0.027264949 0.001215546 0.999486744
1769790007937880320.000000 -0.049695969 -0.328334063 0.170607686 -0.016316660 -0.026931047 0.000887595 0.999503732
1769790008071210752.000000 -0.052918732 -0.283317089 0.170213640 -0.016045703 -0.027080098 0.000306508 0.999504447
1769790008204544512.000000 -0.053921849 -0.238551021 0.167105943 -0.015624608 -0.027283333 -0.000231208 0.999505579
1769790008404553472.000000 -0.054028168 -0.169162765 0.161105096 -0.015011686 -0.027017811 -0.001730015 0.999520719
1769790008437875200.000000 -0.053392336 -0.159215689 0.159492061 -0.014685634 -0.026874708 -0.001468058 0.999529898
1769790008504543488.000000 -0.052600913 -0.136127114 0.161664322 -0.014783040 -0.027019190 -0.001390732 0.999524653
1769790008537882624.000000 -0.052518770 -0.125998154 0.161068797 -0.014286768 -0.026730413 -0.002557482 0.999537289
1769790008704551168.000000 -0.064424291 -0.068207942 0.161121145 -0.011877623 -0.028230637 -0.064877294 0.997423172
1769790008904575232.000000 -0.077034019 -0.002622508 0.157937974 -0.009200822 -0.029448520 -0.135210484 0.990336478
1769790009104544512.000000 -0.080684468 0.057583164 0.147995815 -0.006676439 -0.031565957 -0.196488634 0.979975104
1769790009204550656.000000 -0.079637595 0.085522838 0.154486910 -0.005661326 -0.030363673 -0.223526314 0.974208415
1769790009337881600.000000 -0.076145515 0.117774181 0.156196818 -0.004497697 -0.030382589 -0.255358428 0.966358483
1769790009637879552.000000 -0.059204757 0.178525358 0.165830895 -0.001708876 -0.028255966 -0.308416992 0.950829983
1769790009871189760.000000 -0.034973059 0.201861352 0.176580936 -0.000931487 -0.028727004 -0.333060175 0.942467391
1769790010037852160.000000 -0.015703440 0.207423747 0.160915464 -0.000849238 -0.028273493 -0.341381133 0.939499259
1769790010204546816.000000 0.010112459 0.206004292 0.177089378 0.000005017 -0.029978668 -0.342847973 0.938912451
1769790010371203840.000000 0.040471278 0.191715583 0.164015666 -0.000218331 -0.030105839 -0.337231636 0.940940201
1769790010504527616.000000 0.063780025 0.172492936 0.166341975 -0.001831453 -0.030068306 -0.327733248 0.944289982
1769790010604524288.000000 0.083291456 0.158314392 0.171196789 -0.001825293 -0.029528901 -0.316217482 0.948225319
1769790010704527616.000000 0.104189366 0.138152972 0.176029339 -0.002588948 -0.029407948 -0.300451964 0.953339994
1769790010837886976.000000 0.135959297 0.104486942 0.187251478 -0.004247267 -0.029283037 -0.271163970 0.962078273
1769790010904524288.000000 0.152513921 0.085502535 0.189374357 -0.004846200 -0.028675679 -0.251038283 0.967540205
1769790010971203840.000000 0.172774523 0.068228088 0.190140888 -0.004934451 -0.028853826 -0.228843808 0.973022938
1769790011037860864.000000 0.190076023 0.051865336 0.188254148 -0.004541066 -0.027330054 -0.208526984 0.977624178
1769790011104533504.000000 0.210782140 0.033117160 0.187356710 -0.004255248 -0.027510293 -0.189418867 0.981501698
1769790011204535040.000000 0.242316142 0.006910657 0.184935272 -0.003264752 -0.027606515 -0.163729459 0.986113548
1769790011304521472.000000 0.265340358 -0.019807743 0.198485449 0.000838947 -0.025975283 -0.149167195 0.988470435
1769790011404564736.000000 0.291727960 -0.046230458 0.208649829 0.008865519 -0.023476191 -0.145726711 0.989006579
1769790011504524544.000000 0.318627357 -0.068636104 0.213397548 0.019498581 -0.019516319 -0.143214986 0.989307046
1769790011704523264.000000 0.354978472 -0.116220243 0.223139986 0.037987858 -0.003785130 -0.137941182 0.989704430
1769790011837862400.000000 0.385147125 -0.151118949 0.220810920 0.049823236 0.008326494 -0.135239601 0.989524424
1769790011971194880.000000 0.422445714 -0.193293974 0.194705039 0.055794727 0.024637340 -0.129827142 0.989658952
1769790012104531712.000000 0.463515431 -0.241004989 0.199662238 0.057860408 0.043007471 -0.124666423 0.989576101
1769790012237863168.000000 0.503357291 -0.285959572 0.238479376 0.055861514 0.062077954 -0.119863346 0.989271760
1769790012504518656.000000 0.591127455 -0.121977769 0.193396762 0.083583221 0.066124335 -0.074330889 0.991522253
1769790012637861120.000000 0.642296135 -0.110632613 0.202810839 0.050996505 0.036739420 -0.048965581 0.996820927
1769790013204547584.000000 0.947104454 -0.196057424 0.212885126 -0.003781350 -0.055091280 0.043935020 0.997507095
1769790013437864448.000000 0.977582872 -0.200929880 0.213043317 0.007659945 -0.061796162 0.054831952 0.996552110
1769790013871188736.000000 1.016552806 -0.207092002 0.207229137 0.043718744 -0.062890418 0.064111225 0.994999111
1769790014104551424.000000 1.046812654 -0.208170488 0.216941699 0.055217106 -0.064796865 0.068546072 0.994009018
1769790014437860352.000000 1.073255181 -0.188816637 0.247279555 0.064597569 -0.066458873 0.071455851 0.993128657
1769790016071188992.000000 1.035258055 0.025307309 0.212631702 0.056233816 -0.057010517 0.077414967 0.993777871
1769790016304539392.000000 1.023080349 0.070435606 0.206957772 0.053085506 -0.057025947 0.076298162 0.994036496
1769790016471186432.000000 1.017569065 0.093960881 0.202816620 0.050478332 -0.058448479 0.076862581 0.994046211
1769790016604532480.000000 1.013899446 0.104704373 0.202525347 0.047277246 -0.059503324 0.079179935 0.993959129
1769790016837862912.000000 0.995835543 0.137582764 0.213227957 0.044658706 -0.061384033 0.077091403 0.994130015
1769790017071182848.000000 0.976617694 0.177458242 0.200680956 0.044347450 -0.062459536 0.076731160 0.994104862
1769790017437853184.000000 0.936182380 0.211757749 0.187293112 0.042908095 -0.063242882 0.072758444 0.994417131
1769790017637857536.000000 0.914325893 0.221352175 0.170019388 0.042778797 -0.062941790 0.071448699 0.994536757
1769790017871200256.000000 0.890959620 0.217380971 0.172101304 0.042226057 -0.065671436 0.072285451 0.994323432
1769790018037864960.000000 0.874673307 0.209054843 0.154698893 0.042769048 -0.066288218 0.073272809 0.994186997
1769790018237877248.000000 0.853229105 0.189044848 0.142295316 0.042938747 -0.067319028 0.072870381 0.994140029
1769790018437880320.000000 0.831940293 0.162054405 0.129917786 0.043871190 -0.067857571 0.075128295 0.993894577
1769790018604530688.000000 0.817040622 0.125815466 0.110466398 0.043246128 -0.069041327 0.075714409 0.993795991
1769790018737866240.000000 0.803833604 0.099705823 0.105330534 0.044273417 -0.069519080 0.076489508 0.993658066
1769790018904529664.000000 0.785813332 0.069771342 0.092208892 0.047189075 -0.069318876 0.075134680 0.993641257
1769790019004527872.000000 0.777134597 0.046531215 0.081442043 0.048753425 -0.069990456 0.075934276 0.993457854
1769790019171200000.000000 0.715340316 0.036990125 0.093794473 0.058907170 -0.063930422 0.070718750 0.993701041
1769790019237862912.000000 0.715372741 0.022495357 0.074804783 0.063826501 -0.065580331 0.072947986 0.993128419
1769790019304534016.000000 0.709415019 0.009066614 0.064560473 0.070019007 -0.066044517 0.072181024 0.992736340
1769790019437867520.000000 0.672029197 -0.008038346 0.070029125 0.083774865 -0.064955063 0.070315115 0.991876245
1769790019537862912.000000 0.669748187 -0.025342694 0.058173962 0.092273019 -0.068699583 0.071066432 0.990815639
1769790019737926912.000000 0.658015251 -0.071107440 0.041244715 0.111135945 -0.075683258 0.070997842 0.988372505
1769790019904528128.000000 0.626589715 -0.123394750 0.048028521 0.123863474 -0.087744355 0.071613349 0.985814571
1769790020037869824.000000 0.589976728 -0.169257402 0.034373522 0.134430796 -0.103110977 0.072100379 0.982902884
1769790020104531712.000000 0.579785645 -0.169449911 0.034561515 0.142255470 -0.112531297 0.070163995 0.980906308
1769790020171196416.000000 0.573613644 -0.175541788 0.047964033 0.145827845 -0.122598030 0.074987054 0.978816092
1769790020204532736.000000 0.570359409 -0.173017547 0.049490325 0.149801478 -0.127146780 0.071092807 0.977925897
1769790020237866752.000000 0.573264420 -0.172368005 0.036027845 0.150905266 -0.131612808 0.072138414 0.977088392
1769790020304526336.000000 0.575242639 -0.176390871 0.040086094 0.152608901 -0.139626011 0.073759116 0.975589395
1769790020371200256.000000 0.574774325 -0.182879329 0.039320461 0.150142327 -0.143624574 0.078932285 0.974986672
1769790020404536320.000000 0.573957086 -0.183008790 0.038613021 0.150105819 -0.144559160 0.079159670 0.974835753
1769790020437863168.000000 0.570369303 -0.180943578 0.048377670 0.144796416 -0.144029573 0.080804884 0.975581944
1769790020471202816.000000 0.565080404 -0.181626931 0.074710809 0.131378770 -0.144624516 0.079283185 0.977516055
1769790020504535552.000000 0.553929031 -0.193899304 0.042934943 0.112600081 -0.141165569 0.079931051 0.980308414
1769790020571218176.000000 0.538474321 -0.222148940 0.030853998 0.085553408 -0.137021303 0.080963038 0.983539939
1769790020637865984.000000 0.527114213 -0.247798964 0.019776296 0.068493068 -0.131450415 0.074664064 0.986131251
1769790020737856512.000000 0.532747746 -0.254806012 0.019502684 0.049255267 -0.128432393 0.073506206 0.987763107
1769790020904540160.000000 0.504548132 -0.296440631 0.016186200 0.023735911 -0.119046368 0.066125825 0.990399897
1769790021137860096.000000 0.471416235 -0.346551180 0.018109968 0.011388741 -0.109706692 0.063379690 0.991875887
1769790021304529664.000000 0.453288406 -0.389232844 0.007011923 0.012894251 -0.103363670 0.063465618 0.992533028
1769790021471196672.000000 0.438288093 -0.420671076 0.014475174 0.021328613 -0.097460985 0.065694585 0.992839694
1769790022904528384.000000 0.402374566 -0.407130718 0.023808278 0.051389612 -0.089544162 0.071481012 0.992084384
1769790023471198208.000000 0.298571944 -0.265706182 0.008994886 0.052325141 -0.082622439 0.069774501 0.992757380
1769790023604524800.000000 0.293709695 -0.231962100 -0.000130890 0.051603232 -0.083068229 0.069971301 0.992744088
1769790023737864192.000000 0.283341229 -0.184203401 0.017587395 0.052218147 -0.083282180 0.069654495 0.992716312
1769790023871208704.000000 0.273358494 -0.139607206 0.016197534 0.052334536 -0.082690001 0.069233634 0.992789149
1769790024037869056.000000 0.267343044 -0.083968937 0.024900064 0.053198759 -0.082932718 0.069343053 0.992715299
1769790024237866752.000000 0.252551049 -0.025589988 0.026069704 0.056068636 -0.081311256 0.028016787 0.994715989
1769790024437873664.000000 0.234973118 0.029447068 0.005051306 0.060607847 -0.078197107 -0.042317219 0.994193733
1769790024671186432.000000 0.220763564 0.108970433 -0.020241100 0.067706376 -0.075052746 -0.117272690 0.987942338
1769790024904521472.000000 0.212486729 0.175979629 0.018952463 0.073618494 -0.068736866 -0.176972911 0.979048610
1769790025204529152.000000 0.220640436 0.235289931 0.035506543 0.078106754 -0.062694333 -0.234194279 0.967016995
1769790025471189760.000000 0.238416165 0.267482430 0.060035601 0.080489442 -0.059610393 -0.263629645 0.959410012
1769790025504528384.000000 0.242334872 0.268150985 0.057444610 0.079927295 -0.059553094 -0.266191512 0.958752930
1769790025704501760.000000 0.271523029 0.278611600 0.029120684 0.080948122 -0.059097718 -0.273428917 0.956656456
1769790025871172864.000000 0.293382823 0.272562742 0.054076333 0.080783159 -0.059868235 -0.272187710 0.956976354
1769790025971176192.000000 0.312848717 0.268509299 0.043708816 0.080891319 -0.059337799 -0.267987967 0.958184779
1769790026071174144.000000 0.330137283 0.257844299 0.039698996 0.079477802 -0.059872523 -0.261739820 0.959995210
1769790026137841920.000000 0.344547421 0.248981059 0.040185869 0.079015203 -0.060361084 -0.254670709 0.961902261
1769790026271170816.000000 0.374376297 0.227479815 0.038534056 0.077766635 -0.061479740 -0.235005945 0.966925442
1769790026371170816.000000 0.401482463 0.214428812 0.060639586 0.077581532 -0.063436411 -0.213535458 0.971781611
1769790026437842176.000000 0.417695254 0.197102338 0.054112539 0.075837046 -0.063994251 -0.198097959 0.975146532
1769790026537831168.000000 0.447021127 0.174525425 0.072453156 0.073839553 -0.066933639 -0.166264817 0.981031954
1769790026637830400.000000 0.476308584 0.152509302 0.088777989 0.072513707 -0.068538509 -0.134579405 0.985866487
1769790026704500736.000000 0.493605167 0.135482639 0.103300363 0.071313307 -0.069601648 -0.115677610 0.988275647
1769790026804503808.000000 0.513334394 0.116698712 0.104177229 0.072257951 -0.067372426 -0.094700493 0.990591526
1769790026904514048.000000 0.555746317 0.088834658 0.096257843 0.075135082 -0.069031805 -0.079146817 0.991627514
1769790026971169536.000000 0.571817577 0.080589846 0.103194244 0.082326934 -0.066643059 -0.076809123 0.991403699
1769790027104505344.000000 0.597687721 0.043620691 0.115240984 0.093431629 -0.058244139 -0.072942771 0.991240382
1769790027304513536.000000 0.629812062 0.008503803 0.124845207 0.111968681 -0.041579593 -0.066027187 0.990643501
1769790027471166208.000000 0.669072568 -0.043281212 0.128562286 0.122450903 -0.021667028 -0.063514434 0.990203142
1769790027604517632.000000 0.707321167 -0.082066998 0.136092559 0.124667913 -0.002636635 -0.059989475 0.990379810
1769790027737847296.000000 0.704718053 -0.107702702 0.174666762 0.126821205 0.024406815 -0.054361194 0.990134120
1769790027871192832.000000 0.711863339 -0.118529215 0.181888551 0.125379086 0.046419952 -0.053095475 0.989598989
1769790028037834240.000000 0.760161102 -0.150607795 0.181036577 0.110563099 0.050733179 -0.051116988 0.991256297
1769790028204501760.000000 0.798418880 -0.144094974 0.164845020 0.054681100 0.018437413 -0.034705620 0.997730255
1769790028404497920.000000 0.853661358 -0.154820845 0.196745917 0.021352656 -0.016394751 -0.004970150 0.999625206
1769790028604504064.000000 0.908542573 -0.177629128 0.212010980 0.000763936 -0.040619731 0.023225803 0.998904407
1769790029004514816.000000 0.976533413 -0.208403528 0.208153173 0.004397020 -0.061934534 0.055600807 0.996520638
1769790029304512000.000000 1.008146286 -0.211375937 0.209555551 0.031525634 -0.064045765 0.062188338 0.995508373
1769790029604499968.000000 1.034347534 -0.209883869 0.217291921 0.050861180 -0.064015746 0.066440158 0.994434953
1769790030004531968.000000 1.060924053 -0.187994212 0.226106480 0.064191014 -0.064768620 0.070359081 0.993344963
1769790030471176448.000000 1.073822856 -0.152024686 0.232778162 0.069563121 -0.062136341 0.074356750 0.992860079
1769790030937833216.000000 1.068757653 -0.092642806 0.229968250 0.066897973 -0.059861571 0.075900592 0.993066132
1769790031371182336.000000 1.055195808 -0.029390935 0.229581162 0.060439296 -0.058396012 0.077268183 0.993461967
1769790032271166208.000000 1.008074641 0.115467474 0.207819626 0.046665810 -0.060175754 0.078685075 0.993986845
1769790032637853952.000000 0.976750731 0.168937549 0.209888935 0.043869231 -0.061934464 0.075007997 0.994290411
1769790033237829376.000000 0.915649652 0.222337037 0.182227641 0.042924084 -0.064243376 0.072189681 0.994393766
1769790033604506368.000000 0.877962172 0.211113393 0.170046881 0.042797927 -0.066929363 0.073008016 0.994162261
1769790034037844736.000000 0.830887437 0.164746106 0.128957346 0.044669077 -0.067419581 0.074872598 0.993908167
1769790034237844992.000000 0.813818216 0.129974097 0.115368605 0.045223705 -0.068823792 0.074251294 0.993833423
1769790034371164672.000000 0.798738122 0.098859489 0.104799531 0.045832962 -0.068825126 0.074896999 0.993756950
1769790034504497664.000000 0.790136337 0.076752439 0.088637479 0.048460830 -0.070044555 0.075823113 0.993476808
1769790034637840896.000000 0.776516914 0.052197281 0.079192087 0.051995561 -0.069937959 0.075320311 0.993343890
1769790034771166208.000000 0.763297558 0.034485564 0.080057561 0.058800757 -0.070057377 0.072916113 0.993135273
1769790034804509696.000000 0.760377526 0.030928971 0.073179081 0.061853755 -0.070103176 0.072882175 0.992949069
1769790034904501248.000000 0.756800413 0.033513196 0.081362687 0.073147528 -0.071325459 0.070632488 0.992256641
1769790035071164416.000000 0.728136241 0.007610474 0.037665159 0.087301336 -0.072628431 0.070138663 0.991052091
1769790035204509696.000000 0.712496221 -0.018283069 0.032007270 0.099076249 -0.075224712 0.072413474 0.989586532
1769790035337833216.000000 0.705770731 -0.047881506 0.028732626 0.111515626 -0.081634291 0.073305003 0.987687469
1769790035437830656.000000 0.696729422 -0.075059898 0.026495522 0.119809382 -0.089712299 0.071642786 0.986136258
1769790035537835264.000000 0.688217700 -0.109334946 0.011898727 0.127566457 -0.100372680 0.072239980 0.984090209
1769790035671206144.000000 0.671865106 -0.180981949 -0.012527559 0.132937923 -0.116880827 0.077395335 0.981160700
1769790035737838336.000000 0.663140297 -0.190017253 -0.016249361 0.138689458 -0.125475526 0.076398090 0.979379654
1769790035804497920.000000 0.652701437 -0.183927193 0.008753568 0.146881744 -0.135146797 0.072199278 0.977214634
1769790035837831680.000000 0.655150592 -0.174210131 0.020519773 0.149611712 -0.139901221 0.072408795 0.976115286
1769790035871181568.000000 0.642782509 -0.181368276 0.033234242 0.151355714 -0.143000886 0.070420243 0.975542486
1769790035937843200.000000 0.647444665 -0.176805109 0.037458092 0.151461229 -0.148950502 0.073976465 0.974372029
1769790036004500992.000000 0.623352170 -0.189935625 0.062463596 0.149026990 -0.149706244 0.078493394 0.974278092
1769790036037832960.000000 0.626300991 -0.198612437 0.033310484 0.139633387 -0.147949278 0.078340925 0.975948930
1769790036071164416.000000 0.617141128 -0.206300348 0.049570180 0.124765530 -0.147624463 0.076282136 0.978172600
1769790036137830144.000000 0.535516977 -0.261016190 0.062812731 0.092591062 -0.138422951 0.079211980 0.982848644
1769790036171171840.000000 0.580083907 -0.248004839 0.090569496 0.083834082 -0.141218886 0.073767319 0.983660281
1769790036204513792.000000 0.576350510 -0.261424720 0.099013917 0.074060105 -0.140385047 0.072177105 0.984681487
1769790036304505856.000000 0.574702501 -0.290551662 0.063839354 0.050136410 -0.134557799 0.072327115 0.986990035
1769790036337835520.000000 0.571019292 -0.302293003 0.051193692 0.042652372 -0.131960854 0.071499348 0.987752497
1769790036404502528.000000 0.556950390 -0.312088430 0.061963923 0.032098264 -0.128735319 0.068160355 0.988812983
1769790036471167488.000000 0.550527096 -0.327121824 0.062425718 0.022257896 -0.126551986 0.067864120 0.989385486
1769790036604496128.000000 0.529613256 -0.353324056 0.066233397 0.011211560 -0.120764941 0.064700283 0.990506947
1769790036937830400.000000 0.492399484 -0.434855759 0.039489314 0.009228975 -0.107027188 0.065442391 0.992057145
1769790037037835776.000000 0.481676996 -0.455404043 0.032294147 0.014564848 -0.102892049 0.065751143 0.992410183
1769790037137843968.000000 0.471988350 -0.470002860 0.030340923 0.021490321 -0.099357508 0.067349151 0.992537379
1769790037237839616.000000 0.443755507 -0.421239734 0.032498971 0.033937220 -0.094756626 0.067714095 0.992614865
1769790037304498944.000000 0.442521840 -0.421037436 0.038263369 0.037800767 -0.093562588 0.068020545 0.992567539
1769790037437833216.000000 0.442219198 -0.420390785 0.036869511 0.044017177 -0.092275500 0.068968311 0.992366433
1769790038304503552.000000 0.434092134 -0.416121364 0.043081518 0.053445794 -0.091859825 0.071489871 0.991763353
1769790038337846784.000000 0.432363629 -0.417492270 0.041238394 0.052986894 -0.092008471 0.071553305 0.991769612
1769790038437836288.000000 0.402898401 -0.407059431 0.030538637 0.052723832 -0.089048848 0.071614452 0.992049336
1769790038471165696.000000 0.402535677 -0.406937778 0.031738430 0.051929023 -0.089411400 0.071478277 0.992068470
1769790038571174400.000000 0.369844943 -0.407235026 0.017514197 0.049686559 -0.086018488 0.070940256 0.992521822
1769790038671180800.000000 0.360086352 -0.383365571 0.015164472 0.050540611 -0.086230747 0.070904061 0.992462873
1769790038737836288.000000 0.355029225 -0.366218030 0.017454468 0.050720137 -0.085984677 0.070777535 0.992484093
1769790038971162624.000000 0.336956769 -0.303835750 0.019861143 0.050727203 -0.086097404 0.070430890 0.992498577
1769790039037835008.000000 0.331153840 -0.285738498 0.020251855 0.050868198 -0.086052299 0.069994465 0.992526174
1769790039604500224.000000 0.301888168 -0.117014572 0.030109318 0.049911778 -0.086663976 0.068779826 0.992606401
1769790039737841664.000000 0.299250156 -0.077454604 0.025748041 0.049334880 -0.086376078 0.064962797 0.992917478
1769790039837846272.000000 0.285942376 -0.047322843 0.024694810 0.052731454 -0.084864378 0.025672242 0.994664967
1769790039937830912.000000 0.275613695 -0.015924765 0.025785152 0.056131236 -0.083262570 -0.010111428 0.994894147
1769790040004496640.000000 0.269781172 0.006054409 0.019594194 0.058116619 -0.081877843 -0.034197822 0.994358599
1769790040104494080.000000 0.264123797 0.038034100 0.007456429 0.061693151 -0.080711693 -0.067989297 0.992500424
1769790040171169536.000000 0.258296221 0.059875831 0.003955942 0.063581362 -0.079716086 -0.089717694 0.990733802
1769790040271163392.000000 0.255240828 0.087997854 0.005057176 0.066337846 -0.078944862 -0.119490288 0.987465978
1769790040371163648.000000 0.248364449 0.112996802 0.007257473 0.067609124 -0.075115077 -0.148583189 0.983722389
1769790040437829376.000000 0.250286192 0.130711511 0.008939077 0.069380581 -0.074040823 -0.164534971 0.981138408
1769790040571162112.000000 0.246141911 0.165112406 0.023169035 0.072780788 -0.071187615 -0.194657728 0.975573540
1769790040637830912.000000 0.249929890 0.176300555 0.022107854 0.073408082 -0.070464142 -0.207091779 0.973015428
1769790040704497152.000000 0.252482682 0.188889474 0.024668880 0.074133962 -0.069325104 -0.219555512 0.970305920
1769790040771160832.000000 0.254466355 0.199779719 0.025436761 0.075027086 -0.068047985 -0.230239719 0.967848182
1769790040837849344.000000 0.259856939 0.206450284 0.026031889 0.075570077 -0.066607185 -0.238951385 0.965792418
1769790040871201536.000000 0.261901498 0.212382525 0.026470814 0.075888894 -0.065826625 -0.243504465 0.964683056
1769790040971225088.000000 0.265464544 0.219017625 0.026410997 0.076415762 -0.064070717 -0.254004478 0.962048531
1769790041004519936.000000 0.270231634 0.224317387 0.034493990 0.077011451 -0.064213306 -0.256892353 0.961224377
1769790041137864448.000000 0.287506014 0.235937178 0.052796979 0.077651046 -0.064403959 -0.268392801 0.958012402
1769790041271200768.000000 0.305410355 0.243251592 0.035784580 0.078735575 -0.064242020 -0.272600234 0.956745923
1769790041471200000.000000 0.334637016 0.236616701 0.038753763 0.078094199 -0.065001808 -0.271790504 0.956977546
1769790041571208192.000000 0.348548055 0.228698894 0.044123925 0.077032357 -0.064142205 -0.268764555 0.957975745
1769790041671191296.000000 0.369258612 0.219027847 0.023880092 0.076063357 -0.064694367 -0.261190504 0.960108578
1769790041704533248.000000 0.376105726 0.215911686 0.029463110 0.075967178 -0.065100797 -0.257760644 0.961015284
1769790041804518912.000000 0.387359798 0.198803663 0.016616493 0.073169068 -0.063978225 -0.247434944 0.964017153
1769790041837865984.000000 0.396571755 0.196461588 0.015579700 0.073389500 -0.064670689 -0.241881669 0.965362608
1769790041871194624.000000 0.403886825 0.187748566 0.013450781 0.072482936 -0.065205082 -0.235606268 0.966945827
1769790041937860352.000000 0.414247036 0.173293978 0.005830712 0.070173979 -0.064356759 -0.225298166 0.969626009
1769790041971183872.000000 0.423454940 0.165862814 -0.000739231 0.069866553 -0.065003835 -0.217482105 0.971388042
1769790042037884672.000000 0.441544712 0.154257029 0.005237312 0.069595553 -0.065661274 -0.200202063 0.975071430
1769790042071191808.000000 0.451845467 0.146499500 0.014483740 0.068840429 -0.066388488 -0.190353245 0.977046192
1769790042104531968.000000 0.463872671 0.137625933 0.014500520 0.067882702 -0.067574307 -0.180187628 0.978957653
1769790042171200768.000000 0.484385103 0.122560464 0.036051087 0.067006327 -0.069317468 -0.156601682 0.982945144
1769790042204524288.000000 0.496790051 0.119900323 0.047355842 0.067680374 -0.069810718 -0.146289319 0.984451771
1769790042237862912.000000 0.505545795 0.114332169 0.062184516 0.068069875 -0.070310526 -0.135900378 0.985877335
1769790042304535552.000000 0.526421726 0.098584391 0.078654878 0.067319721 -0.071937785 -0.117080316 0.988223255
1769790042337850624.000000 0.531882584 0.098505966 0.083761975 0.068622008 -0.071264856 -0.109736301 0.989024937
1769790042371190528.000000 0.541239738 0.087953806 0.084121093 0.067629650 -0.071618132 -0.101376712 0.989959538
1769790042471182080.000000 0.576836109 0.059686791 0.083347254 0.069242589 -0.072180882 -0.081958234 0.991603851
1769790042504525824.000000 0.583154678 0.055252753 0.091630474 0.071786366 -0.071107052 -0.079638138 0.991689622
1769790042537868800.000000 0.585237205 0.048964765 0.097472094 0.075177014 -0.068024501 -0.079287164 0.991682708
1769790042604523776.000000 0.606540203 0.035974383 0.101806045 0.081535362 -0.066880435 -0.076123573 0.991506040
1769790042671187968.000000 0.623190403 0.021701304 0.101480410 0.087987244 -0.063714303 -0.073428541 0.991366208
1769790042737864960.000000 0.638606608 0.008001831 0.106104255 0.094245903 -0.059085246 -0.071292736 0.991233587
1769790042804526592.000000 0.653596163 -0.005892894 0.104222156 0.100575119 -0.053273618 -0.070116252 0.991024911
1769790042904522496.000000 0.681198239 -0.031837147 0.109551407 0.108674943 -0.045938838 -0.066285372 0.990800500
1769790042971185408.000000 0.697813511 -0.048705555 0.113073818 0.115002587 -0.040086433 -0.063575424 0.990517914
1769790043004518144.000000 0.703858376 -0.056877192 0.112073801 0.116451800 -0.036125608 -0.062981822 0.990538836
1769790043137856256.000000 0.709537804 -0.086329103 0.136037499 0.121889770 -0.013723394 -0.059490349 0.990664184
1769790043271241984.000000 0.724263191 -0.110832267 0.158129349 0.125333712 0.009574085 -0.055174503 0.990532994
1769790043337872896.000000 0.736280203 -0.120830834 0.170281768 0.126331583 0.021046463 -0.051330473 0.990435541
1769790043437890048.000000 0.736168623 -0.132015109 0.177439794 0.124857903 0.038895424 -0.049967274 0.990152001
1769790043604517120.000000 0.789449632 -0.170704752 0.207470819 0.116063863 0.049449056 -0.049841244 0.990757227
1769790043671203328.000000 0.807855546 -0.171767831 0.219730332 0.093415089 0.040619835 -0.045651473 0.993750274
1769790043771201280.000000 0.833916426 -0.176622361 0.219405785 0.058389246 0.018892217 -0.034985255 0.997501791
1769790043937848320.000000 0.876915455 -0.181603402 0.220152572 0.026405282 -0.013498220 -0.007440793 0.999532461
1769790044137857280.000000 0.927977920 -0.201048329 0.236084551 0.001620451 -0.040160228 0.021420654 0.998962343
1769790044404526592.000000 1.005623341 -0.247043952 0.246372983 -0.009981820 -0.063618466 0.055203646 0.996396303
1769790044604517888.000000 1.061795950 -0.275417358 0.231780156 -0.003442305 -0.074020304 0.075712480 0.994372606
1769790047271183104.000000 1.035378575 0.035415053 0.211737126 0.056894183 -0.057029292 0.075641647 0.993875802
1769790047571184640.000000 1.018040180 0.093752667 0.203491420 0.053342905 -0.057752885 0.075893402 0.994011760
1769790047937852160.000000 1.004505038 0.125348449 0.203652501 0.045624662 -0.060348857 0.077166334 0.994143784
1769790048171171840.000000 0.983344615 0.161510050 0.197308972 0.043805499 -0.060757924 0.073664077 0.994466245
1769790048404497920.000000 0.959894001 0.193715766 0.191430986 0.043699577 -0.061617114 0.072177917 0.994527042
1769790048771177216.000000 0.920367360 0.222165078 0.181724295 0.043426730 -0.062727973 0.071882442 0.994490981
1769790049337834496.000000 0.864014447 0.201979503 0.151140630 0.043374676 -0.066327021 0.072672240 0.994202256
1769790049571166464.000000 0.841699243 0.174664289 0.137881428 0.044526879 -0.068235561 0.074274369 0.993903697
1769790049804500736.000000 0.815446675 0.133515969 0.123037010 0.045052934 -0.068368971 0.075061090 0.993811786
1769790050071169792.000000 0.793642581 0.080078512 0.099509560 0.047649067 -0.069883622 0.075497448 0.993552268
1769790050237865728.000000 0.779162109 0.052652624 0.086381234 0.052264225 -0.070527248 0.076505423 0.993197560
1769790050404501248.000000 0.767745852 0.047873713 0.096971773 0.064826377 -0.070846424 0.071644336 0.992796779
1769790050471164416.000000 0.761060774 0.033470631 0.086423948 0.070200779 -0.071301892 0.072360083 0.992346644
1769790050537833216.000000 0.753550291 0.019580593 0.076900728 0.075858682 -0.071629852 0.072377816 0.991905332
1769790050571166208.000000 0.748129368 0.012938549 0.074750394 0.078489400 -0.071373187 0.072632752 0.991700470
1769790050704507136.000000 0.735734582 0.005773240 0.065794639 0.092419036 -0.074564241 0.071464352 0.990349293
1769790050771179264.000000 0.728515387 -0.008684724 0.063396715 0.097866170 -0.076443382 0.072724201 0.989590764
1769790050871168768.000000 0.723273277 -0.034464791 0.051878519 0.106727377 -0.078329943 0.073436245 0.988474011
1769790050971171584.000000 0.718486726 -0.048055604 0.046008803 0.116622217 -0.085936427 0.073725335 0.986700952
1769790051037853184.000000 0.710126340 -0.070037991 0.056382526 0.121839829 -0.091151245 0.072539516 0.985689878
1769790051104510464.000000 0.701687992 -0.095918059 0.051542930 0.127094150 -0.097484730 0.072900079 0.984392941
1769790051237863680.000000 0.689479768 -0.141842246 0.046747301 0.137836799 -0.114923224 0.070652448 0.981224716
1769790051304499712.000000 0.683309853 -0.174655929 0.011997129 0.139780715 -0.124331243 0.072446436 0.979670644
1769790051337833472.000000 0.681661308 -0.178450108 0.009297149 0.142690614 -0.129121959 0.070047081 0.978805602
1769790051371177216.000000 0.672010183 -0.177980214 0.026063586 0.146848544 -0.133187428 0.068471067 0.977756798
1769790051404505600.000000 0.664319277 -0.174475953 0.040975280 0.149794996 -0.137186721 0.069019116 0.976717830
1769790051504507136.000000 0.653357625 -0.180512086 0.046577517 0.150753215 -0.147171393 0.072830342 0.974838316
1769790051537832192.000000 0.648014486 -0.182004139 0.061005101 0.151092902 -0.149323314 0.073029011 0.974443555
1769790051604499712.000000 0.648331821 -0.186676621 0.055128410 0.148974985 -0.150452033 0.077243529 0.974271059
1769790051637829376.000000 0.637910008 -0.184589222 0.069174886 0.140367478 -0.148800403 0.076661773 0.975847542
1769790051671163136.000000 0.633869290 -0.184520468 0.083597325 0.126762837 -0.148661569 0.076087669 0.977773786
1769790051704517632.000000 0.634074509 -0.194019616 0.076528668 0.111299902 -0.147223875 0.076094054 0.979870975
1769790051804500224.000000 0.594296694 -0.260685474 0.065758348 0.073722847 -0.138120368 0.073939383 0.984896302
1769790051837843968.000000 0.588867366 -0.265103161 0.068670250 0.066801324 -0.136496350 0.073737010 0.985631347
1769790051971190528.000000 0.571099699 -0.289213777 0.065220855 0.041496873 -0.129867166 0.068253823 0.988308668
1769790052104510720.000000 0.552370131 -0.319224924 0.059345525 0.023360578 -0.124159098 0.065067925 0.989850998
1769790052237844224.000000 0.533172548 -0.347656816 0.060332395 0.013143913 -0.119056702 0.063633382 0.990759075
1769790052337838080.000000 0.521214187 -0.368081927 0.057919145 0.009482455 -0.114906684 0.063080251 0.991326094
1769790052471177216.000000 0.502394080 -0.379277378 0.060270038 0.012695186 -0.110438675 0.058779780 0.992062032
1769790052671196928.000000 0.490555525 -0.411525935 0.046588972 0.017107271 -0.104743369 0.061838731 0.992427409
1769790052837833728.000000 0.477489233 -0.424880415 0.043442696 0.025255786 -0.099336945 0.063822918 0.992683709
1769790053037835776.000000 0.452384889 -0.404738903 0.040026996 0.035266902 -0.093258165 0.063671567 0.992977917
1769790053271160832.000000 0.451653570 -0.404025972 0.041777559 0.042160820 -0.091028191 0.065009169 0.992829382
1769790053571165184.000000 0.451861799 -0.403934896 0.040115412 0.045861799 -0.089495331 0.065752000 0.992755771
1769790053837831424.000000 0.450159550 -0.403516114 0.036297966 0.045058962 -0.088164479 0.066964783 0.992830515
1769790054137833984.000000 0.449713290 -0.397898853 0.031882808 0.042067584 -0.087246202 0.067413032 0.993012547
1769790054304503296.000000 0.444388002 -0.359701723 0.034956828 0.044031639 -0.086483911 0.066819355 0.993034184
1769790054704505088.000000 0.437092006 -0.257912010 0.076780982 0.050613556 -0.086340018 0.063854679 0.992928147
1769790054904509184.000000 0.454035133 -0.227498889 0.074723288 0.046841826 -0.088946916 0.070560619 0.992429078
1769790055071172096.000000 0.470486313 -0.206642747 0.073295422 0.042937510 -0.090287656 0.075594850 0.992113888
1769790055204502784.000000 0.484637767 -0.189650133 0.064497635 0.040285751 -0.091279536 0.080184869 0.991773963
1769790055304500992.000000 0.494111270 -0.180256963 0.061286964 0.037724078 -0.092098482 0.083508052 0.991524696
1769790055404498688.000000 0.500751376 -0.165656894 0.060898796 0.037679534 -0.092057586 0.083823092 0.991503596
1769790055471162112.000000 0.504691899 -0.158829421 0.063439079 0.036874980 -0.092297301 0.083788410 0.991514504
1769790055537842432.000000 0.509125292 -0.152512774 0.064614154 0.036245480 -0.092549019 0.084838249 0.991424978
1769790055604496384.000000 0.513433933 -0.149089783 0.063048214 0.034932882 -0.092163913 0.085239351 0.991473556
1769790055704488704.000000 0.517464340 -0.145768657 0.067690864 0.032228820 -0.091067739 0.085249469 0.991665542
1769790055737839360.000000 0.516594887 -0.143825173 0.069560014 0.031698745 -0.090429604 0.084901772 0.991770864
1769790055871171072.000000 0.516323447 -0.147176728 0.076771289 0.026757952 -0.087124586 0.083469950 0.992333651
1769790055937831168.000000 0.516709626 -0.146099254 0.077982523 0.025343189 -0.086012878 0.082961142 0.992510438
1769790056071164416.000000 0.517712891 -0.146106556 0.081745714 0.022506969 -0.082836948 0.083680846 0.992788494
1769790056204495360.000000 0.518746674 -0.145642459 0.084267147 0.020673804 -0.080040276 0.083097994 0.993106723
1769790056704501504.000000 0.520740807 -0.149283960 0.091905355 0.016819961 -0.069687910 0.081584118 0.994084895
1769790057437827072.000000 0.531060398 -0.150885180 0.093882620 0.020239491 -0.061007973 0.080640167 0.994668603
1769790058504492800.000000 0.540039182 -0.153278425 0.101717860 0.023475729 -0.058117647 0.079379573 0.994871914
