1770112638.060911 0.0000000 0.0000000 0.0000000 -0.0000000 -0.0000000 -0.0000000 1.0000000
1770112638.127578 0.0000520 0.0000680 -0.0002542 -0.0000943 0.0000976 0.0006621 0.9999998
1770112638.160913 0.0000958 0.0001343 -0.0002464 0.0004847 0.0002627 0.0015600 0.9999986
1770112638.194247 -0.0000161 0.0000717 -0.0003720 0.0003821 0.0007380 0.0019695 0.9999977
1770112638.227578 0.0000963 0.0000345 -0.0003718 0.0002289 0.0004524 0.0023757 0.9999971
1770112638.260913 -0.0000724 -0.0000111 -0.0002860 0.0001255 0.0008712 0.0027687 0.9999958
1770112638.394243 0.0000517 -0.0001240 -0.0005156 -0.0001481 0.0006896 0.0022268 0.9999973
1770112638.760913 -0.0001569 -0.0001344 -0.0004583 -0.0003442 0.0008857 0.0014746 0.9999985
1770112639.360911 -0.0001614 -0.0000545 -0.0004238 -0.0002241 0.0004618 0.0017704 0.9999983
1770112652.127567 -0.0062408 -0.0057316 -0.0170601 0.0318108 -0.0246613 0.0111964 0.9991269
1770112652.727568 -0.0061182 -0.0054468 -0.0163910 0.0554217 -0.0289299 0.0147151 0.9979354
1770112653.560902 -0.0068332 -0.0061912 -0.0165094 0.0546528 -0.0309819 0.0273641 0.9976494
1770112654.060902 -0.0079464 -0.0008624 -0.0164458 0.0493077 -0.0342387 0.0252156 0.9978781
1770112655.527566 -0.0102411 -0.0003461 -0.0172791 -0.0291438 -0.0467872 -0.1929185 0.9796653
1770112655.660889 -0.0103666 0.0000660 -0.0171962 -0.0344104 -0.0475617 -0.2265232 0.9722351
1770112658.460887 -0.0012220 -0.0004702 -0.0029640 0.0431847 0.0651497 -0.1407005 0.9869620
1770112658.660886 -0.0006668 -0.0017170 -0.0039234 0.0458197 0.0844599 -0.1445226 0.9848250
1770112659.660886 0.0011097 -0.0019549 -0.0022539 0.0062653 0.0665167 -0.0563935 0.9961707
1770112660.427551 0.0007606 -0.0033953 -0.0065466 0.0510054 0.0767561 -0.0421227 0.9948531
1770112660.994218 0.0009770 -0.0032566 -0.0066945 0.0535738 0.0835733 -0.0395884 0.9942727
1770112661.360886 0.0009990 -0.0028820 -0.0060627 0.0444922 0.0886528 -0.0403332 0.9942507
1770112661.894218 0.0013963 -0.0024925 -0.0053066 0.0227363 0.0941377 -0.0311553 0.9948118
1770112662.394218 0.0020971 -0.0009478 -0.0050783 0.0014637 0.0958412 -0.0209312 0.9951755
1770112663.094217 0.0027385 0.0003791 -0.0016702 -0.0340981 0.0946912 0.0024513 0.9949195
1770112663.394200 0.0030899 0.0010431 -0.0008793 -0.0439857 0.0920172 0.0121416 0.9947113
1770112666.360866 -0.0009588 -0.0009048 -0.0053244 0.0547280 -0.0101836 -0.0103551 0.9983957
1770112670.194197 -0.0089036 -0.0000107 -0.0177285 0.0270109 -0.0360670 0.0321989 0.9984652
1770112670.394196 -0.0091548 0.0000076 -0.0171766 0.0153600 -0.0353058 0.0300950 0.9988052
1770112670.794196 -0.0094751 -0.0005190 -0.0176987 -0.0100263 -0.0410014 -0.0935909 0.9947156
1770112671.360852 -0.0104241 0.0001626 -0.0175625 -0.0367354 -0.0487274 -0.2490212 0.9665737
1770112671.894184 -0.0104087 0.0013074 -0.0163351 -0.0481250 -0.0466567 -0.3193390 0.9452671
1770112672.994183 -0.0074807 0.0014837 -0.0132357 -0.0256542 -0.0053227 -0.1949969 0.9804538
1770112673.660849 -0.0031215 0.0006306 -0.0045308 0.0171708 0.0244489 -0.1445406 0.9890478
1770112675.427515 0.0009045 -0.0021299 -0.0029989 0.0187165 0.0689750 -0.0481394 0.9962805
1770112676.260851 0.0008378 -0.0033886 -0.0066566 0.0529565 0.0780057 -0.0407550 0.9947109
1770112676.594182 0.0009077 -0.0031905 -0.0066453 0.0537887 0.0835423 -0.0395539 0.9942650
1770112677.394181 0.0014714 -0.0025987 -0.0054243 0.0266892 0.0926096 -0.0339719 0.9947648
1770112677.860848 0.0020403 -0.0012364 -0.0051966 0.0067189 0.0955105 -0.0219466 0.9951638
1770112678.660848 0.0027331 -0.0002049 -0.0021514 -0.0336132 0.0950324 0.0015526 0.9949054
1770112678.960826 0.0029325 0.0010296 -0.0007959 -0.0434682 0.0922082 0.0107095 0.9947329
1770112680.760828 0.0007158 0.0004738 -0.0007676 -0.0370825 0.0501812 0.0032369 0.9980462
1770112682.327489 -0.0025381 -0.0028535 -0.0054809 0.0683188 -0.0411540 -0.0029135 0.9968101
1770112682.660823 -0.0030137 -0.0022023 -0.0034487 0.0259022 -0.0352548 0.0025858 0.9990394
1770112683.860823 -0.0022013 -0.0005492 -0.0005910 0.0455531 -0.0262058 -0.0006149 0.9986179
1770112686.327487 -0.0095154 -0.0002217 -0.0175909 -0.0057132 -0.0394914 -0.0745549 0.9964183
1770112686.660821 -0.0100693 -0.0003384 -0.0177836 -0.0252874 -0.0464960 -0.1786451 0.9824890
1770112688.460810 -0.0079555 0.0009728 -0.0148447 -0.0312305 -0.0116679 -0.2254825 0.9736766
1770112688.894142 -0.0057776 0.0020085 -0.0076397 -0.0055276 0.0081849 -0.1471285 0.9890681
1770112689.927474 -0.0006331 -0.0021278 -0.0044980 0.0470640 0.0896254 -0.1483285 0.9837434
1770112690.160808 0.0003200 -0.0020295 -0.0029246 0.0100266 0.0774206 -0.1249435 0.9890878
1770112690.360808 0.0010641 -0.0020333 -0.0022331 -0.0037963 0.0684312 -0.0976157 0.9928615
1770112690.694141 0.0010142 -0.0014985 -0.0008990 -0.0023997 0.0659342 -0.0651975 0.9956888
1770112691.760808 0.0007831 -0.0034183 -0.0066827 0.0535586 0.0780666 -0.0406641 0.9946776
1770112692.627472 0.0012760 -0.0029929 -0.0057881 0.0416763 0.0884615 -0.0384161 0.9944656
1770112693.960805 0.0022178 -0.0000012 -0.0023163 -0.0201030 0.0970821 -0.0110003 0.9950126
1770112696.194123 0.0009888 0.0004890 -0.0007900 -0.0435163 0.0551730 0.0051185 0.9975150
1770112697.127454 -0.0003644 0.0002812 -0.0029808 0.0193332 0.0208354 -0.0062918 0.9995762
1770112697.494122 -0.0009066 -0.0007678 -0.0049793 0.0498029 -0.0045793 -0.0091345 0.9987068
1770112697.894121 -0.0024985 -0.0030008 -0.0056127 0.0671349 -0.0398837 -0.0047395 0.9969352
1770112698.560789 -0.0035758 -0.0021538 -0.0014502 0.0140712 -0.0292930 -0.0009074 0.9994714
1770112698.827453 -0.0033553 -0.0022707 -0.0004734 0.0191225 -0.0274681 -0.0038964 0.9994322
1770112699.094121 -0.0041479 -0.0030742 -0.0013486 0.0333881 -0.0255923 -0.0031434 0.9991098
1770112700.927453 -0.0040960 -0.0015782 -0.0014258 0.0263455 -0.0304356 0.0125429 0.9991108
1770112702.060765 -0.0025861 -0.0035420 -0.0085012 -0.0179161 -0.0455716 -0.1163808 0.9919969
1770112702.194098 -0.0029660 -0.0039235 -0.0095676 -0.0244285 -0.0486414 -0.1577208 0.9859825
1770112702.260767 -0.0028258 -0.0036695 -0.0102433 -0.0264690 -0.0494614 -0.1766755 0.9826692
1770112702.394097 -0.0036458 -0.0038744 -0.0104854 -0.0336777 -0.0496291 -0.2136196 0.9750741
1770112702.694097 -0.0044098 -0.0033001 -0.0142607 -0.0410857 -0.0509409 -0.2761059 0.9588965
1770112703.427429 -0.0047899 -0.0033720 -0.0173929 -0.0495551 -0.0446179 -0.3228561 0.9440961
1770112703.994096 -0.0078578 0.0006611 -0.0160657 -0.0349463 -0.0164050 -0.2430531 0.9692445
1770112704.160764 -0.0073206 0.0007993 -0.0131307 -0.0268761 -0.0065725 -0.1948596 0.9804409
1770112704.394099 -0.0062036 0.0024448 -0.0099551 -0.0128155 0.0041982 -0.1521007 0.9882730
1770112704.627429 -0.0054240 0.0012422 -0.0088397 0.0015023 0.0125171 -0.1483777 0.9888504
1770112704.827429 -0.0036964 0.0013747 -0.0054206 0.0185956 0.0247702 -0.1470083 0.9886502
1770112704.894097 -0.0030230 0.0008100 -0.0053259 0.0242139 0.0283935 -0.1453676 0.9886737
1770112705.527428 -0.0006390 -0.0022069 -0.0044514 0.0467683 0.0896014 -0.1487533 0.9836955
1770112705.660764 0.0000641 -0.0021384 -0.0031260 0.0208750 0.0851085 -0.1393985 0.9863513
1770112705.827428 0.0006088 -0.0022225 -0.0028340 0.0033625 0.0734591 -0.1139550 0.9907607
1770112707.327427 0.0008011 -0.0035436 -0.0064726 0.0525692 0.0778396 -0.0418671 0.9946983
1770112708.694093 0.0016328 -0.0022847 -0.0052051 0.0222195 0.0942976 -0.0309227 0.9948156
1770112709.227413 0.0022700 -0.0006338 -0.0046431 -0.0008899 0.0961663 -0.0183620 0.9951955
1770112709.494081 0.0020344 -0.0007317 -0.0030936 -0.0182318 0.0972509 -0.0131047 0.9950066
1770112711.094079 0.0017652 0.0015738 0.0016652 -0.0566865 0.0799476 0.0261220 0.9948431
1770112712.060747 0.0004091 0.0004389 -0.0008354 -0.0310794 0.0461373 -0.0016767 0.9984501
1770112712.527412 0.0000965 0.0003454 -0.0020701 0.0031816 0.0287686 -0.0050637 0.9995682
1770112712.927411 -0.0006825 -0.0000537 -0.0043537 0.0379914 0.0095751 -0.0083695 0.9991971
1770112713.027411 -0.0007551 -0.0002402 -0.0044052 0.0458760 0.0011452 -0.0093598 0.9989027
1770112713.494077 -0.0026320 -0.0030222 -0.0056080 0.0670882 -0.0385382 -0.0046111 0.9969919
1770112713.660744 -0.0026055 -0.0025773 -0.0036257 0.0437586 -0.0354450 0.0039011 0.9984055
1770112716.127409 -0.0065975 -0.0032306 -0.0065725 0.0285192 -0.0197361 0.0002951 0.9993984
1770112716.427409 -0.0061336 -0.0022187 -0.0051851 0.0209557 -0.0191375 0.0002991 0.9995972
1770112717.060721 -0.0055987 -0.0007083 -0.0041842 0.0091887 -0.0139302 0.0066177 0.9998389
1770112722.194050 -0.0024595 0.0003945 -0.0020088 -0.0001032 0.0021945 0.0007956 0.9999973
