1770112638060911104.000000 0.000000000 0.000000000 0.000000000 -0.000000000 -0.000000000 -0.000000000 1.000000000
1770112638127577600.000000 0.000052048 0.000067956 -0.000254226 -0.000094338 0.000097601 0.000662134 0.999999762
1770112638160912640.000000 0.000095815 0.000134340 -0.000246423 0.000484745 0.000262730 0.001560014 0.999998629
1770112638194247168.000000 -0.000016110 0.000071726 -0.000371968 0.000382149 0.000737998 0.001969507 0.999997735
1770112638227577856.000000 0.000096313 0.000034463 -0.000371761 0.000228896 0.000452380 0.002375665 0.999997079
1770112638260912640.000000 -0.000072379 -0.000011126 -0.000286014 0.000125479 0.000871158 0.002768730 0.999995768
1770112638394243328.000000 0.000051693 -0.000123994 -0.000515609 -0.000148139 0.000689572 0.002226835 0.999997258
1770112638760913152.000000 -0.000156924 -0.000134356 -0.000458328 -0.000344207 0.000885713 0.001474648 0.999998510
1770112639360911104.000000 -0.000161406 -0.000054548 -0.000423837 -0.000224150 0.000461800 0.001770386 0.999998331
1770112652127567104.000000 -0.006240848 -0.005731594 -0.017060105 0.031810820 -0.024661293 0.011196373 0.999126911
1770112652727567872.000000 -0.006118163 -0.005446810 -0.016390976 0.055421665 -0.028929850 0.014715075 0.997935355
1770112653560902144.000000 -0.006833175 -0.006191225 -0.016509445 0.054652784 -0.030981909 0.027364088 0.997649431
1770112654060902144.000000 -0.007946440 -0.000862427 -0.016445804 0.049307693 -0.034238659 0.025215631 0.997878075
1770112655527565824.000000 -0.010241148 -0.000346133 -0.017279051 -0.029143834 -0.046787165 -0.192918539 0.979665279
1770112655660888576.000000 -0.010366569 0.000065987 -0.017196177 -0.034410376 -0.047561746 -0.226523191 0.972235084
1770112658460886784.000000 -0.001221984 -0.000470249 -0.002964019 0.043184735 0.065149680 -0.140700489 0.986961961
1770112658660885760.000000 -0.000666771 -0.001716974 -0.003923416 0.045819715 0.084459946 -0.144522592 0.984825015
1770112659660886016.000000 0.001109652 -0.001954904 -0.002253918 0.006265265 0.066516712 -0.056393497 0.996170700
1770112660427550976.000000 0.000760649 -0.003395346 -0.006546562 0.051005375 0.076756090 -0.042122699 0.994853079
1770112660994218240.000000 0.000976998 -0.003256581 -0.006694471 0.053573832 0.083573334 -0.039588429 0.994272709
1770112661360885760.000000 0.000998994 -0.002882035 -0.006062727 0.044492185 0.088652797 -0.040333241 0.994250655
1770112661894217984.000000 0.001396330 -0.002492483 -0.005306589 0.022736268 0.094137691 -0.031155290 0.994811773
1770112662394217728.000000 0.002097098 -0.000947764 -0.005078298 0.001463712 0.095841184 -0.020931248 0.995175481
1770112663094217216.000000 0.002738515 0.000379134 -0.001670177 -0.034098096 0.094691232 0.002451308 0.994919538
1770112663394200320.000000 0.003089947 0.001043084 -0.000879273 -0.043985665 0.092017218 0.012141606 0.994711339
1770112666360865536.000000 -0.000958841 -0.000904830 -0.005324424 0.054727975 -0.010183562 -0.010355121 0.998395681
1770112670194196992.000000 -0.008903574 -0.000010656 -0.017728481 0.027010923 -0.036067035 0.032198898 0.998465240
1770112670394195968.000000 -0.009154820 0.000007577 -0.017176611 0.015360032 -0.035305768 0.030095005 0.998805225
1770112670794195712.000000 -0.009475133 -0.000518955 -0.017698709 -0.010026272 -0.041001439 -0.093590908 0.994715631
1770112671360852224.000000 -0.010424110 0.000162572 -0.017562497 -0.036735378 -0.048727371 -0.249021173 0.966573656
1770112671894183936.000000 -0.010408677 0.001307422 -0.016335076 -0.048125036 -0.046656683 -0.319338977 0.945267081
1770112672994183424.000000 -0.007480694 0.001483743 -0.013235673 -0.025654187 -0.005322677 -0.194996893 0.980453849
1770112673660849408.000000 -0.003121543 0.000630595 -0.004530827 0.017170798 0.024448907 -0.144540578 0.989047766
1770112675427514880.000000 0.000904460 -0.002129949 -0.002998900 0.018716518 0.068974994 -0.048139419 0.996280491
1770112676260850688.000000 0.000837814 -0.003388620 -0.006656621 0.052956499 0.078005701 -0.040754993 0.994710922
1770112676594181888.000000 0.000907697 -0.003190463 -0.006645341 0.053788710 0.083542302 -0.039553910 0.994265020
1770112677394180608.000000 0.001471441 -0.002598703 -0.005424270 0.026689194 0.092609629 -0.033971868 0.994764805
1770112677860848384.000000 0.002040287 -0.001236359 -0.005196627 0.006718875 0.095510520 -0.021946553 0.995163798
1770112678660848384.000000 0.002733148 -0.000204878 -0.002151389 -0.033613246 0.095032446 0.001552571 0.994905353
1770112678960826112.000000 0.002932522 0.001029640 -0.000795929 -0.043468233 0.092208199 0.010709529 0.994732857
1770112680760827904.000000 0.000715772 0.000473753 -0.000767565 -0.037082467 0.050181203 0.003236933 0.998046219
1770112682327489024.000000 -0.002538092 -0.002853529 -0.005480941 0.068318836 -0.041153986 -0.002913466 0.996810138
1770112682660822784.000000 -0.003013700 -0.002202319 -0.003448726 0.025902219 -0.035254803 0.002585838 0.999039352
1770112683860823040.000000 -0.002201270 -0.000549211 -0.000590982 0.045553107 -0.026205825 -0.000614852 0.998617947
1770112686327486720.000000 -0.009515403 -0.000221727 -0.017590852 -0.005713194 -0.039491363 -0.074554890 0.996418297
1770112686660820992.000000 -0.010069272 -0.000338440 -0.017783571 -0.025287397 -0.046495970 -0.178645059 0.982489049
1770112688460809728.000000 -0.007955543 0.000972783 -0.014844657 -0.031230507 -0.011667874 -0.225482509 0.973676622
1770112688894141952.000000 -0.005777629 0.002008546 -0.007639718 -0.005527601 0.008184949 -0.147128537 0.989068091
1770112689927474432.000000 -0.000633141 -0.002127797 -0.004497952 0.047064010 0.089625359 -0.148328543 0.983743370
1770112690160808192.000000 0.000319958 -0.002029508 -0.002924558 0.010026619 0.077420570 -0.124943517 0.989087760
1770112690360808448.000000 0.001064129 -0.002033266 -0.002233147 -0.003796298 0.068431213 -0.097615696 0.992861509
1770112690694140672.000000 0.001014248 -0.001498544 -0.000899008 -0.002399708 0.065934218 -0.065197542 0.995688796
1770112691760807936.000000 0.000783109 -0.003418336 -0.006682669 0.053558640 0.078066632 -0.040664092 0.994677603
1770112692627472384.000000 0.001275970 -0.002992865 -0.005788130 0.041676275 0.088461466 -0.038416136 0.994465649
1770112693960805376.000000 0.002217811 -0.000001150 -0.002316333 -0.020102965 0.097082086 -0.011000271 0.995012581
1770112696194122752.000000 0.000988781 0.000489032 -0.000789992 -0.043516260 0.055172965 0.005118506 0.997514963
1770112697127454208.000000 -0.000364384 0.000281156 -0.002980755 0.019333182 0.020835362 -0.006291812 0.999576211
1770112697494121472.000000 -0.000906564 -0.000767781 -0.004979315 0.049802888 -0.004579297 -0.009134484 0.998706818
1770112697894121472.000000 -0.002498471 -0.003000776 -0.005612749 0.067134887 -0.039883718 -0.004739454 0.996935189
1770112698560788992.000000 -0.003575814 -0.002153808 -0.001450167 0.014071194 -0.029293004 -0.000907414 0.999471426
1770112698827453440.000000 -0.003355302 -0.002270690 -0.000473359 0.019122483 -0.027468104 -0.003896354 0.999432206
1770112699094120448.000000 -0.004147889 -0.003074175 -0.001348635 0.033388127 -0.025592320 -0.003143411 0.999109805
1770112700927452928.000000 -0.004096040 -0.001578191 -0.001425751 0.026345517 -0.030435577 0.012542935 0.999110758
1770112702060764672.000000 -0.002586139 -0.003542011 -0.008501181 -0.017916068 -0.045571577 -0.116380766 0.991996884
1770112702194098432.000000 -0.002965956 -0.003923467 -0.009567585 -0.024428535 -0.048641380 -0.157720849 0.985982478
1770112702260767232.000000 -0.002825843 -0.003669515 -0.010243309 -0.026468983 -0.049461354 -0.176675454 0.982669234
1770112702394097408.000000 -0.003645780 -0.003874399 -0.010485382 -0.033677734 -0.049629088 -0.213619560 0.975074053
1770112702694097152.000000 -0.004409756 -0.003300150 -0.014260673 -0.041085657 -0.050940860 -0.276105940 0.958896518
1770112703427429120.000000 -0.004789909 -0.003371978 -0.017392894 -0.049555145 -0.044617943 -0.322856069 0.944096148
1770112703994096384.000000 -0.007857830 0.000661055 -0.016065745 -0.034946319 -0.016404999 -0.243053064 0.969244480
1770112704160763648.000000 -0.007320563 0.000799329 -0.013130719 -0.026876112 -0.006572482 -0.194859594 0.980440855
1770112704394098432.000000 -0.006203619 0.002444815 -0.009955133 -0.012815457 0.004198228 -0.152100682 0.988273025
1770112704627428864.000000 -0.005423984 0.001242224 -0.008839719 0.001502263 0.012517138 -0.148377657 0.988850415
1770112704827429376.000000 -0.003696392 0.001374747 -0.005420598 0.018595621 0.024770230 -0.147008345 0.988650203
1770112704894096640.000000 -0.003023037 0.000809954 -0.005325885 0.024213871 0.028393505 -0.145367607 0.988673747
1770112705527428352.000000 -0.000639014 -0.002206882 -0.004451429 0.046768297 0.089601405 -0.148753345 0.983695507
1770112705660763904.000000 0.000064133 -0.002138416 -0.003126044 0.020874973 0.085108496 -0.139398530 0.986351311
1770112705827428096.000000 0.000608780 -0.002222496 -0.002833965 0.003362518 0.073459074 -0.113954961 0.990760684
1770112707327426816.000000 0.000801129 -0.003543573 -0.006472600 0.052569222 0.077839613 -0.041867107 0.994698286
1770112708694093568.000000 0.001632806 -0.002284747 -0.005205082 0.022219507 0.094297625 -0.030922726 0.994815588
1770112709227413504.000000 0.002269989 -0.000633820 -0.004643101 -0.000889872 0.096166350 -0.018361960 0.995195508
1770112709494080512.000000 0.002034360 -0.000731661 -0.003093566 -0.018231772 0.097250938 -0.013104659 0.995006621
1770112711094079488.000000 0.001765237 0.001573836 0.001665213 -0.056686454 0.079947576 0.026122002 0.994843066
1770112712060747264.000000 0.000409148 0.000438858 -0.000835448 -0.031079365 0.046137329 -0.001676748 0.998450100
1770112712527411712.000000 0.000096504 0.000345401 -0.002070124 0.003181641 0.028768595 -0.005063707 0.999568224
1770112712927411200.000000 -0.000682535 -0.000053687 -0.004353676 0.037991393 0.009575076 -0.008369476 0.999197125
1770112713027411200.000000 -0.000755061 -0.000240229 -0.004405170 0.045876000 0.001145200 -0.009359766 0.998902678
1770112713494077440.000000 -0.002631993 -0.003022177 -0.005608001 0.067088239 -0.038538232 -0.004611070 0.996991873
1770112713660743680.000000 -0.002605490 -0.002577271 -0.003625745 0.043758593 -0.035445038 0.003901123 0.998405516
1770112716127408384.000000 -0.006597492 -0.003230551 -0.006572493 0.028519172 -0.019736122 0.000295113 0.999398351
1770112716427408896.000000 -0.006133626 -0.002218669 -0.005185124 0.020955658 -0.019137487 0.000299120 0.999597192
1770112717060720896.000000 -0.005598703 -0.000708324 -0.004184241 0.009188659 -0.013930175 0.006617681 0.999838889
1770112722194050304.000000 -0.002459480 0.000394529 -0.002008776 -0.000103233 0.002194494 0.000795583 0.999997258
