1769790893.880670 0.0000000 0.0000000 0.0000000 -0.0000000 -0.0000000 -0.0000000 1.0000000
1769790894.180668 0.0006537 -0.0005644 -0.0001979 -0.0000718 -0.0000857 -0.0001963 1.0000000
1769790894.214015 -0.0002800 -0.0000968 0.0009588 0.0000425 0.0000424 -0.0005915 0.9999998
1769790894.480673 -0.0022108 0.0003929 0.0021164 0.0002005 0.0005826 -0.0002411 0.9999998
1769790896.213997 -0.0013595 -0.0007144 0.0015348 -0.0001379 0.0004029 -0.0007428 0.9999996
1769790897.547337 -0.0013694 -0.0015993 0.0015848 -0.0004245 0.0002366 -0.0007651 0.9999996
1769790902.214016 -0.0004784 0.0022985 0.0019031 -0.0000982 -0.0000761 0.0001858 1.0000000
1769790904.080686 0.0036811 -0.0014555 -0.0034539 0.0037150 -0.0005088 -0.0020215 0.9999909
1769790905.014019 0.0358783 0.0013138 0.0224135 0.0055089 -0.0003049 -0.0010499 0.9999842
1769790905.680679 0.0730826 0.0148133 0.0426633 0.0065198 0.0003339 -0.0006479 0.9999785
1769790906.047346 0.1040299 0.0208222 0.0292501 0.0048321 -0.0020919 -0.0009373 0.9999858
1769790906.414017 0.1314653 0.0474674 0.0459188 0.0066387 -0.0003993 -0.0018620 0.9999762
1769790906.614013 0.1482840 0.0665124 0.0498827 0.0078752 -0.0001795 -0.0014737 0.9999679
1769790906.780691 0.1606889 0.0825452 0.0553359 0.0081734 0.0001732 -0.0026133 0.9999632
1769790906.914011 0.1706306 0.0955290 0.0579815 0.0082322 0.0003149 -0.0033856 0.9999604
1769790907.080674 0.1876306 0.1210975 0.0598488 0.0103772 0.0001479 -0.0035844 0.9999397
1769790907.247344 0.2005438 0.1436453 0.0669750 0.0108963 0.0009364 -0.0042296 0.9999313
1769790907.447340 0.2120461 0.1766682 0.0732303 0.0135400 0.0035757 -0.0052509 0.9998882
1769790907.647344 0.2169313 0.1991813 0.0816617 0.0123394 0.0049946 -0.0070741 0.9998864
1769790907.814010 0.2192793 0.2136968 0.0806686 0.0115595 0.0068265 -0.0059901 0.9998919
1769790907.914013 0.2254208 0.2210990 0.0805856 0.0102333 0.0059659 -0.0069206 0.9999059
1769790908.114016 0.2373023 0.2494403 0.0840656 0.0114666 0.0059139 -0.0061612 0.9998978
1769790908.314039 0.2491252 0.2707976 0.0847575 0.0112676 0.0043985 -0.0062198 0.9999075
1769790908.580698 0.2563827 0.3006023 0.0979803 0.0106376 0.0039661 -0.0080248 0.9999034
1769790908.914030 0.2463109 0.3296573 0.0846715 0.0083672 0.0077104 -0.0129181 0.9998519
1769790909.247380 0.2397007 0.3528393 0.0844571 0.0055043 0.0088687 -0.0184534 0.9997752
1769790909.647365 0.2267726 0.3635996 0.0791796 0.0040443 0.0073437 -0.0193914 0.9997768
1769790910.114035 0.2036694 0.3583877 0.0663480 0.0050623 0.0057485 -0.0195138 0.9997802
1769790910.380712 0.1856463 0.3363596 0.0533527 0.0052518 0.0044882 -0.0152006 0.9998606
1769790910.614032 0.1679216 0.3192651 0.0444175 0.0092754 0.0029947 -0.0115017 0.9998864
1769790910.780704 0.1503723 0.2954190 0.0368817 0.0107090 0.0023109 -0.0081106 0.9999071
1769790910.914068 0.1316009 0.2688048 0.0307310 0.0106080 0.0024267 -0.0072158 0.9999148
1769790911.047396 0.1021939 0.2395796 0.0329751 0.0111166 0.0045402 -0.0057316 0.9999115
1769790911.147375 0.0795708 0.2019272 0.0245762 0.0084530 0.0060286 -0.0053098 0.9999320
1769790911.314037 0.0354997 0.1453761 0.0251029 0.0063793 0.0093183 -0.0077893 0.9999059
1769790911.447363 0.0012468 0.1023925 0.0227886 0.0103786 0.0103074 -0.0100989 0.9998420
1769790911.747370 -0.0428696 0.0182251 0.0019740 0.0279474 0.0008529 -0.0147641 0.9995000
1769790911.914040 -0.0763487 -0.0351384 -0.0025870 0.0356786 -0.0099202 -0.0172769 0.9991647
1769790912.047363 -0.1032994 -0.0608967 -0.0030535 0.0429318 -0.0217930 -0.0243078 0.9985445
1769790912.180696 -0.1248903 -0.0588067 0.0189155 0.0544657 -0.0352616 -0.0227646 0.9976332
1769790912.314045 -0.1566338 -0.0425795 0.0443954 0.0635213 -0.0438913 -0.0206955 0.9968001
1769790912.380697 -0.1644498 -0.0661971 0.0354648 0.0578171 -0.0465693 -0.0196904 0.9970461
1769790912.480694 -0.1513651 -0.0491267 0.0757486 0.0625968 -0.0482934 -0.0069250 0.9968457
1769790912.580710 -0.1102010 -0.0126269 0.1196278 0.0523189 -0.0507973 0.0088221 0.9972987
1769790912.680703 -0.0828239 0.0347368 0.1515697 0.0346958 -0.0530462 0.0123603 0.9979126
1769790912.847361 -0.0708671 0.0597227 0.1528194 0.0182407 -0.0569873 0.0124189 0.9981310
1769790913.014024 -0.0636358 0.0635136 0.1750627 0.0086475 -0.0630514 0.0079518 0.9979412
1769790913.180704 -0.0604648 0.0769597 0.1677860 0.0161698 -0.0675202 0.0069527 0.9975626
1769790913.380728 -0.0562657 0.0888895 0.1449147 0.0375388 -0.0722427 0.0072085 0.9966543
1769790913.514030 -0.0382397 0.1505977 0.1075640 0.0713344 -0.0759634 0.0197632 0.9943593
1769790913.647385 0.0791078 0.3082144 0.0735661 0.1493195 -0.1077475 0.1670169 0.9686071
1769790913.814070 -0.0791038 0.2628766 0.0757077 0.1320752 -0.0675339 0.0587693 0.9871887
1769790913.947366 -0.0824088 0.2635629 0.0831424 0.1393040 -0.0666464 0.0537699 0.9865402
1769790914.114029 -0.0818852 0.2645530 0.0756266 0.1487408 -0.0672448 0.0603386 0.9847404
1769790914.247357 -0.0851807 0.2680137 0.0637721 0.1536973 -0.0670609 0.0572390 0.9841766
1769790914.414026 -0.0866290 0.2641503 0.0514858 0.1557081 -0.0678490 0.0583203 0.9837430
1769790915.980714 -0.1154480 0.2855069 -0.0046228 0.1496954 -0.0813653 0.0585825 0.9836357
1769790916.114041 -0.1077690 0.2882784 -0.0040979 0.1469296 -0.0842521 0.0616637 0.9836213
1769790916.280714 -0.1120426 0.2937339 -0.0046233 0.1426670 -0.0848239 0.0603886 0.9842786
1769790916.480713 -0.1122047 0.2930133 -0.0146731 0.1357049 -0.0872925 0.0617495 0.9849625
1769790916.647385 -0.1208424 0.3093938 -0.0338027 0.1315926 -0.0872117 0.0598279 0.9856461
1769790916.847385 -0.1157828 0.3245141 -0.0326974 0.1261032 -0.0890974 0.0611801 0.9861119
1769790917.147377 -0.1458459 0.4406769 -0.0058203 0.1292601 -0.0867421 0.0600489 0.9859827
1769790917.347377 -0.1547941 0.5016563 0.0173686 0.1337734 -0.0825261 0.0042467 0.9875607
1769790917.514044 -0.1760665 0.5600488 0.0192128 0.1375659 -0.0765854 -0.0447024 0.9865151
1769790917.647379 -0.1894847 0.6058503 0.0296812 0.1404445 -0.0697910 -0.0833284 0.9841042
1769790917.780731 -0.1896695 0.6474056 0.0576171 0.1429028 -0.0655278 -0.1198171 0.9802698
1769790918.014056 -0.2024151 0.7245542 0.1211643 0.1483655 -0.0562305 -0.1794652 0.9708852
1769790918.147387 -0.2111169 0.7593825 0.1042254 0.1480610 -0.0497665 -0.2101877 0.9651023
1769790918.280715 -0.2059975 0.8065131 0.1099546 0.1514384 -0.0454497 -0.2358026 0.9588524
1769790918.414050 -0.2080704 0.8428935 0.1471999 0.1546332 -0.0410264 -0.2610911 0.9519647
1769790918.547379 -0.1935228 0.8723668 0.1451885 0.1556774 -0.0394484 -0.2787512 0.9468401
1769790918.680718 -0.1894746 0.8898297 0.1459010 0.1540500 -0.0360787 -0.2950061 0.9423048
1769790918.814050 -0.1803945 0.9159357 0.1526727 0.1551474 -0.0327666 -0.3103024 0.9373196
1769790918.947401 -0.1670383 0.9440829 0.1653345 0.1578873 -0.0300640 -0.3234087 0.9325098
1769790919.080716 -0.1538389 0.9576457 0.1745141 0.1580816 -0.0263674 -0.3321151 0.9295238
1769790919.214044 -0.1383108 0.9681464 0.1809148 0.1578385 -0.0259682 -0.3391513 0.9270324
1769790919.380712 -0.1128586 0.9774553 0.1868241 0.1587978 -0.0258096 -0.3420369 0.9258120
1769790919.514059 -0.0924931 0.9758167 0.2081292 0.1590937 -0.0271987 -0.3424145 0.9255819
1769790919.680720 -0.0681993 0.9713891 0.2146835 0.1590583 -0.0269335 -0.3397430 0.9265796
1769790919.847393 -0.0287519 0.9599926 0.1914816 0.1579758 -0.0286836 -0.3321835 0.9294488
1769790920.014059 -0.0023421 0.9485118 0.1914806 0.1585878 -0.0287175 -0.3227400 0.9326651
1769790920.214067 0.0473623 0.9147210 0.2009577 0.1586203 -0.0324507 -0.3024628 0.9393098
1769790920.380705 0.0991212 0.8818885 0.2041155 0.1578206 -0.0383835 -0.2784765 0.9466099
1769790920.547380 0.1617977 0.8346617 0.1839558 0.1557354 -0.0475789 -0.2457316 0.9555620
1769790920.747382 0.2388792 0.7780437 0.1915850 0.1540630 -0.0606761 -0.1883206 0.9680488
1769790920.914041 0.2808345 0.7443122 0.1885437 0.1541809 -0.0641019 -0.1416132 0.9757382
1769790921.114047 0.3588399 0.6800594 0.1930265 0.1527710 -0.0739342 -0.0921302 0.9811763
1769790921.314053 0.4188028 0.6294928 0.2015851 0.1687697 -0.0688931 -0.0815130 0.9798603
1769790921.447378 0.4518072 0.5992610 0.2051020 0.1804969 -0.0598567 -0.0747978 0.9788991
1769790921.580721 0.4773909 0.5697629 0.1889700 0.1899869 -0.0472402 -0.0684027 0.9782609
1769790921.680715 0.5236186 0.5614159 0.1773708 0.1993089 -0.0396057 -0.0654194 0.9769481
1769790921.847381 0.5294035 0.5494531 0.2046320 0.2057282 -0.0112311 -0.0652812 0.9763648
1769790921.980783 0.5879452 0.5700906 0.3766735 0.2208420 0.0121836 -0.0730822 0.9724913
1769790922.247378 0.5803214 0.5128419 0.3515871 0.2032075 0.0387194 -0.0744838 0.9755304
1769790922.347386 0.5407324 0.4739833 0.2409627 0.1819006 0.0360745 -0.0595568 0.9808485
1769790922.414047 0.5986860 0.4849837 0.2363521 0.1661222 0.0121476 -0.0404172 0.9852017
1769790922.547393 0.6943011 0.5494994 0.2224578 0.1531039 -0.0283082 -0.0107099 0.9877465
1769790922.780741 0.7556092 0.5233867 0.2719499 0.1209158 -0.0609282 0.0231114 0.9905216
1769790922.947376 0.8098871 0.4587358 0.2687240 0.0996926 -0.0810113 0.0428775 0.9907876
1769790923.347374 0.8271275 0.4729212 0.2559807 0.1260082 -0.0865796 0.0677593 0.9859182
1769790923.814056 0.8060485 0.4518623 0.1768920 0.1521343 -0.0759082 0.0624000 0.9834629
1769790924.280720 0.8095552 0.4395550 0.1566416 0.1642839 -0.0694895 0.0658769 0.9817547
1769790924.947391 0.8502671 0.4458718 0.1766230 0.1684524 -0.0691915 0.0743126 0.9804662
1769790925.514058 0.8917838 0.4976484 0.2212900 0.1705248 -0.0713075 0.0790525 0.9795853
1769790925.947382 0.8785022 0.5403445 0.2251011 0.1627266 -0.0660188 0.0765947 0.9814759
1769790926.314056 0.8581671 0.6101373 0.2260155 0.1596541 -0.0627214 0.0740893 0.9823886
1769790926.714063 0.8543134 0.6640766 0.2670148 0.1529745 -0.0614586 0.0711192 0.9837499
1769790926.947387 0.8484764 0.7082605 0.2648478 0.1512320 -0.0613641 0.0666848 0.9843355
1769790927.147394 0.8355685 0.7363990 0.2459589 0.1487963 -0.0637419 0.0754366 0.9839238
1769790927.280727 0.8279598 0.7483220 0.2446461 0.1435796 -0.0634210 0.0723093 0.9849538
1769790927.380732 0.8270532 0.7574837 0.2497889 0.1419968 -0.0644817 0.0766121 0.9847891
1769790927.480748 0.8203886 0.7687731 0.2455646 0.1396079 -0.0646261 0.0740136 0.9853198
1769790927.580723 0.8114495 0.7816406 0.2468964 0.1376574 -0.0639444 0.0731940 0.9856998
1769790927.714053 0.7960810 0.8041072 0.2483603 0.1359001 -0.0620603 0.0699103 0.9863023
1769790927.847401 0.7855619 0.8219856 0.2514765 0.1345218 -0.0641761 0.0682958 0.9864690
1769790928.014068 0.7623976 0.8488250 0.2481376 0.1341355 -0.0628894 0.0650978 0.9868206
1769790928.114056 0.7547910 0.8637025 0.2380576 0.1334284 -0.0632572 0.0646575 0.9869219
1769790928.214062 0.7411764 0.8706680 0.2213801 0.1304389 -0.0633747 0.0635676 0.9873847
1769790928.380730 0.7160756 0.8905401 0.2037570 0.1285533 -0.0625846 0.0606426 0.9878662
1769790928.514055 0.6978465 0.9040489 0.1996519 0.1277145 -0.0612808 0.0593357 0.9881361
1769790928.780723 0.6712416 0.9294415 0.2120760 0.1296649 -0.0634612 0.0594247 0.9877391
1769790929.014060 0.6422493 0.9334806 0.1987464 0.1268100 -0.0644513 0.0593483 0.9880501
1769790929.214067 0.6157840 0.9351266 0.1824165 0.1263046 -0.0628933 0.0582280 0.9882819
1769790929.380717 0.5973679 0.9295446 0.1686376 0.1248327 -0.0634750 0.0595048 0.9883556
1769790929.647386 0.5721786 0.9160885 0.1530513 0.1258494 -0.0666610 0.0606775 0.9879456
1769790929.780719 0.5586059 0.9029061 0.1369209 0.1258900 -0.0678480 0.0635006 0.9876822
1769790929.947401 0.5436027 0.8885726 0.1179437 0.1279527 -0.0704501 0.0656127 0.9870967
1769790930.047382 0.5349908 0.8804901 0.1144470 0.1308082 -0.0723086 0.0670099 0.9864940
1769790930.114052 0.5285777 0.8678676 0.1062798 0.1300161 -0.0728649 0.0689332 0.9864252
1769790930.214064 0.5209029 0.8562654 0.0940781 0.1322815 -0.0747291 0.0718680 0.9857749
1769790930.347405 0.5120708 0.8377109 0.0831049 0.1352591 -0.0773386 0.0755603 0.9848931
1769790930.414059 0.5076594 0.8226084 0.0734803 0.1343262 -0.0787051 0.0788117 0.9846577
1769790930.514065 0.5016388 0.8162429 0.0629049 0.1397062 -0.0808756 0.0802674 0.9836150
1769790930.580723 0.4981339 0.8024166 0.0538958 0.1398017 -0.0819822 0.0832281 0.9832637
1769790930.647385 0.4942966 0.7921734 0.0410202 0.1415154 -0.0832549 0.0860187 0.9826713
1769790930.680718 0.4916577 0.7847493 0.0356850 0.1417487 -0.0833374 0.0871797 0.9825283
1769790930.714051 0.4912011 0.7789035 0.0314029 0.1421925 -0.0842722 0.0892862 0.9821952
1769790930.780715 0.4911467 0.7696988 0.0235673 0.1446409 -0.0867912 0.0920218 0.9813656
1769790930.847384 0.4907343 0.7571356 0.0093507 0.1460222 -0.0882687 0.0961818 0.9806300
1769790930.880715 0.4921271 0.7575756 0.0067702 0.1488324 -0.0897871 0.0975695 0.9799324
1769790930.947385 0.4893313 0.7437263 -0.0076596 0.1497579 -0.0909878 0.1007906 0.9793544
1769790930.980721 0.4849215 0.7416677 -0.0131693 0.1520980 -0.0908219 0.1011699 0.9789700
1769790931.047398 0.4829509 0.7328987 -0.0278499 0.1553924 -0.0919236 0.1026720 0.9781931
1769790931.180735 0.4765448 0.7065703 -0.0564717 0.1640394 -0.0930045 0.1055934 0.9763664
1769790931.247385 0.4728715 0.7018415 -0.0715587 0.1716679 -0.0940330 0.1073495 0.9747636
1769790931.314059 0.4704311 0.7012709 -0.0810679 0.1806030 -0.0958644 0.1098425 0.9726908
1769790931.380730 0.4667071 0.6928586 -0.0925010 0.1874167 -0.0974963 0.1094949 0.9712777
1769790931.447384 0.4662583 0.6958512 -0.1027562 0.1973174 -0.1009377 0.1106729 0.9688287
1769790931.614042 0.4441032 0.6871805 -0.1063295 0.2197241 -0.1031008 0.1026277 0.9646549
1769790931.714054 0.4270477 0.7085607 -0.0937489 0.2391795 -0.1080433 0.0990276 0.9598507
1769790931.814050 0.4224405 0.7383817 -0.0952990 0.2585627 -0.1178349 0.0920107 0.9543555
1769790931.880718 0.4149134 0.7651309 -0.0859170 0.2735460 -0.1252675 0.0908601 0.9493288
1769790931.980720 0.4070370 0.7762953 -0.1001366 0.2845841 -0.1379376 0.0929778 0.9441082
1769790932.080708 0.3900746 0.8225446 -0.1163798 0.3025553 -0.1475461 0.0888667 0.9374397
1769790932.147379 0.3942626 0.8251083 -0.1059738 0.3067099 -0.1580747 0.0913631 0.9341275
1769790932.247379 0.3881970 0.8295586 -0.1186489 0.3068856 -0.1660608 0.0969419 0.9321198
1769790932.280708 0.3897868 0.8268176 -0.1181462 0.3054340 -0.1682744 0.0992591 0.9319557
1769790932.314053 0.3880933 0.8168095 -0.1157382 0.3025647 -0.1692604 0.1019406 0.9324235
1769790932.347380 0.3884465 0.8177765 -0.1115706 0.3014729 -0.1695890 0.1042144 0.9324661
1769790932.380711 0.3899876 0.8143630 -0.1060019 0.2999257 -0.1684596 0.1056138 0.9330121
1769790932.414047 0.3816112 0.8119832 -0.0949955 0.2924484 -0.1650074 0.1024415 0.9363505
1769790935.180710 -0.0895555 0.2689077 0.0456975 0.1626245 -0.0816438 0.0626020 0.9813096
1769790935.580711 -0.1006938 0.2778878 0.0396250 0.1554759 -0.0838745 0.0609913 0.9823810
1769790936.014057 -0.1070984 0.2888874 0.0406213 0.1448388 -0.0873594 0.0609918 0.9837022
1769790936.480710 -0.1237145 0.3055564 0.0289470 0.1306588 -0.0886297 0.0604643 0.9856049
1769790936.780736 -0.1314004 0.3173682 0.0187868 0.1210243 -0.0893290 0.0608265 0.9867491
1769790937.080720 -0.1428551 0.3287534 0.0061219 0.1144133 -0.0873040 0.0150126 0.9894757
1769790937.680720 -0.1491426 0.4125741 0.0275574 0.1142839 -0.0692477 -0.1600914 0.9780157
1769790937.947376 -0.1495439 0.5038705 0.0634075 0.1211942 -0.0622629 -0.2183150 0.9663198
1769790938.114038 -0.1428486 0.5561272 0.0746430 0.1258547 -0.0586576 -0.2461471 0.9592348
1769790938.280734 -0.1360983 0.5889474 0.0781989 0.1263002 -0.0554855 -0.2703672 0.9528228
1769790938.480703 -0.1221768 0.6393318 0.0668152 0.1296833 -0.0512011 -0.2925353 0.9460358
1769790938.747374 -0.0995004 0.6880136 0.0822816 0.1329572 -0.0465644 -0.3199668 0.9368967
1769790939.114044 -0.0551484 0.7111523 0.0972420 0.1323480 -0.0436205 -0.3372264 0.9310530
1769790939.547366 0.0250053 0.7134170 0.1115218 0.1356177 -0.0454097 -0.3297903 0.9331582
1769790939.847370 0.0940969 0.6750882 0.1283983 0.1339502 -0.0507127 -0.3084790 0.9403862
1769790940.180707 0.1791784 0.6064172 0.1439309 0.1308204 -0.0575425 -0.2648225 0.9536477
1769790940.480699 0.2670269 0.5388170 0.1693705 0.1298583 -0.0679698 -0.1957366 0.9696412
1769790940.647370 0.3340488 0.4902562 0.1747211 0.1276283 -0.0780552 -0.1397082 0.9788259
1769790940.780719 0.3883107 0.4418308 0.1353178 0.1227513 -0.0824802 -0.1078672 0.9831042
1769790940.914042 0.4431651 0.3835585 0.1171753 0.1221517 -0.0843787 -0.0901185 0.9848035
1769790941.047369 0.4884810 0.3443547 0.1087698 0.1315342 -0.0805494 -0.0848402 0.9843844
1769790941.114034 0.5080150 0.3318025 0.1070592 0.1384831 -0.0767506 -0.0827842 0.9839098
1769790941.347375 0.5806646 0.2746940 0.1004442 0.1580075 -0.0592623 -0.0746121 0.9828299
1769790941.447366 0.6178122 0.2486013 0.0992584 0.1645600 -0.0512627 -0.0691218 0.9826059
1769790941.580709 0.6310158 0.2442013 0.1045957 0.1718666 -0.0300992 -0.0640716 0.9825736
1769790941.714036 0.7287709 0.1496008 0.1005115 0.1645499 -0.0209207 -0.0597160 0.9843372
1769790941.880700 0.7832457 0.1057237 0.1576268 0.1600797 -0.0006883 -0.0627523 0.9851072
1769790942.080707 0.8218135 0.0434936 0.1398483 0.1431848 -0.0018484 -0.0537538 0.9882334
1769790942.180701 0.9289505 -0.0711454 0.1465011 0.0968082 -0.0342916 -0.0281444 0.9943139
1769790942.314030 0.9598877 -0.0292280 0.0933106 0.0703737 -0.0581334 -0.0211747 0.9956002
1769790942.547367 1.0328373 -0.0525404 0.1057234 0.0398894 -0.0932115 0.0212139 0.9946207
1769790943.114082 1.1136482 -0.0946048 0.1345805 0.0461483 -0.1171621 0.0605122 0.9901928
1769790943.914032 1.1954122 -0.1182382 0.1426428 0.0902862 -0.1190082 0.0767953 0.9857931
1769790944.414034 1.2239742 -0.1090372 0.1316433 0.0968349 -0.1187336 0.0851143 0.9845206
1769790945.447369 1.2363751 -0.0455553 0.1527875 0.0932106 -0.1109869 0.0925453 0.9851036
1769790945.780695 1.2236245 -0.0015439 0.1444126 0.0888924 -0.1083281 0.0918543 0.9858631
1769790946.147361 1.1829630 0.0786151 0.1433125 0.0875666 -0.1030216 0.0909655 0.9866326
1769790946.447366 1.1761070 0.1143699 0.1328115 0.0812727 -0.1030989 0.0919925 0.9870678
1769790946.747359 1.1387180 0.1624716 0.1364874 0.0765487 -0.0995468 0.0923918 0.9877725
1769790947.014054 1.0974462 0.2331307 0.1391063 0.0754710 -0.0956706 0.0819025 0.9891629
1769790947.280709 1.0695494 0.2628421 0.1334880 0.0692202 -0.0934331 0.0743282 0.9904313
1769790947.480711 1.0521154 0.2929067 0.1341294 0.0659504 -0.0915060 0.0681072 0.9912813
1769790948.080722 0.9010473 0.4477412 0.1009843 0.0725456 -0.0771464 0.0568740 0.9927492
1769790948.347382 0.8507940 0.4860421 0.1030667 0.0737719 -0.0744158 0.0524551 0.9931105
1769790948.380710 0.8447405 0.4909873 0.1068869 0.0736950 -0.0748776 0.0548692 0.9929510
1769790948.647386 0.8000720 0.5149522 0.1037467 0.0761210 -0.0746519 0.0532118 0.9928752
1769790948.947385 0.7503514 0.5205575 0.0932054 0.0741120 -0.0725915 0.0547305 0.9930974
1769790949.247383 0.7068476 0.5082864 0.0707739 0.0729572 -0.0719296 0.0559266 0.9931644
1769790949.414044 0.6813630 0.4969167 0.0613793 0.0739057 -0.0723210 0.0561258 0.9930547
1769790949.580724 0.6408963 0.4767433 0.0583765 0.0740756 -0.0694565 0.0575938 0.9931624
1769790949.747449 0.6159267 0.4557001 0.0481811 0.0750892 -0.0690364 0.0611757 0.9929014
1769790949.880713 0.5859339 0.4402550 0.0314038 0.0783522 -0.0656591 0.0592343 0.9929960
1769790950.014041 0.5794907 0.4303120 0.0323606 0.0834373 -0.0695068 0.0617916 0.9921637
1769790950.114051 0.5697763 0.4117513 0.0187432 0.0841397 -0.0701268 0.0667599 0.9917389
1769790950.247378 0.5630964 0.3959590 0.0032882 0.0885778 -0.0737175 0.0698680 0.9908775
1769790950.347374 0.5401069 0.3922952 -0.0110739 0.0958817 -0.0712054 0.0648402 0.9907231
1769790950.414040 0.5293382 0.3598446 -0.0190634 0.0916143 -0.0700393 0.0662241 0.9911184
1769790950.547383 0.5184541 0.3486999 -0.0254617 0.1011368 -0.0737665 0.0659173 0.9899418
1769790950.647380 0.5029080 0.2954735 -0.0443144 0.0933203 -0.0716714 0.0724002 0.9904104
1769790950.714052 0.4992903 0.3022744 -0.0542583 0.1020938 -0.0739780 0.0719626 0.9894066
1769790950.847389 0.4817061 0.2325905 -0.0657058 0.0955026 -0.0735500 0.0749210 0.9898770
1769790950.980714 0.4639398 0.1836002 -0.0815337 0.1011932 -0.0740282 0.0767220 0.9891378
1769790951.147381 0.4184768 0.1259408 -0.0807331 0.1096903 -0.0712177 0.0747479 0.9885893
1769790951.247377 0.3759426 0.1658857 -0.0828214 0.1332616 -0.0671981 0.0792669 0.9856179
1769790951.447375 0.3416767 0.2752121 0.0494495 0.1683325 -0.0867034 0.0839516 0.9783143
1769790951.580715 0.3126509 0.1970320 0.0043439 0.1679271 -0.0940641 0.0685657 0.9789031
1769790951.714048 0.3052332 0.1969601 -0.0079891 0.1815754 -0.1110528 0.0681722 0.9747052
1769790951.780712 0.2896602 0.1968577 -0.0115472 0.1883892 -0.1183436 0.0668126 0.9726461
1769790951.847383 0.2826519 0.2006156 -0.0068401 0.1934358 -0.1273625 0.0664699 0.9705375
1769790951.880711 0.2831409 0.1955555 0.0011381 0.1944439 -0.1322154 0.0684943 0.9695459
1769790951.980707 0.2790959 0.1868856 -0.0060315 0.1949120 -0.1417249 0.0721484 0.9678419
1769790952.014066 0.2745847 0.1815262 -0.0039974 0.1934195 -0.1428967 0.0742443 0.9678105
1769790952.047383 0.2721544 0.1791580 0.0089931 0.1927216 -0.1442603 0.0773713 0.9675025
1769790952.114050 0.2681955 0.1708996 0.0194492 0.1890635 -0.1435031 0.0811096 0.9680305
1769790952.147377 0.2717515 0.1817044 0.0380616 0.1898095 -0.1433744 0.0831586 0.9677297
1769790952.180708 0.2700142 0.1922818 0.0740484 0.1830537 -0.1427779 0.0831819 0.9691164
1769790952.247436 0.2601398 0.1711195 0.0358262 0.1530490 -0.1369386 0.0766329 0.9756799
1769790952.280706 0.2567062 0.1732436 0.0467680 0.1436244 -0.1357640 0.0747984 0.9774177
1769790952.347372 0.2598328 0.1537640 0.0279195 0.1253779 -0.1329715 0.0727519 0.9804623
1769790952.447390 0.2371833 0.1176693 0.0168389 0.1053029 -0.1276485 0.0686394 0.9838220
1769790952.647390 0.1983556 0.0533388 -0.0042210 0.0791536 -0.1190650 0.0641321 0.9876463
1769790952.814039 0.1637252 -0.0029955 -0.0088838 0.0712056 -0.1118362 0.0613329 0.9892728
1769790952.947382 0.1615442 -0.0052663 0.0195022 0.0775112 -0.1092797 0.0605853 0.9891307
1769790953.147377 0.1625008 -0.0049056 0.0087168 0.0939548 -0.1040373 0.0616991 0.9882014
1769790953.414046 0.1583481 -0.0054664 0.0151458 0.1103960 -0.1000090 0.0632373 0.9868191
1769790953.580713 0.1595216 -0.0082007 0.0191074 0.1173916 -0.0992012 0.0637871 0.9860576
1769790953.747378 0.1553343 -0.0094766 0.0119087 0.1228689 -0.0986488 0.0643032 0.9854120
1769790954.347372 0.1449252 -0.0084273 0.0115152 0.1310024 -0.1000663 0.0625522 0.9843335
1769790954.714041 0.1403186 -0.0008675 0.0133677 0.1312693 -0.1029442 0.0626516 0.9839947
1769790954.914048 0.1362591 0.0035250 0.0187829 0.1296714 -0.1046150 0.0627619 0.9840234
1769790955.080702 0.1315418 0.0111801 0.0157994 0.1279621 -0.1055273 0.0619397 0.9842018
1769790955.380702 0.1251689 0.0081396 0.0064005 0.1206427 -0.1074115 0.0613540 0.9849588
1769790955.580720 0.1203489 0.0188621 0.0133556 0.1169325 -0.1088617 0.0600607 0.9853267
1769790955.814064 0.1173779 0.0227476 0.0194417 0.1102754 -0.1106151 0.0601646 0.9858924
1769790956.080718 0.1126701 0.0356694 0.0235403 0.1028228 -0.1123549 0.0598687 0.9865190
1769790956.280721 0.1048467 0.0413822 0.0130424 0.0958786 -0.1122175 0.0604187 0.9872001
1769790956.480704 0.1000868 0.0530884 0.0114386 0.0908296 -0.1128627 0.0592267 0.9876761
1769790956.714045 0.0854145 0.0806061 0.0146332 0.0866039 -0.1108816 0.0483573 0.9888714
1769790956.880714 0.0797202 0.1209317 0.0211598 0.0906340 -0.1101267 -0.0024332 0.9897736
1769790957.047371 0.0710724 0.1464214 0.0173110 0.0927448 -0.1045386 -0.0571225 0.9885378
1769790957.280700 0.0605804 0.2074058 0.0309494 0.0955390 -0.0998131 -0.1156640 0.9836318
1769790957.514048 0.0506104 0.2428369 0.0319124 0.0981024 -0.0927547 -0.1809606 0.9741796
1769790957.847368 0.0475851 0.3215168 0.0352477 0.1026901 -0.0843694 -0.2470422 0.9598473
1769790958.047399 0.0630388 0.3657852 0.0530301 0.1064739 -0.0837146 -0.2757900 0.9516276
1769790958.147369 0.0701812 0.3820865 0.0473497 0.1068781 -0.0822842 -0.2888191 0.9478344
1769790958.280712 0.0821742 0.4073786 0.0372949 0.1085735 -0.0803566 -0.3033228 0.9432656
1769790958.447377 0.0956453 0.4423754 0.0221426 0.1106834 -0.0763590 -0.3210471 0.9374685
1769790958.714036 0.1163117 0.4681956 0.0434852 0.1111872 -0.0710974 -0.3387624 0.9315700
1769790959.080703 0.1738462 0.4823900 0.0565454 0.1129731 -0.0723698 -0.3423237 0.9299539
1769790959.514034 0.2532545 0.4461080 0.0851756 0.1104478 -0.0747729 -0.3224955 0.9371270
1769790959.780727 0.3085991 0.4241372 0.1068247 0.1136830 -0.0753346 -0.2953469 0.9456062
1769790959.947367 0.3204593 0.4658106 0.0987131 0.1290466 -0.0633456 -0.2679254 0.9526544
1769790960.247379 0.4135021 0.3302949 0.1190254 0.1095944 -0.0775097 -0.1928729 0.9719987
1769790960.514074 0.4392102 0.2206696 0.1203266 0.0935388 -0.0686244 -0.1093894 0.9872057
1769790960.680704 0.4748237 0.2163877 0.1173233 0.1077082 -0.0634221 -0.0828931 0.9886887
1769790960.880700 0.5272121 0.1579697 0.1079949 0.1222686 -0.0522344 -0.0766487 0.9881533
1769790961.080719 0.9780236 0.0860927 0.0398271 0.1370191 -0.1195970 -0.0543169 0.9818208
1769790961.280712 0.8604527 0.1127176 -0.0073280 0.1527822 -0.0754475 -0.0530347 0.9839475
1769790961.480722 0.8398095 0.1040379 0.0762384 0.1601749 -0.0361246 -0.0556726 0.9848551
1769790961.680719 0.8274300 0.0444044 0.1195923 0.1508607 -0.0063399 -0.0571723 0.9868801
1769790961.847392 0.8485968 0.0102086 0.1145317 0.1377011 -0.0076860 -0.0501729 0.9891724
1769790961.914053 0.8747223 0.0132315 0.1161760 0.1155994 -0.0227443 -0.0413582 0.9921739
1769790962.080716 0.9340476 -0.0204732 0.1011211 0.0708628 -0.0577566 -0.0159837 0.9956843
1769790962.414090 1.0601577 -0.0674896 0.1436521 0.0318260 -0.1041959 0.0318541 0.9935369
1769790962.647380 1.1733639 -0.1046501 0.1591057 0.0290423 -0.1286754 0.0672959 0.9889745
1769790962.947379 1.1549640 -0.1193042 0.0955816 0.0500317 -0.1229907 0.0704935 0.9886358
1769790963.247383 1.1530790 -0.1134438 0.0949817 0.0729498 -0.1185281 0.0732295 0.9875560
1769790963.580729 1.1954619 -0.1223713 0.1186822 0.0873934 -0.1204935 0.0802853 0.9855953
1769790964.147381 1.2157559 -0.1170507 0.1078399 0.0958165 -0.1165809 0.0864509 0.9847611
1769790964.547385 1.2326772 -0.1022426 0.1186554 0.0973496 -0.1147876 0.0904973 0.9844578
1769790964.814050 1.2392464 -0.0830148 0.1313819 0.0963973 -0.1132260 0.0907482 0.9847092
1769790965.147414 1.2344780 -0.0518399 0.1418484 0.0927821 -0.1103535 0.0885992 0.9855779
1769790965.347381 1.2286719 -0.0021307 0.1246005 0.0939583 -0.1087583 0.0874698 0.9857447
1769790966.047420 1.1719847 0.0923567 0.1225320 0.0832045 -0.1002756 0.0881419 0.9875489
1769790966.347381 1.1658728 0.1360544 0.1386799 0.0782045 -0.1015528 0.0892441 0.9877280
1769790966.614047 1.1066918 0.2251926 0.1569655 0.0821389 -0.0933562 0.0812993 0.9889026
1769790966.780715 1.0893860 0.2462594 0.1568401 0.0780484 -0.0929521 0.0766417 0.9896436
1769790966.880712 1.0794216 0.2547574 0.1569299 0.0745997 -0.0918525 0.0726459 0.9903134
1769790967.114054 1.0855134 0.2684509 0.1646641 0.0695872 -0.0964910 0.0843042 0.9893129
1769790967.247385 1.0683714 0.2919694 0.1734645 0.0678937 -0.0937856 0.0790698 0.9901226
1769790967.380711 1.0550528 0.3115151 0.1670979 0.0674961 -0.0944837 0.0778834 0.9901774
1769790967.547378 1.0299048 0.3360051 0.1638126 0.0666890 -0.0931179 0.0743503 0.9906330
1769790967.680714 1.0153573 0.3602861 0.1582397 0.0674922 -0.0928351 0.0717958 0.9907935
1769790968.014053 0.9512080 0.4015605 0.1362545 0.0645363 -0.0872644 0.0606787 0.9922389
1769790968.214055 0.9413639 0.4367956 0.1364192 0.0654264 -0.0913146 0.0634909 0.9916400
1769790968.247382 0.9255561 0.4245023 0.1480173 0.0657580 -0.0884901 0.0591728 0.9921411
1769790968.314051 0.9165062 0.4277440 0.1368693 0.0651928 -0.0887659 0.0589860 0.9921649
1769790968.380712 0.9064648 0.4328861 0.1284360 0.0662069 -0.0887591 0.0576798 0.9921752
1769790968.547383 0.8848126 0.4354523 0.1077931 0.0650019 -0.0878937 0.0598373 0.9922041
1769790968.647379 0.8756152 0.4406486 0.1059507 0.0645131 -0.0896388 0.0587765 0.9921433
1769790968.814053 0.8678713 0.4265822 0.1158381 0.0648258 -0.0922708 0.0689942 0.9912233
1769790968.914048 0.8482984 0.4184029 0.1092415 0.0631752 -0.0897060 0.0645682 0.9918633
1769790969.080709 0.8334122 0.4087307 0.1012276 0.0640476 -0.0920232 0.0680995 0.9913587
1769790969.214040 0.8156595 0.4010304 0.0985338 0.0657289 -0.0925682 0.0695848 0.9910948
1769790969.347419 0.7876710 0.3742001 0.0950213 0.0635263 -0.0905053 0.0691520 0.9914591
1769790969.414040 0.7757503 0.3646779 0.0883361 0.0637962 -0.0895469 0.0693869 0.9915124
1769790969.614059 0.7556052 0.3231993 0.0672618 0.0618923 -0.0910480 0.0716599 0.9913347
1769790969.680725 0.7468812 0.3142262 0.0644409 0.0620668 -0.0910557 0.0719733 0.9913004
1769790969.814067 0.7346562 0.2945735 0.0538816 0.0648244 -0.0923001 0.0763190 0.9906836
1769790969.880716 0.7267170 0.2868154 0.0537899 0.0662837 -0.0927113 0.0758465 0.9905849
1769790969.980719 0.7189325 0.2711957 0.0450414 0.0683919 -0.0940462 0.0807786 0.9899256
1769790970.047390 0.7133427 0.2561903 0.0341326 0.0687258 -0.0943386 0.0844839 0.9895653
1769790970.114050 0.7126717 0.2477538 0.0316808 0.0710596 -0.0966640 0.0865585 0.9889966
1769790970.147382 0.7099303 0.2377972 0.0300332 0.0701917 -0.0971097 0.0874482 0.9889366
1769790970.314050 0.6472131 0.2022486 0.0538934 0.0749895 -0.0878398 0.0881969 0.9893847
1769790970.414048 0.6127615 0.1852906 0.0600084 0.0792678 -0.0806347 0.0916636 0.9893495
1769790970.480719 0.6022360 0.1641951 0.0549576 0.0794071 -0.0801444 0.0934313 0.9892128
1769790970.547386 0.6021496 0.1617910 0.0662470 0.0838041 -0.0821922 0.0945154 0.9885789
1769790970.614058 0.6134942 0.1592399 0.0525384 0.0892769 -0.0865976 0.0971984 0.9874629
1769790970.647388 0.6091157 0.1639287 0.0533816 0.0943489 -0.0868452 0.0970209 0.9869869
1769790970.680718 0.6058484 0.1539385 0.0403657 0.0959409 -0.0865219 0.0960484 0.9869570
1769790970.714049 0.6040466 0.1587345 0.0383572 0.1017421 -0.0876441 0.0967520 0.9862080
1769790970.780727 0.5566114 0.1307628 0.0456178 0.1055865 -0.0794874 0.0954882 0.9866181
1769790970.847394 0.5206789 0.1123553 0.0579936 0.1124043 -0.0754782 0.0952440 0.9862033
1769790970.914053 0.5353198 0.1194019 0.0517180 0.1223060 -0.0819380 0.0949497 0.9845364
1769790970.947394 0.5281616 0.1242078 0.0499247 0.1277707 -0.0818712 0.0955829 0.9837864
1769790971.047390 0.5142695 0.1144061 0.0388342 0.1382508 -0.0846193 0.0979069 0.9819066
1769790971.114056 0.4987334 0.1105250 0.0317499 0.1473965 -0.0842051 0.0973478 0.9806667
1769790971.147388 0.4924974 0.1109291 0.0376902 0.1534353 -0.0847482 0.0951718 0.9799070
1769790971.247384 0.5086995 0.1036255 0.0295943 0.1641403 -0.0974896 0.1003117 0.9764688
1769790971.314048 0.5038168 0.1238651 0.0378788 0.1783821 -0.1047021 0.0980758 0.9734467
1769790971.380738 0.4763418 0.1376994 0.0407241 0.1901690 -0.1092899 0.1014290 0.9703626
1769790971.514055 0.4304122 0.1156255 0.0574296 0.2057096 -0.1213057 0.1043175 0.9654462
1769790971.714098 0.4128025 0.1416403 0.0009333 0.2236737 -0.1431571 0.1057179 0.9582797
1769790971.947398 0.4201163 0.1256029 -0.0111850 0.2026925 -0.1505303 0.1253627 0.9594481
1769790972.014054 0.4182283 0.1199271 -0.0406611 0.1782472 -0.1490916 0.1195814 0.9652461
1769790972.280733 0.3317808 0.1294307 -0.1388923 0.1388904 -0.1263392 0.0859899 0.9784445
1769790972.314055 0.3346920 0.1254354 -0.1306071 0.1357810 -0.1267508 0.0859911 0.9788275
1769790972.414069 0.3237501 0.1193392 -0.1201603 0.1312110 -0.1246870 0.0808454 0.9801535
1769790972.547407 0.3209892 0.1100180 -0.1609444 0.1299140 -0.1212394 0.0717800 0.9814637
1769790972.680715 0.3355276 0.1259610 -0.1758405 0.1394376 -0.1227872 0.0758154 0.9796594
1769790972.714045 0.3374126 0.1234983 -0.1740631 0.1417890 -0.1230541 0.0773101 0.9791715
1769790972.980712 0.3526808 0.1492041 -0.2047706 0.1699676 -0.1219674 0.0860418 0.9740800
1769790973.180721 0.3515222 0.1680832 -0.2366958 0.1858045 -0.1200206 0.0873874 0.9713059
1769790973.580723 0.3824240 0.2111526 -0.2564277 0.2093913 -0.1292430 0.0839414 0.9656115
1769790973.880713 0.4080717 0.2238851 -0.2824857 0.2154299 -0.1387582 0.0855846 0.9628143
1769790974.347421 0.4277443 0.2228234 -0.3149334 0.2137145 -0.1492016 0.0827430 0.9618828
1769790974.614048 0.4377687 0.2183149 -0.3326012 0.2075881 -0.1552005 0.0767662 0.9627705
1769790974.880720 0.4567369 0.2019283 -0.3476848 0.1960874 -0.1637476 0.0733161 0.9640338
1769790975.114064 0.4760892 0.1786681 -0.3497501 0.1826075 -0.1711979 0.0684663 0.9657423
1769790975.280723 0.4868101 0.1583752 -0.3451506 0.1721542 -0.1755309 0.0671179 0.9669783
1769790975.447387 0.4946149 0.1385649 -0.3511665 0.1604446 -0.1793054 0.0649215 0.9684485
1769790975.580733 0.5073476 0.1149966 -0.3604715 0.1494153 -0.1835182 0.0692471 0.9691238
1769790975.747378 0.5232211 0.0851017 -0.3699002 0.1343064 -0.1891271 0.0698703 0.9702118
1769790975.914045 0.5418633 0.0416063 -0.3917347 0.1160198 -0.1942044 0.0771272 0.9710178
1769790976.080719 0.5452276 0.0326793 -0.3928261 0.1059622 -0.1965313 0.0693873 0.9722823
1769790976.214067 0.5447500 0.0225474 -0.3918676 0.0965293 -0.1972007 0.0621489 0.9736178
1769790976.347383 0.5515430 0.0112196 -0.3924132 0.0868126 -0.1991106 0.0552260 0.9745608
1769790976.480715 0.5368037 0.0050758 -0.4008788 0.0796550 -0.1952308 0.0409059 0.9766610
1769790976.614046 0.5000865 0.0121094 -0.4117217 0.0798394 -0.1863197 -0.0036643 0.9792330
1769790976.747392 0.4724611 0.0292149 -0.4066636 0.0796498 -0.1787073 -0.0431380 0.9797238
1769790976.880725 0.4670473 0.0216514 -0.4104527 0.0758317 -0.1762650 -0.0867113 0.9775794
1769790976.980739 0.4641867 0.0485280 -0.4084159 0.0795088 -0.1744161 -0.1123293 0.9750074
1769790977.147382 0.4433111 0.0670270 -0.4029599 0.0776253 -0.1690047 -0.1546035 0.9703141
1769790977.314076 0.4266875 0.1002739 -0.4043326 0.0793570 -0.1634304 -0.1902159 0.9647854
1769790977.480721 0.4134584 0.1418379 -0.4026006 0.0830576 -0.1574631 -0.2216004 0.9587492
1769790977.680724 0.4119071 0.1963893 -0.4091417 0.0901375 -0.1510595 -0.2541130 0.9510431
1769790977.847387 0.4102812 0.2254326 -0.3954642 0.0915185 -0.1478444 -0.2766653 0.9451046
1769790978.014063 0.4227951 0.2514784 -0.3944684 0.0925305 -0.1467896 -0.2935826 0.9400533
1769790978.147395 0.4336548 0.2736288 -0.3930074 0.0945661 -0.1453939 -0.3056915 0.9362001
1769790978.247409 0.4435467 0.2862804 -0.3932207 0.0953983 -0.1442744 -0.3141935 0.9334702
1769790978.380733 0.4605682 0.3014318 -0.4048391 0.0965356 -0.1404632 -0.3241491 0.9305258
1769790978.614095 0.4902906 0.3202867 -0.4039733 0.0982042 -0.1395099 -0.3326589 0.9274864
1769790978.847385 0.5227807 0.3246244 -0.3870455 0.0988390 -0.1391958 -0.3330180 0.9273373
1769790979.180723 0.5846611 0.3085704 -0.3628476 0.0974117 -0.1408084 -0.3168670 0.9328876
1769790979.414049 0.6271470 0.2866048 -0.3306718 0.0966417 -0.1423788 -0.2962852 0.9394699
1769790979.680719 0.7110556 0.2239951 -0.3045157 0.0885602 -0.1524433 -0.2605046 0.9492394
1769790979.814049 0.7307683 0.2157895 -0.2934017 0.0902584 -0.1481307 -0.2322291 0.9570686
1769790979.947385 0.7712244 0.1894691 -0.2807301 0.0876616 -0.1509514 -0.1984359 0.9644440
1769790980.047394 0.8105825 0.1657851 -0.2639520 0.0844378 -0.1559404 -0.1654171 0.9701495
1769790980.080719 0.8180656 0.1603101 -0.2605767 0.0838222 -0.1558611 -0.1540286 0.9720886
1769790980.214078 0.8585378 0.1265325 -0.2417027 0.0789648 -0.1582420 -0.1106525 0.9779980
1769790980.347389 0.9054138 0.0973195 -0.2269805 0.0766584 -0.1609075 -0.0745517 0.9811597
1769790980.514053 0.9423893 0.0633151 -0.1953429 0.0869017 -0.1568721 -0.0577729 0.9820904
1769790980.680728 0.9839292 0.0316379 -0.1868652 0.1036098 -0.1452244 -0.0537129 0.9824917
1769790980.814066 0.9979979 0.0098586 -0.1644445 0.1163797 -0.1314955 -0.0479438 0.9832935
1769790980.880716 1.0140051 0.0005099 -0.1575556 0.1232792 -0.1253786 -0.0454200 0.9833715
1769790980.947393 1.0192132 -0.0108219 -0.1498850 0.1288200 -0.1172904 -0.0426480 0.9837833
1769790981.114049 0.9765145 -0.0331906 -0.0895795 0.1361880 -0.0817543 -0.0429077 0.9863712
1769790981.214048 0.9750350 -0.0490559 -0.0628700 0.1373539 -0.0636289 -0.0410821 0.9876222
1769790981.414056 0.9546571 -0.0614141 -0.0231319 0.1346322 -0.0298557 -0.0445663 0.9894426
1769790981.647394 0.9795913 -0.0703076 -0.0290586 0.1110284 -0.0336224 -0.0389847 0.9924830
1769790981.747390 1.0097984 -0.0721171 -0.0194126 0.0807336 -0.0567744 -0.0206092 0.9949040
1769790981.847386 1.0340863 -0.0749354 0.0099889 0.0625724 -0.0745438 -0.0040354 0.9952446
1769790981.980719 1.0592104 -0.0936398 0.0562482 0.0417923 -0.0917438 0.0164040 0.9947700
1769790982.214053 1.1249335 -0.1201233 0.0862897 0.0225166 -0.1161862 0.0485525 0.9917845
1769790982.480720 1.1595664 -0.1480903 0.0827235 0.0252252 -0.1263119 0.0695118 0.9892306
1769790982.747398 1.1996028 -0.1508536 0.0950250 0.0493271 -0.1303348 0.0800405 0.9870022
1769790983.047381 1.2280246 -0.1642466 0.0983980 0.0680814 -0.1306488 0.0871998 0.9852370
1769790983.380723 1.2539300 -0.1671873 0.1052836 0.0816977 -0.1298558 0.0929972 0.9837757
1769790983.947384 1.2962676 -0.1518324 0.1245289 0.0899428 -0.1298949 0.0990163 0.9824629
1769790984.714056 1.3217468 -0.1126962 0.1563710 0.0889098 -0.1253648 0.1035024 0.9826831
1769790985.280728 1.3107436 -0.0595762 0.1496357 0.0800854 -0.1217617 0.1040911 0.9838320
1769790985.614056 1.3052869 -0.0167289 0.1485389 0.0743973 -0.1214417 0.1053173 0.9841876
1769790985.947387 1.2974409 0.0264218 0.1536003 0.0680162 -0.1215459 0.1054790 0.9846190
1769790986.280718 1.2908196 0.0679580 0.1607925 0.0614338 -0.1234217 0.1062661 0.9847337
1769790986.580718 1.2785596 0.0998999 0.1603565 0.0545089 -0.1249582 0.1062906 0.9849449
1769790986.814050 1.2726731 0.1231211 0.1551694 0.0494579 -0.1261980 0.1086208 0.9847992
1769790987.014055 1.2581114 0.1570191 0.1540639 0.0474129 -0.1254291 0.1066604 0.9852123
1769790987.314049 1.2293769 0.2069497 0.1388508 0.0464779 -0.1268452 0.1008290 0.9856895
1769790987.580718 1.1999393 0.2403259 0.1071106 0.0453220 -0.1259048 0.0971958 0.9862286
1769790987.847383 1.1693352 0.2661630 0.1017543 0.0444622 -0.1267213 0.0964879 0.9862327
1769790988.114050 1.1350929 0.2828270 0.0864154 0.0454080 -0.1276785 0.0952166 0.9861897
1769790988.380747 1.1020086 0.2887026 0.0775437 0.0447535 -0.1272021 0.0939070 0.9864067
1769790988.680716 1.0717540 0.2783499 0.0615843 0.0435472 -0.1283384 0.0949664 0.9862121
1769790989.014047 1.0353186 0.2503756 0.0411039 0.0437249 -0.1292221 0.0960407 0.9859848
1769790989.280712 1.0082166 0.2133825 0.0234770 0.0442135 -0.1304156 0.0973122 0.9856812
1769790989.447393 0.9909738 0.1856247 0.0082953 0.0449762 -0.1305390 0.0989484 0.9854674
1769790989.614061 0.9775314 0.1505383 -0.0059365 0.0452434 -0.1319949 0.1002942 0.9851251
1769790989.747386 0.9643353 0.1221686 -0.0204508 0.0460874 -0.1320389 0.1020483 0.9848999
1769790989.847385 0.9573469 0.1000427 -0.0332230 0.0466834 -0.1323629 0.1039350 0.9846310
1769790989.980716 0.9483707 0.0584590 -0.0506810 0.0454894 -0.1325441 0.1040561 0.9846498
1769790990.080717 0.9415679 0.0316252 -0.0690866 0.0464782 -0.1330723 0.1062114 0.9843022
1769790990.147379 0.9375312 0.0147816 -0.0782970 0.0474514 -0.1332785 0.1071870 0.9841220
1769790990.214055 0.9317819 -0.0014063 -0.0894432 0.0488556 -0.1335240 0.1084162 0.9838853
1769790990.280712 0.9225087 -0.0223865 -0.0964120 0.0493636 -0.1329146 0.1069077 0.9841076
1769790990.414049 0.8960024 -0.0705412 -0.1047401 0.0542967 -0.1306829 0.1034424 0.9845169
1769790990.480712 0.8883073 -0.0893387 -0.1151172 0.0590436 -0.1300907 0.1030462 0.9843636
1769790990.547385 0.8814534 -0.1072073 -0.1308789 0.0641045 -0.1296737 0.1033464 0.9840706
1769790990.647384 0.8661590 -0.1386152 -0.1417166 0.0715821 -0.1302296 0.1029729 0.9835207
1769790990.780715 0.8520871 -0.1736842 -0.1525635 0.0821079 -0.1335549 0.1045481 0.9820851
1769790990.880718 0.8466144 -0.2002990 -0.1569019 0.0913270 -0.1365477 0.1061331 0.9806885
1769790990.980716 0.8405764 -0.2344047 -0.1626994 0.0982393 -0.1429914 0.1050299 0.9792197
1769790991.080723 0.8364657 -0.2619995 -0.1801919 0.1062987 -0.1516387 0.1069307 0.9768686
1769790991.180722 0.8277287 -0.3014597 -0.2011499 0.1122244 -0.1619132 0.1069549 0.9745514
1769790991.214051 0.8274468 -0.3173651 -0.2070466 0.1136562 -0.1659757 0.1089118 0.9734848
1769790991.247425 0.8207925 -0.3270189 -0.2028118 0.1163078 -0.1699656 0.1081227 0.9725707
1769790991.280741 0.8102065 -0.3317785 -0.1970446 0.1191670 -0.1729771 0.1079080 0.9717171
1769790991.314065 0.7965485 -0.3384654 -0.1703625 0.1229192 -0.1776147 0.1059548 0.9706274
1769790991.347411 0.7912967 -0.3385296 -0.1611531 0.1262832 -0.1821934 0.1065079 0.9692854
1769790991.414059 0.7881087 -0.3407201 -0.1693497 0.1284354 -0.1895014 0.1090814 0.9673132
1769790991.480718 0.7926506 -0.3403737 -0.1841094 0.1286177 -0.1961245 0.1118206 0.9656547
1769790991.514080 0.7855701 -0.3424960 -0.1739044 0.1283265 -0.1978399 0.1135425 0.9651424
1769790991.547396 0.7814249 -0.3384588 -0.1649906 0.1288416 -0.1990667 0.1157772 0.9645559
1769790991.580722 0.7836124 -0.3442170 -0.1707801 0.1259883 -0.1996511 0.1183694 0.9644973
1769790991.614052 0.7806878 -0.3439896 -0.1629601 0.1241364 -0.1992087 0.1206789 0.9645427
1769790991.647398 0.7818709 -0.3458487 -0.1636895 0.1231721 -0.1977338 0.1216893 0.9648429
1769790991.747390 0.7772606 -0.3553469 -0.1543137 0.0935090 -0.1936114 0.1152969 0.9697821
1769790991.780729 0.7749707 -0.3597599 -0.1548058 0.0817982 -0.1924077 0.1118352 0.9714840
1769790991.814059 0.7730842 -0.3581638 -0.1548376 0.0732946 -0.1921474 0.1119634 0.9721993
1769790991.847406 0.7656931 -0.3571913 -0.1455513 0.0674242 -0.1921163 0.1108925 0.9727529
1769790992.047434 0.7617915 -0.3407678 -0.1130068 0.0524316 -0.2005958 0.1085565 0.9722282
1769790992.114060 0.7592578 -0.3458794 -0.1173210 0.0485554 -0.2017800 0.1044637 0.9726328
1769790992.347396 0.7659109 -0.3476191 -0.1513487 0.0542168 -0.2040849 0.1041642 0.9718846
1769790992.447393 0.7769173 -0.3137789 -0.1537661 0.0677963 -0.2067138 0.1042805 0.9704631
1769790992.614089 0.7717909 -0.2560109 -0.1751559 0.0951691 -0.2019066 0.1118607 0.9683304
1769790992.747426 0.7469692 -0.2148769 -0.1981356 0.1191795 -0.1903827 0.1289952 0.9658731
1769790992.947431 0.7409177 -0.1678050 -0.2574248 0.1412820 -0.1848456 0.1286687 0.9640103
1769790993.180755 0.7567409 -0.1353015 -0.2622499 0.1581512 -0.1878264 0.1292266 0.9607341
1769790993.347431 0.7816277 -0.1178479 -0.2709412 0.1644666 -0.1939700 0.1301889 0.9583200
1769790993.547429 0.8085077 -0.1091079 -0.2676314 0.1691186 -0.2011740 0.1316319 0.9558248
1769790993.847423 0.8066828 -0.1107564 -0.2702655 0.1709350 -0.2007763 0.1319359 0.9555433
1769790994.314086 0.7947762 -0.1159069 -0.2701339 0.1668876 -0.1991655 0.1271934 0.9572374
1769790994.947428 0.7813858 -0.1244943 -0.2737775 0.1530463 -0.1962875 0.1200108 0.9610648
1769790995.280754 0.7758295 -0.1327178 -0.2748448 0.1432498 -0.1951432 0.1150183 0.9634155
1769790995.614080 0.7618926 -0.1333573 -0.2778003 0.1353219 -0.1911613 0.1094146 0.9660093
1769790995.880762 0.7601768 -0.1279459 -0.2839959 0.1226729 -0.1881943 0.1161501 0.9674934
1769790996.214083 0.7739409 -0.1233612 -0.2911299 0.1062889 -0.1871635 0.1242454 0.9686256
1769790996.480749 0.7839509 -0.1254472 -0.2971635 0.0930163 -0.1854207 0.1284962 0.9697710
1769790996.714082 0.7868624 -0.1255534 -0.2845662 0.0825244 -0.1824481 0.1274599 0.9714198
1769790997.080745 0.7851025 -0.1248440 -0.2613086 0.0698968 -0.1758749 0.1261824 0.9737867
1769790997.647429 0.7972429 -0.1150793 -0.2363826 0.0609386 -0.1682954 0.1242883 0.9759690
1769790998.247441 0.8078449 -0.1199631 -0.2109641 0.0574146 -0.1595402 0.1226570 0.9778577
1769790998.747440 0.8376566 -0.1050412 -0.2185650 0.0624673 -0.1580622 0.1215781 0.9779228
1769790998.980751 0.8539062 -0.1038061 -0.2124586 0.0636193 -0.1600276 0.1224234 0.9774233
1769790999.380756 0.8742286 -0.1089622 -0.2068717 0.0635182 -0.1613025 0.1231959 0.9771232
1769790999.714082 0.8871927 -0.1114694 -0.2022174 0.0639716 -0.1629091 0.1241342 0.9767082
1769790999.980745 0.8980954 -0.1100306 -0.1998709 0.0645392 -0.1648242 0.1250355 0.9762345
1769791000.180751 0.9213974 -0.1008924 -0.2051361 0.0658323 -0.1687040 0.1268782 0.9752472
1769791000.414079 0.9595680 -0.0942242 -0.2186887 0.0656369 -0.1749794 0.1278647 0.9740250
1769791000.714090 0.9565067 -0.0980651 -0.2098525 0.0657096 -0.1752635 0.1276107 0.9740023
