1769790893880669952.000000 0.000000000 0.000000000 0.000000000 -0.000000000 -0.000000000 -0.000000000 1.000000000
1769790894180667904.000000 0.000653738 -0.000564368 -0.000197892 -0.000071763 -0.000085684 -0.000196282 1.000000000
1769790894214014720.000000 -0.000280014 -0.000096755 0.000958828 0.000042501 0.000042395 -0.000591467 0.999999821
1769790894480673024.000000 -0.002210830 0.000392938 0.002116369 0.000200542 0.000582572 -0.000241077 0.999999762
1769790896213997312.000000 -0.001359467 -0.000714414 0.001534758 -0.000137945 0.000402892 -0.000742768 0.999999642
1769790897547336960.000000 -0.001369399 -0.001599318 0.001584829 -0.000424473 0.000236625 -0.000765103 0.999999583
1769790902214016256.000000 -0.000478369 0.002298479 0.001903148 -0.000098174 -0.000076067 0.000185751 1.000000000
1769790904080685568.000000 0.003681128 -0.001455477 -0.003453934 0.003715009 -0.000508761 -0.002021532 0.999990940
1769790905014018560.000000 0.035878263 0.001313830 0.022413533 0.005508872 -0.000304927 -0.001049854 0.999984205
1769790905680679424.000000 0.073082581 0.014813273 0.042663347 0.006519834 0.000333862 -0.000647884 0.999978483
1769790906047346432.000000 0.104029901 0.020822236 0.029250119 0.004832129 -0.002091905 -0.000937297 0.999985754
1769790906414017280.000000 0.131465331 0.047467399 0.045918789 0.006638669 -0.000399286 -0.001862028 0.999976158
1769790906614012928.000000 0.148284048 0.066512391 0.049882688 0.007875201 -0.000179514 -0.001473729 0.999967873
1769790906780690688.000000 0.160688922 0.082545236 0.055335887 0.008173423 0.000173231 -0.002613285 0.999963164
1769790906914010880.000000 0.170630604 0.095528960 0.057981499 0.008232181 0.000314878 -0.003385602 0.999960363
1769790907080674048.000000 0.187630609 0.121097468 0.059848834 0.010377185 0.000147886 -0.003584436 0.999939740
1769790907247343872.000000 0.200543836 0.143645346 0.066974998 0.010896342 0.000936360 -0.004229607 0.999931276
1769790907447340288.000000 0.212046102 0.176668212 0.073230252 0.013540010 0.003575692 -0.005250942 0.999888182
1769790907647344384.000000 0.216931283 0.199181259 0.081661746 0.012339425 0.004994552 -0.007074145 0.999886394
1769790907814010368.000000 0.219279289 0.213696808 0.080668606 0.011559536 0.006826512 -0.005990113 0.999891937
1769790907914013440.000000 0.225420818 0.221098974 0.080585636 0.010233332 0.005965855 -0.006920601 0.999905944
1769790908114016256.000000 0.237302303 0.249440312 0.084065557 0.011466570 0.005913947 -0.006161246 0.999897778
1769790908314038528.000000 0.249125153 0.270797640 0.084757529 0.011267615 0.004398494 -0.006219768 0.999907494
1769790908580698368.000000 0.256382734 0.300602287 0.097980261 0.010637554 0.003966079 -0.008024837 0.999903381
1769790908914030080.000000 0.246310934 0.329657346 0.084671453 0.008367201 0.007710446 -0.012918061 0.999851882
1769790909247380224.000000 0.239700675 0.352839321 0.084457144 0.005504284 0.008868708 -0.018453367 0.999775231
1769790909647364864.000000 0.226772621 0.363599628 0.079179607 0.004044276 0.007343711 -0.019391421 0.999776840
1769790910114035200.000000 0.203669384 0.358387738 0.066348016 0.005062333 0.005748535 -0.019513814 0.999780238
1769790910380711680.000000 0.185646251 0.336359650 0.053352702 0.005251809 0.004488187 -0.015200594 0.999860644
1769790910614031616.000000 0.167921588 0.319265097 0.044417527 0.009275375 0.002994699 -0.011501730 0.999886394
1769790910780704000.000000 0.150372341 0.295419008 0.036881741 0.010709042 0.002310943 -0.008110559 0.999907076
1769790910914067712.000000 0.131600887 0.268804848 0.030731041 0.010608002 0.002426742 -0.007215767 0.999914765
1769790911047396096.000000 0.102193855 0.239579618 0.032975111 0.011116575 0.004540248 -0.005731611 0.999911487
1769790911147375360.000000 0.079570837 0.201927215 0.024576226 0.008452967 0.006028557 -0.005309843 0.999931991
1769790911314036736.000000 0.035499707 0.145376146 0.025102923 0.006379339 0.009318314 -0.007789251 0.999905884
1769790911447363328.000000 0.001246793 0.102392465 0.022788573 0.010378619 0.010307360 -0.010098905 0.999842048
1769790911747370496.000000 -0.042869639 0.018225085 0.001973985 0.027947400 0.000852931 -0.014764133 0.999500036
1769790911914039552.000000 -0.076348722 -0.035138365 -0.002586973 0.035678603 -0.009920201 -0.017276900 0.999164701
1769790912047363328.000000 -0.103299439 -0.060896721 -0.003053481 0.042931784 -0.021792961 -0.024307787 0.998544455
1769790912180696064.000000 -0.124890275 -0.058806747 0.018915510 0.054465730 -0.035261605 -0.022764573 0.997633159
1769790912314044928.000000 -0.156633794 -0.042579539 0.044395447 0.063521288 -0.043891251 -0.020695541 0.996800065
1769790912380697600.000000 -0.164449766 -0.066197097 0.035464797 0.057817128 -0.046569280 -0.019690445 0.997046053
1769790912480693504.000000 -0.151365101 -0.049126714 0.075748630 0.062596768 -0.048293401 -0.006925031 0.996845722
1769790912580709888.000000 -0.110201001 -0.012626852 0.119627751 0.052318942 -0.050797258 0.008822093 0.997298658
1769790912680702720.000000 -0.082823947 0.034736816 0.151569694 0.034695793 -0.053046193 0.012360292 0.997912586
1769790912847360512.000000 -0.070867144 0.059722714 0.152819440 0.018240660 -0.056987338 0.012418859 0.998130977
1769790913014023680.000000 -0.063635796 0.063513622 0.175062746 0.008647502 -0.063051373 0.007951803 0.997941196
1769790913180704000.000000 -0.060464840 0.076959699 0.167785987 0.016169783 -0.067520157 0.006952677 0.997562647
1769790913380728064.000000 -0.056265697 0.088889480 0.144914687 0.037538756 -0.072242744 0.007208479 0.996654332
1769790913514030336.000000 -0.038239680 0.150597662 0.107564010 0.071334407 -0.075963400 0.019763166 0.994359314
1769790913647384832.000000 0.079107843 0.308214366 0.073566079 0.149319455 -0.107747465 0.167016938 0.968607068
1769790913814070272.000000 -0.079103790 0.262876570 0.075707681 0.132075161 -0.067533866 0.058769256 0.987188697
1769790913947365888.000000 -0.082408831 0.263562918 0.083142400 0.139303967 -0.066646412 0.053769942 0.986540198
1769790914114029056.000000 -0.081885152 0.264552981 0.075626560 0.148740813 -0.067244805 0.060338560 0.984740376
1769790914247357440.000000 -0.085180670 0.268013746 0.063772090 0.153697267 -0.067060918 0.057238966 0.984176636
1769790914414026496.000000 -0.086629033 0.264150292 0.051485766 0.155708119 -0.067849040 0.058320295 0.983742952
1769790915980714240.000000 -0.115448043 0.285506934 -0.004622760 0.149695396 -0.081365272 0.058582462 0.983635664
1769790916114040832.000000 -0.107769050 0.288278431 -0.004097947 0.146929577 -0.084252074 0.061663698 0.983621299
1769790916280713472.000000 -0.112042628 0.293733925 -0.004623341 0.142667025 -0.084823936 0.060388554 0.984278560
1769790916480712704.000000 -0.112204671 0.293013275 -0.014673125 0.135704949 -0.087292470 0.061749477 0.984962523
1769790916647384832.000000 -0.120842434 0.309393764 -0.033802699 0.131592572 -0.087211721 0.059827909 0.985646069
1769790916847385088.000000 -0.115782790 0.324514091 -0.032697365 0.126103237 -0.089097410 0.061180092 0.986111879
1769790917147376896.000000 -0.145845935 0.440676898 -0.005820293 0.129260093 -0.086742066 0.060048897 0.985982656
1769790917347377408.000000 -0.154794142 0.501656294 0.017368563 0.133773446 -0.082526103 0.004246660 0.987560689
1769790917514043904.000000 -0.176066533 0.560048819 0.019212753 0.137565866 -0.076585412 -0.044702414 0.986515105
1769790917647378944.000000 -0.189484730 0.605850279 0.029681183 0.140444502 -0.069791004 -0.083328404 0.984104156
1769790917780730880.000000 -0.189669520 0.647405565 0.057617083 0.142902762 -0.065527752 -0.119817086 0.980269790
1769790918014056192.000000 -0.202415094 0.724554241 0.121164300 0.148365542 -0.056230526 -0.179465249 0.970885217
1769790918147386624.000000 -0.211116940 0.759382486 0.104225360 0.148060963 -0.049766496 -0.210187674 0.965102315
1769790918280714752.000000 -0.205997542 0.806513131 0.109954596 0.151438430 -0.045449741 -0.235802576 0.958852410
1769790918414049536.000000 -0.208070442 0.842893541 0.147199929 0.154633224 -0.041026443 -0.261091143 0.951964736
1769790918547379456.000000 -0.193522766 0.872366846 0.145188510 0.155677423 -0.039448377 -0.278751165 0.946840107
1769790918680717824.000000 -0.189474598 0.889829695 0.145900995 0.154050037 -0.036078695 -0.295006096 0.942304850
1769790918814050560.000000 -0.180394471 0.915935695 0.152672693 0.155147448 -0.032766595 -0.310302407 0.937319577
1769790918947400448.000000 -0.167038277 0.944082916 0.165334463 0.157887265 -0.030064037 -0.323408693 0.932509840
1769790919080716032.000000 -0.153838918 0.957645714 0.174514145 0.158081591 -0.026367368 -0.332115144 0.929523826
1769790919214044160.000000 -0.138310835 0.968146384 0.180914819 0.157838479 -0.025968239 -0.339151323 0.927032411
1769790919380712192.000000 -0.112858623 0.977455258 0.186824143 0.158797815 -0.025809625 -0.342036903 0.925812006
1769790919514058752.000000 -0.092493072 0.975816727 0.208129153 0.159093723 -0.027198687 -0.342414528 0.925581872
1769790919680719616.000000 -0.068199322 0.971389055 0.214683458 0.159058258 -0.026933463 -0.339743048 0.926579595
1769790919847392768.000000 -0.028751910 0.959992588 0.191481560 0.157975763 -0.028683590 -0.332183510 0.929448843
1769790920014059008.000000 -0.002342075 0.948511839 0.191480562 0.158587813 -0.028717497 -0.322740048 0.932665050
1769790920214066432.000000 0.047362309 0.914720953 0.200957686 0.158620298 -0.032450687 -0.302462757 0.939309776
1769790920380705280.000000 0.099121213 0.881888509 0.204115465 0.157820627 -0.038383473 -0.278476536 0.946609855
1769790920547379968.000000 0.161797687 0.834661722 0.183955833 0.155735433 -0.047578916 -0.245731622 0.955561996
1769790920747382528.000000 0.238879219 0.778043747 0.191585034 0.154062971 -0.060676087 -0.188320622 0.968048751
1769790920914040576.000000 0.280834496 0.744312167 0.188543722 0.154180884 -0.064101905 -0.141613200 0.975738168
1769790921114046976.000000 0.358839869 0.680059373 0.193026543 0.152770966 -0.073934205 -0.092130154 0.981176257
1769790921314052864.000000 0.418802768 0.629492760 0.201585099 0.168769747 -0.068893135 -0.081513032 0.979860306
1769790921447378432.000000 0.451807231 0.599261045 0.205102012 0.180496931 -0.059856668 -0.074797831 0.978899062
1769790921580720896.000000 0.477390885 0.569762886 0.188970029 0.189986885 -0.047240198 -0.068402663 0.978260934
1769790921680715264.000000 0.523618579 0.561415911 0.177370787 0.199308857 -0.039605651 -0.065419391 0.976948142
1769790921847380992.000000 0.529403508 0.549453139 0.204631954 0.205728233 -0.011231072 -0.065281205 0.976364791
1769790921980783104.000000 0.587945163 0.570090592 0.376673520 0.220842034 0.012183569 -0.073082246 0.972491324
1769790922247377664.000000 0.580321372 0.512841880 0.351587087 0.203207508 0.038719375 -0.074483775 0.975530446
1769790922347385600.000000 0.540732443 0.473983347 0.240962744 0.181900620 0.036074527 -0.059556782 0.980848491
1769790922414047488.000000 0.598685980 0.484983712 0.236352101 0.166122168 0.012147565 -0.040417194 0.985201657
1769790922547393280.000000 0.694301128 0.549499393 0.222457781 0.153103873 -0.028308200 -0.010709864 0.987746537
1769790922780740864.000000 0.755609155 0.523386717 0.271949857 0.120915778 -0.060928229 0.023111360 0.990521610
1769790922947375872.000000 0.809887111 0.458735794 0.268724024 0.099692598 -0.081011310 0.042877492 0.990787625
1769790923347373824.000000 0.827127457 0.472921222 0.255980670 0.126008183 -0.086579561 0.067759335 0.985918164
1769790923814056192.000000 0.806048512 0.451862276 0.176891983 0.152134314 -0.075908162 0.062400047 0.983462930
1769790924280719872.000000 0.809555233 0.439555049 0.156641647 0.164283887 -0.069489457 0.065876856 0.981754661
1769790924947390720.000000 0.850267053 0.445871830 0.176622972 0.168452382 -0.069191515 0.074312553 0.980466247
1769790925514057728.000000 0.891783774 0.497648358 0.221290037 0.170524821 -0.071307451 0.079052456 0.979585290
1769790925947382272.000000 0.878502190 0.540344536 0.225101113 0.162726551 -0.066018790 0.076594658 0.981475890
1769790926314055936.000000 0.858167112 0.610137284 0.226015508 0.159654140 -0.062721394 0.074089348 0.982388616
1769790926714062848.000000 0.854313374 0.664076567 0.267014802 0.152974516 -0.061458599 0.071119219 0.983749866
1769790926947387136.000000 0.848476410 0.708260477 0.264847755 0.151231989 -0.061364051 0.066684842 0.984335542
1769790927147394048.000000 0.835568488 0.736398995 0.245958924 0.148796320 -0.063741855 0.075436637 0.983923793
1769790927280727296.000000 0.827959776 0.748321950 0.244646132 0.143579587 -0.063421018 0.072309278 0.984953821
1769790927380732160.000000 0.827053249 0.757483661 0.249788925 0.141996846 -0.064481676 0.076612145 0.984789133
1769790927480748288.000000 0.820388556 0.768773139 0.245564550 0.139607877 -0.064626053 0.074013621 0.985319793
1769790927580722944.000000 0.811449468 0.781640589 0.246896416 0.137657404 -0.063944370 0.073194019 0.985699832
1769790927714052608.000000 0.796081007 0.804107249 0.248360291 0.135900080 -0.062060319 0.069910258 0.986302316
1769790927847400960.000000 0.785561919 0.821985602 0.251476467 0.134521797 -0.064176120 0.068295822 0.986468971
1769790928014067712.000000 0.762397647 0.848824978 0.248137593 0.134135500 -0.062889382 0.065097839 0.986820638
1769790928114055680.000000 0.754791021 0.863702536 0.238057643 0.133428380 -0.063257217 0.064657472 0.986921906
1769790928214062336.000000 0.741176426 0.870667994 0.221380129 0.130438924 -0.063374713 0.063567609 0.987384677
1769790928380729600.000000 0.716075599 0.890540123 0.203756988 0.128553346 -0.062584586 0.060642604 0.987866223
1769790928514055424.000000 0.697846472 0.904048860 0.199651942 0.127714530 -0.061280787 0.059335660 0.988136113
1769790928780722944.000000 0.671241581 0.929441452 0.212075979 0.129664913 -0.063461177 0.059424721 0.987739086
1769790929014059520.000000 0.642249286 0.933480561 0.198746413 0.126810044 -0.064451329 0.059348278 0.988050103
1769790929214067200.000000 0.615783989 0.935126603 0.182416454 0.126304567 -0.062893324 0.058228049 0.988281906
1769790929380717056.000000 0.597367883 0.929544628 0.168637618 0.124832690 -0.063475035 0.059504762 0.988355637
1769790929647385856.000000 0.572178602 0.916088462 0.153051302 0.125849441 -0.066661045 0.060677450 0.987945616
1769790929780718848.000000 0.558605909 0.902906060 0.136920944 0.125889972 -0.067848042 0.063500591 0.987682164
1769790929947400448.000000 0.543602705 0.888572574 0.117943704 0.127952725 -0.070450090 0.065612666 0.987096727
1769790930047382272.000000 0.534990847 0.880490124 0.114446998 0.130808190 -0.072308645 0.067009926 0.986494005
1769790930114051840.000000 0.528577745 0.867867649 0.106279828 0.130016118 -0.072864890 0.068933174 0.986425221
1769790930214064128.000000 0.520902932 0.856265366 0.094078109 0.132281527 -0.074729137 0.071867965 0.985774934
1769790930347405056.000000 0.512070775 0.837710857 0.083104901 0.135259137 -0.077338599 0.075560316 0.984893084
1769790930414058752.000000 0.507659435 0.822608411 0.073480316 0.134326234 -0.078705147 0.078811735 0.984657705
1769790930514064640.000000 0.501638830 0.816242933 0.062904947 0.139706194 -0.080875590 0.080267400 0.983615041
1769790930580722688.000000 0.498133868 0.802416563 0.053895820 0.139801726 -0.081982225 0.083228096 0.983263731
1769790930647384576.000000 0.494296581 0.792173445 0.041020196 0.141515359 -0.083254881 0.086018696 0.982671261
1769790930680718336.000000 0.491657734 0.784749329 0.035685029 0.141748667 -0.083337389 0.087179706 0.982528329
1769790930714051072.000000 0.491201073 0.778903484 0.031402856 0.142192483 -0.084272243 0.089286163 0.982195199
1769790930780714752.000000 0.491146684 0.769698799 0.023567338 0.144640878 -0.086791217 0.092021808 0.981365561
1769790930847383808.000000 0.490734279 0.757135630 0.009350731 0.146022245 -0.088268749 0.096181817 0.980629981
1769790930880715264.000000 0.492127061 0.757575631 0.006770153 0.148832411 -0.089787081 0.097569481 0.979932368
1769790930947384576.000000 0.489331275 0.743726313 -0.007659597 0.149757862 -0.090987772 0.100790553 0.979354441
1769790930980720640.000000 0.484921545 0.741667747 -0.013169317 0.152098015 -0.090821862 0.101169921 0.978969991
1769790931047398144.000000 0.482950926 0.732898712 -0.027849896 0.155392379 -0.091923572 0.102671951 0.978193104
1769790931180735232.000000 0.476544797 0.706570327 -0.056471672 0.164039418 -0.093004495 0.105593383 0.976366401
1769790931247385344.000000 0.472871453 0.701841533 -0.071558654 0.171667859 -0.094033018 0.107349530 0.974763572
1769790931314059264.000000 0.470431089 0.701270938 -0.081067905 0.180602968 -0.095864438 0.109842516 0.972690761
1769790931380730368.000000 0.466707051 0.692858636 -0.092500955 0.187416747 -0.097496293 0.109494880 0.971277714
1769790931447384320.000000 0.466258287 0.695851207 -0.102756217 0.197317421 -0.100937694 0.110672861 0.968828678
1769790931614042368.000000 0.444103181 0.687180459 -0.106329523 0.219724134 -0.103100762 0.102627687 0.964654922
1769790931714054144.000000 0.427047670 0.708560705 -0.093748920 0.239179507 -0.108043320 0.099027567 0.959850729
1769790931814050304.000000 0.422440529 0.738381743 -0.095298983 0.258562654 -0.117834888 0.092010677 0.954355478
1769790931880717568.000000 0.414913386 0.765130877 -0.085917033 0.273545980 -0.125267491 0.090860054 0.949328780
1769790931980720384.000000 0.407036990 0.776295304 -0.100136623 0.284584135 -0.137937561 0.092977844 0.944108188
1769790932080707840.000000 0.390074611 0.822544575 -0.116379783 0.302555263 -0.147546127 0.088866718 0.937439680
1769790932147378688.000000 0.394262642 0.825108290 -0.105973750 0.306709945 -0.158074707 0.091363132 0.934127510
1769790932247378688.000000 0.388196975 0.829558611 -0.118648902 0.306885630 -0.166060805 0.096941933 0.932119787
1769790932280707584.000000 0.389786780 0.826817572 -0.118146211 0.305434048 -0.168274403 0.099259116 0.931955695
1769790932314052608.000000 0.388093263 0.816809535 -0.115738213 0.302564740 -0.169260353 0.101940587 0.932423532
1769790932347379968.000000 0.388446480 0.817776501 -0.111570582 0.301472872 -0.169589028 0.104214437 0.932466149
1769790932380710912.000000 0.389987588 0.814363003 -0.106001884 0.299925655 -0.168459639 0.105613776 0.933012128
1769790932414046464.000000 0.381611168 0.811983168 -0.094995484 0.292448372 -0.165007412 0.102441467 0.936350524
1769790935180709632.000000 -0.089555539 0.268907726 0.045697536 0.162624493 -0.081643775 0.062601991 0.981309593
1769790935580711424.000000 -0.100693785 0.277887791 0.039625041 0.155475944 -0.083874464 0.060991302 0.982380986
1769790936014057472.000000 -0.107098401 0.288887411 0.040621299 0.144838810 -0.087359376 0.060991827 0.983702242
1769790936480710144.000000 -0.123714469 0.305556417 0.028947044 0.130658835 -0.088629663 0.060464285 0.985604942
1769790936780736256.000000 -0.131400391 0.317368209 0.018786820 0.121024303 -0.089328960 0.060826521 0.986749053
1769790937080720128.000000 -0.142855108 0.328753442 0.006121897 0.114413314 -0.087303989 0.015012627 0.989475727
1769790937680719616.000000 -0.149142608 0.412574083 0.027557444 0.114283890 -0.069247678 -0.160091445 0.978015661
1769790937947376128.000000 -0.149543926 0.503870547 0.063407533 0.121194191 -0.062262885 -0.218314990 0.966319799
1769790938114038016.000000 -0.142848581 0.556127191 0.074643016 0.125854686 -0.058657568 -0.246147111 0.959234834
1769790938280733696.000000 -0.136098325 0.588947415 0.078198940 0.126300171 -0.055485513 -0.270367205 0.952822804
1769790938480702976.000000 -0.122176804 0.639331818 0.066815168 0.129683316 -0.051201127 -0.292535305 0.946035802
1769790938747373568.000000 -0.099500351 0.688013554 0.082281634 0.132957250 -0.046564382 -0.319966793 0.936896682
1769790939114044416.000000 -0.055148400 0.711152315 0.097242035 0.132348001 -0.043620527 -0.337226421 0.931052983
1769790939547365632.000000 0.025005274 0.713416994 0.111521840 0.135617673 -0.045409735 -0.329790294 0.933158159
1769790939847370496.000000 0.094096892 0.675088167 0.128398255 0.133950159 -0.050712656 -0.308478981 0.940386236
1769790940180707072.000000 0.179178372 0.606417239 0.143930882 0.130820438 -0.057542495 -0.264822453 0.953647733
1769790940480699136.000000 0.267026931 0.538817048 0.169370532 0.129858300 -0.067969799 -0.195736587 0.969641209
1769790940647369984.000000 0.334048808 0.490256250 0.174721107 0.127628297 -0.078055210 -0.139708176 0.978825867
1769790940780719360.000000 0.388310701 0.441830754 0.135317802 0.122751348 -0.082480170 -0.107867204 0.983104169
1769790940914042112.000000 0.443165123 0.383558512 0.117175296 0.122151718 -0.084378675 -0.090118483 0.984803498
1769790941047368704.000000 0.488480955 0.344354689 0.108769834 0.131534189 -0.080549449 -0.084840193 0.984384418
1769790941114033920.000000 0.508015037 0.331802458 0.107059225 0.138483092 -0.076750606 -0.082784183 0.983909845
1769790941347374848.000000 0.580664575 0.274693996 0.100444183 0.158007547 -0.059262283 -0.074612074 0.982829928
1769790941447366400.000000 0.617812216 0.248601258 0.099258393 0.164560035 -0.051262699 -0.069121845 0.982605875
1769790941580708608.000000 0.631015778 0.244201347 0.104595713 0.171866640 -0.030099159 -0.064071640 0.982573569
1769790941714035456.000000 0.728770912 0.149600819 0.100511484 0.164549917 -0.020920660 -0.059716016 0.984337151
1769790941880700416.000000 0.783245683 0.105723664 0.157626823 0.160079703 -0.000688254 -0.062752344 0.985107183
1769790942080707072.000000 0.821813524 0.043493588 0.139848262 0.143184826 -0.001848366 -0.053753797 0.988233387
1769790942180701440.000000 0.928950489 -0.071145400 0.146501139 0.096808225 -0.034291636 -0.028144354 0.994313896
1769790942314030336.000000 0.959887683 -0.029227987 0.093310595 0.070373736 -0.058133442 -0.021174688 0.995600164
1769790942547367424.000000 1.032837272 -0.052540433 0.105723374 0.039889384 -0.093211502 0.021213936 0.994620740
1769790943114081536.000000 1.113648176 -0.094604820 0.134580523 0.046148293 -0.117162056 0.060512178 0.990192771
1769790943914031872.000000 1.195412159 -0.118238159 0.142642826 0.090286240 -0.119008236 0.076795347 0.985793054
1769790944414034432.000000 1.223974228 -0.109037206 0.131643265 0.096834898 -0.118733585 0.085114330 0.984520614
1769790945447369216.000000 1.236375093 -0.045555282 0.152787492 0.093210638 -0.110986933 0.092545286 0.985103607
1769790945780695552.000000 1.223624468 -0.001543876 0.144412607 0.088892423 -0.108328141 0.091854319 0.985863090
1769790946147360768.000000 1.182963014 0.078615136 0.143312544 0.087566569 -0.103021592 0.090965517 0.986632645
1769790946447366144.000000 1.176107049 0.114369884 0.132811517 0.081272706 -0.103098854 0.091992550 0.987067759
1769790946747359232.000000 1.138718009 0.162471563 0.136487424 0.076548703 -0.099546820 0.092391752 0.987772524
1769790947014053632.000000 1.097446203 0.233130679 0.139106303 0.075470984 -0.095670581 0.081902519 0.989162922
1769790947280708608.000000 1.069549441 0.262842149 0.133487999 0.069220200 -0.093433149 0.074328244 0.990431309
1769790947480711168.000000 1.052115440 0.292906672 0.134129450 0.065950409 -0.091506012 0.068107158 0.991281331
1769790948080721664.000000 0.901047289 0.447741181 0.100984327 0.072545640 -0.077146448 0.056873973 0.992749155
1769790948347382272.000000 0.850793958 0.486042112 0.103066705 0.073771946 -0.074415818 0.052455150 0.993110538
1769790948380710400.000000 0.844740510 0.490987271 0.106886879 0.073695011 -0.074877597 0.054869197 0.992951035
1769790948647385856.000000 0.800072014 0.514952242 0.103746660 0.076120950 -0.074651927 0.053211760 0.992875218
1769790948947385344.000000 0.750351429 0.520557463 0.093205370 0.074112035 -0.072591521 0.054730490 0.993097425
1769790949247383296.000000 0.706847608 0.508286417 0.070773870 0.072957218 -0.071929559 0.055926621 0.993164420
1769790949414044416.000000 0.681363046 0.496916652 0.061379325 0.073905684 -0.072321035 0.056125805 0.993054688
1769790949580723968.000000 0.640896320 0.476743340 0.058376506 0.074075572 -0.069456518 0.057593767 0.993162394
1769790949747448832.000000 0.615926683 0.455700099 0.048181117 0.075089172 -0.069036417 0.061175693 0.992901385
1769790949880713216.000000 0.585933924 0.440254986 0.031403754 0.078352235 -0.065659083 0.059234295 0.992996037
1769790950014040832.000000 0.579490662 0.430312037 0.032360632 0.083437346 -0.069506794 0.061791632 0.992163718
1769790950114051328.000000 0.569776297 0.411751270 0.018743228 0.084139660 -0.070126802 0.066759884 0.991738856
1769790950247378176.000000 0.563096404 0.395959049 0.003288185 0.088577785 -0.073717527 0.069867998 0.990877509
1769790950347374336.000000 0.540106893 0.392295182 -0.011073861 0.095881686 -0.071205392 0.064840175 0.990723073
1769790950414040320.000000 0.529338241 0.359844595 -0.019063409 0.091614313 -0.070039257 0.066224113 0.991118431
1769790950547383296.000000 0.518454075 0.348699898 -0.025461696 0.101136789 -0.073766477 0.065917253 0.989941835
1769790950647380224.000000 0.502907991 0.295473456 -0.044314440 0.093320318 -0.071671359 0.072400175 0.990410388
1769790950714051840.000000 0.499290287 0.302274436 -0.054258343 0.102093786 -0.073977955 0.071962558 0.989406645
1769790950847388416.000000 0.481706142 0.232590541 -0.065705791 0.095502578 -0.073549971 0.074920967 0.989877045
1769790950980713728.000000 0.463939816 0.183600157 -0.081533693 0.101193152 -0.074028194 0.076721981 0.989137769
1769790951147380480.000000 0.418476790 0.125940830 -0.080733091 0.109690331 -0.071217671 0.074747935 0.988589346
1769790951247376896.000000 0.375942618 0.165885717 -0.082821429 0.133261606 -0.067198135 0.079266876 0.985617876
1769790951447374592.000000 0.341676712 0.275212139 0.049449541 0.168332502 -0.086703390 0.083951607 0.978314281
1769790951580715264.000000 0.312650919 0.197032049 0.004343931 0.167927071 -0.094064072 0.068565741 0.978903055
1769790951714048000.000000 0.305233151 0.196960077 -0.007989084 0.181575447 -0.111052752 0.068172187 0.974705160
1769790951780711680.000000 0.289660156 0.196857691 -0.011547221 0.188389242 -0.118343614 0.066812553 0.972646117
1769790951847383040.000000 0.282651901 0.200615644 -0.006840145 0.193435848 -0.127362475 0.066469893 0.970537543
1769790951880711424.000000 0.283140868 0.195555508 0.001138067 0.194443896 -0.132215425 0.068494268 0.969545901
1769790951980706816.000000 0.279095948 0.186885566 -0.006031482 0.194911987 -0.141724914 0.072148435 0.967841923
1769790952014065664.000000 0.274584651 0.181526154 -0.003997389 0.193419546 -0.142896727 0.074244305 0.967810512
1769790952047382784.000000 0.272154421 0.179158047 0.008993130 0.192721635 -0.144260257 0.077371277 0.967502475
1769790952114049792.000000 0.268195480 0.170899600 0.019449215 0.189063475 -0.143503129 0.081109636 0.968030512
1769790952147376896.000000 0.271751463 0.181704387 0.038061559 0.189809456 -0.143374413 0.083158597 0.967729747
1769790952180707584.000000 0.270014197 0.192281753 0.074048378 0.183053672 -0.142777905 0.083181910 0.969116449
1769790952247436288.000000 0.260139793 0.171119481 0.035826188 0.153049037 -0.136938617 0.076632909 0.975679874
1769790952280706304.000000 0.256706238 0.173243552 0.046768017 0.143624440 -0.135763973 0.074798353 0.977417707
1769790952347372288.000000 0.259832829 0.153764024 0.027919468 0.125377893 -0.132971451 0.072751917 0.980462253
1769790952447390208.000000 0.237183332 0.117669277 0.016838919 0.105302855 -0.127648532 0.068639442 0.983822048
1769790952647390464.000000 0.198355585 0.053338777 -0.004220979 0.079153590 -0.119064957 0.064132139 0.987646341
1769790952814038528.000000 0.163725227 -0.002995499 -0.008883811 0.071205638 -0.111836217 0.061332885 0.989272833
1769790952947382016.000000 0.161544234 -0.005266318 0.019502163 0.077511162 -0.109279655 0.060585257 0.989130676
1769790953147377408.000000 0.162500769 -0.004905633 0.008716772 0.093954794 -0.104037307 0.061699051 0.988201380
1769790953414046208.000000 0.158348143 -0.005466406 0.015145835 0.110395968 -0.100009002 0.063237257 0.986819148
1769790953580712448.000000 0.159521595 -0.008200744 0.019107394 0.117391594 -0.099201217 0.063787118 0.986057580
1769790953747377920.000000 0.155334279 -0.009476574 0.011908690 0.122868873 -0.098648809 0.064303212 0.985412002
1769790954347371776.000000 0.144925237 -0.008427280 0.011515205 0.131002352 -0.100066334 0.062552229 0.984333456
1769790954714041344.000000 0.140318647 -0.000867484 0.013367738 0.131269276 -0.102944180 0.062651590 0.983994722
1769790954914048512.000000 0.136259139 0.003525044 0.018782908 0.129671350 -0.104614988 0.062761895 0.984023392
1769790955080701952.000000 0.131541759 0.011180073 0.015799372 0.127962112 -0.105527282 0.061939746 0.984201789
1769790955380701696.000000 0.125168860 0.008139579 0.006400498 0.120642655 -0.107411481 0.061353989 0.984958768
1769790955580719616.000000 0.120348886 0.018862098 0.013355585 0.116932452 -0.108861715 0.060060702 0.985326707
1769790955814063616.000000 0.117377914 0.022747550 0.019441692 0.110275388 -0.110615104 0.060164567 0.985892415
1769790956080718336.000000 0.112670116 0.035669364 0.023540277 0.102822803 -0.112354897 0.059868678 0.986518979
1769790956280721152.000000 0.104846716 0.041382160 0.013042421 0.095878579 -0.112217546 0.060418706 0.987200141
1769790956480703488.000000 0.100086845 0.053088367 0.011438647 0.090829633 -0.112862714 0.059226692 0.987676144
1769790956714044928.000000 0.085414484 0.080606081 0.014633185 0.086603932 -0.110881589 0.048357278 0.988871396
1769790956880714240.000000 0.079720221 0.120931655 0.021159844 0.090633988 -0.110126674 -0.002433243 0.989773571
1769790957047371264.000000 0.071072370 0.146421432 0.017311038 0.092744820 -0.104538560 -0.057122502 0.988537848
1769790957280700160.000000 0.060580444 0.207405835 0.030949429 0.095539011 -0.099813133 -0.115663968 0.983631790
1769790957514047744.000000 0.050610404 0.242836878 0.031912383 0.098102435 -0.092754714 -0.180960596 0.974179566
1769790957847367424.000000 0.047585145 0.321516812 0.035247680 0.102690071 -0.084369399 -0.247042209 0.959847271
1769790958047399168.000000 0.063038796 0.365785241 0.053030103 0.106473871 -0.083714627 -0.275790036 0.951627553
1769790958147368704.000000 0.070181176 0.382086545 0.047349725 0.106878094 -0.082284249 -0.288819075 0.947834373
1769790958280711936.000000 0.082174234 0.407378554 0.037294898 0.108573519 -0.080356590 -0.303322822 0.943265557
1769790958447377152.000000 0.095645308 0.442375362 0.022142611 0.110683449 -0.076359048 -0.321047127 0.937468529
1769790958714036480.000000 0.116311729 0.468195558 0.043485221 0.111187249 -0.071097359 -0.338762373 0.931569993
1769790959080703488.000000 0.173846215 0.482390046 0.056545407 0.112973101 -0.072369821 -0.342323661 0.929953873
1769790959514033920.000000 0.253254473 0.446108013 0.085175604 0.110447757 -0.074772894 -0.322495550 0.937126994
1769790959780727040.000000 0.308599085 0.424137235 0.106824696 0.113682993 -0.075334579 -0.295346946 0.945606172
1769790959947367168.000000 0.320459276 0.465810597 0.098713078 0.129046634 -0.063345559 -0.267925411 0.952654362
1769790960247379200.000000 0.413502097 0.330294937 0.119025372 0.109594390 -0.077509686 -0.192872882 0.971998692
1769790960514073600.000000 0.439210236 0.220669582 0.120326564 0.093538843 -0.068624429 -0.109389402 0.987205744
1769790960680704256.000000 0.474823743 0.216387689 0.117323287 0.107708246 -0.063422129 -0.082893066 0.988688707
1769790960880700416.000000 0.527212143 0.157969669 0.107994907 0.122268565 -0.052234411 -0.076648742 0.988153279
1769790961080718592.000000 0.978023648 0.086092681 0.039827116 0.137019143 -0.119597040 -0.054316882 0.981820762
1769790961280711680.000000 0.860452652 0.112717636 -0.007327967 0.152782157 -0.075447507 -0.053034719 0.983947515
1769790961480721664.000000 0.839809537 0.104037896 0.076238357 0.160174891 -0.036124643 -0.055672586 0.984855115
1769790961680719360.000000 0.827429950 0.044404354 0.119592287 0.150860742 -0.006339900 -0.057172265 0.986880064
1769790961847391744.000000 0.848596811 0.010208633 0.114531688 0.137701094 -0.007685964 -0.050172932 0.989172399
1769790961914053376.000000 0.874722302 0.013231510 0.116176046 0.115599364 -0.022744307 -0.041358206 0.992173851
1769790962080715776.000000 0.934047639 -0.020473206 0.101121083 0.070862830 -0.057756554 -0.015983745 0.995684266
1769790962414090240.000000 1.060157657 -0.067489624 0.143652126 0.031825967 -0.104195945 0.031854112 0.993536949
1769790962647379712.000000 1.173363924 -0.104650065 0.159105659 0.029042291 -0.128675386 0.067295946 0.988974452
1769790962947378688.000000 1.154963970 -0.119304188 0.095581613 0.050031684 -0.122990653 0.070493542 0.988635838
1769790963247382528.000000 1.153079033 -0.113443829 0.094981663 0.072949767 -0.118528135 0.073229544 0.987555981
1769790963580728832.000000 1.195461869 -0.122371294 0.118682154 0.087393425 -0.120493531 0.080285341 0.985595286
1769790964147380992.000000 1.215755939 -0.117050745 0.107839949 0.095816515 -0.116580941 0.086450897 0.984761059
1769790964547385088.000000 1.232677221 -0.102242589 0.118655369 0.097349592 -0.114787593 0.090497330 0.984457791
1769790964814049792.000000 1.239246368 -0.083014779 0.131381899 0.096397333 -0.113225989 0.090748176 0.984709203
1769790965147414272.000000 1.234477997 -0.051839858 0.141848385 0.092782147 -0.110353455 0.088599160 0.985577881
1769790965347380992.000000 1.228671908 -0.002130686 0.124600537 0.093958288 -0.108758308 0.087469824 0.985744655
1769790966047419648.000000 1.171984673 0.092356741 0.122532010 0.083204471 -0.100275643 0.088141859 0.987548947
1769790966347381248.000000 1.165872812 0.136054367 0.138679922 0.078204490 -0.101552777 0.089244097 0.987728000
1769790966614046720.000000 1.106691837 0.225192606 0.156965494 0.082138851 -0.093356207 0.081299253 0.988902569
1769790966780715008.000000 1.089385986 0.246259421 0.156840146 0.078048401 -0.092952088 0.076641701 0.989643574
1769790966880711680.000000 1.079421639 0.254757375 0.156929851 0.074599735 -0.091852486 0.072645903 0.990313411
1769790967114053632.000000 1.085513353 0.268450886 0.164664075 0.069587238 -0.096491009 0.084304228 0.989312887
1769790967247384576.000000 1.068371415 0.291969448 0.173464462 0.067893714 -0.093785591 0.079069838 0.990122557
1769790967380711424.000000 1.055052757 0.311515063 0.167097911 0.067496091 -0.094483688 0.077883400 0.990177393
1769790967547378176.000000 1.029904842 0.336005062 0.163812593 0.066689044 -0.093117863 0.074350305 0.990633011
1769790967680713728.000000 1.015357256 0.360286057 0.158239678 0.067492209 -0.092835136 0.071795844 0.990793526
1769790968014052608.000000 0.951207995 0.401560545 0.136254489 0.064536318 -0.087264448 0.060678657 0.992238939
1769790968214055168.000000 0.941363871 0.436795592 0.136419177 0.065426357 -0.091314614 0.063490905 0.991640031
1769790968247382272.000000 0.925556123 0.424502313 0.148017272 0.065757982 -0.088490114 0.059172764 0.992141128
1769790968314051072.000000 0.916506231 0.427743971 0.136869252 0.065192796 -0.088765897 0.058985963 0.992164910
1769790968380712192.000000 0.906464756 0.432886124 0.128435984 0.066206850 -0.088759109 0.057679843 0.992175162
1769790968547383296.000000 0.884812593 0.435452282 0.107793115 0.065001905 -0.087893739 0.059837338 0.992204070
1769790968647378944.000000 0.875615180 0.440648586 0.105950676 0.064513095 -0.089638829 0.058776464 0.992143273
1769790968814052864.000000 0.867871344 0.426582158 0.115838066 0.064825848 -0.092270821 0.068994157 0.991223276
1769790968914048000.000000 0.848298430 0.418402910 0.109241523 0.063175216 -0.089706033 0.064568229 0.991863251
1769790969080708864.000000 0.833412230 0.408730656 0.101227596 0.064047553 -0.092023216 0.068099491 0.991358697
1769790969214039552.000000 0.815659523 0.401030421 0.098533794 0.065728925 -0.092568181 0.069584839 0.991094768
1769790969347419136.000000 0.787670970 0.374200106 0.095021337 0.063526295 -0.090505347 0.069152035 0.991459131
1769790969414039552.000000 0.775750339 0.364677876 0.088336095 0.063796185 -0.089546882 0.069386922 0.991512418
1769790969614059008.000000 0.755605161 0.323199302 0.067261755 0.061892260 -0.091047980 0.071659870 0.991334677
1769790969680724736.000000 0.746881247 0.314226210 0.064440876 0.062066823 -0.091055706 0.071973279 0.991300404
1769790969814067456.000000 0.734656155 0.294573545 0.053881574 0.064824410 -0.092300147 0.076319002 0.990683556
1769790969880716032.000000 0.726716995 0.286815405 0.053789914 0.066283680 -0.092711270 0.075846523 0.990584910
1769790969980718592.000000 0.718932509 0.271195710 0.045041393 0.068391941 -0.094046250 0.080778569 0.989925623
1769790970047389696.000000 0.713342726 0.256190330 0.034132563 0.068725795 -0.094338648 0.084483907 0.989565313
1769790970114049792.000000 0.712671697 0.247753754 0.031680774 0.071059585 -0.096664049 0.086558476 0.988996625
1769790970147382528.000000 0.709930301 0.237797186 0.030033186 0.070191659 -0.097109653 0.087448210 0.988936603
1769790970314050560.000000 0.647213101 0.202248558 0.053893443 0.074989542 -0.087839849 0.088196903 0.989384711
1769790970414048000.000000 0.612761497 0.185290605 0.060008377 0.079267755 -0.080634736 0.091663614 0.989349544
1769790970480719360.000000 0.602236032 0.164195135 0.054957613 0.079407133 -0.080144361 0.093431346 0.989212811
1769790970547385856.000000 0.602149606 0.161790997 0.066246986 0.083804063 -0.082192168 0.094515391 0.988578916
1769790970614058496.000000 0.613494217 0.159239948 0.052538432 0.089276940 -0.086597614 0.097198360 0.987462878
1769790970647387648.000000 0.609115720 0.163928658 0.053381566 0.094348945 -0.086845189 0.097020864 0.986986935
1769790970680717824.000000 0.605848432 0.153938457 0.040365677 0.095940873 -0.086521856 0.096048437 0.986956954
1769790970714049024.000000 0.604046643 0.158734500 0.038357157 0.101742111 -0.087644145 0.096751958 0.986207962
1769790970780726784.000000 0.556611419 0.130762786 0.045617826 0.105586499 -0.079487406 0.095488220 0.986618102
1769790970847394048.000000 0.520678937 0.112355284 0.057993636 0.112404294 -0.075478218 0.095244005 0.986203253
1769790970914053120.000000 0.535319805 0.119401939 0.051718015 0.122306004 -0.081938043 0.094949730 0.984536409
1769790970947394304.000000 0.528161645 0.124207839 0.049924657 0.127770692 -0.081871249 0.095582947 0.983786404
1769790971047389952.000000 0.514269471 0.114406057 0.038834207 0.138250798 -0.084619299 0.097906917 0.981906593
1769790971114055936.000000 0.498733401 0.110525027 0.031749919 0.147396475 -0.084205098 0.097347751 0.980666697
1769790971147388160.000000 0.492497355 0.110929117 0.037690207 0.153435320 -0.084748246 0.095171802 0.979907036
1769790971247383552.000000 0.508699477 0.103625543 0.029594302 0.164140269 -0.097489625 0.100311741 0.976468801
1769790971314047744.000000 0.503816783 0.123865142 0.037878845 0.178382069 -0.104702137 0.098075837 0.973446667
1769790971380738304.000000 0.476341754 0.137699366 0.040724080 0.190168992 -0.109289944 0.101429045 0.970362604
1769790971514055424.000000 0.430412233 0.115625508 0.057429619 0.205709606 -0.121305712 0.104317516 0.965446234
1769790971714098176.000000 0.412802517 0.141640291 0.000933293 0.223673731 -0.143157080 0.105717883 0.958279669
1769790971947397888.000000 0.420116305 0.125602871 -0.011184964 0.202692538 -0.150530294 0.125362724 0.959448099
1769790972014054144.000000 0.418228328 0.119927138 -0.040661134 0.178247184 -0.149091601 0.119581379 0.965246081
1769790972280732672.000000 0.331780791 0.129430667 -0.138892293 0.138890445 -0.126339182 0.085989900 0.978444517
1769790972314054656.000000 0.334692031 0.125435382 -0.130607098 0.135780990 -0.126750782 0.085991114 0.978827536
1769790972414068736.000000 0.323750138 0.119339168 -0.120160341 0.131210953 -0.124686956 0.080845371 0.980153501
1769790972547407360.000000 0.320989192 0.110017970 -0.160944417 0.129914045 -0.121239364 0.071780026 0.981463671
1769790972680715008.000000 0.335527569 0.125961035 -0.175840497 0.139437631 -0.122787207 0.075815432 0.979659379
1769790972714044928.000000 0.337412566 0.123498291 -0.174063131 0.141788974 -0.123054102 0.077310093 0.979171455
1769790972980711936.000000 0.352680773 0.149204150 -0.204770595 0.169967577 -0.121967390 0.086041838 0.974079967
1769790973180721408.000000 0.351522207 0.168083161 -0.236695841 0.185804531 -0.120020613 0.087387390 0.971305907
1769790973580722688.000000 0.382424027 0.211152568 -0.256427705 0.209391326 -0.129242986 0.083941430 0.965611458
1769790973880712704.000000 0.408071727 0.223885134 -0.282485723 0.215429947 -0.138758227 0.085584626 0.962814331
1769790974347420672.000000 0.427744329 0.222823367 -0.314933419 0.213714465 -0.149201632 0.082742997 0.961882830
1769790974614047488.000000 0.437768668 0.218314946 -0.332601160 0.207588091 -0.155200541 0.076766156 0.962770462
1769790974880719872.000000 0.456736863 0.201928273 -0.347684801 0.196087405 -0.163747594 0.073316067 0.964033842
1769790975114063616.000000 0.476089209 0.178668112 -0.349750131 0.182607532 -0.171197936 0.068466336 0.965742290
1769790975280722944.000000 0.486810148 0.158375248 -0.345150590 0.172154248 -0.175530910 0.067117877 0.966978312
1769790975447386880.000000 0.494614869 0.138564944 -0.351166517 0.160444558 -0.179305360 0.064921506 0.968448460
1769790975580732928.000000 0.507347584 0.114996634 -0.360471517 0.149415299 -0.183518201 0.069247074 0.969123840
1769790975747378432.000000 0.523221135 0.085101672 -0.369900197 0.134306431 -0.189127088 0.069870278 0.970211804
1769790975914044672.000000 0.541863263 0.041606307 -0.391734749 0.116019845 -0.194204405 0.077127174 0.971017778
1769790976080718848.000000 0.545227647 0.032679256 -0.392826051 0.105962195 -0.196531326 0.069387279 0.972282290
1769790976214066944.000000 0.544749975 0.022547444 -0.391867578 0.096529260 -0.197200701 0.062148936 0.973617792
1769790976347383040.000000 0.551542997 0.011219624 -0.392413229 0.086812556 -0.199110597 0.055226006 0.974560797
1769790976480715008.000000 0.536803722 0.005075751 -0.400878817 0.079654962 -0.195230812 0.040905938 0.976661026
1769790976614045696.000000 0.500086546 0.012109391 -0.411721706 0.079839401 -0.186319739 -0.003664270 0.979232967
1769790976747392256.000000 0.472461134 0.029214852 -0.406663597 0.079649836 -0.178707287 -0.043137956 0.979723811
1769790976880724992.000000 0.467047334 0.021651397 -0.410452664 0.075831696 -0.176265016 -0.086711273 0.977579355
1769790976980739072.000000 0.464186728 0.048527971 -0.408415943 0.079508848 -0.174416095 -0.112329282 0.975007415
1769790977147381760.000000 0.443311125 0.067027017 -0.402959943 0.077625334 -0.169004694 -0.154603526 0.970314145
1769790977314075648.000000 0.426687539 0.100273855 -0.404332608 0.079356998 -0.163430408 -0.190215930 0.964785397
1769790977480720640.000000 0.413458377 0.141837925 -0.402600557 0.083057560 -0.157463148 -0.221600413 0.958749235
1769790977680723712.000000 0.411907107 0.196389258 -0.409141660 0.090137452 -0.151059523 -0.254113048 0.951043069
1769790977847386880.000000 0.410281152 0.225432575 -0.395464152 0.091518536 -0.147844449 -0.276665330 0.945104599
1769790978014063104.000000 0.422795057 0.251478434 -0.394468397 0.092530504 -0.146789610 -0.293582588 0.940053284
1769790978147394816.000000 0.433654755 0.273628771 -0.393007427 0.094566070 -0.145393863 -0.305691451 0.936200142
1769790978247408640.000000 0.443546742 0.286280423 -0.393220723 0.095398270 -0.144274354 -0.314193517 0.933470190
1769790978380732928.000000 0.460568190 0.301431805 -0.404839128 0.096535571 -0.140463158 -0.324149072 0.930525839
1769790978614095104.000000 0.490290612 0.320286691 -0.403973281 0.098204181 -0.139509901 -0.332658947 0.927486420
1769790978847385088.000000 0.522780716 0.324624449 -0.387045532 0.098838970 -0.139195815 -0.333018035 0.927337289
1769790979180723456.000000 0.584661126 0.308570415 -0.362847626 0.097411722 -0.140808448 -0.316866964 0.932887614
1769790979414049024.000000 0.627146959 0.286604762 -0.330671847 0.096641690 -0.142378762 -0.296285212 0.939469934
1769790979680719104.000000 0.711055636 0.223995060 -0.304515719 0.088560171 -0.152443334 -0.260504633 0.949239433
1769790979814048768.000000 0.730768323 0.215789497 -0.293401688 0.090258397 -0.148130715 -0.232229128 0.957068622
1769790979947384832.000000 0.771224439 0.189469099 -0.280730069 0.087661564 -0.150951400 -0.198435947 0.964444041
1769790980047393792.000000 0.810582519 0.165785134 -0.263952017 0.084437758 -0.155940428 -0.165417090 0.970149517
1769790980080718592.000000 0.818065643 0.160310134 -0.260576665 0.083822198 -0.155861139 -0.154028609 0.972088635
1769790980214077952.000000 0.858537793 0.126532450 -0.241702661 0.078964792 -0.158241987 -0.110652529 0.977998018
1769790980347388416.000000 0.905413806 0.097319484 -0.226980478 0.076658420 -0.160907522 -0.074551679 0.981159687
1769790980514053120.000000 0.942389309 0.063315094 -0.195342883 0.086901739 -0.156872064 -0.057772905 0.982090414
1769790980680728320.000000 0.983929157 0.031637944 -0.186865225 0.103609756 -0.145224378 -0.053712949 0.982491672
1769790980814065664.000000 0.997997880 0.009858575 -0.164444536 0.116379671 -0.131495506 -0.047943838 0.983293474
1769790980880715520.000000 1.014005065 0.000509944 -0.157555595 0.123279154 -0.125378609 -0.045420002 0.983371496
1769790980947393024.000000 1.019213200 -0.010821896 -0.149884969 0.128820002 -0.117290393 -0.042648040 0.983783305
1769790981114049536.000000 0.976514459 -0.033190582 -0.089579485 0.136188030 -0.081754312 -0.042907733 0.986371160
1769790981214048512.000000 0.975034952 -0.049055927 -0.062870041 0.137353897 -0.063628867 -0.041082088 0.987622201
1769790981414056192.000000 0.954657137 -0.061414059 -0.023131896 0.134632215 -0.029855667 -0.044566330 0.989442587
1769790981647393792.000000 0.979591250 -0.070307598 -0.029058609 0.111028425 -0.033622436 -0.038984697 0.992482960
1769790981747389440.000000 1.009798408 -0.072117060 -0.019412555 0.080733635 -0.056774408 -0.020609215 0.994904041
1769790981847386112.000000 1.034086347 -0.074935369 0.009988874 0.062572360 -0.074543789 -0.004035393 0.995244563
1769790981980719104.000000 1.059210420 -0.093639798 0.056248229 0.041792341 -0.091743834 0.016403979 0.994769990
1769790982214052608.000000 1.124933481 -0.120123260 0.086289704 0.022516623 -0.116186194 0.048552457 0.991784453
1769790982480719616.000000 1.159566402 -0.148090333 0.082723461 0.025225174 -0.126311913 0.069511779 0.989230573
1769790982747397888.000000 1.199602842 -0.150853634 0.095024958 0.049327057 -0.130334795 0.080040470 0.987002194
1769790983047380992.000000 1.228024602 -0.164246619 0.098397978 0.068081424 -0.130648777 0.087199837 0.985237002
1769790983380723456.000000 1.253929973 -0.167187288 0.105283633 0.081697747 -0.129855782 0.092997193 0.983775675
1769790983947383552.000000 1.296267629 -0.151832372 0.124528900 0.089942783 -0.129894868 0.099016294 0.982462943
1769790984714056448.000000 1.321746826 -0.112696201 0.156371027 0.088909782 -0.125364780 0.103502430 0.982683063
1769790985280727552.000000 1.310743570 -0.059576187 0.149635702 0.080085397 -0.121761724 0.104091085 0.983832002
1769790985614055936.000000 1.305286884 -0.016728949 0.148538932 0.074397266 -0.121441677 0.105317302 0.984187603
1769790985947387392.000000 1.297440886 0.026421769 0.153600320 0.068016239 -0.121545874 0.105479017 0.984619021
1769790986280717568.000000 1.290819645 0.067958027 0.160792485 0.061433792 -0.123421729 0.106266141 0.984733701
1769790986580718336.000000 1.278559566 0.099899903 0.160356507 0.054508939 -0.124958187 0.106290646 0.984944940
1769790986814050048.000000 1.272673130 0.123121105 0.155169427 0.049457911 -0.126198024 0.108620815 0.984799206
1769790987014055424.000000 1.258111358 0.157019064 0.154063851 0.047412921 -0.125429124 0.106660433 0.985212266
1769790987314048768.000000 1.229376912 0.206949711 0.138850823 0.046477851 -0.126845166 0.100829005 0.985689461
1769790987580717824.000000 1.199939251 0.240325868 0.107110634 0.045321982 -0.125904754 0.097195789 0.986228645
1769790987847382784.000000 1.169335246 0.266162962 0.101754270 0.044462152 -0.126721263 0.096487895 0.986232698
1769790988114049792.000000 1.135092854 0.282827049 0.086415380 0.045408033 -0.127678454 0.095216624 0.986189723
1769790988380747008.000000 1.102008581 0.288702637 0.077543743 0.044753473 -0.127202079 0.093906961 0.986406744
1769790988680715520.000000 1.071753979 0.278349906 0.061584257 0.043547235 -0.128338411 0.094966367 0.986212134
1769790989014046976.000000 1.035318613 0.250375569 0.041103922 0.043724947 -0.129222095 0.096040748 0.985984802
1769790989280711680.000000 1.008216619 0.213382527 0.023476962 0.044213463 -0.130415589 0.097312234 0.985681176
1769790989447393280.000000 0.990973830 0.185624719 0.008295301 0.044976193 -0.130538955 0.098948397 0.985467374
1769790989614060544.000000 0.977531433 0.150538251 -0.005936533 0.045243364 -0.131994933 0.100294210 0.985125124
1769790989747386112.000000 0.964335322 0.122168556 -0.020450823 0.046087388 -0.132038891 0.102048323 0.984899938
1769790989847385344.000000 0.957346916 0.100042716 -0.033222951 0.046683442 -0.132362872 0.103935018 0.984631002
1769790989980716544.000000 0.948370695 0.058458984 -0.050681047 0.045489419 -0.132544085 0.104056120 0.984649777
1769790990080716544.000000 0.941567898 0.031625222 -0.069086619 0.046478171 -0.133072287 0.106211424 0.984302163
1769790990147379456.000000 0.937531233 0.014781618 -0.078297034 0.047451399 -0.133278504 0.107186973 0.984122038
1769790990214055168.000000 0.931781948 -0.001406326 -0.089443207 0.048855644 -0.133524016 0.108416244 0.983885348
1769790990280711680.000000 0.922508657 -0.022386454 -0.096412010 0.049363557 -0.132914558 0.106907748 0.984107614
1769790990414048768.000000 0.896002412 -0.070541158 -0.104740113 0.054296728 -0.130682945 0.103442378 0.984516919
1769790990480711936.000000 0.888307333 -0.089338727 -0.115117237 0.059043553 -0.130090654 0.103046238 0.984363616
1769790990547385344.000000 0.881453395 -0.107207313 -0.130878940 0.064104512 -0.129673719 0.103346378 0.984070599
1769790990647384320.000000 0.866158962 -0.138615236 -0.141716629 0.071582131 -0.130229622 0.102972880 0.983520687
1769790990780715008.000000 0.852087140 -0.173684210 -0.152563453 0.082107931 -0.133554861 0.104548126 0.982085109
1769790990880718336.000000 0.846614420 -0.200298995 -0.156901941 0.091327034 -0.136547744 0.106133051 0.980688453
1769790990980715520.000000 0.840576351 -0.234404743 -0.162699357 0.098239325 -0.142991379 0.105029926 0.979219675
1769790991080722944.000000 0.836465716 -0.261999518 -0.180191875 0.106298670 -0.151638672 0.106930695 0.976868570
1769790991180721664.000000 0.827728689 -0.301459730 -0.201149896 0.112224445 -0.161913186 0.106954932 0.974551439
1769790991214051328.000000 0.827446759 -0.317365140 -0.207046598 0.113656238 -0.165975690 0.108911768 0.973484755
1769790991247424768.000000 0.820792496 -0.327018946 -0.202811807 0.116307810 -0.169965625 0.108122684 0.972570658
1769790991280741120.000000 0.810206532 -0.331778467 -0.197044551 0.119167008 -0.172977105 0.107907988 0.971717060
1769790991314064896.000000 0.796548545 -0.338465422 -0.170362473 0.122919194 -0.177614704 0.105954804 0.970627367
1769790991347411200.000000 0.791296721 -0.338529587 -0.161153078 0.126283228 -0.182193354 0.106507950 0.969285429
1769790991414059264.000000 0.788108706 -0.340720087 -0.169349700 0.128435433 -0.189501449 0.109081380 0.967313230
1769790991480717824.000000 0.792650580 -0.340373695 -0.184109360 0.128617719 -0.196124494 0.111820601 0.965654671
1769790991514079744.000000 0.785570145 -0.342496008 -0.173904389 0.128326461 -0.197839856 0.113542534 0.965142429
1769790991547396352.000000 0.781424940 -0.338458836 -0.164990649 0.128841594 -0.199066728 0.115777187 0.964555860
1769790991580721664.000000 0.783612370 -0.344217002 -0.170780092 0.125988334 -0.199651137 0.118369378 0.964497328
1769790991614051584.000000 0.780687809 -0.343989581 -0.162960112 0.124136426 -0.199208736 0.120678864 0.964542747
1769790991647397632.000000 0.781870902 -0.345848709 -0.163689494 0.123172119 -0.197733790 0.121689297 0.964842856
1769790991747389696.000000 0.777260602 -0.355346948 -0.154313669 0.093508966 -0.193611413 0.115296893 0.969782114
1769790991780728832.000000 0.774970651 -0.359759927 -0.154805839 0.081798181 -0.192407727 0.111835197 0.971484005
1769790991814059008.000000 0.773084223 -0.358163834 -0.154837638 0.073294587 -0.192147419 0.111963399 0.972199321
1769790991847406336.000000 0.765693128 -0.357191294 -0.145551279 0.067424178 -0.192116290 0.110892497 0.972752869
1769790992047433728.000000 0.761791527 -0.340767801 -0.113006800 0.052431639 -0.200595781 0.108556472 0.972228229
1769790992114060288.000000 0.759257793 -0.345879376 -0.117321014 0.048555423 -0.201780021 0.104463674 0.972632825
1769790992347395584.000000 0.765910864 -0.347619087 -0.151348725 0.054216791 -0.204084918 0.104164161 0.971884608
1769790992447392768.000000 0.776917279 -0.313778877 -0.153766096 0.067796268 -0.206713811 0.104280457 0.970463097
1769790992614088960.000000 0.771790862 -0.256010920 -0.175155908 0.095169052 -0.201906592 0.111860685 0.968330443
1769790992747426304.000000 0.746969163 -0.214876950 -0.198135614 0.119179539 -0.190382704 0.128995225 0.965873122
1769790992947431424.000000 0.740917742 -0.167805046 -0.257424831 0.141281962 -0.184845626 0.128668725 0.964010298
1769790993180755456.000000 0.756740868 -0.135301486 -0.262249917 0.158151180 -0.187826380 0.129226580 0.960734129
1769790993347430912.000000 0.781627655 -0.117847934 -0.270941228 0.164466590 -0.193969965 0.130188853 0.958320022
1769790993547429120.000000 0.808507740 -0.109107941 -0.267631412 0.169118568 -0.201173976 0.131631881 0.955824792
1769790993847422720.000000 0.806682825 -0.110756360 -0.270265460 0.170934975 -0.200776264 0.131935894 0.955543339
1769790994314085632.000000 0.794776201 -0.115906894 -0.270133942 0.166887581 -0.199165478 0.127193421 0.957237422
1769790994947428352.000000 0.781385779 -0.124494314 -0.273777544 0.153046280 -0.196287453 0.120010756 0.961064816
1769790995280753664.000000 0.775829494 -0.132717758 -0.274844825 0.143249825 -0.195143238 0.115018301 0.963415504
1769790995614080256.000000 0.761892557 -0.133357286 -0.277800262 0.135321870 -0.191161260 0.109414630 0.966009259
1769790995880761600.000000 0.760176837 -0.127945870 -0.283995926 0.122672923 -0.188194290 0.116150141 0.967493415
1769790996214083072.000000 0.773940861 -0.123361208 -0.291129947 0.106288910 -0.187163472 0.124245442 0.968625605
1769790996480749312.000000 0.783950925 -0.125447184 -0.297163546 0.093016289 -0.185420677 0.128496185 0.969771028
1769790996714082304.000000 0.786862433 -0.125553355 -0.284566164 0.082524434 -0.182448119 0.127459943 0.971419811
1769790997080745472.000000 0.785102487 -0.124843955 -0.261308551 0.069896780 -0.175874949 0.126182392 0.973786652
1769790997647428608.000000 0.797242880 -0.115079336 -0.236382574 0.060938559 -0.168295443 0.124288276 0.975969017
1769790998247440896.000000 0.807844937 -0.119963080 -0.210964054 0.057414554 -0.159540206 0.122657001 0.977857709
1769790998747440128.000000 0.837656617 -0.105041198 -0.218565017 0.062467348 -0.158062160 0.121578097 0.977922797
1769790998980750848.000000 0.853906214 -0.103806093 -0.212458611 0.063619286 -0.160027638 0.122423388 0.977423251
1769790999380755968.000000 0.874228597 -0.108962156 -0.206871659 0.063518226 -0.161302477 0.123195909 0.977123201
1769790999714081792.000000 0.887192667 -0.111469433 -0.202217355 0.063971579 -0.162909120 0.124134243 0.976708233
1769790999980744960.000000 0.898095369 -0.110030606 -0.199870855 0.064539202 -0.164824158 0.125035524 0.976234496
1769791000180750592.000000 0.921397388 -0.100892432 -0.205136061 0.065832265 -0.168704018 0.126878202 0.975247204
1769791000414079232.000000 0.959567964 -0.094224185 -0.218688667 0.065636888 -0.174979419 0.127864674 0.974024951
1769791000714089984.000000 0.956506729 -0.098065108 -0.209852517 0.065709606 -0.175263524 0.127610713 0.974002302
