1770034068519822848.000000 0.000000000 0.000000000 0.000000000 -0.000000000 -0.000000000 -0.000000000 1.000000000
1770034081853145088.000000 -0.000583586 0.001605113 0.001367141 0.006162688 0.052617781 -0.018640660 0.998421729
1770034083119810560.000000 -0.001341303 0.000788208 -0.000338317 0.017568555 0.059657529 -0.009635500 0.998017788
1770034083419812096.000000 -0.001769615 0.000497498 -0.001086427 0.009666337 0.061349563 -0.007353768 0.998042464
1770034083719810560.000000 -0.002520385 -0.001636442 -0.001819737 -0.005861744 0.062617123 -0.003226577 0.998015225
1770034084653144832.000000 -0.003779542 -0.003760940 -0.003839929 -0.033432558 0.053123064 0.011682747 0.997959793
1770034085819796992.000000 -0.001469729 -0.001584530 -0.001855785 0.012212901 0.017334407 -0.002741855 0.999771416
1770034086919796224.000000 0.000381104 0.000648119 -0.000173497 0.013215457 -0.019982109 0.002591025 0.999709666
1770034088053128960.000000 -0.001597925 -0.000221050 -0.002851120 0.018421464 -0.017445967 0.005136395 0.999664903
1770034088886461696.000000 -0.001338773 0.000732146 -0.001595839 -0.002220966 -0.016012657 0.002570244 0.999866009
1770034089286461952.000000 -0.001469831 0.000474350 -0.002072710 -0.014514676 -0.012844506 -0.019261662 0.999626637
1770034090853126912.000000 -0.000262731 -0.000132424 -0.001265665 0.020589357 0.033140406 -0.035272188 0.998615921
1770034091886459648.000000 -0.000471742 0.001733794 0.001724392 0.004476622 0.052008949 -0.015200795 0.998520911
1770034094619741696.000000 -0.003464923 -0.003762884 -0.003819568 -0.033742957 0.051004305 0.010866349 0.998069108
1770034095086406400.000000 -0.002137454 -0.003056645 -0.003375779 -0.025537610 0.036841940 0.010125142 0.998943448
1770034095786406144.000000 -0.001070442 -0.001211360 -0.002430881 0.018007340 0.010930452 -0.005576180 0.999762595
1770034096986406144.000000 0.000310436 0.000340349 -0.000193215 0.011639389 -0.019116046 0.003758891 0.999742448
1770034097553072640.000000 -0.000191755 0.000064293 -0.002261884 0.022480862 -0.019238476 0.006946300 0.999538004
1770034097919738624.000000 -0.000823207 -0.000177927 -0.002501100 0.019133149 -0.019044841 0.005330534 0.999621391
1770034098819737344.000000 -0.001026942 0.000879865 -0.001300850 -0.003488407 -0.016365945 0.002088560 0.999857843
1770034098986404864.000000 -0.001253974 0.000918507 -0.001503802 -0.008406530 -0.013462955 0.002609808 0.999870658
1770034099453070592.000000 -0.001980568 -0.000353914 -0.003048568 -0.025186343 -0.012395162 -0.066289045 0.997405529
1770034099919737600.000000 -0.001923301 0.000180422 -0.003141506 -0.022030266 -0.001057754 -0.055722222 0.998202682
1770034100553091584.000000 -0.000596388 -0.000103347 -0.002027533 0.009252965 0.018586701 -0.036461096 0.999119401
1770034100953090304.000000 0.000074015 -0.000213986 -0.000878843 0.029882848 0.048980530 -0.034232989 0.997765541
1770034101186424576.000000 -0.000159170 0.000567370 -0.000518840 0.036515649 0.058515597 -0.039467797 0.996837437
1770034101253089280.000000 -0.000336679 0.000927059 -0.000377992 0.035137195 0.057411961 -0.036928572 0.997048438
1770034101519757312.000000 -0.000470458 0.001309678 0.001101222 0.009901640 0.053483240 -0.023145253 0.998251379
1770034102519756544.000000 -0.000794475 0.002145272 0.000230819 0.023388315 0.054395806 -0.011126658 0.998183548
1770034105086420736.000000 -0.002310420 -0.003029080 -0.003132686 -0.023084899 0.035681743 0.010032910 0.999046147
1770034111853049856.000000 -0.000289903 0.001645585 0.001912562 0.007333755 0.051266633 -0.012283138 0.998582542
1770034112453051136.000000 -0.000910137 0.002029056 0.000316779 0.023013886 0.055103749 -0.011028038 0.998154461
1770034112886383872.000000 -0.001680458 0.000910276 -0.000733680 0.015981697 0.060076043 -0.010205001 0.998013735
1770034113286383616.000000 -0.002093714 -0.000653146 -0.001690886 0.000807065 0.061736330 -0.004705024 0.998081088
1770034113686386944.000000 -0.002686232 -0.002882813 -0.002497481 -0.017421389 0.061822318 -0.000467154 0.997934997
1770034114286382848.000000 -0.003750408 -0.003637295 -0.003869319 -0.032583971 0.054197662 0.010987365 0.997937977
1770034115286382848.000000 -0.001683175 -0.002434312 -0.002127724 -0.007169155 0.027059132 0.002307288 0.999605477
1770034115753048576.000000 -0.000415935 -0.000437108 -0.002182205 0.031459570 -0.004985439 -0.009085143 0.999451339
1770034117119723008.000000 -0.000188845 -0.000130392 -0.001446749 0.017981431 -0.016499428 0.004556955 0.999691784
1770034118219723520.000000 -0.000330329 0.000305910 -0.000770915 0.006759942 -0.011626358 0.001099500 0.999908984
1770034119086388224.000000 -0.000985408 -0.000163821 -0.001193567 -0.002182156 -0.003317168 0.003179105 0.999987066
