1770034068.519823 0.0000000 0.0000000 0.0000000 -0.0000000 -0.0000000 -0.0000000 1.0000000
1770034081.853145 -0.0005836 0.0016051 0.0013671 0.0061627 0.0526178 -0.0186407 0.9984217
1770034083.119811 -0.0013413 0.0007882 -0.0003383 0.0175686 0.0596575 -0.0096355 0.9980178
1770034083.419812 -0.0017696 0.0004975 -0.0010864 0.0096663 0.0613496 -0.0073538 0.9980425
1770034083.719810 -0.0025204 -0.0016364 -0.0018197 -0.0058617 0.0626171 -0.0032266 0.9980152
1770034084.653145 -0.0037795 -0.0037609 -0.0038399 -0.0334326 0.0531231 0.0116827 0.9979598
1770034085.819797 -0.0014697 -0.0015845 -0.0018558 0.0122129 0.0173344 -0.0027419 0.9997714
1770034086.919796 0.0003811 0.0006481 -0.0001735 0.0132155 -0.0199821 0.0025910 0.9997097
1770034088.053129 -0.0015979 -0.0002211 -0.0028511 0.0184215 -0.0174460 0.0051364 0.9996649
1770034088.886462 -0.0013388 0.0007321 -0.0015958 -0.0022210 -0.0160127 0.0025702 0.9998660
1770034089.286462 -0.0014698 0.0004744 -0.0020727 -0.0145147 -0.0128445 -0.0192617 0.9996266
1770034090.853127 -0.0002627 -0.0001324 -0.0012657 0.0205894 0.0331404 -0.0352722 0.9986159
1770034091.886460 -0.0004717 0.0017338 0.0017244 0.0044766 0.0520089 -0.0152008 0.9985209
1770034094.619742 -0.0034649 -0.0037629 -0.0038196 -0.0337430 0.0510043 0.0108663 0.9980691
1770034095.086406 -0.0021375 -0.0030566 -0.0033758 -0.0255376 0.0368419 0.0101251 0.9989434
1770034095.786406 -0.0010704 -0.0012114 -0.0024309 0.0180073 0.0109305 -0.0055762 0.9997626
1770034096.986406 0.0003104 0.0003403 -0.0001932 0.0116394 -0.0191160 0.0037589 0.9997424
1770034097.553073 -0.0001918 0.0000643 -0.0022619 0.0224809 -0.0192385 0.0069463 0.9995380
1770034097.919739 -0.0008232 -0.0001779 -0.0025011 0.0191331 -0.0190448 0.0053305 0.9996214
1770034098.819737 -0.0010269 0.0008799 -0.0013009 -0.0034884 -0.0163659 0.0020886 0.9998578
1770034098.986405 -0.0012540 0.0009185 -0.0015038 -0.0084065 -0.0134630 0.0026098 0.9998707
1770034099.453071 -0.0019806 -0.0003539 -0.0030486 -0.0251863 -0.0123952 -0.0662890 0.9974055
1770034099.919738 -0.0019233 0.0001804 -0.0031415 -0.0220303 -0.0010578 -0.0557222 0.9982027
1770034100.553092 -0.0005964 -0.0001033 -0.0020275 0.0092530 0.0185867 -0.0364611 0.9991194
1770034100.953090 0.0000740 -0.0002140 -0.0008788 0.0298828 0.0489805 -0.0342330 0.9977655
1770034101.186424 -0.0001592 0.0005674 -0.0005188 0.0365156 0.0585156 -0.0394678 0.9968374
1770034101.253089 -0.0003367 0.0009271 -0.0003780 0.0351372 0.0574120 -0.0369286 0.9970484
1770034101.519757 -0.0004705 0.0013097 0.0011012 0.0099016 0.0534832 -0.0231453 0.9982514
1770034102.519757 -0.0007945 0.0021453 0.0002308 0.0233883 0.0543958 -0.0111267 0.9981835
1770034105.086421 -0.0023104 -0.0030291 -0.0031327 -0.0230849 0.0356817 0.0100329 0.9990461
1770034111.853050 -0.0002899 0.0016456 0.0019126 0.0073338 0.0512666 -0.0122831 0.9985825
1770034112.453051 -0.0009101 0.0020291 0.0003168 0.0230139 0.0551037 -0.0110280 0.9981545
1770034112.886384 -0.0016805 0.0009103 -0.0007337 0.0159817 0.0600760 -0.0102050 0.9980137
1770034113.286384 -0.0020937 -0.0006531 -0.0016909 0.0008071 0.0617363 -0.0047050 0.9980811
1770034113.686387 -0.0026862 -0.0028828 -0.0024975 -0.0174214 0.0618223 -0.0004672 0.9979350
1770034114.286383 -0.0037504 -0.0036373 -0.0038693 -0.0325840 0.0541977 0.0109874 0.9979380
1770034115.286383 -0.0016832 -0.0024343 -0.0021277 -0.0071692 0.0270591 0.0023073 0.9996055
1770034115.753049 -0.0004159 -0.0004371 -0.0021822 0.0314596 -0.0049854 -0.0090851 0.9994513
1770034117.119723 -0.0001888 -0.0001304 -0.0014467 0.0179814 -0.0164994 0.0045570 0.9996918
1770034118.219723 -0.0003303 0.0003059 -0.0007709 0.0067599 -0.0116264 0.0010995 0.9999090
1770034119.086388 -0.0009854 -0.0001638 -0.0011936 -0.0021822 -0.0033172 0.0031791 0.9999871
