1769789612.306421 0.0000000 0.0000000 0.0000000 -0.0000000 -0.0000000 -0.0000000 1.0000000
1769789612.339758 0.0024252 0.0009511 -0.0040826 0.0003334 -0.0006121 0.0011746 0.9999991
1769789612.373088 0.0018111 -0.0010679 -0.0040104 0.0000828 -0.0006037 0.0012912 0.9999990
1769789612.473082 0.0013248 0.0023281 -0.0027375 0.0006355 -0.0004546 0.0010024 0.9999992
1769789612.639769 0.0009410 0.0035548 0.0036409 0.0005438 -0.0004702 -0.0003777 0.9999997
1769789612.739741 0.0011881 0.0056786 -0.0050901 0.0017077 -0.0007522 0.0009293 0.9999979
1769789612.906412 0.0070141 0.0092552 0.0136624 0.0015815 -0.0014409 0.0008367 0.9999974
1769789612.973076 0.0149230 0.0136791 0.0603936 0.0015510 -0.0027705 0.0028140 0.9999910
1769789616.073097 0.0393914 0.0049909 0.1248342 0.0038734 -0.0041104 0.0013772 0.9999831
1769789616.873092 0.0956673 -0.0107461 0.1328961 0.0036269 -0.0038078 0.0046552 0.9999754
1769789617.306458 0.1238627 -0.0002820 0.1394336 0.0057159 -0.0016030 0.0054134 0.9999678
1769789617.506434 0.1401715 0.0089512 0.1491948 0.0079022 0.0003564 0.0049728 0.9999564
1769789617.739763 0.1570929 0.0190450 0.1533952 0.0091155 0.0025044 0.0048165 0.9999437
1769789617.906428 0.1758127 0.0298447 0.1593984 0.0093923 0.0033509 0.0051757 0.9999369
1769789618.106429 0.1862708 0.0526933 0.1690069 0.0119669 0.0063205 0.0028174 0.9999045
1769789618.306429 0.1922561 0.0656086 0.1662991 0.0119224 0.0094795 0.0027519 0.9998802
1769789618.539770 0.2048912 0.0784182 0.1686719 0.0107278 0.0129687 0.0033903 0.9998526
1769789618.806426 0.2191894 0.0954834 0.1712237 0.0082279 0.0156123 0.0037273 0.9998373
1769789619.006432 0.2363251 0.1241043 0.1853446 0.0086857 0.0172284 0.0019812 0.9998119
1769789619.173127 0.2457797 0.1437700 0.1942203 0.0089965 0.0203867 0.0011294 0.9997511
1769789619.406424 0.2564720 0.1688854 0.2018655 0.0076169 0.0212135 0.0004082 0.9997459
1769789619.773099 0.2777857 0.2057267 0.2121980 0.0065338 0.0184906 -0.0015360 0.9998065
1769789620.273096 0.2839604 0.2399660 0.2118265 0.0067679 0.0165174 -0.0032133 0.9998356
1769789621.139764 0.2384415 0.2091897 0.1872381 0.0123041 0.0142498 -0.0031464 0.9998178
1769789621.373095 0.2164036 0.1774426 0.1770688 0.0149668 0.0135978 -0.0006497 0.9997953
1769789621.506425 0.2081455 0.1653816 0.1779910 0.0191483 0.0131777 -0.0006465 0.9997296
1769789621.706407 0.1842028 0.1311571 0.1627808 0.0257703 0.0112668 -0.0006963 0.9996042
1769789621.873069 0.1784038 0.1271887 0.1548541 0.0396641 0.0057679 -0.0028176 0.9991925
1769789622.006438 0.1629484 0.0964648 0.1521363 0.0487654 0.0025031 -0.0021188 0.9988049
1769789622.173095 0.1410499 0.0434513 0.1494881 0.0571316 -0.0107096 0.0013849 0.9983083
1769789622.339751 0.1124601 -0.0183541 0.1496100 0.0645669 -0.0264731 0.0004693 0.9975621
1769789622.439805 0.0937745 -0.0572736 0.1647541 0.0673839 -0.0358102 0.0003543 0.9970842
1769789622.506413 0.1185214 -0.0863618 0.1876157 0.0677807 -0.0462142 0.0022147 0.9966269
1769789622.539737 0.0810256 -0.1098984 0.1697177 0.0656673 -0.0443322 0.0032227 0.9968511
1769789622.606420 0.0594558 -0.1707859 0.1863225 0.0596374 -0.0461624 0.0078836 0.9971210
1769789622.706424 0.0464684 -0.1580167 0.1572868 0.0595499 -0.0418316 0.0084634 0.9973125
1769789622.773067 0.0343896 -0.1689963 0.1425694 0.0447248 -0.0354527 0.0065222 0.9983488
1769789622.873074 0.0205892 -0.1797453 0.1695506 0.0081762 -0.0321372 0.0050945 0.9994370
1769789623.006401 0.0118778 -0.2130698 0.1393596 -0.0216267 -0.0283408 0.0083515 0.9993294
1769789623.139733 -0.0292661 -0.2379006 0.1350971 -0.0433921 -0.0213861 0.0053264 0.9988150
1769789623.306411 -0.0478701 -0.2630529 0.1537100 -0.0591332 -0.0186720 0.0030334 0.9980709
1769789623.473066 -0.0746842 -0.3199620 0.1212266 -0.0675698 -0.0164485 0.0028529 0.9975749
1769789623.606412 -0.1012638 -0.3480558 0.1210564 -0.0660238 -0.0124838 0.0025995 0.9977366
1769789623.773066 -0.1235890 -0.3813347 0.1325034 -0.0579549 -0.0097478 0.0036834 0.9982648
1769789623.906400 -0.1441080 -0.4066424 0.1382267 -0.0483577 -0.0065333 0.0052826 0.9987948
1769789624.039745 -0.1818097 -0.4441254 0.1414733 -0.0397724 -0.0021090 0.0067296 0.9991839
1769789624.639738 -0.1858039 -0.4419324 0.1579850 -0.0125312 -0.0026250 0.0095665 0.9998723
1769789625.039731 -0.1884016 -0.4375805 0.1575893 -0.0088763 -0.0053640 0.0098530 0.9998977
1769789625.673064 -0.2174209 -0.3663248 0.1483080 -0.0124089 -0.0067729 0.0104161 0.9998458
1769789626.039745 -0.2379448 -0.2520027 0.1402531 -0.0108918 -0.0069029 0.0084315 0.9998813
1769789627.439740 -0.2818041 0.2095563 0.1356171 -0.0042169 -0.0082020 -0.2565879 0.9664769
1769789627.639749 -0.2723673 0.2519800 0.1383059 -0.0028539 -0.0063054 -0.2932513 0.9560104
1769789627.839730 -0.2513537 0.2808484 0.1275766 -0.0019247 -0.0054464 -0.3167247 0.9484999
1769789628.039745 -0.2283871 0.2977439 0.1225643 -0.0012270 -0.0056879 -0.3336855 0.9426665
1769789628.239736 -0.1977822 0.2959058 0.1287891 -0.0013089 -0.0069706 -0.3354287 0.9420389
1769789628.473071 -0.1542886 0.2765633 0.1205809 -0.0014753 -0.0066273 -0.3274185 0.9448550
1769789628.606396 -0.1267551 0.2548521 0.1195467 -0.0017358 -0.0073867 -0.3133945 0.9495928
1769789628.739736 -0.1013197 0.2226243 0.1210969 -0.0045001 -0.0059279 -0.2972385 0.9547743
1769789628.806394 -0.0752338 0.2093565 0.1145168 -0.0034123 -0.0082735 -0.2824531 0.9592394
1769789628.873067 -0.0565732 0.1890734 0.1172906 -0.0043254 -0.0081929 -0.2692094 0.9630371
1769789628.939744 -0.0331479 0.1690890 0.1285895 -0.0037912 -0.0086698 -0.2483638 0.9686207
1769789629.006400 -0.0159343 0.1535449 0.1107391 -0.0033631 -0.0075265 -0.2264651 0.9739844
1769789629.073061 0.0049613 0.1298392 0.1141921 -0.0033021 -0.0072747 -0.2070505 0.9782977
1769789629.106402 0.0120382 0.1233631 0.1290514 -0.0025289 -0.0061449 -0.1964077 0.9804998
1769789629.139729 0.0205584 0.1161631 0.1250539 -0.0023582 -0.0061169 -0.1871334 0.9823126
1769789629.206408 0.0353081 0.1038953 0.1248415 -0.0007390 -0.0048176 -0.1691217 0.9855831
1769789629.239738 0.0472745 0.0865670 0.1086617 -0.0019813 -0.0057847 -0.1600918 0.9870832
1769789629.273080 0.0594308 0.0862436 0.1300166 0.0004049 -0.0056449 -0.1524726 0.9882915
1769789629.339740 0.0670587 0.0743188 0.1496428 0.0042540 -0.0024899 -0.1450926 0.9894058
1769789629.406425 0.0840131 0.0574810 0.1530659 0.0092769 -0.0007966 -0.1415151 0.9898923
1769789629.539745 0.1144714 0.0232459 0.1692836 0.0221278 0.0051594 -0.1395960 0.9899479
1769789629.706410 0.1593634 -0.0263504 0.1524374 0.0365687 0.0146062 -0.1339311 0.9902080
1769789629.906410 0.1915814 -0.0746829 0.1630500 0.0545393 0.0361694 -0.1323023 0.9890467
1769789630.006411 0.2053536 -0.0938799 0.1756548 0.0603400 0.0510049 -0.1306844 0.9882708
1769789630.106415 0.2262166 -0.1154890 0.1916583 0.0649621 0.0669253 -0.1250967 0.9877509
1769789630.273080 0.2317884 -0.1466090 0.2397743 0.0657758 0.0976525 -0.1233341 0.9853559
1769789630.506407 0.3118947 -0.2075094 0.2755251 0.0481225 0.1066369 -0.1156270 0.9863788
1769789630.539740 0.3219921 -0.2099608 0.3003243 0.0334660 0.1037695 -0.1161032 0.9872345
1769789630.606409 0.3299643 -0.1994572 0.2670885 0.0107909 0.0925689 -0.1039580 0.9902057
1769789630.773080 0.3615310 -0.2164871 0.2674173 -0.0261599 0.0633919 -0.0754575 0.9947881
1769789631.039738 0.4259655 -0.2478436 0.2877417 -0.0580369 0.0333070 -0.0366999 0.9970835
1769789631.306446 0.5114616 -0.3023201 0.2721290 -0.0636182 0.0102672 -0.0017422 0.9979200
1769789631.606410 0.5763915 -0.3755392 0.2579570 -0.0522634 -0.0005509 0.0164293 0.9984980
1769789633.073077 0.7538641 -0.2905943 0.2677676 0.0042197 -0.0130874 0.0349609 0.9992941
1769789633.339737 0.7607014 -0.2165500 0.2765892 0.0071045 -0.0123365 0.0337573 0.9993287
1769789633.639736 0.7639438 -0.1089971 0.2673758 0.0129857 -0.0118770 0.0368110 0.9991673
1769789633.906460 0.7478150 -0.0219921 0.3076117 0.0148946 -0.0091334 0.0337404 0.9992779
1769789634.273073 0.7025921 -0.0488983 0.2560973 -0.0032297 -0.0043068 0.0355124 0.9993548
1769789634.573071 0.7005626 -0.0206002 0.2499605 -0.0095152 -0.0071507 0.0410282 0.9990871
1769789634.806411 0.6880800 0.0051305 0.2445586 -0.0139273 -0.0079194 0.0417990 0.9989976
1769789635.106432 0.6689161 0.0543139 0.2513463 -0.0152358 -0.0090369 0.0365277 0.9991757
1769789635.406424 0.6434740 0.0743373 0.2203111 -0.0176945 -0.0115224 0.0378085 0.9990619
1769789636.039776 0.5740811 0.0781024 0.1735787 -0.0196504 -0.0125550 0.0320451 0.9992144
1769789636.339774 0.5425239 0.0478556 0.1560979 -0.0199411 -0.0152644 0.0360008 0.9990362
1769789636.739755 0.4906062 -0.0190441 0.1487892 -0.0177666 -0.0156281 0.0402160 0.9989108
1769789636.873093 0.4875664 -0.0158782 0.1712547 -0.0123628 -0.0168185 0.0363216 0.9991221
1769789636.973095 0.4794776 -0.0358131 0.1612405 -0.0097217 -0.0174841 0.0402682 0.9989886
1769789637.106427 0.4667021 -0.0506069 0.1588317 -0.0053768 -0.0184319 0.0378625 0.9990985
1769789637.206418 0.4537802 -0.0800889 0.1379525 -0.0024965 -0.0190292 0.0392006 0.9990470
1769789637.373087 0.3778416 0.0617856 0.1920918 0.0299185 -0.0120329 0.0141124 0.9993803
1769789637.439760 0.3735584 0.0467359 0.1762908 0.0354450 -0.0142367 0.0153488 0.9991524
1769789637.506417 0.3704275 0.0363565 0.1599324 0.0418941 -0.0171574 0.0166933 0.9988353
1769789637.639759 0.3515854 -0.0004063 0.1558765 0.0506797 -0.0209943 0.0158415 0.9983686
1769789637.739752 0.3487760 -0.0201523 0.1438982 0.0606355 -0.0251757 0.0180820 0.9976786
1769789637.806434 0.3434252 -0.0363370 0.1401074 0.0665800 -0.0297221 0.0196231 0.9971452
1769789637.973094 0.3324898 -0.0403043 0.1430101 0.0824407 -0.0457914 0.0090401 0.9955024
1769789638.073094 0.3127275 -0.0922207 0.1315336 0.0820216 -0.0576168 -0.0046793 0.9949527
1769789638.139781 0.2935976 -0.1191874 0.1330499 0.0842598 -0.0642512 -0.0104021 0.9943158
1769789638.339753 0.3031985 -0.1359499 0.0596409 0.0917760 -0.0961934 -0.0089460 0.9910823
1769789638.373084 0.3062995 -0.1285470 0.0663329 0.0934301 -0.0998391 -0.0053471 0.9905930
1769789638.406419 0.3058575 -0.1360686 0.0485215 0.0909083 -0.1017460 -0.0082238 0.9906139
1769789638.439750 0.3070785 -0.1370845 0.0495444 0.0895638 -0.1037569 -0.0045780 0.9905513
1769789638.473086 0.2999030 -0.1325984 0.0645552 0.0893634 -0.1017324 -0.0009062 0.9907895
1769789640.339759 -0.1861941 -0.4398102 0.1577474 -0.0077564 -0.0065454 0.0096571 0.9999019
1769789640.673089 -0.1907243 -0.4360178 0.1504555 -0.0071721 -0.0075253 0.0107362 0.9998884
1769789640.906437 -0.1947844 -0.4327517 0.1499387 -0.0102697 -0.0079934 0.0106136 0.9998590
1769789641.106425 -0.2001761 -0.4304554 0.1431048 -0.0143290 -0.0086938 0.0113543 0.9997951
1769789641.206419 -0.2162464 -0.3767496 0.1498637 -0.0108566 -0.0073231 0.0101215 0.9998630
1769789641.306417 -0.2211432 -0.3528947 0.1454878 -0.0111518 -0.0078079 0.0098884 0.9998584
1769789641.406424 -0.2258917 -0.3302563 0.1309640 -0.0116726 -0.0078327 0.0090538 0.9998602
1769789641.506432 -0.2352862 -0.2875924 0.1388159 -0.0099119 -0.0068965 0.0088919 0.9998876
1769789641.673091 -0.2335809 -0.2439546 0.1372430 -0.0108586 -0.0078708 0.0091312 0.9998684
1769789641.806425 -0.2382920 -0.2009983 0.1325025 -0.0111964 -0.0081020 0.0079869 0.9998726
1769789643.106418 -0.2830874 0.2270104 0.1231175 -0.0035359 -0.0062802 -0.2729190 0.9620100
1769789643.506422 -0.2436371 0.2861381 0.1237366 -0.0019979 -0.0060117 -0.3248277 0.9457520
1769789643.839746 -0.1982037 0.2923425 0.1114372 -0.0018811 -0.0068795 -0.3369792 0.9414851
1769789644.173074 -0.1310688 0.2578414 0.1169023 -0.0022048 -0.0078734 -0.3182555 0.9479697
1769789644.306435 -0.1013013 0.2298780 0.1107919 -0.0031018 -0.0075526 -0.2994036 0.9540916
1769789644.406410 -0.0760657 0.2016246 0.0985264 -0.0044440 -0.0074344 -0.2816689 0.9594726
1769789644.506412 -0.0451378 0.1778974 0.0970832 -0.0036224 -0.0079195 -0.2553234 0.9668165
1769789644.573090 -0.0249667 0.1612397 0.0953015 -0.0033108 -0.0072964 -0.2363218 0.9716418
1769789644.639761 -0.0046331 0.1452826 0.1021780 -0.0020368 -0.0072249 -0.2151882 0.9765437
1769789644.673092 0.0070608 0.1344850 0.1015112 -0.0021860 -0.0069836 -0.2048012 0.9787763
1769789644.773093 0.0345821 0.1027259 0.1157436 -0.0022017 -0.0066450 -0.1754681 0.9844602
1769789644.806420 0.0434057 0.0965920 0.1168414 -0.0013147 -0.0063204 -0.1663534 0.9860451
1769789644.939747 0.0721816 0.0617481 0.1221169 0.0027477 -0.0038593 -0.1433790 0.9896565
1769789645.073083 0.1143017 0.0230279 0.1398171 0.0136728 -0.0013824 -0.1391901 0.9901704
1769789645.206411 0.1452593 -0.0065725 0.1671988 0.0278914 0.0065859 -0.1358574 0.9903138
1769789645.339738 0.1796196 -0.0456070 0.1339752 0.0387731 0.0162767 -0.1346702 0.9899978
1769789645.473108 0.1859790 -0.0810199 0.1703202 0.0496297 0.0325224 -0.1360177 0.9889279
1769789645.606414 0.2108351 -0.1085481 0.1934481 0.0583985 0.0526514 -0.1315022 0.9881926
1769789645.739737 0.2298293 -0.1426045 0.1882748 0.0619363 0.0749382 -0.1271683 0.9871051
1769789645.839739 0.2336313 -0.1545767 0.2250702 0.0636388 0.0930294 -0.1255471 0.9856640
1769789645.973070 0.2610072 -0.1808447 0.2410702 0.0602124 0.1089648 -0.1208634 0.9848316
1769789646.106407 0.3006053 -0.2060448 0.2345771 0.0433742 0.1075670 -0.1199242 0.9859849
1769789646.173084 0.3151256 -0.1977374 0.2531745 0.0186949 0.0995502 -0.1126415 0.9884595
1769789646.373075 0.3634966 -0.2163662 0.2530607 -0.0276783 0.0636685 -0.0755438 0.9947228
1769789646.739785 0.4613476 -0.2783832 0.2504622 -0.0651642 0.0228934 -0.0197987 0.9974154
1769789647.039741 0.5355415 -0.3499550 0.2419639 -0.0637606 0.0057311 0.0082730 0.9979145
1769789647.306414 0.5930867 -0.4120196 0.2297373 -0.0465944 -0.0009165 0.0206821 0.9986994
1769789647.573077 0.6384923 -0.4429499 0.2429253 -0.0308426 -0.0040662 0.0268593 0.9991550
1769789647.873082 0.6915618 -0.4417631 0.2392437 -0.0186159 -0.0092394 0.0328233 0.9992451
1769789648.239735 0.7233408 -0.3983042 0.2541408 -0.0072844 -0.0100083 0.0333121 0.9993683
1769789648.606417 0.7449709 -0.3155255 0.2578296 0.0015158 -0.0097832 0.0345274 0.9993547
1769789649.339735 0.7038797 -0.1052162 0.2430372 0.0093074 -0.0022966 0.0317139 0.9994510
1769789649.706401 0.7008002 -0.0599193 0.2385443 0.0015290 -0.0024673 0.0344470 0.9994023
1769789649.939782 0.7022626 -0.0342243 0.2379525 -0.0037621 -0.0038791 0.0359409 0.9993393
1769789650.206410 0.6933573 -0.0054265 0.2429355 -0.0096040 -0.0046319 0.0370532 0.9992564
1769789650.473071 0.6793143 0.0210533 0.2322904 -0.0142515 -0.0059464 0.0383406 0.9991454
1769789650.673065 0.6662354 0.0404564 0.2218796 -0.0166459 -0.0076087 0.0389173 0.9990748
1769789651.006416 0.6373593 0.0734994 0.2081851 -0.0183961 -0.0091996 0.0357968 0.9991474
1769789651.306405 0.6076154 0.0856992 0.1946314 -0.0196859 -0.0106996 0.0336563 0.9991823
1769789651.673093 0.5692341 0.0747848 0.1760375 -0.0200134 -0.0128174 0.0333127 0.9991624
1769789651.939736 0.5377896 0.0491757 0.1654415 -0.0191310 -0.0141827 0.0355034 0.9990858
1769789652.239740 0.5071894 0.0046344 0.1492083 -0.0170965 -0.0163298 0.0395733 0.9989370
1769789652.539756 0.4758936 -0.0391144 0.1467478 -0.0125930 -0.0173185 0.0377786 0.9990567
1769789652.739746 0.4519027 -0.0558416 0.1547537 -0.0049577 -0.0174376 0.0336508 0.9992692
1769789652.873099 0.4353411 -0.0825078 0.1439352 0.0023311 -0.0182566 0.0306849 0.9993597
1769789653.039756 0.3769766 -0.0310517 0.1648430 0.0234037 -0.0142187 0.0121097 0.9995517
1769789653.173081 0.3564840 -0.0583694 0.1625591 0.0348694 -0.0177534 0.0139351 0.9991370
1769789653.339742 0.3326628 -0.1064813 0.1580750 0.0464328 -0.0212997 0.0106201 0.9986379
1769789653.473072 0.3130298 -0.1432995 0.1584696 0.0566089 -0.0311585 0.0100223 0.9978598
1769789653.606412 0.2957590 -0.1934868 0.1488857 0.0653774 -0.0467709 0.0078668 0.9967329
1769789653.639741 0.2884891 -0.2029946 0.1442014 0.0681899 -0.0504129 0.0069059 0.9963739
1769789653.706412 0.2713174 -0.2291750 0.1458242 0.0721674 -0.0579118 0.0079826 0.9956779
1769789653.739741 0.2636158 -0.2465968 0.1402533 0.0734007 -0.0625057 0.0076712 0.9953123
1769789653.873076 0.2149567 -0.1953680 0.1714316 0.0894327 -0.0785660 0.0038658 0.9928818
1769789653.906419 0.2058491 -0.1960572 0.1803980 0.0908437 -0.0820652 0.0023410 0.9924753
1769789653.939749 0.2055301 -0.1922596 0.1802394 0.0916372 -0.0853501 0.0056172 0.9921121
1769789653.973079 0.2032490 -0.2021182 0.1768311 0.0906215 -0.0875942 0.0052030 0.9920121
1769789654.006409 0.1977640 -0.1995515 0.1888639 0.0903204 -0.0892519 0.0075018 0.9918770
1769789654.039743 0.2006938 -0.1959915 0.1778051 0.0895175 -0.0905826 0.0094196 0.9918128
1769789654.206408 0.0802045 -0.3498558 0.0829375 0.0159641 -0.0678715 0.0176963 0.9974093
1769789654.239748 0.0819952 -0.3471780 0.0826064 0.0077130 -0.0677212 0.0171850 0.9975265
1769789654.273084 0.0629482 -0.3409597 0.1296389 0.0003573 -0.0640131 0.0153892 0.9978303
1769789654.306407 0.0551662 -0.3345753 0.1426004 -0.0057764 -0.0616424 0.0142364 0.9979801
1769789654.339738 0.0514076 -0.3416904 0.1417705 -0.0121850 -0.0598221 0.0155587 0.9980134
1769789654.373071 0.0497446 -0.3556084 0.1352885 -0.0206710 -0.0582353 0.0158546 0.9979630
1769789654.506408 0.0316990 -0.3913870 0.1137667 -0.0433121 -0.0505617 0.0140315 0.9976827
1769789654.639766 0.0075236 -0.4138025 0.1275930 -0.0546298 -0.0445032 0.0109536 0.9974543
1769789654.773082 -0.0181408 -0.4515246 0.1217498 -0.0606387 -0.0380443 0.0098349 0.9973860
1769789654.873075 -0.0313327 -0.4705493 0.1259917 -0.0602182 -0.0344814 0.0101489 0.9975379
1769789654.939739 -0.0405423 -0.4833515 0.1268501 -0.0585290 -0.0317624 0.0099118 0.9977311
1769789655.039741 -0.1589654 -0.4630542 0.1060105 -0.0491602 -0.0167487 0.0089166 0.9986107
1769789655.139749 -0.1579048 -0.4677061 0.1073373 -0.0414382 -0.0148970 0.0096297 0.9989836
1769789655.206407 -0.1574384 -0.4661990 0.1096058 -0.0356355 -0.0138596 0.0097049 0.9992216
1769789655.306412 -0.1540900 -0.4645605 0.1181640 -0.0290851 -0.0125681 0.0103322 0.9994445
1769789655.406430 -0.1538941 -0.4650288 0.1174851 -0.0239223 -0.0116503 0.0101089 0.9995948
1769789655.573081 -0.1525595 -0.4648218 0.1228605 -0.0190052 -0.0103761 0.0102814 0.9997127
1769789655.739744 -0.1533215 -0.4627133 0.1226086 -0.0138678 -0.0098356 0.0108631 0.9997965
1769789656.139771 -0.1556551 -0.4624259 0.1197461 -0.0093033 -0.0106940 0.0109820 0.9998392
1769789656.473090 -0.1573374 -0.4615531 0.1191774 -0.0128752 -0.0119323 0.0120113 0.9997737
1769789656.573085 -0.1579451 -0.4635331 0.1150958 -0.0151284 -0.0124997 0.0125714 0.9997284
1769789656.739747 -0.1570195 -0.4662025 0.1161230 -0.0193208 -0.0137278 0.0136969 0.9996253
1769789656.839745 -0.1644976 -0.4484908 0.1119068 -0.0204942 -0.0130181 0.0120172 0.9996330
1769789656.906449 -0.1683017 -0.4287116 0.1133505 -0.0200094 -0.0133979 0.0118959 0.9996393
1769789657.006411 -0.1724351 -0.3975746 0.1129825 -0.0194120 -0.0131799 0.0116130 0.9996573
1769789657.273078 -0.1806639 -0.3157619 0.1070114 -0.0189692 -0.0134927 0.0109100 0.9996695
1769789657.373081 -0.1827519 -0.2829496 0.1035288 -0.0189753 -0.0136863 0.0106927 0.9996691
1769789657.706441 -0.1840907 -0.1626545 0.1099913 -0.0176398 -0.0132974 0.0083604 0.9997211
1769789658.106433 -0.2088735 -0.0269722 0.1213967 -0.0150547 -0.0164510 -0.1129139 0.9933546
1769789658.506406 -0.2178880 0.0888925 0.1289193 -0.0129705 -0.0173863 -0.2302578 0.9728879
1769789658.873077 -0.1977404 0.1656160 0.1314458 -0.0102824 -0.0166374 -0.2994945 0.9538975
1769789659.139740 -0.1712515 0.1963225 0.1389438 -0.0092359 -0.0162909 -0.3267089 0.9449394
1769789659.439736 -0.1279413 0.1985807 0.1227208 -0.0087090 -0.0176937 -0.3346854 0.9421236
1769789659.639741 -0.0893278 0.1805949 0.1152368 -0.0093424 -0.0185493 -0.3280613 0.9444281
1769789659.673072 -0.0835459 0.1773073 0.1179112 -0.0095744 -0.0187692 -0.3260026 0.9451341
1769789659.973056 -0.0140743 0.1228759 0.0971715 -0.0100638 -0.0182129 -0.2856709 0.9581019
1769789660.039723 0.0037717 0.1092238 0.1062406 -0.0100856 -0.0183303 -0.2706562 0.9624487
1769789660.173056 0.0417642 0.0702773 0.1119849 -0.0108381 -0.0173334 -0.2334247 0.9721600
1769789660.239724 0.0619774 0.0496730 0.1067061 -0.0113810 -0.0171403 -0.2109681 0.9772764
1769789660.273055 0.0720115 0.0448516 0.1137539 -0.0104475 -0.0167464 -0.1997433 0.9796495
1769789660.306387 0.0801979 0.0364028 0.1141963 -0.0104605 -0.0164010 -0.1907188 0.9814519
1769789660.339724 0.0900278 0.0297748 0.1195126 -0.0093782 -0.0160939 -0.1806139 0.9833777
1769789660.439731 0.1172533 0.0026182 0.1325111 -0.0091583 -0.0145600 -0.1552597 0.9877239
1769789660.539725 0.1436947 -0.0218356 0.1378374 -0.0039080 -0.0132636 -0.1402371 0.9900214
1769789660.606399 0.1614227 -0.0425800 0.1443404 0.0010135 -0.0117985 -0.1369886 0.9905018
1769789660.706409 0.1847414 -0.0659969 0.1501764 0.0107938 -0.0076968 -0.1345393 0.9908196
1769789660.773069 0.2037960 -0.0844828 0.1522552 0.0167755 -0.0043805 -0.1329252 0.9909744
1769789660.839731 0.2180904 -0.0999198 0.1572749 0.0235455 0.0006637 -0.1322145 0.9909412
1769789660.973056 0.2497037 -0.1338546 0.1592768 0.0359490 0.0109309 -0.1284468 0.9910043
1769789661.106394 0.2770286 -0.1630726 0.1637126 0.0478451 0.0250856 -0.1245403 0.9907428
1769789661.239727 0.2784972 -0.1856121 0.2008249 0.0546176 0.0499099 -0.1221513 0.9897500
1769789661.339729 0.2915616 -0.2073520 0.2201190 0.0577257 0.0670272 -0.1188226 0.9889673
1769789661.506394 0.3167602 -0.2473138 0.2705967 0.0556951 0.0938504 -0.1167676 0.9871451
1769789661.639728 0.3667881 -0.2933746 0.3085238 0.0480939 0.1018961 -0.1137491 0.9870995
1769789661.673053 0.3789928 -0.3039748 0.2945703 0.0420783 0.0990455 -0.1128487 0.9877675
1769789661.773077 0.4077473 -0.2949621 0.2776106 0.0042306 0.0844208 -0.1004506 0.9913450
1769789661.906401 0.4348143 -0.3017592 0.2770242 -0.0279001 0.0601328 -0.0751484 0.9949665
1769789662.106387 0.4943352 -0.3320739 0.2672152 -0.0590298 0.0303257 -0.0367109 0.9971200
1769789662.473061 0.6019225 -0.4011225 0.2778280 -0.0778249 -0.0015465 0.0155393 0.9968448
1769789663.006386 0.6018587 -0.4452379 0.2473764 -0.0420866 -0.0015833 0.0241535 0.9988207
1769789663.606386 0.6873704 -0.4400204 0.2599663 -0.0166843 -0.0090918 0.0344136 0.9992270
1769789664.139716 0.7281201 -0.3410186 0.2719777 -0.0007606 -0.0085363 0.0334784 0.9994027
1769789664.673051 0.7414871 -0.1832951 0.2750931 0.0075323 -0.0082969 0.0327294 0.9994015
1769789665.073054 0.7285889 -0.0489728 0.3008192 0.0121012 -0.0056648 0.0306736 0.9994402
1769789665.673077 0.7067351 -0.0137032 0.2652985 -0.0062186 -0.0061057 0.0374276 0.9992614
1769789666.206392 0.6724490 0.0323631 0.2386531 -0.0161939 -0.0081827 0.0389630 0.9990759
1769789666.606382 0.6393747 0.0743378 0.2202975 -0.0183940 -0.0108374 0.0359820 0.9991244
1769789667.173051 0.5770029 0.0785649 0.1678632 -0.0204617 -0.0113504 0.0325255 0.9991970
1769789667.739716 0.5136737 0.0183477 0.1497060 -0.0180912 -0.0152311 0.0374719 0.9990178
1769789668.073095 0.4967306 0.0042544 0.1737474 -0.0098703 -0.0177254 0.0328631 0.9992539
1769789668.339733 0.4685172 -0.0431910 0.1446178 -0.0027261 -0.0201468 0.0342085 0.9992079
1769789668.473073 0.4493732 -0.0732969 0.1243106 0.0045265 -0.0206066 0.0308589 0.9993011
1769789668.573064 0.4455098 -0.0753514 0.1339594 0.0143026 -0.0234146 0.0257262 0.9992924
1769789668.673060 0.4417446 -0.0866745 0.1221992 0.0247499 -0.0273637 0.0277815 0.9989329
1769789668.739728 0.4413977 -0.0911203 0.1190146 0.0313314 -0.0311002 0.0265921 0.9986711
1769789668.806401 0.4368309 -0.1000963 0.1170412 0.0381237 -0.0338724 0.0273238 0.9983249
1769789668.939730 0.4248789 -0.1510150 0.1000278 0.0451100 -0.0371068 0.0246971 0.9979871
1769789668.973066 0.4215102 -0.1544817 0.1011034 0.0486466 -0.0391373 0.0250307 0.9977351
1769789669.039733 0.4193989 -0.1610336 0.0907889 0.0547413 -0.0453379 0.0225416 0.9972160
1769789669.106395 0.4028983 -0.1917304 0.1003512 0.0567186 -0.0501633 0.0186530 0.9969547
1769789669.206401 0.3800134 -0.2361483 0.0981680 0.0616505 -0.0602055 0.0126535 0.9962000
1769789669.306401 0.3706034 -0.2531434 0.0872257 0.0692749 -0.0744342 0.0081482 0.9947835
1769789669.339741 0.3620234 -0.2553809 0.0900525 0.0723867 -0.0782043 0.0051900 0.9942924
1769789669.373068 0.3527918 -0.2604979 0.0992811 0.0744703 -0.0818313 0.0011035 0.9938595
1769789669.406395 0.3492157 -0.2579640 0.1021399 0.0778953 -0.0870313 0.0001979 0.9931555
1769789669.473059 0.3410919 -0.2607555 0.1080696 0.0802967 -0.0953002 -0.0012473 0.9922040
1769789669.506400 0.3408678 -0.2597015 0.1037780 0.0813084 -0.0994769 -0.0001579 0.9917123
1769789669.573061 0.3328058 -0.2577193 0.1116803 0.0816471 -0.1041728 0.0042377 0.9911932
1769789669.606396 0.3233798 -0.2490337 0.1316859 0.0828437 -0.1038567 0.0046202 0.9911253
1769789669.639726 0.3138130 -0.2354187 0.1679867 0.0851125 -0.1026974 0.0060967 0.9910459
1769789669.673083 0.3038354 -0.2297378 0.1860783 0.0823760 -0.1003196 0.0085519 0.9915025
1769789669.739729 0.2782110 -0.3822646 0.1226438 0.0376855 -0.0967779 0.0170257 0.9944466
1769789669.806394 0.2911284 -0.3691947 0.1865752 0.0153289 -0.0956003 0.0230833 0.9950340
1769789669.839728 0.2928582 -0.3618859 0.1935926 0.0097963 -0.0943319 0.0279577 0.9951000
1769789669.873062 0.3003632 -0.3595992 0.1888746 0.0050040 -0.0951086 0.0308015 0.9949777
1769789670.006396 0.2918210 -0.3665462 0.2113009 -0.0156897 -0.0956413 0.0238442 0.9950066
1769789670.173088 0.2993030 -0.3659995 0.2148260 -0.0241241 -0.1009602 0.0235307 0.9943196
1769789670.273075 0.2917039 -0.3747749 0.2257753 -0.0257916 -0.1027748 0.0174831 0.9942166
1769789670.439745 0.2976546 -0.3792520 0.1923885 -0.0146808 -0.1045404 0.0209175 0.9941922
1769789670.606400 0.4207722 -0.4530003 -0.0718006 -0.0063023 -0.1310741 0.0201086 0.9911486
1769789670.739732 0.4251310 -0.4542626 -0.0624044 0.0047897 -0.1289813 0.0215483 0.9914013
1769789670.839751 0.4250190 -0.4530860 -0.0602149 0.0122875 -0.1270735 0.0228415 0.9915541
1769789671.039745 0.4235709 -0.4539732 -0.0672546 0.0228514 -0.1243365 0.0236526 0.9916949
1769789671.306430 0.4276648 -0.4545478 -0.1046448 0.0296115 -0.1222100 0.0257913 0.9917272
1769789671.639733 0.4241791 -0.4493990 -0.0930068 0.0360257 -0.1227279 0.0264983 0.9914322
1769789672.173063 0.4218612 -0.4478062 -0.0977524 0.0305343 -0.1249871 0.0271396 0.9913170
1769789672.473056 0.4186006 -0.4486177 -0.1042129 0.0222232 -0.1261809 0.0265845 0.9914020
1769789672.639741 0.4079613 -0.3983030 -0.1034147 0.0230035 -0.1260994 0.0259063 0.9914125
1769789672.773062 0.4030817 -0.3561879 -0.1035230 0.0233469 -0.1263358 0.0262805 0.9913645
1769789673.039730 0.3918674 -0.2608556 -0.0994973 0.0245806 -0.1264848 0.0254466 0.9913374
1769789673.206391 0.3898004 -0.2034549 -0.1017388 0.0250589 -0.1267331 0.0252165 0.9912996
1769789673.339724 0.3880986 -0.1554843 -0.0917247 0.0257473 -0.1263126 0.0254945 0.9913285
1769789673.473061 0.3790384 -0.1126893 -0.0989922 0.0303981 -0.1256994 -0.0128982 0.9915187
1769789673.673092 0.3626944 -0.0429235 -0.0958124 0.0407957 -0.1239264 -0.0841504 0.9878749
1769789673.873058 0.3520552 0.0184194 -0.0945642 0.0491597 -0.1228942 -0.1482346 0.9800546
1769789674.039753 0.3522189 0.0639864 -0.0966756 0.0544421 -0.1191928 -0.1935607 0.9722980
1769789674.206397 0.3526854 0.1057229 -0.0902769 0.0596810 -0.1164417 -0.2326298 0.9637235
1769789674.406393 0.3612819 0.1477746 -0.0802551 0.0647830 -0.1131811 -0.2691708 0.9542223
1769789674.639732 0.3820167 0.1767619 -0.0759652 0.0680361 -0.1100910 -0.2976173 0.9458726
1769789674.839729 0.4044914 0.1914431 -0.0751334 0.0697998 -0.1093342 -0.3113352 0.9414056
1769789675.073075 0.4406423 0.1864935 -0.0691255 0.0697346 -0.1104898 -0.3135655 0.9405349
1769789675.206391 0.4602107 0.1759322 -0.0503472 0.0688262 -0.1110578 -0.3078272 0.9424285
1769789675.373062 0.4961528 0.1524367 -0.0528750 0.0664202 -0.1120461 -0.2948767 0.9466159
1769789675.473065 0.5152898 0.1355750 -0.0366613 0.0649609 -0.1124720 -0.2823043 0.9504917
1769789675.539721 0.5368118 0.1248637 -0.0404525 0.0645533 -0.1140469 -0.2693390 0.9540874
1769789675.606392 0.5537558 0.1103603 -0.0421284 0.0628890 -0.1142856 -0.2570616 0.9575506
1769789675.673064 0.5741700 0.0935339 -0.0470735 0.0607292 -0.1158921 -0.2401471 0.9618786
1769789675.773066 0.5986876 0.0672099 -0.0290363 0.0576789 -0.1165932 -0.2101696 0.9689726
1769789675.839725 0.6219046 0.0495716 -0.0252510 0.0555727 -0.1182080 -0.1881959 0.9734069
1769789675.906391 0.6365367 0.0359997 -0.0293007 0.0538973 -0.1187578 -0.1669681 0.9772990
1769789675.973070 0.6548084 0.0171232 -0.0216660 0.0523733 -0.1193399 -0.1491911 0.9801822
1769789676.039721 0.6737390 0.0000209 -0.0111265 0.0515699 -0.1199689 -0.1331228 0.9824593
1769789676.106395 0.6907547 -0.0185928 -0.0029495 0.0525786 -0.1196689 -0.1217635 0.9839149
1769789676.173067 0.7093516 -0.0364276 0.0008870 0.0566798 -0.1187356 -0.1172475 0.9843487
1769789676.206397 0.7179289 -0.0438676 0.0073699 0.0600477 -0.1176384 -0.1170265 0.9843070
1769789676.273060 0.7326066 -0.0612893 0.0148051 0.0660022 -0.1149879 -0.1138891 0.9846069
1769789676.406414 0.7661772 -0.0903316 0.0254365 0.0786986 -0.1077795 -0.1087695 0.9850682
1769789676.606393 0.8088919 -0.1406980 0.0325891 0.0974751 -0.0913582 -0.1041563 0.9855475
1769789676.739729 0.8320155 -0.1725242 0.0385011 0.1054319 -0.0748598 -0.1001428 0.9865351
1769789676.873068 0.7937987 -0.1907844 0.1062950 0.1114677 -0.0433054 -0.0998496 0.9877903
1769789677.039734 0.7777039 -0.2163752 0.1479187 0.1135923 -0.0097551 -0.0961501 0.9888158
1769789677.306394 0.8421730 -0.2893107 0.2343104 0.0845377 0.0028274 -0.0960052 0.9917805
1769789677.339720 0.8426753 -0.2833357 0.2405786 0.0714189 -0.0007289 -0.0955132 0.9928625
1769789677.439728 0.8690715 -0.2894929 0.2387357 0.0386821 -0.0223417 -0.0848509 0.9953918
1769789677.606395 0.9189351 -0.3112433 0.2442292 0.0044394 -0.0526225 -0.0632804 0.9965976
1769789677.906386 1.0047934 -0.3674490 0.2574166 -0.0308492 -0.0879833 -0.0242262 0.9953494
1769789678.206399 1.1004597 -0.4345476 0.2624129 -0.0327560 -0.1098745 0.0123006 0.9933294
1769789678.439719 1.1622568 -0.4925803 0.2678429 -0.0212384 -0.1184529 0.0238290 0.9924465
1769789678.706389 1.2205231 -0.5341035 0.2814103 -0.0050565 -0.1236241 0.0339026 0.9917369
1769789678.973053 1.2611985 -0.5377532 0.3006226 0.0072239 -0.1267202 0.0420483 0.9910206
1769789679.339779 1.2996998 -0.5056563 0.3160342 0.0182654 -0.1298664 0.0447716 0.9903518
1769789679.639733 1.3148100 -0.4618018 0.3214867 0.0242521 -0.1291295 0.0451171 0.9903039
1769789679.939727 1.3292227 -0.3758294 0.3301577 0.0311437 -0.1298347 0.0465006 0.9899549
1769789680.273053 1.3251213 -0.2601827 0.3460270 0.0376226 -0.1285980 0.0476503 0.9898366
1769789680.539722 1.3056679 -0.1363784 0.3648717 0.0462821 -0.1260970 0.0471244 0.9898165
1769789680.773056 1.3004712 -0.1097630 0.3601559 0.0408598 -0.1259095 0.0476115 0.9900558
1769789681.073066 1.2921953 -0.0826221 0.3608908 0.0325520 -0.1260181 0.0480282 0.9903298
1769789681.373051 1.2841957 -0.0525951 0.3603996 0.0256060 -0.1274485 0.0484300 0.9903312
1769789681.606383 1.2722450 -0.0274114 0.3499337 0.0217489 -0.1283616 0.0482064 0.9903163
1769789681.873059 1.2537963 0.0027018 0.3361293 0.0187801 -0.1293595 0.0450455 0.9903961
1769789682.073056 1.2388802 0.0228969 0.3246559 0.0173448 -0.1303227 0.0416005 0.9904467
1769789682.373034 1.2159449 0.0435034 0.3059067 0.0167005 -0.1321376 0.0391622 0.9903167
1769789682.639710 1.1862975 0.0474220 0.2738778 0.0155576 -0.1303299 0.0349976 0.9907306
1769789682.939693 1.1577278 0.0325413 0.2446598 0.0155844 -0.1313111 0.0355533 0.9905809
1769789683.239708 1.1344186 -0.0029359 0.2176073 0.0166029 -0.1346583 0.0414414 0.9898859
1769789683.473034 1.1131693 -0.0422064 0.1938623 0.0177448 -0.1365412 0.0453700 0.9894358
1769789683.673029 1.0913678 -0.0746715 0.1707013 0.0203247 -0.1365924 0.0438194 0.9894490
1769789683.873036 1.0777098 -0.0744245 0.1926641 0.0294684 -0.1376477 0.0372712 0.9893410
1769789683.973034 1.0764740 -0.0939948 0.1697023 0.0334783 -0.1400295 0.0405039 0.9887519
1769789684.073024 1.0794336 -0.1098195 0.1424130 0.0410270 -0.1422989 0.0433086 0.9880244
1769789684.173026 1.0699130 -0.1098320 0.1340411 0.0515584 -0.1432665 0.0367105 0.9876583
1769789684.239700 1.0748771 -0.1141417 0.1209515 0.0585795 -0.1464561 0.0392600 0.9867004
1769789684.306372 1.0795525 -0.1222718 0.1024649 0.0653298 -0.1503820 0.0421143 0.9855677
1769789684.406360 1.0797101 -0.1404942 0.0800565 0.0736762 -0.1544988 0.0458509 0.9841746
1769789684.539696 1.0688584 -0.1819570 0.0682551 0.0826511 -0.1579819 0.0438502 0.9829994
1769789684.739696 1.0445222 -0.2433116 0.0642823 0.0963797 -0.1741717 0.0329003 0.9794349
1769789684.839699 1.0282546 -0.2863648 0.0459732 0.1022983 -0.1846078 0.0309619 0.9769833
1769789684.906366 1.0184355 -0.3129037 0.0404677 0.1063147 -0.1935260 0.0297838 0.9748630
1769789685.006361 1.0200309 -0.3171932 0.0257686 0.1140243 -0.2086929 0.0274382 0.9709237
1769789685.039693 1.0136309 -0.3180939 0.0328735 0.1163142 -0.2124787 0.0267988 0.9698483
1769789685.073029 1.0080140 -0.3174302 0.0329072 0.1175559 -0.2164099 0.0267812 0.9688293
1769789685.106364 1.0071461 -0.3203902 0.0291459 0.1177815 -0.2197995 0.0272897 0.9680243
1769789685.139693 1.0077219 -0.3209127 0.0303860 0.1180226 -0.2226960 0.0289509 0.9672844
1769789685.173026 1.0063081 -0.3215933 0.0294145 0.1173232 -0.2247439 0.0295895 0.9668764
1769789685.273027 1.0050021 -0.3230706 0.0238865 0.1113489 -0.2255280 0.0339814 0.9672558
1769789685.306388 0.9993136 -0.3321268 0.0264307 0.0958477 -0.2239431 0.0331238 0.9693119
1769789685.339693 0.9983466 -0.3290360 0.0402185 0.0844177 -0.2237248 0.0347140 0.9703689
1769789685.373028 0.9623014 -0.3780042 0.0172833 0.0646226 -0.2174812 0.0341384 0.9733244
1769789685.406368 0.9555563 -0.3822205 0.0307801 0.0550970 -0.2154170 0.0360425 0.9743001
1769789685.439699 0.9400961 -0.3806795 0.0497707 0.0480011 -0.2125137 0.0355485 0.9753308
1769789685.573032 0.9068932 -0.3707771 0.0846955 0.0314681 -0.2064300 0.0445042 0.9769421
1769789685.873042 0.8544447 -0.4749560 0.0452140 -0.0138014 -0.1877892 0.0336715 0.9815350
1769789686.139717 0.8066214 -0.5303342 0.0408605 -0.0198069 -0.1753464 0.0267252 0.9839447
1769789686.373036 0.7393442 -0.5144178 0.0131805 -0.0072867 -0.1626332 0.0215754 0.9864238
1769789686.606367 0.7173030 -0.5186567 0.0121987 0.0042926 -0.1561844 0.0230394 0.9874498
1769789686.806365 0.7163632 -0.5177144 0.0147391 0.0096511 -0.1541672 0.0247198 0.9876884
1769789686.939716 0.7150751 -0.5157903 0.0138529 0.0133575 -0.1530737 0.0251822 0.9878036
1769789687.139693 0.7131227 -0.5073287 0.0126775 0.0173368 -0.1517740 0.0256999 0.9879289
1769789687.306366 0.7125800 -0.5073958 0.0074527 0.0176857 -0.1509509 0.0264784 0.9880283
1769789687.539693 0.7125917 -0.5113544 0.0002224 0.0157231 -0.1498679 0.0266412 0.9882220
1769789687.639701 0.7095228 -0.4972064 -0.0017966 0.0158992 -0.1492928 0.0249991 0.9883491
1769789687.739737 0.7095587 -0.4761672 -0.0014179 0.0171681 -0.1488280 0.0254602 0.9883862
1769789687.873024 0.7049105 -0.4455813 0.0066931 0.0190263 -0.1479601 0.0241292 0.9885159
1769789687.939688 0.7039167 -0.4341847 0.0054369 0.0191670 -0.1473789 0.0235188 0.9886147
1769789688.006362 0.7058469 -0.4212351 0.0025662 0.0192412 -0.1475759 0.0231178 0.9885933
1769789688.173043 0.7093248 -0.3856060 0.0044519 0.0202146 -0.1472558 0.0216639 0.9886546
1769789688.239700 0.7106048 -0.3734518 0.0051466 0.0202163 -0.1468893 0.0211946 0.9887192
1769789688.339692 0.7133592 -0.3526530 0.0071925 0.0205927 -0.1469057 0.0213760 0.9887051
1769789688.473032 0.7179111 -0.3236708 0.0116555 0.0215010 -0.1472410 0.0212890 0.9886377
1769789688.739693 0.7314377 -0.2728491 0.0185306 0.0225427 -0.1467250 0.0219791 0.9886762
1769789689.073027 0.7527508 -0.2226962 0.0313188 0.0233567 -0.1472888 0.0214990 0.9885840
1769789689.406359 0.7787620 -0.1870755 0.0393124 0.0233536 -0.1479982 0.0219423 0.9884683
1769789689.639697 0.7966790 -0.1717538 0.0448227 0.0228040 -0.1479424 0.0222619 0.9884824
1769789689.973027 0.8200474 -0.1595483 0.0552571 0.0223893 -0.1482391 0.0222062 0.9884487
1769789690.439692 0.8507892 -0.1576470 0.0681458 0.0228659 -0.1489955 0.0224566 0.9883184
1769789691.106402 0.8840978 -0.1704831 0.0811723 0.0227037 -0.1511005 0.0228391 0.9879937
1769789691.606362 0.8984783 -0.1802994 0.0894197 0.0229132 -0.1527139 0.0230826 0.9877352
1769789692.406366 0.9123675 -0.1823439 0.0913962 0.0223711 -0.1550688 0.0230502 0.9873813
