1769789612306420736.000000 0.000000000 0.000000000 0.000000000 -0.000000000 -0.000000000 -0.000000000 1.000000000
1769789612339758080.000000 0.002425226 0.000951121 -0.004082644 0.000333418 -0.000612108 0.001174576 0.999999106
1769789612373088000.000000 0.001811079 -0.001067892 -0.004010441 0.000082844 -0.000603718 0.001291179 0.999998987
1769789612473081856.000000 0.001324764 0.002328055 -0.002737451 0.000635537 -0.000454612 0.001002412 0.999999225
1769789612639768576.000000 0.000941002 0.003554838 0.003640913 0.000543837 -0.000470236 -0.000377652 0.999999702
1769789612739740672.000000 0.001188140 0.005678576 -0.005090106 0.001707744 -0.000752235 0.000929252 0.999997854
1769789612906412032.000000 0.007014073 0.009255191 0.013662441 0.001581510 -0.001440903 0.000836659 0.999997377
1769789612973076224.000000 0.014923013 0.013679149 0.060393624 0.001550954 -0.002770491 0.002813976 0.999991000
1769789616073096448.000000 0.039391369 0.004990888 0.124834225 0.003873370 -0.004110419 0.001377215 0.999983132
1769789616873092352.000000 0.095667258 -0.010746136 0.132896140 0.003626853 -0.003807838 0.004655161 0.999975383
1769789617306458368.000000 0.123862728 -0.000281995 0.139433637 0.005715857 -0.001603015 0.005413411 0.999967754
1769789617506434304.000000 0.140171528 0.008951182 0.149194792 0.007902239 0.000356393 0.004972796 0.999956369
1769789617739762432.000000 0.157092854 0.019045012 0.153395161 0.009115484 0.002504352 0.004816498 0.999943733
1769789617906427904.000000 0.175812662 0.029844658 0.159398407 0.009392262 0.003350936 0.005175733 0.999936938
1769789618106429440.000000 0.186270803 0.052693345 0.169006884 0.011966854 0.006320470 0.002817446 0.999904454
1769789618306428672.000000 0.192256063 0.065608606 0.166299105 0.011922430 0.009479550 0.002751914 0.999880195
1769789618539770368.000000 0.204891160 0.078418158 0.168671876 0.010727834 0.012968744 0.003390259 0.999852598
1769789618806426368.000000 0.219189405 0.095483445 0.171223655 0.008227888 0.015612344 0.003727254 0.999837339
1769789619006431744.000000 0.236325070 0.124104261 0.185344622 0.008685711 0.017228363 0.001981185 0.999811888
1769789619173127424.000000 0.245779678 0.143769979 0.194220290 0.008996502 0.020386726 0.001129351 0.999751091
1769789619406424320.000000 0.256471992 0.168885395 0.201865479 0.007616870 0.021213474 0.000408212 0.999745905
1769789619773099264.000000 0.277785748 0.205726743 0.212197959 0.006533774 0.018490624 -0.001536012 0.999806523
1769789620273096192.000000 0.283960402 0.239965990 0.211826459 0.006767935 0.016517442 -0.003213258 0.999835551
1769789621139763968.000000 0.238441542 0.209189713 0.187238142 0.012304082 0.014249798 -0.003146404 0.999817789
1769789621373095168.000000 0.216403604 0.177442625 0.177068815 0.014966813 0.013597811 -0.000649688 0.999795318
1769789621506425344.000000 0.208145455 0.165381610 0.177990958 0.019148270 0.013177733 -0.000646529 0.999729633
1769789621706407168.000000 0.184202820 0.131157130 0.162780821 0.025770269 0.011266809 -0.000696337 0.999604166
1769789621873068544.000000 0.178403825 0.127188668 0.154854074 0.039664116 0.005767907 -0.002817638 0.999192476
1769789622006438400.000000 0.162948415 0.096464761 0.152136281 0.048765440 0.002503084 -0.002118836 0.998804867
1769789622173094912.000000 0.141049877 0.043451287 0.149488091 0.057131615 -0.010709584 0.001384870 0.998308301
1769789622339750912.000000 0.112460099 -0.018354092 0.149609983 0.064566858 -0.026473135 0.000469319 0.997562051
1769789622439804672.000000 0.093774542 -0.057273619 0.164754078 0.067383856 -0.035810232 0.000354314 0.997084200
1769789622506413312.000000 0.118521355 -0.086361796 0.187615708 0.067780674 -0.046214219 0.002214745 0.996626854
1769789622539737344.000000 0.081025556 -0.109898388 0.169717699 0.065667279 -0.044332191 0.003222697 0.996851087
1769789622606420224.000000 0.059455790 -0.170785934 0.186322480 0.059637398 -0.046162374 0.007883596 0.997120976
1769789622706423552.000000 0.046468385 -0.158016652 0.157286763 0.059549853 -0.041831583 0.008463398 0.997312546
1769789622773067264.000000 0.034389552 -0.168996289 0.142569363 0.044724781 -0.035452716 0.006522218 0.998348773
1769789622873073920.000000 0.020589223 -0.179745287 0.169550642 0.008176245 -0.032137204 0.005094492 0.999437034
1769789623006401280.000000 0.011877830 -0.213069841 0.139359608 -0.021626674 -0.028340751 0.008351468 0.999329448
1769789623139732736.000000 -0.029266082 -0.237900570 0.135097101 -0.043392111 -0.021386137 0.005326431 0.998815000
1769789623306410752.000000 -0.047870059 -0.263052881 0.153709963 -0.059133194 -0.018672043 0.003033414 0.998070896
1769789623473065984.000000 -0.074684232 -0.319961965 0.121226579 -0.067569807 -0.016448466 0.002852898 0.997574866
1769789623606412288.000000 -0.101263776 -0.348055780 0.121056423 -0.066023842 -0.012483801 0.002599502 0.997736573
1769789623773065472.000000 -0.123589002 -0.381334722 0.132503420 -0.057954855 -0.009747813 0.003683370 0.998264849
1769789623906400256.000000 -0.144107968 -0.406642407 0.138226673 -0.048357684 -0.006533322 0.005282572 0.998794794
1769789624039745280.000000 -0.181809679 -0.444125354 0.141473278 -0.039772432 -0.002108984 0.006729626 0.999183893
1769789624639737600.000000 -0.185803875 -0.441932440 0.157984972 -0.012531200 -0.002624973 0.009566547 0.999872267
1769789625039730688.000000 -0.188401610 -0.437580466 0.157589316 -0.008876299 -0.005363986 0.009853033 0.999897659
1769789625673063936.000000 -0.217420906 -0.366324782 0.148307964 -0.012408900 -0.006772919 0.010416146 0.999845803
1769789626039745024.000000 -0.237944841 -0.252002716 0.140253082 -0.010891756 -0.006902936 0.008431471 0.999881327
1769789627439740160.000000 -0.281804085 0.209556341 0.135617077 -0.004216902 -0.008202031 -0.256587923 0.966476917
1769789627639748608.000000 -0.272367328 0.251979977 0.138305858 -0.002853864 -0.006305434 -0.293251306 0.956010401
1769789627839729664.000000 -0.251353741 0.280848354 0.127576604 -0.001924687 -0.005446383 -0.316724747 0.948499918
1769789628039744768.000000 -0.228387147 0.297743857 0.122564286 -0.001227017 -0.005687932 -0.333685458 0.942666531
1769789628239736064.000000 -0.197782248 0.295905799 0.128789082 -0.001308854 -0.006970623 -0.335428715 0.942038894
1769789628473070592.000000 -0.154288620 0.276563317 0.120580897 -0.001475281 -0.006627274 -0.327418476 0.944855034
1769789628606396160.000000 -0.126755089 0.254852116 0.119546652 -0.001735798 -0.007386740 -0.313394517 0.949592769
1769789628739735808.000000 -0.101319745 0.222624317 0.121096857 -0.004500119 -0.005927931 -0.297238469 0.954774261
1769789628806394368.000000 -0.075233765 0.209356457 0.114516765 -0.003412258 -0.008273515 -0.282453090 0.959239423
1769789628873067264.000000 -0.056573153 0.189073429 0.117290564 -0.004325403 -0.008192879 -0.269209385 0.963037133
1769789628939744256.000000 -0.033147931 0.169088989 0.128589481 -0.003791234 -0.008669794 -0.248363793 0.968620658
1769789629006400256.000000 -0.015934302 0.153544858 0.110739097 -0.003363110 -0.007526477 -0.226465091 0.973984420
1769789629073060864.000000 0.004961270 0.129839152 0.114192136 -0.003302089 -0.007274694 -0.207050502 0.978297651
1769789629106402304.000000 0.012038181 0.123363107 0.129051417 -0.002528932 -0.006144871 -0.196407676 0.980499804
1769789629139729408.000000 0.020558432 0.116163097 0.125053898 -0.002358183 -0.006116911 -0.187133446 0.982312620
1769789629206407424.000000 0.035308082 0.103895292 0.124841534 -0.000738988 -0.004817635 -0.169121698 0.985583127
1769789629239738112.000000 0.047274470 0.086567022 0.108661748 -0.001981340 -0.005784744 -0.160091802 0.987083197
1769789629273080320.000000 0.059430756 0.086243570 0.130016595 0.000404865 -0.005644874 -0.152472585 0.988291502
1769789629339740160.000000 0.067058735 0.074318796 0.149642810 0.004254028 -0.002489926 -0.145092607 0.989405811
1769789629406425344.000000 0.084013082 0.057480965 0.153065860 0.009276944 -0.000796567 -0.141515121 0.989892304
1769789629539744768.000000 0.114471391 0.023245893 0.169283628 0.022127757 0.005159364 -0.139595985 0.989947855
1769789629706409984.000000 0.159363389 -0.026350427 0.152437389 0.036568683 0.014606182 -0.133931071 0.990208030
1769789629906410496.000000 0.191581398 -0.074682944 0.163050011 0.054539301 0.036169391 -0.132302329 0.989046693
1769789630006410496.000000 0.205353618 -0.093879901 0.175654754 0.060339984 0.051004920 -0.130684376 0.988270819
1769789630106415104.000000 0.226216614 -0.115489013 0.191658333 0.064962067 0.066925265 -0.125096709 0.987750888
1769789630273080064.000000 0.231788397 -0.146609038 0.239774331 0.065775789 0.097652450 -0.123334050 0.985355914
1769789630506406912.000000 0.311894715 -0.207509413 0.275525093 0.048122507 0.106636882 -0.115627006 0.986378849
1769789630539740160.000000 0.321992129 -0.209960788 0.300324291 0.033465974 0.103769504 -0.116103239 0.987234533
1769789630606409216.000000 0.329964280 -0.199457154 0.267088532 0.010790930 0.092568852 -0.103957996 0.990205705
1769789630773079808.000000 0.361530989 -0.216487125 0.267417341 -0.026159858 0.063391909 -0.075457484 0.994788051
1769789631039737600.000000 0.425965488 -0.247843608 0.287741721 -0.058036901 0.033306982 -0.036699858 0.997083485
1769789631306446080.000000 0.511461616 -0.302320093 0.272128999 -0.063618183 0.010267169 -0.001742157 0.997919977
1769789631606409472.000000 0.576391459 -0.375539213 0.257956982 -0.052263450 -0.000550882 0.016429292 0.998498023
1769789633073076736.000000 0.753864110 -0.290594310 0.267767638 0.004219681 -0.013087353 0.034960896 0.999294102
1769789633339737344.000000 0.760701418 -0.216550022 0.276589185 0.007104489 -0.012336525 0.033757277 0.999328673
1769789633639736064.000000 0.763943791 -0.108997136 0.267375797 0.012985691 -0.011877032 0.036811035 0.999167264
1769789633906460160.000000 0.747814953 -0.021992138 0.307611734 0.014894609 -0.009133426 0.033740390 0.999277890
1769789634273072896.000000 0.702592075 -0.048898272 0.256097347 -0.003229722 -0.004306758 0.035512421 0.999354780
1769789634573070848.000000 0.700562596 -0.020600190 0.249960497 -0.009515173 -0.007150726 0.041028168 0.999087095
1769789634806410752.000000 0.688079953 0.005130501 0.244558617 -0.013927329 -0.007919396 0.041799009 0.998997569
1769789635106432256.000000 0.668916106 0.054313924 0.251346260 -0.015235765 -0.009036926 0.036527708 0.999175668
1769789635406424064.000000 0.643473983 0.074337289 0.220311075 -0.017694453 -0.011522367 0.037808474 0.999061882
1769789636039776256.000000 0.574081063 0.078102417 0.173578724 -0.019650422 -0.012554987 0.032045130 0.999214351
1769789636339774464.000000 0.542523921 0.047855560 0.156097889 -0.019941058 -0.015264426 0.036000751 0.999036193
1769789636739755264.000000 0.490606159 -0.019044068 0.148789153 -0.017766561 -0.015628051 0.040215991 0.998910785
1769789636873092608.000000 0.487566382 -0.015878150 0.171254665 -0.012362842 -0.016818460 0.036321618 0.999122143
1769789636973094912.000000 0.479477555 -0.035813101 0.161240458 -0.009721735 -0.017484073 0.040268153 0.998988628
1769789637106427392.000000 0.466702104 -0.050606869 0.158831686 -0.005376820 -0.018431937 0.037862498 0.999098480
1769789637206417920.000000 0.453780174 -0.080088861 0.137952507 -0.002496464 -0.019029176 0.039200626 0.999047041
1769789637373087488.000000 0.377841622 0.061785560 0.192091778 0.029918525 -0.012032890 0.014112370 0.999380291
1769789637439760128.000000 0.373558432 0.046735857 0.176290810 0.035444979 -0.014236717 0.015348790 0.999152362
1769789637506417152.000000 0.370427459 0.036356475 0.159932405 0.041894127 -0.017157385 0.016693285 0.998835266
1769789637639758848.000000 0.351585448 -0.000406323 0.155876473 0.050679669 -0.020994278 0.015841518 0.998368621
1769789637739751936.000000 0.348775953 -0.020152302 0.143898234 0.060635544 -0.025175665 0.018082021 0.997678578
1769789637806433792.000000 0.343425244 -0.036337018 0.140107363 0.066580050 -0.029722134 0.019623054 0.997145236
1769789637973093632.000000 0.332489789 -0.040304270 0.143010139 0.082440719 -0.045791402 0.009040067 0.995502412
1769789638073093632.000000 0.312727451 -0.092220731 0.131533608 0.082021601 -0.057616819 -0.004679294 0.994952738
1769789638139780864.000000 0.293597609 -0.119187362 0.133049890 0.084259771 -0.064251237 -0.010402075 0.994315803
1769789638339752704.000000 0.303198487 -0.135949895 0.059640892 0.091776043 -0.096193403 -0.008945984 0.991082251
1769789638373084416.000000 0.306299478 -0.128547013 0.066332892 0.093430094 -0.099839061 -0.005347125 0.990592957
1769789638406418688.000000 0.305857539 -0.136068583 0.048521459 0.090908289 -0.101745971 -0.008223802 0.990613878
1769789638439749632.000000 0.307078511 -0.137084484 0.049544413 0.089563832 -0.103756875 -0.004578013 0.990551293
1769789638473086464.000000 0.299903035 -0.132598430 0.064555153 0.089363411 -0.101732373 -0.000906241 0.990789533
1769789640339758592.000000 -0.186194122 -0.439810216 0.157747403 -0.007756358 -0.006545359 0.009657120 0.999901891
1769789640673088512.000000 -0.190724313 -0.436017752 0.150455505 -0.007172075 -0.007525295 0.010736157 0.999888361
1769789640906436864.000000 -0.194784358 -0.432751715 0.149938747 -0.010269656 -0.007993387 0.010613567 0.999859035
1769789641106424832.000000 -0.200176090 -0.430455416 0.143104777 -0.014328990 -0.008693850 0.011354275 0.999795079
1769789641206418432.000000 -0.216246411 -0.376749635 0.149863690 -0.010856644 -0.007323096 0.010121530 0.999863029
1769789641306416896.000000 -0.221143186 -0.352894664 0.145487785 -0.011151814 -0.007807917 0.009888358 0.999858439
1769789641406424320.000000 -0.225891724 -0.330256283 0.130963981 -0.011672592 -0.007832740 0.009053828 0.999860227
1769789641506432000.000000 -0.235286221 -0.287592381 0.138815925 -0.009911897 -0.006896539 0.008891878 0.999887586
1769789641673090816.000000 -0.233580872 -0.243954644 0.137242973 -0.010858562 -0.007870783 0.009131249 0.999868393
1769789641806424576.000000 -0.238291994 -0.200998336 0.132502466 -0.011196380 -0.008101963 0.007986936 0.999872625
1769789643106417920.000000 -0.283087403 0.227010354 0.123117477 -0.003535902 -0.006280224 -0.272918999 0.962010026
1769789643506421504.000000 -0.243637055 0.286138058 0.123736627 -0.001997885 -0.006011708 -0.324827701 0.945752025
1769789643839745792.000000 -0.198203743 0.292342484 0.111437194 -0.001881085 -0.006879550 -0.336979151 0.941485107
1769789644173073408.000000 -0.131068841 0.257841438 0.116902262 -0.002204841 -0.007873401 -0.318255484 0.947969735
1769789644306435328.000000 -0.101301312 0.229877993 0.110791914 -0.003101798 -0.007552616 -0.299403638 0.954091609
1769789644406409728.000000 -0.076065704 0.201624602 0.098526381 -0.004443983 -0.007434428 -0.281668872 0.959472597
1769789644506411520.000000 -0.045137756 0.177897438 0.097083174 -0.003622405 -0.007919505 -0.255323380 0.966816545
1769789644573090304.000000 -0.024966683 0.161239743 0.095301539 -0.003310791 -0.007296391 -0.236321837 0.971641839
1769789644639760640.000000 -0.004633139 0.145282596 0.102178045 -0.002036751 -0.007224866 -0.215188235 0.976543725
1769789644673092352.000000 0.007060768 0.134485021 0.101511165 -0.002185951 -0.006983571 -0.204801172 0.978776276
1769789644773092608.000000 0.034582064 0.102725871 0.115743637 -0.002201661 -0.006645047 -0.175468102 0.984460235
1769789644806419968.000000 0.043405693 0.096591979 0.116841368 -0.001314741 -0.006320399 -0.166353434 0.986045063
1769789644939747072.000000 0.072181597 0.061748125 0.122116886 0.002747660 -0.003859333 -0.143378973 0.989656508
1769789645073083136.000000 0.114301704 0.023027949 0.139817148 0.013672827 -0.001382352 -0.139190108 0.990170360
1769789645206411264.000000 0.145259336 -0.006572490 0.167198807 0.027891411 0.006585933 -0.135857433 0.990313828
1769789645339737856.000000 0.179619551 -0.045607045 0.133975238 0.038773071 0.016276695 -0.134670243 0.989997804
1769789645473107712.000000 0.185979024 -0.081019886 0.170320153 0.049629692 0.032522373 -0.136017665 0.988927901
1769789645606414080.000000 0.210835084 -0.108548068 0.193448067 0.058398467 0.052651383 -0.131502181 0.988192618
1769789645739737344.000000 0.229829282 -0.142604455 0.188274786 0.061936252 0.074938178 -0.127168313 0.987105072
1769789645839738880.000000 0.233631283 -0.154576749 0.225070179 0.063638754 0.093029387 -0.125547096 0.985664010
1769789645973070336.000000 0.261007249 -0.180844665 0.241070211 0.060212351 0.108964801 -0.120863393 0.984831572
1769789646106407424.000000 0.300605327 -0.206044838 0.234577075 0.043374196 0.107567020 -0.119924247 0.985984921
1769789646173083904.000000 0.315125614 -0.197737440 0.253174514 0.018694945 0.099550173 -0.112641498 0.988459527
1769789646373075200.000000 0.363496631 -0.216366217 0.253060728 -0.027678339 0.063668534 -0.075543813 0.994722784
1769789646739784960.000000 0.461347580 -0.278383195 0.250462174 -0.065164179 0.022893431 -0.019798728 0.997415423
1769789647039740672.000000 0.535541475 -0.349954963 0.241963893 -0.063760594 0.005731144 0.008272962 0.997914493
1769789647306414336.000000 0.593086660 -0.412019640 0.229737252 -0.046594393 -0.000916468 0.020682104 0.998699367
1769789647573076736.000000 0.638492346 -0.442949891 0.242925301 -0.030842576 -0.004066246 0.026859296 0.999155045
1769789647873082368.000000 0.691561759 -0.441763103 0.239243686 -0.018615950 -0.009239431 0.032823313 0.999245107
1769789648239734784.000000 0.723340809 -0.398304164 0.254140764 -0.007284376 -0.010008340 0.033312131 0.999368310
1769789648606417152.000000 0.744970918 -0.315525502 0.257829577 0.001515806 -0.009783218 0.034527365 0.999354720
1769789649339734528.000000 0.703879654 -0.105216235 0.243037179 0.009307363 -0.002296626 0.031713869 0.999451041
1769789649706400768.000000 0.700800180 -0.059919257 0.238544285 0.001529017 -0.002467317 0.034446999 0.999402344
1769789649939781888.000000 0.702262580 -0.034224290 0.237952486 -0.003762113 -0.003879113 0.035940927 0.999339342
1769789650206409728.000000 0.693357289 -0.005426485 0.242935464 -0.009603971 -0.004631857 0.037053179 0.999256432
1769789650473071104.000000 0.679314256 0.021053260 0.232290417 -0.014251548 -0.005946402 0.038340643 0.999145448
1769789650673064960.000000 0.666235447 0.040456440 0.221879631 -0.016645888 -0.007608713 0.038917299 0.999074817
1769789651006416384.000000 0.637359321 0.073499359 0.208185062 -0.018396061 -0.009199570 0.035796802 0.999147415
1769789651306404608.000000 0.607615411 0.085699208 0.194631442 -0.019685926 -0.010699565 0.033656258 0.999182284
1769789651673093376.000000 0.569234133 0.074784800 0.176037535 -0.020013446 -0.012817405 0.033312730 0.999162376
1769789651939735552.000000 0.537789643 0.049175672 0.165441528 -0.019130953 -0.014182721 0.035503354 0.999085784
1769789652239739904.000000 0.507189393 0.004634415 0.149208263 -0.017096497 -0.016329756 0.039573267 0.998936951
1769789652539755520.000000 0.475893617 -0.039114412 0.146747813 -0.012592953 -0.017318498 0.037778642 0.999056697
1769789652739746304.000000 0.451902658 -0.055841636 0.154753700 -0.004957709 -0.017437622 0.033650823 0.999269247
1769789652873098752.000000 0.435341150 -0.082507826 0.143935204 0.002331101 -0.018256599 0.030684948 0.999359667
1769789653039756288.000000 0.376976639 -0.031051673 0.164843038 0.023403715 -0.014218694 0.012109688 0.999551654
1769789653173081088.000000 0.356483996 -0.058369432 0.162559077 0.034869440 -0.017753432 0.013935082 0.999137044
1769789653339741952.000000 0.332662821 -0.106481336 0.158074960 0.046432845 -0.021299673 0.010620100 0.998637855
1769789653473072128.000000 0.313029826 -0.143299490 0.158469558 0.056608908 -0.031158546 0.010022292 0.997859776
1769789653606412288.000000 0.295759022 -0.193486795 0.148885697 0.065377444 -0.046770867 0.007866804 0.996732891
1769789653639741184.000000 0.288489074 -0.202994570 0.144201353 0.068189904 -0.050412942 0.006905891 0.996373892
1769789653706412288.000000 0.271317393 -0.229174972 0.145824209 0.072167426 -0.057911795 0.007982588 0.995677888
1769789653739740672.000000 0.263615817 -0.246596783 0.140253320 0.073400691 -0.062505700 0.007671203 0.995312274
1769789653873075968.000000 0.214956746 -0.195368007 0.171431586 0.089432724 -0.078566037 0.003865772 0.992881835
1769789653906419200.000000 0.205849126 -0.196057156 0.180398017 0.090843670 -0.082065195 0.002341024 0.992475331
1769789653939748608.000000 0.205530077 -0.192259565 0.180239424 0.091637172 -0.085350052 0.005617247 0.992112100
1769789653973079040.000000 0.203249022 -0.202118203 0.176831082 0.090621531 -0.087594226 0.005202957 0.992012084
1769789654006408960.000000 0.197763979 -0.199551478 0.188863873 0.090320386 -0.089251883 0.007501792 0.991877019
1769789654039742720.000000 0.200693831 -0.195991531 0.177805126 0.089517504 -0.090582579 0.009419623 0.991812825
1769789654206407936.000000 0.080204532 -0.349855810 0.082937509 0.015964137 -0.067871504 0.017696323 0.997409344
1769789654239748096.000000 0.081995152 -0.347177953 0.082606405 0.007712964 -0.067721203 0.017184965 0.997526467
1769789654273083648.000000 0.062948212 -0.340959668 0.129638880 0.000357310 -0.064013071 0.015389156 0.997830331
1769789654306407168.000000 0.055166218 -0.334575266 0.142600417 -0.005776389 -0.061642442 0.014236387 0.997980058
1769789654339737856.000000 0.051407605 -0.341690361 0.141770497 -0.012184961 -0.059822056 0.015558710 0.998013437
1769789654373071360.000000 0.049744554 -0.355608433 0.135288477 -0.020670978 -0.058235265 0.015854578 0.997962952
1769789654506407936.000000 0.031699009 -0.391386956 0.113766655 -0.043312144 -0.050561696 0.014031489 0.997682691
1769789654639766016.000000 0.007523626 -0.413802505 0.127592981 -0.054629799 -0.044503208 0.010953587 0.997454286
1769789654773082368.000000 -0.018140802 -0.451524585 0.121749796 -0.060638711 -0.038044315 0.009834878 0.997386038
1769789654873074688.000000 -0.031332657 -0.470549345 0.125991672 -0.060218208 -0.034481399 0.010148855 0.997537851
1769789654939739136.000000 -0.040542305 -0.483351469 0.126850054 -0.058529012 -0.031762395 0.009911786 0.997731090
1769789655039740672.000000 -0.158965379 -0.463054240 0.106010504 -0.049160190 -0.016748661 0.008916649 0.998610675
1769789655139748608.000000 -0.157904789 -0.467706144 0.107337259 -0.041438203 -0.014897016 0.009629667 0.998983622
1769789655206406656.000000 -0.157438353 -0.466198981 0.109605752 -0.035635475 -0.013859622 0.009704938 0.999221623
1769789655306411776.000000 -0.154090017 -0.464560479 0.118163995 -0.029085128 -0.012568082 0.010332246 0.999444544
1769789655406430208.000000 -0.153894141 -0.465028763 0.117485106 -0.023922339 -0.011650267 0.010108897 0.999594808
1769789655573081088.000000 -0.152559549 -0.464821756 0.122860476 -0.019005165 -0.010376052 0.010281445 0.999712706
1769789655739743744.000000 -0.153321534 -0.462713331 0.122608572 -0.013867778 -0.009835629 0.010863099 0.999796450
1769789656139771392.000000 -0.155655101 -0.462425888 0.119746067 -0.009303311 -0.010694007 0.010981967 0.999839246
1769789656473090048.000000 -0.157337412 -0.461553067 0.119177364 -0.012875189 -0.011932341 0.012011312 0.999773741
1769789656573085184.000000 -0.157945067 -0.463533103 0.115095839 -0.015128380 -0.012499655 0.012571356 0.999728441
1769789656739747072.000000 -0.157019466 -0.466202497 0.116122991 -0.019320829 -0.013727813 0.013696887 0.999625266
1769789656839745280.000000 -0.164497569 -0.448490828 0.111906841 -0.020494215 -0.013018087 0.012017225 0.999633014
1769789656906449152.000000 -0.168301716 -0.428711623 0.113350540 -0.020009361 -0.013397946 0.011895914 0.999639273
1769789657006411008.000000 -0.172435150 -0.397574604 0.112982549 -0.019411962 -0.013179927 0.011613039 0.999657273
1769789657273078016.000000 -0.180663899 -0.315761864 0.107011400 -0.018969215 -0.013492718 0.010910026 0.999669492
1769789657373080832.000000 -0.182751879 -0.282949626 0.103528805 -0.018975260 -0.013686254 0.010692735 0.999669075
1769789657706440960.000000 -0.184090704 -0.162654489 0.109991290 -0.017639831 -0.013297375 0.008360417 0.999721050
1769789658106433024.000000 -0.208873466 -0.026972245 0.121396691 -0.015054739 -0.016450958 -0.112913892 0.993354559
1769789658506405888.000000 -0.217887953 0.088892505 0.128919348 -0.012970543 -0.017386297 -0.230257794 0.972887933
1769789658873077504.000000 -0.197740361 0.165615961 0.131445795 -0.010282390 -0.016637381 -0.299494505 0.953897536
1769789659139739648.000000 -0.171251461 0.196322531 0.138943776 -0.009235899 -0.016290912 -0.326708943 0.944939435
1769789659439736320.000000 -0.127941281 0.198580682 0.122720838 -0.008709018 -0.017693676 -0.334685415 0.942123592
1769789659639740672.000000 -0.089327767 0.180594936 0.115236834 -0.009342388 -0.018549252 -0.328061283 0.944428086
1769789659673071616.000000 -0.083545864 0.177307338 0.117911190 -0.009574444 -0.018769193 -0.326002568 0.945134103
1769789659973055488.000000 -0.014074300 0.122875854 0.097171530 -0.010063776 -0.018212890 -0.285670906 0.958101869
1769789660039723520.000000 0.003771675 0.109223828 0.106240645 -0.010085576 -0.018330261 -0.270656198 0.962448716
1769789660173056256.000000 0.041764218 0.070277289 0.111984894 -0.010838108 -0.017333444 -0.233424693 0.972159982
1769789660239723776.000000 0.061977442 0.049673010 0.106706150 -0.011381018 -0.017140346 -0.210968137 0.977276385
1769789660273054720.000000 0.072011545 0.044851575 0.113753930 -0.010447508 -0.016746426 -0.199743316 0.979649484
1769789660306386944.000000 0.080197938 0.036402795 0.114196345 -0.010460456 -0.016401041 -0.190718845 0.981451929
1769789660339724032.000000 0.090027779 0.029774759 0.119512625 -0.009378217 -0.016093923 -0.180613860 0.983377695
1769789660439731200.000000 0.117253296 0.002618238 0.132511109 -0.009158317 -0.014559981 -0.155259654 0.987723947
1769789660539725312.000000 0.143694729 -0.021835566 0.137837425 -0.003908020 -0.013263581 -0.140237123 0.990021408
1769789660606398976.000000 0.161422729 -0.042579979 0.144340381 0.001013522 -0.011798467 -0.136988640 0.990501821
1769789660706409472.000000 0.184741393 -0.065996900 0.150176406 0.010793848 -0.007696769 -0.134539321 0.990819573
1769789660773069056.000000 0.203796029 -0.084482752 0.152255207 0.016775465 -0.004380518 -0.132925183 0.990974426
1769789660839731456.000000 0.218090355 -0.099919848 0.157274917 0.023545526 0.000663708 -0.132214516 0.990941226
1769789660973056000.000000 0.249703661 -0.133854598 0.159276813 0.035948996 0.010930862 -0.128446847 0.991004348
1769789661106393856.000000 0.277028561 -0.163072556 0.163712561 0.047845095 0.025085585 -0.124540307 0.990742803
1769789661239726592.000000 0.278497249 -0.185612097 0.200824931 0.054617554 0.049909860 -0.122151256 0.989749968
1769789661339728896.000000 0.291561633 -0.207351953 0.220118999 0.057725668 0.067027234 -0.118822567 0.988967299
1769789661506393856.000000 0.316760153 -0.247313797 0.270596713 0.055695135 0.093850441 -0.116767578 0.987145126
1769789661639727616.000000 0.366788089 -0.293374568 0.308523804 0.048093855 0.101896122 -0.113749057 0.987099469
1769789661673052672.000000 0.378992766 -0.303974807 0.294570327 0.042078350 0.099045478 -0.112848684 0.987767518
1769789661773077248.000000 0.407747298 -0.294962108 0.277610630 0.004230604 0.084420793 -0.100450560 0.991344988
1769789661906400768.000000 0.434814274 -0.301759243 0.277024209 -0.027900059 0.060132798 -0.075148411 0.994966507
1769789662106386944.000000 0.494335204 -0.332073927 0.267215192 -0.059029832 0.030325688 -0.036710910 0.997119963
1769789662473060608.000000 0.601922512 -0.401122481 0.277827978 -0.077824876 -0.001546471 0.015539252 0.996844769
1769789663006386176.000000 0.601858735 -0.445237905 0.247376412 -0.042086620 -0.001583310 0.024153512 0.998820722
1769789663606385920.000000 0.687370360 -0.440020353 0.259966344 -0.016684338 -0.009091776 0.034413565 0.999227047
1769789664139716096.000000 0.728120148 -0.341018558 0.271977663 -0.000760602 -0.008536317 0.033478379 0.999402702
1769789664673050880.000000 0.741487145 -0.183295131 0.275093079 0.007532292 -0.008296907 0.032729447 0.999401450
1769789665073053952.000000 0.728588879 -0.048972804 0.300819248 0.012101172 -0.005664760 0.030673597 0.999440193
1769789665673076992.000000 0.706735134 -0.013703237 0.265298545 -0.006218601 -0.006105714 0.037427578 0.999261379
1769789666206391552.000000 0.672448993 0.032363061 0.238653094 -0.016193932 -0.008182669 0.038962971 0.999075949
1769789666606381824.000000 0.639374673 0.074337780 0.220297530 -0.018394025 -0.010837356 0.035981994 0.999124408
1769789667173050624.000000 0.577002943 0.078564875 0.167863220 -0.020461697 -0.011350354 0.032525517 0.999197006
1769789667739715840.000000 0.513673723 0.018347746 0.149705991 -0.018091211 -0.015231051 0.037471905 0.999017835
1769789668073095424.000000 0.496730596 0.004254432 0.173747361 -0.009870337 -0.017725436 0.032863077 0.999253929
1769789668339732992.000000 0.468517154 -0.043191038 0.144617781 -0.002726055 -0.020146826 0.034208495 0.999207914
1769789668473072640.000000 0.449373215 -0.073296875 0.124310613 0.004526485 -0.020606553 0.030858878 0.999301076
1769789668573064192.000000 0.445509791 -0.075351410 0.133959398 0.014302641 -0.023414610 0.025726188 0.999292433
1769789668673060352.000000 0.441744596 -0.086674541 0.122199245 0.024749910 -0.027363693 0.027781466 0.998932898
1769789668739727872.000000 0.441397667 -0.091120347 0.119014636 0.031331405 -0.031100182 0.026592070 0.998671114
1769789668806401536.000000 0.436830878 -0.100096308 0.117041171 0.038123682 -0.033872440 0.027323812 0.998324931
1769789668939729920.000000 0.424878925 -0.151015043 0.100027777 0.045110021 -0.037106831 0.024697132 0.997987092
1769789668973066240.000000 0.421510190 -0.154481664 0.101103440 0.048646636 -0.039137293 0.025030652 0.997735083
1769789669039732736.000000 0.419398904 -0.161033571 0.090788931 0.054741304 -0.045337886 0.022541592 0.997215986
1769789669106394880.000000 0.402898312 -0.191730410 0.100351177 0.056718595 -0.050163284 0.018653011 0.996954739
1769789669206401280.000000 0.380013376 -0.236148268 0.098167993 0.061650518 -0.060205519 0.012653495 0.996200025
1769789669306401024.000000 0.370603383 -0.253143400 0.087225683 0.069274910 -0.074434236 0.008148248 0.994783461
1769789669339741184.000000 0.362023443 -0.255380899 0.090052523 0.072386682 -0.078204259 0.005189969 0.994292378
1769789669373068288.000000 0.352791756 -0.260497928 0.099281080 0.074470259 -0.081831306 0.001103455 0.993859470
1769789669406395392.000000 0.349215686 -0.257963955 0.102139868 0.077895336 -0.087031275 0.000197916 0.993155539
1769789669473059328.000000 0.341091871 -0.260755539 0.108069584 0.080296718 -0.095300220 -0.001247292 0.992204010
1769789669506400000.000000 0.340867788 -0.259701520 0.103778005 0.081308387 -0.099476926 -0.000157908 0.991712332
1769789669573061376.000000 0.332805842 -0.257719278 0.111680299 0.081647091 -0.104172803 0.004237731 0.991193175
1769789669606395648.000000 0.323379815 -0.249033675 0.131685942 0.082843691 -0.103856660 0.004620168 0.991125345
1769789669639726080.000000 0.313813001 -0.235418677 0.167986661 0.085112467 -0.102697395 0.006096650 0.991045892
1769789669673083136.000000 0.303835392 -0.229737848 0.186078265 0.082376033 -0.100319602 0.008551884 0.991502464
1769789669739728640.000000 0.278210968 -0.382264584 0.122643754 0.037685458 -0.096777909 0.017025676 0.994446576
1769789669806394368.000000 0.291128427 -0.369194657 0.186575219 0.015328879 -0.095600307 0.023083255 0.995034039
1769789669839727616.000000 0.292858154 -0.361885905 0.193592578 0.009796300 -0.094331890 0.027957672 0.995099962
1769789669873061888.000000 0.300363153 -0.359599233 0.188874647 0.005004038 -0.095108613 0.030801514 0.994977713
1769789670006396416.000000 0.291821003 -0.366546154 0.211300939 -0.015689705 -0.095641263 0.023844158 0.995006561
1769789670173087488.000000 0.299303025 -0.365999460 0.214825958 -0.024124129 -0.100960180 0.023530675 0.994319618
1769789670273074688.000000 0.291703880 -0.374774933 0.225775316 -0.025791630 -0.102774799 0.017483106 0.994216561
1769789670439745280.000000 0.297654599 -0.379251957 0.192388549 -0.014680844 -0.104540430 0.020917526 0.994192243
1769789670606399744.000000 0.420772165 -0.453000307 -0.071800634 -0.006302262 -0.131074101 0.020108595 0.991148591
1769789670739731456.000000 0.425130993 -0.454262584 -0.062404424 0.004789729 -0.128981277 0.021548251 0.991401315
1769789670839750656.000000 0.425018966 -0.453085959 -0.060214944 0.012287537 -0.127073497 0.022841498 0.991554141
1769789671039745024.000000 0.423570931 -0.453973204 -0.067254610 0.022851385 -0.124336496 0.023652641 0.991694927
1769789671306430464.000000 0.427664757 -0.454547822 -0.104644760 0.029611541 -0.122209951 0.025791271 0.991727173
1769789671639732736.000000 0.424179107 -0.449398965 -0.093006767 0.036025699 -0.122727856 0.026498312 0.991432250
1769789672173062656.000000 0.421861231 -0.447806180 -0.097752377 0.030534260 -0.124987140 0.027139639 0.991316974
1769789672473055744.000000 0.418600619 -0.448617667 -0.104212888 0.022223197 -0.126180857 0.026584478 0.991401970
1769789672639740928.000000 0.407961309 -0.398303002 -0.103414729 0.023003509 -0.126099393 0.025906254 0.991412461
1769789672773061888.000000 0.403081715 -0.356187910 -0.103522994 0.023346940 -0.126335829 0.026280504 0.991364479
1769789673039730176.000000 0.391867399 -0.260855585 -0.099497266 0.024580596 -0.126484841 0.025446557 0.991337419
1769789673206391040.000000 0.389800370 -0.203454867 -0.101738751 0.025058856 -0.126733065 0.025216466 0.991299629
1769789673339724032.000000 0.388098568 -0.155484259 -0.091724694 0.025747336 -0.126312628 0.025494505 0.991328537
1769789673473060864.000000 0.379038423 -0.112689279 -0.098992169 0.030398149 -0.125699386 -0.012898203 0.991518676
1769789673673091584.000000 0.362694442 -0.042923491 -0.095812403 0.040795665 -0.123926431 -0.084150381 0.987874866
1769789673873058304.000000 0.352055162 0.018419374 -0.094564222 0.049159672 -0.122894183 -0.148234636 0.980054557
1769789674039752960.000000 0.352218926 0.063986398 -0.096675642 0.054442115 -0.119192839 -0.193560734 0.972297966
1769789674206397184.000000 0.352685422 0.105722919 -0.090276927 0.059681043 -0.116441660 -0.232629791 0.963723481
1769789674406392576.000000 0.361281931 0.147774637 -0.080255054 0.064782977 -0.113181144 -0.269170821 0.954222322
1769789674639731712.000000 0.382016748 0.176761866 -0.075965181 0.068036139 -0.110091045 -0.297617286 0.945872605
1769789674839729408.000000 0.404491425 0.191443130 -0.075133376 0.069799803 -0.109334208 -0.311335236 0.941405594
1769789675073075200.000000 0.440642297 0.186493546 -0.069125518 0.069734633 -0.110489845 -0.313565463 0.940534890
1769789675206390784.000000 0.460210741 0.175932154 -0.050347198 0.068826236 -0.111057796 -0.307827204 0.942428529
1769789675373061888.000000 0.496152788 0.152436703 -0.052874960 0.066420183 -0.112046055 -0.294876724 0.946615934
1769789675473065216.000000 0.515289843 0.135574967 -0.036661327 0.064960934 -0.112472013 -0.282304287 0.950491667
1769789675539720704.000000 0.536811829 0.124863736 -0.040452529 0.064553291 -0.114046879 -0.269339025 0.954087377
1769789675606391808.000000 0.553755820 0.110360302 -0.042128403 0.062889010 -0.114285618 -0.257061601 0.957550585
1769789675673063424.000000 0.574169993 0.093533948 -0.047073491 0.060729217 -0.115892075 -0.240147144 0.961878598
1769789675773066240.000000 0.598687649 0.067209914 -0.029036276 0.057678897 -0.116593249 -0.210169598 0.968972623
1769789675839724544.000000 0.621904612 0.049571633 -0.025251010 0.055572685 -0.118207961 -0.188195899 0.973406851
1769789675906391296.000000 0.636536717 0.035999656 -0.029300686 0.053897291 -0.118757837 -0.166968077 0.977299035
1769789675973070080.000000 0.654808402 0.017123234 -0.021666002 0.052373290 -0.119339943 -0.149191082 0.980182171
1769789676039720704.000000 0.673738956 0.000020854 -0.011126468 0.051569883 -0.119968876 -0.133122802 0.982459307
1769789676106395136.000000 0.690754712 -0.018592838 -0.002949513 0.052578598 -0.119668938 -0.121763460 0.983914912
1769789676173067008.000000 0.709351599 -0.036427587 0.000887005 0.056679752 -0.118735574 -0.117247462 0.984348714
1769789676206397184.000000 0.717928886 -0.043867603 0.007369859 0.060047738 -0.117638431 -0.117026515 0.984306991
1769789676273060352.000000 0.732606649 -0.061289318 0.014805118 0.066002153 -0.114987940 -0.113889061 0.984606922
1769789676406413568.000000 0.766177177 -0.090331577 0.025436534 0.078698613 -0.107779451 -0.108769543 0.985068202
1769789676606392832.000000 0.808891892 -0.140698045 0.032589149 0.097475149 -0.091358170 -0.104156315 0.985547483
1769789676739729152.000000 0.832015514 -0.172524169 0.038501076 0.105431922 -0.074859768 -0.100142792 0.986535132
1769789676873068288.000000 0.793798685 -0.190784425 0.106295019 0.111467719 -0.043305352 -0.099849552 0.987790287
1769789677039734272.000000 0.777703941 -0.216375172 0.147918716 0.113592349 -0.009755135 -0.096150130 0.988815844
1769789677306394112.000000 0.842173040 -0.289310664 0.234310359 0.084537722 0.002827379 -0.096005172 0.991780460
1769789677339720448.000000 0.842675328 -0.283335686 0.240578607 0.071418941 -0.000728897 -0.095513187 0.992862523
1769789677439728128.000000 0.869071543 -0.289492905 0.238735706 0.038682099 -0.022341678 -0.084850863 0.995391846
1769789677606395392.000000 0.918935061 -0.311243296 0.244229212 0.004439420 -0.052622482 -0.063280359 0.996597648
1769789677906385920.000000 1.004793406 -0.367449015 0.257416606 -0.030849151 -0.087983280 -0.024226222 0.995349407
1769789678206399488.000000 1.100459695 -0.434547633 0.262412876 -0.032755997 -0.109874502 0.012300576 0.993329406
1769789678439718656.000000 1.162256837 -0.492580324 0.267842919 -0.021238413 -0.118452899 0.023829011 0.992446482
1769789678706389248.000000 1.220523119 -0.534103453 0.281410307 -0.005056457 -0.123624124 0.033902649 0.991736948
1769789678973052416.000000 1.261198521 -0.537753224 0.300622582 0.007223926 -0.126720220 0.042048298 0.991020560
1769789679339778816.000000 1.299699783 -0.505656302 0.316034168 0.018265385 -0.129866362 0.044771608 0.990351796
1769789679639733248.000000 1.314810038 -0.461801827 0.321486741 0.024252078 -0.129129484 0.045117050 0.990303934
1769789679939727104.000000 1.329222679 -0.375829399 0.330157697 0.031143712 -0.129834697 0.046500586 0.989954948
1769789680273053184.000000 1.325121284 -0.260182738 0.346027046 0.037622590 -0.128598034 0.047650330 0.989836633
1769789680539721984.000000 1.305667877 -0.136378393 0.364871740 0.046282120 -0.126096979 0.047124393 0.989816546
1769789680773056256.000000 1.300471187 -0.109762974 0.360155880 0.040859841 -0.125909463 0.047611471 0.990055799
1769789681073066240.000000 1.292195320 -0.082622051 0.360890836 0.032551952 -0.126018062 0.048028246 0.990329802
1769789681373051392.000000 1.284195662 -0.052595068 0.360399604 0.025605995 -0.127448469 0.048430033 0.990331173
1769789681606383104.000000 1.272245049 -0.027411409 0.349933714 0.021748878 -0.128361613 0.048206434 0.990316331
1769789681873059328.000000 1.253796339 0.002701754 0.336129308 0.018780148 -0.129359469 0.045045517 0.990396082
1769789682073056256.000000 1.238880157 0.022896899 0.324655920 0.017344842 -0.130322665 0.041600499 0.990446687
1769789682373033984.000000 1.215944886 0.043503426 0.305906713 0.016700467 -0.132137552 0.039162159 0.990316689
1769789682639709696.000000 1.186297536 0.047421962 0.273877829 0.015557613 -0.130329922 0.034997635 0.990730643
1769789682939693568.000000 1.157727838 0.032541294 0.244659752 0.015584422 -0.131311059 0.035553269 0.990580916
1769789683239708160.000000 1.134418607 -0.002935877 0.217607290 0.016602863 -0.134658262 0.041441444 0.989885926
1769789683473034240.000000 1.113169312 -0.042206429 0.193862289 0.017744843 -0.136541173 0.045369990 0.989435792
1769789683673029120.000000 1.091367841 -0.074671462 0.170701280 0.020324718 -0.136592433 0.043819431 0.989448965
1769789683873036288.000000 1.077709794 -0.074424520 0.192664072 0.029468382 -0.137647703 0.037271228 0.989341021
1769789683973033728.000000 1.076473951 -0.093994774 0.169702277 0.033478253 -0.140029490 0.040503912 0.988751948
1769789684073023744.000000 1.079433560 -0.109819546 0.142413050 0.041027009 -0.142298877 0.043308642 0.988024414
1769789684173025536.000000 1.069913030 -0.109832019 0.134041101 0.051558442 -0.143266529 0.036710482 0.987658262
1769789684239699968.000000 1.074877143 -0.114141732 0.120951511 0.058579534 -0.146456078 0.039259959 0.986700416
1769789684306372352.000000 1.079552531 -0.122271761 0.102464870 0.065329805 -0.150382042 0.042114317 0.985567689
1769789684406360320.000000 1.079710126 -0.140494153 0.080056511 0.073676154 -0.154498786 0.045850880 0.984174609
1769789684539696128.000000 1.068858385 -0.181957036 0.068255126 0.082651064 -0.157981917 0.043850213 0.982999384
1769789684739696384.000000 1.044522166 -0.243311644 0.064282343 0.096379712 -0.174171746 0.032900326 0.979434907
1769789684839698688.000000 1.028254628 -0.286364764 0.045973215 0.102298342 -0.184607849 0.030961869 0.976983309
1769789684906366464.000000 1.018435478 -0.312903702 0.040467702 0.106314689 -0.193525985 0.029783810 0.974862993
1769789685006361088.000000 1.020030856 -0.317193210 0.025768647 0.114024341 -0.208692878 0.027438225 0.970923722
1769789685039693312.000000 1.013630867 -0.318093866 0.032873478 0.116314165 -0.212478742 0.026798764 0.969848275
1769789685073029376.000000 1.008013964 -0.317430198 0.032907166 0.117555924 -0.216409907 0.026781250 0.968829274
1769789685106364416.000000 1.007146120 -0.320390165 0.029145880 0.117781498 -0.219799489 0.027289730 0.968024254
1769789685139693056.000000 1.007721901 -0.320912719 0.030385997 0.118022583 -0.222695962 0.028950924 0.967284381
1769789685173026048.000000 1.006308079 -0.321593314 0.029414473 0.117323160 -0.224743947 0.029589454 0.966876388
1769789685273026816.000000 1.005002141 -0.323070586 0.023886517 0.111348912 -0.225528032 0.033981416 0.967255831
1769789685306388224.000000 0.999313593 -0.332126796 0.026430700 0.095847748 -0.223943129 0.033123750 0.969311893
1769789685339692544.000000 0.998346567 -0.329035968 0.040218491 0.084417656 -0.223724753 0.034714032 0.970368922
1769789685373027840.000000 0.962301373 -0.378004164 0.017283304 0.064622626 -0.217481196 0.034138355 0.973324418
1769789685406367488.000000 0.955556273 -0.382220507 0.030780111 0.055097003 -0.215417027 0.036042523 0.974300146
1769789685439699456.000000 0.940096140 -0.380679548 0.049770694 0.048001066 -0.212513670 0.035548508 0.975330770
1769789685573032448.000000 0.906893194 -0.370777071 0.084695548 0.031468134 -0.206430033 0.044504210 0.976942062
1769789685873041664.000000 0.854444742 -0.474955976 0.045213968 -0.013801384 -0.187789187 0.033671528 0.981535017
1769789686139717376.000000 0.806621432 -0.530334175 0.040860474 -0.019806920 -0.175346360 0.026725242 0.983944654
1769789686373036288.000000 0.739344239 -0.514417768 0.013180478 -0.007286680 -0.162633166 0.021575402 0.986423790
1769789686606367232.000000 0.717302978 -0.518656671 0.012198700 0.004292596 -0.156184420 0.023039382 0.987449825
1769789686806364928.000000 0.716363192 -0.517714441 0.014739122 0.009651099 -0.154167175 0.024719801 0.987688363
1769789686939715840.000000 0.715075076 -0.515790343 0.013852923 0.013357516 -0.153073713 0.025182173 0.987803578
1769789687139692544.000000 0.713122725 -0.507328689 0.012677488 0.017336765 -0.151773989 0.025699880 0.987928927
1769789687306366464.000000 0.712579966 -0.507395804 0.007452659 0.017685656 -0.150950894 0.026478421 0.988028347
1769789687539693312.000000 0.712591708 -0.511354446 0.000222387 0.015723148 -0.149867937 0.026641240 0.988222003
1769789687639701248.000000 0.709522784 -0.497206420 -0.001796580 0.015899224 -0.149292797 0.024999136 0.988349140
1769789687739737088.000000 0.709558725 -0.476167202 -0.001417871 0.017168052 -0.148827985 0.025460236 0.988386214
1769789687873024000.000000 0.704910457 -0.445581257 0.006693068 0.019026268 -0.147960141 0.024129204 0.988515854
1769789687939688192.000000 0.703916728 -0.434184700 0.005436914 0.019166956 -0.147378877 0.023518832 0.988614678
1769789688006362368.000000 0.705846906 -0.421235055 0.002566200 0.019241212 -0.147575870 0.023117850 0.988593280
1769789688173043200.000000 0.709324837 -0.385605991 0.004451877 0.020214627 -0.147255778 0.021663882 0.988654554
1769789688239699712.000000 0.710604846 -0.373451769 0.005146577 0.020216262 -0.146889284 0.021194642 0.988719225
1769789688339692288.000000 0.713359237 -0.352652997 0.007192506 0.020592662 -0.146905705 0.021376040 0.988705099
1769789688473032192.000000 0.717911124 -0.323670805 0.011655545 0.021501027 -0.147241041 0.021289032 0.988637745
1769789688739693056.000000 0.731437743 -0.272849113 0.018530646 0.022542702 -0.146724954 0.021979058 0.988676190
1769789689073026560.000000 0.752750814 -0.222696155 0.031318806 0.023356749 -0.147288814 0.021498973 0.988583982
1769789689406359296.000000 0.778761983 -0.187075526 0.039312430 0.023353642 -0.147998169 0.021942340 0.988468349
1769789689639696640.000000 0.796679020 -0.171753839 0.044822682 0.022803996 -0.147942394 0.022261908 0.988482416
1769789689973026816.000000 0.820047379 -0.159548283 0.055257060 0.022389265 -0.148239121 0.022206169 0.988448679
1769789690439691776.000000 0.850789249 -0.157646984 0.068145774 0.022865878 -0.148995534 0.022456633 0.988318384
1769789691106402048.000000 0.884097815 -0.170483053 0.081172302 0.022703683 -0.151100472 0.022839112 0.987993717
1769789691606361856.000000 0.898478270 -0.180299401 0.089419723 0.022913154 -0.152713895 0.023082642 0.987735152
1769789692406365696.000000 0.912367463 -0.182343930 0.091396198 0.022371113 -0.155068830 0.023050211 0.987381339
