1770029406.642330 0.0000000 0.0000000 0.0000000 -0.0000000 -0.0000000 -0.0000000 1.0000000
1770029406.909025 -0.0205826 -0.0069979 -0.0306400 -0.0008858 0.0030038 -0.0072012 0.9999692
1770029406.942350 -0.0145221 -0.0123436 -0.0425195 -0.0011041 0.0018794 -0.0059140 0.9999802
1770029408.109018 -0.0165958 -0.0066336 -0.0330224 -0.0001445 0.0025130 -0.0060363 0.9999786
1770029411.775724 -0.0020322 -0.0179628 -0.0292683 -0.0000231 -0.0008150 -0.0071943 0.9999738
1770029412.375700 0.0236738 -0.0296668 -0.0335700 0.0007546 -0.0015961 -0.0063652 0.9999782
1770029412.742376 0.0400036 -0.0361235 -0.0248178 0.0014328 -0.0006375 -0.0060970 0.9999802
1770029413.042361 0.0596940 -0.0452299 -0.0332974 0.0021019 0.0003440 -0.0061367 0.9999789
1770029413.342371 0.0814337 -0.0474477 -0.0340600 0.0027002 0.0019912 -0.0059197 0.9999769
1770029413.642362 0.1090456 -0.0413715 -0.0240214 0.0026389 0.0037530 -0.0050435 0.9999768
1770029413.975699 0.1330761 -0.0294344 -0.0160708 0.0053932 0.0079898 -0.0053421 0.9999393
1770029414.209036 0.1542733 -0.0157654 -0.0152584 0.0065876 0.0106116 -0.0070643 0.9998971
1770029414.475700 0.1789156 0.0125504 -0.0018772 0.0087280 0.0148802 -0.0084120 0.9998158
1770029414.642375 0.1934304 0.0246793 0.0035817 0.0083293 0.0170329 -0.0092151 0.9997778
1770029414.875701 0.2138243 0.0427329 0.0094791 0.0082347 0.0207106 -0.0082891 0.9997173
1770029415.142372 0.2362517 0.0686814 0.0162296 0.0062707 0.0250194 -0.0105901 0.9996112
1770029415.375703 0.2575375 0.0893780 0.0309565 0.0039792 0.0282452 -0.0102024 0.9995410
1770029415.575700 0.2725505 0.1129143 0.0399552 0.0036119 0.0320206 -0.0118285 0.9994107
1770029415.775692 0.2842179 0.1384529 0.0357972 0.0015308 0.0329979 -0.0145740 0.9993480
1770029415.975700 0.2957822 0.1726515 0.0425316 0.0016235 0.0337519 -0.0161987 0.9992977
1770029416.209031 0.3121171 0.2013657 0.0436121 0.0007393 0.0321783 -0.0168694 0.9993395
1770029416.442334 0.3206768 0.2262917 0.0539429 0.0004112 0.0309780 -0.0167260 0.9993801
1770029416.675752 0.3230856 0.2429366 0.0432588 0.0007204 0.0297751 -0.0204432 0.9993473
1770029417.442323 0.2852130 0.2267406 0.0354164 0.0063195 0.0254192 -0.0184926 0.9994859
1770029418.142317 0.1972683 0.1055290 0.0038291 0.0236011 0.0178377 -0.0153942 0.9994438
1770029418.442374 0.1678334 0.0470098 -0.0202799 0.0475198 0.0045053 -0.0150887 0.9987462
1770029418.608985 0.1498228 -0.0059675 -0.0364145 0.0573266 -0.0122245 -0.0151499 0.9981657
1770029418.742318 0.1283857 -0.0610987 -0.0539198 0.0633646 -0.0278116 -0.0143210 0.9975001
1770029418.842316 0.1123117 -0.1024746 -0.0747978 0.0662172 -0.0391314 -0.0139134 0.9969406
1770029419.042319 0.0694993 -0.1862148 -0.0946753 0.0644524 -0.0494016 -0.0095013 0.9966519
1770029419.175666 0.0360062 -0.2364218 -0.1275817 0.0481432 -0.0386464 -0.0094783 0.9980475
1770029419.342333 -0.0146705 -0.2594060 -0.1273783 -0.0053221 -0.0269415 -0.0093250 0.9995794
1770029419.509000 -0.0668245 -0.2770335 -0.1163922 -0.0333005 -0.0172443 -0.0156421 0.9991742
1770029419.642331 -0.1005827 -0.2993068 -0.1070170 -0.0485240 -0.0133854 -0.0193252 0.9985453
1770029419.742327 -0.1332973 -0.3185302 -0.1017351 -0.0550466 -0.0093329 -0.0214676 0.9982094
1770029419.942332 -0.1911147 -0.3744079 -0.0977145 -0.0578723 -0.0038406 -0.0264891 0.9979652
1770029420.408989 -0.2879019 -0.4761641 -0.1205924 -0.0280883 0.0039290 -0.0231919 0.9993287
1770029420.542316 -0.3030585 -0.4922444 -0.1414462 -0.0197182 0.0048724 -0.0200838 0.9995920
1770029420.675648 -0.3113402 -0.4980417 -0.1442610 -0.0123506 0.0056264 -0.0184326 0.9997380
1770029420.808994 -0.3208448 -0.5048035 -0.1593797 -0.0097816 0.0060736 -0.0180615 0.9997706
1770029420.975652 -0.3340919 -0.5150638 -0.1792476 -0.0033353 0.0058096 -0.0165560 0.9998406
1770029421.175658 -0.3501178 -0.5070100 -0.1902844 0.0024281 0.0054712 -0.0172968 0.9998325
1770029421.375670 -0.3615234 -0.4972578 -0.1976198 0.0045982 0.0045550 -0.0192699 0.9997934
1770029421.542316 -0.3644461 -0.4872309 -0.2068343 0.0041025 0.0034346 -0.0192786 0.9997998
1770029421.675647 -0.3830850 -0.4656874 -0.2149218 0.0054148 0.0050840 -0.0232685 0.9997017
1770029421.975660 -0.4089703 -0.4235471 -0.2297883 0.0047627 0.0058751 -0.0312973 0.9994815
1770029422.275666 -0.4227074 -0.3646543 -0.2298502 0.0013946 0.0061740 -0.0343208 0.9993908
1770029422.575646 -0.4105126 -0.1867359 -0.2213458 0.0017399 0.0036476 -0.0255215 0.9996661
1770029422.842315 -0.4098483 -0.1393105 -0.2178119 -0.0038731 0.0047750 -0.0298750 0.9995347
1770029423.142318 -0.4131059 -0.0369076 -0.2335257 -0.0119881 0.0058870 -0.0860791 0.9961988
1770029423.442323 -0.4178830 0.0601686 -0.2381238 -0.0225327 0.0071225 -0.1851498 0.9824261
1770029423.709008 -0.4158604 0.1300734 -0.2529198 -0.0304464 0.0071557 -0.2567131 0.9659815
1770029424.009003 -0.4026275 0.1987067 -0.2464782 -0.0359969 0.0124272 -0.3188675 0.9470340
1770029424.308988 -0.3656647 0.2258252 -0.2431864 -0.0409797 0.0149639 -0.3502325 0.9356463
1770029424.475603 -0.3492144 0.2335666 -0.2561725 -0.0419572 0.0147480 -0.3627774 0.9308140
1770029424.742301 -0.3119301 0.2237478 -0.2577368 -0.0429851 0.0164495 -0.3654263 0.9297017
1770029424.908947 -0.2840245 0.2059421 -0.2675712 -0.0414335 0.0176875 -0.3568838 0.9330618
1770029425.075603 -0.2539990 0.1779901 -0.2692222 -0.0391986 0.0196498 -0.3385867 0.9399130
1770029425.208946 -0.2277761 0.1462571 -0.2753871 -0.0361470 0.0209721 -0.3161789 0.9477787
1770029425.308946 -0.2056748 0.1172758 -0.2879750 -0.0333640 0.0218752 -0.2923049 0.9554927
1770029425.375609 -0.1906329 0.0933829 -0.2932226 -0.0318758 0.0224699 -0.2735905 0.9610553
1770029425.475606 -0.1590656 0.0598947 -0.2985338 -0.0274922 0.0224842 -0.2400037 0.9701221
1770029425.575612 -0.1307516 0.0325435 -0.2983457 -0.0227192 0.0231358 -0.2128887 0.9765383
1770029425.642285 -0.1145345 0.0129830 -0.2994006 -0.0195630 0.0237392 -0.1963609 0.9800491
1770029425.775665 -0.0833289 -0.0164303 -0.2983443 -0.0081948 0.0271774 -0.1810398 0.9830660
1770029425.875612 -0.0694561 -0.0430385 -0.3144047 0.0031717 0.0324092 -0.1827608 0.9826180
1770029425.942268 -0.0578404 -0.0652889 -0.3264507 0.0106923 0.0362632 -0.1832874 0.9823321
1770029426.075604 -0.0323985 -0.0899341 -0.3495101 0.0291956 0.0469681 -0.1854582 0.9810948
1770029426.242280 -0.0058391 -0.1308702 -0.3199426 0.0481921 0.0630755 -0.1827217 0.9799550
1770029426.342280 0.0109021 -0.1609508 -0.3318228 0.0570771 0.0760698 -0.1813383 0.9788116
1770029426.442271 0.0297797 -0.1989522 -0.3262043 0.0616286 0.0913184 -0.1803184 0.9774191
1770029426.542269 0.0546375 -0.2388692 -0.3234579 0.0649047 0.1079681 -0.1783566 0.9758685
1770029426.675627 0.0867013 -0.2735577 -0.3198740 0.0682398 0.1288898 -0.1758121 0.9735609
1770029426.808942 0.1256227 -0.3252383 -0.3217175 0.0615533 0.1426432 -0.1743827 0.9723450
1770029426.975605 0.1747578 -0.3455791 -0.3160257 0.0244032 0.1370074 -0.1649122 0.9764412
1770029427.008941 0.1823288 -0.3506640 -0.3140739 0.0113984 0.1321684 -0.1607485 0.9780396
1770029427.108952 0.2102784 -0.3710104 -0.3087988 -0.0145898 0.1153266 -0.1408422 0.9831838
1770029427.275608 0.2564759 -0.4094820 -0.3066652 -0.0444714 0.0933817 -0.1113319 0.9883863
1770029427.342272 0.2756576 -0.4260494 -0.3020886 -0.0540013 0.0860943 -0.0993468 0.9898494
1770029427.408947 0.2996970 -0.4387810 -0.2959221 -0.0599351 0.0787178 -0.0878835 0.9912052
1770029427.575620 0.3275846 -0.4539318 -0.2813737 -0.0655748 0.0693007 -0.0689057 0.9930506
1770029427.742286 0.3522053 -0.4747106 -0.2834237 -0.0608698 0.0615249 -0.0546843 0.9947458
1770029427.875609 0.3771997 -0.4938468 -0.2877064 -0.0546251 0.0559143 -0.0508904 0.9956404
1770029428.175629 0.4171981 -0.5634089 -0.2927423 -0.0310431 0.0495137 -0.0413885 0.9974326
1770029428.442346 0.4528190 -0.5870094 -0.2912838 -0.0125582 0.0468004 -0.0351568 0.9982064
1770029428.742283 0.4814444 -0.5831896 -0.3018374 -0.0025177 0.0444196 -0.0326400 0.9984764
1770029429.042303 0.5172020 -0.5598572 -0.3047917 0.0059004 0.0439754 -0.0312494 0.9985264
1770029429.375607 0.5407261 -0.5104502 -0.3094852 0.0097434 0.0440547 -0.0315687 0.9984827
1770029429.642284 0.5594595 -0.4465665 -0.3025423 0.0116887 0.0456073 -0.0331660 0.9983403
1770029429.942279 0.5642728 -0.3635251 -0.3157151 0.0103225 0.0468957 -0.0380592 0.9981211
1770029430.075622 0.5701461 -0.3265891 -0.3141427 0.0091217 0.0477642 -0.0400225 0.9980148
1770029430.208946 0.5683436 -0.2861396 -0.3156315 0.0082193 0.0488226 -0.0416947 0.9979030
1770029430.375612 0.5683365 -0.2444784 -0.3095594 0.0049743 0.0503036 -0.0439470 0.9977542
1770029430.542325 0.5667531 -0.1916247 -0.3063120 0.0040424 0.0519041 -0.0453163 0.9976152
1770029430.775620 0.5722793 -0.1243427 -0.3011157 0.0011294 0.0518931 -0.0478060 0.9975072
1770029430.875609 0.5714506 -0.0961423 -0.3019648 -0.0007930 0.0514442 -0.0499489 0.9974257
1770029430.942269 0.5629270 -0.0773378 -0.3004998 -0.0015714 0.0523082 -0.0516989 0.9972907
1770029431.142277 0.5603868 -0.0258708 -0.3069450 -0.0040726 0.0517897 -0.0532926 0.9972268
1770029431.242275 0.5527628 -0.0026171 -0.3104224 -0.0052452 0.0520410 -0.0543014 0.9971538
1770029431.275603 0.5512765 0.0042120 -0.3103719 -0.0061872 0.0520267 -0.0544772 0.9971395
1770029431.375613 0.5456841 0.0240860 -0.3136656 -0.0073273 0.0517821 -0.0563458 0.9970407
1770029431.475608 0.5372825 0.0475340 -0.3129509 -0.0076374 0.0516827 -0.0579472 0.9969517
1770029431.542267 0.5351989 0.0592297 -0.3114475 -0.0087397 0.0509741 -0.0579175 0.9969808
1770029431.675606 0.5244982 0.0776957 -0.3187006 -0.0100194 0.0497617 -0.0593682 0.9969447
1770029431.808935 0.5129365 0.0975415 -0.3184893 -0.0109197 0.0489123 -0.0606992 0.9968972
1770029432.008946 0.4906014 0.1173439 -0.3236457 -0.0122419 0.0476591 -0.0621432 0.9968535
1770029432.142278 0.4756450 0.1240085 -0.3277283 -0.0134228 0.0469505 -0.0624996 0.9968497
1770029432.308933 0.4563881 0.1270917 -0.3276817 -0.0135333 0.0442619 -0.0625878 0.9969657
1770029432.442242 0.4375202 0.1264225 -0.3342309 -0.0134405 0.0436063 -0.0632309 0.9969552
1770029432.475535 0.4328437 0.1231555 -0.3338529 -0.0135763 0.0432803 -0.0620820 0.9970398
1770029432.608930 0.4175760 0.1167360 -0.3412066 -0.0130232 0.0408529 -0.0619355 0.9971587
1770029432.642219 0.4134744 0.1147736 -0.3424860 -0.0128141 0.0401279 -0.0616092 0.9972110
1770029432.742206 0.3993050 0.1050701 -0.3511629 -0.0122930 0.0384583 -0.0594725 0.9974131
1770029432.908888 0.3736217 0.0824592 -0.3556467 -0.0110791 0.0364103 -0.0560823 0.9977005
1770029432.942200 0.3686467 0.0786890 -0.3559970 -0.0106012 0.0363584 -0.0563007 0.9976953
1770029433.042270 0.3548627 0.0630094 -0.3679984 -0.0096618 0.0339076 -0.0541752 0.9979088
1770029433.075537 0.3497241 0.0605485 -0.3673595 -0.0083648 0.0336610 -0.0535084 0.9979649
1770029433.142200 0.3398685 0.0491180 -0.3738415 -0.0077567 0.0323174 -0.0516770 0.9981107
1770029433.175567 0.3411353 0.0548448 -0.3762880 -0.0032540 0.0302348 -0.0505891 0.9982565
1770029433.242217 0.3324635 0.0513010 -0.3768340 -0.0000124 0.0295352 -0.0500448 0.9983102
1770029433.308885 0.3144796 0.0340904 -0.3856911 0.0011279 0.0300224 -0.0469842 0.9984437
1770029433.375562 0.3031958 0.0238637 -0.3955401 0.0038484 0.0289486 -0.0454384 0.9985402
1770029433.508871 0.2789628 -0.0040279 -0.4090898 0.0084667 0.0265976 -0.0418782 0.9987327
1770029433.642220 0.2435026 -0.0448607 -0.4150733 0.0115687 0.0275586 -0.0413800 0.9986963
1770029433.675548 0.2377225 -0.0526804 -0.4151752 0.0138367 0.0270639 -0.0413624 0.9986818
1770029433.775548 0.2191425 -0.0733087 -0.4242410 0.0225920 0.0245718 -0.0408769 0.9986065
1770029433.908884 0.1948154 -0.1010157 -0.4373810 0.0353087 0.0203061 -0.0390174 0.9984080
1770029434.108877 0.1725730 -0.1427311 -0.4337139 0.0531920 0.0099902 -0.0365579 0.9978649
1770029434.242216 0.1532545 -0.1657983 -0.4226144 0.0672837 -0.0001317 -0.0384504 0.9969927
1770029434.408875 0.1309547 -0.2179163 -0.4119332 0.0782057 -0.0226049 -0.0376098 0.9959711
1770029434.475528 0.1159351 -0.2488328 -0.4271164 0.0824168 -0.0333187 -0.0380879 0.9953123
1770029434.542195 0.1037116 -0.2611670 -0.4104172 0.0878969 -0.0444089 -0.0389101 0.9943782
1770029434.708871 0.0559962 -0.3412453 -0.4473852 0.0904156 -0.0681754 -0.0395519 0.9927803
1770029434.742202 0.0546550 -0.3444099 -0.4428535 0.0901773 -0.0719493 -0.0387977 0.9925654
1770029434.775533 0.0513667 -0.3449264 -0.4423999 0.0900412 -0.0749054 -0.0362221 0.9924564
1770029434.842199 0.0508055 -0.3519467 -0.4415396 0.0877572 -0.0783650 -0.0296533 0.9926119
1770029435.042207 -0.0125895 -0.4017518 -0.4728528 0.0220321 -0.0597164 -0.0187111 0.9977968
1770029435.208878 -0.0659619 -0.4327033 -0.4647611 -0.0149483 -0.0423852 -0.0259271 0.9986531
1770029435.342196 -0.1092334 -0.4489797 -0.4472651 -0.0330222 -0.0320092 -0.0327581 0.9984047
1770029435.442196 -0.1369611 -0.4588897 -0.4388925 -0.0400328 -0.0256313 -0.0372411 0.9981751
1770029435.575531 -0.1434185 -0.4740888 -0.4461134 -0.0440543 -0.0209565 -0.0349993 0.9981959
1770029435.742207 -0.1513826 -0.4965064 -0.4572843 -0.0403202 -0.0171649 -0.0326412 0.9985060
1770029435.842216 -0.1536413 -0.5065155 -0.4614106 -0.0343817 -0.0153005 -0.0308491 0.9988154
1770029436.042195 -0.1703410 -0.5335389 -0.4838028 -0.0206760 -0.0107959 -0.0269838 0.9993637
1770029436.208868 -0.1851798 -0.5519685 -0.4975492 -0.0129587 -0.0073973 -0.0254952 0.9995636
1770029436.642205 -0.2294988 -0.5627985 -0.5440277 -0.0008389 -0.0011047 -0.0257239 0.9996681
1770029437.142197 -0.2625021 -0.5298975 -0.5711724 0.0050082 -0.0001691 -0.0318308 0.9994807
1770029437.508888 -0.2924552 -0.4817191 -0.5907593 0.0034155 0.0014986 -0.0411546 0.9991459
1770029437.575537 -0.2959637 -0.4704439 -0.5904827 0.0021804 0.0018346 -0.0417768 0.9991229
1770029437.708863 -0.2993459 -0.4518993 -0.5969053 0.0011676 0.0011123 -0.0447779 0.9989957
1770029437.942208 -0.3086861 -0.4096590 -0.6003562 -0.0016233 0.0019983 -0.0516193 0.9986635
1770029438.142205 -0.3135265 -0.3783730 -0.6043683 -0.0062422 0.0026788 -0.0552483 0.9984496
1770029438.308880 -0.3138849 -0.3475358 -0.6099628 -0.0082075 0.0031477 -0.0590970 0.9982135
1770029438.442202 -0.3176081 -0.3257869 -0.6109044 -0.0110088 0.0040906 -0.0628644 0.9979530
1770029438.608876 -0.3027343 -0.2849042 -0.6115873 -0.0149639 0.0038447 -0.0670824 0.9976279
1770029438.708924 -0.3038700 -0.2572857 -0.6138858 -0.0204920 0.0034857 -0.1032530 0.9944379
1770029438.775535 -0.3069628 -0.2354846 -0.6142834 -0.0234345 0.0042083 -0.1272774 0.9915814
1770029438.908893 -0.3059831 -0.1999966 -0.6166233 -0.0295030 0.0038646 -0.1697352 0.9850404
1770029439.008881 -0.3041211 -0.1729805 -0.6183596 -0.0339838 0.0028429 -0.2012433 0.9789475
1770029439.108869 -0.3105482 -0.1413609 -0.6255319 -0.0366923 0.0031917 -0.2323790 0.9719278
1770029439.242203 -0.3016655 -0.0983090 -0.6272523 -0.0390334 0.0044329 -0.2705259 0.9619108
1770029439.275535 -0.3003449 -0.0941836 -0.6285276 -0.0406745 0.0047504 -0.2779205 0.9597308
1770029439.408861 -0.2931804 -0.0662043 -0.6301984 -0.0445501 0.0055609 -0.3070289 0.9506407
1770029439.542197 -0.2865537 -0.0365079 -0.6324759 -0.0466159 0.0073031 -0.3334213 0.9415964
1770029439.642194 -0.2777150 -0.0244742 -0.6368821 -0.0483111 0.0080549 -0.3495179 0.9356487
1770029439.708868 -0.2703040 -0.0185955 -0.6389494 -0.0495135 0.0089281 -0.3586276 0.9321239
1770029439.842203 -0.2592785 -0.0084587 -0.6436091 -0.0512958 0.0107118 -0.3730510 0.9263299
1770029439.875553 -0.2552136 -0.0081746 -0.6434067 -0.0521025 0.0105083 -0.3762308 0.9250001
1770029439.942200 -0.2501919 -0.0029996 -0.6448157 -0.0532046 0.0112067 -0.3811293 0.9229215
1770029440.008864 -0.2435056 -0.0006295 -0.6479601 -0.0534745 0.0115552 -0.3854683 0.9210978
1770029440.142219 -0.2310811 -0.0028453 -0.6501396 -0.0546344 0.0126071 -0.3908877 0.9187289
1770029440.208861 -0.2221201 -0.0052687 -0.6551631 -0.0546376 0.0122069 -0.3912944 0.9185610
1770029440.408925 -0.1881784 -0.0195770 -0.6577887 -0.0536495 0.0134861 -0.3866471 0.9205672
1770029440.542229 -0.1679445 -0.0393606 -0.6664059 -0.0528239 0.0146390 -0.3773032 0.9244662
1770029440.708877 -0.1421814 -0.0687411 -0.6816819 -0.0496520 0.0174636 -0.3578749 0.9322850
1770029440.775536 -0.1373286 -0.0873955 -0.6962820 -0.0487296 0.0193421 -0.3479011 0.9360642
1770029440.808867 -0.1361989 -0.0955958 -0.7010599 -0.0479909 0.0207255 -0.3420313 0.9382334
1770029440.875527 -0.1161546 -0.1175986 -0.6931204 -0.0466865 0.0208776 -0.3254982 0.9441586
1770029440.908861 -0.1091702 -0.1207548 -0.6952831 -0.0438956 0.0214456 -0.3174454 0.9470173
1770029441.008865 -0.0889557 -0.1569205 -0.7105156 -0.0408258 0.0229087 -0.2874047 0.9566645
1770029441.042206 -0.0819391 -0.1661490 -0.7149864 -0.0386938 0.0235042 -0.2765486 0.9599329
1770029441.075535 -0.0760957 -0.1761492 -0.7220089 -0.0373714 0.0245423 -0.2678250 0.9624296
1770029441.108863 -0.0702143 -0.1885038 -0.7255654 -0.0360592 0.0252555 -0.2584434 0.9650228
1770029441.142194 -0.0595694 -0.1975683 -0.7325425 -0.0336340 0.0250806 -0.2490014 0.9675940
1770029441.175537 -0.0557697 -0.2108742 -0.7391255 -0.0328898 0.0262775 -0.2416018 0.9694619
1770029441.275537 -0.0351190 -0.2413639 -0.7567078 -0.0274324 0.0281314 -0.2217838 0.9743039
1770029441.342202 -0.0233489 -0.2561206 -0.7593575 -0.0200868 0.0307422 -0.2148407 0.9759585
1770029441.408881 -0.0164403 -0.2745187 -0.7783092 -0.0130044 0.0339007 -0.2159564 0.9757277
1770029441.442217 -0.0107599 -0.2849820 -0.7857050 -0.0093321 0.0352219 -0.2172284 0.9754406
1770029441.475529 -0.0107841 -0.2924942 -0.7915925 -0.0048800 0.0375046 -0.2185305 0.9750969
1770029441.575592 0.0025609 -0.3264458 -0.8212901 0.0076229 0.0441589 -0.2208069 0.9742875
1770029441.708896 0.0132616 -0.3579124 -0.8603239 0.0247707 0.0566228 -0.2260137 0.9721615
1770029441.875575 0.0335632 -0.4079466 -0.8817402 0.0462468 0.0734559 -0.2288531 0.9695833
1770029441.975525 0.0483706 -0.4464906 -0.8784242 0.0526441 0.0871578 -0.2262137 0.9687412
1770029442.075539 0.0615286 -0.4759139 -0.8729146 0.0590082 0.1044367 -0.2250166 0.9669429
1770029442.175534 0.0809521 -0.4911836 -0.8784069 0.0658153 0.1203830 -0.2226624 0.9651932
1770029442.375540 0.1105116 -0.5431994 -0.8613049 0.0660103 0.1519276 -0.2208719 0.9611328
1770029442.508878 0.1392002 -0.5547372 -0.8533728 0.0520006 0.1575233 -0.2219394 0.9608461
1770029442.742193 0.2089238 -0.6048131 -0.8523420 -0.0210049 0.1242664 -0.1758508 0.9763161
1770029442.942239 0.2639720 -0.6198765 -0.8322783 -0.0465608 0.1028456 -0.1418394 0.9834310
1770029443.142189 0.3077274 -0.6324367 -0.8087131 -0.0544874 0.0891921 -0.1154814 0.9877955
1770029443.342192 0.3290796 -0.6500717 -0.8095211 -0.0498940 0.0804186 -0.1010842 0.9903663
1770029443.508874 0.3457640 -0.6618654 -0.8091359 -0.0388164 0.0759763 -0.0965751 0.9916623
1770029443.708877 0.3653483 -0.6580014 -0.8104861 -0.0178401 0.0721749 -0.0982991 0.9923759
1770029443.942204 0.3655804 -0.6605756 -0.8215086 0.0020113 0.0712217 -0.0980299 0.9926296
1770029444.142194 0.3720221 -0.6655192 -0.8284887 0.0129454 0.0707215 -0.0964886 0.9927340
1770029444.275529 0.3747645 -0.6652002 -0.8358457 0.0174801 0.0707159 -0.0952675 0.9927829
1770029444.575522 0.3999481 -0.6614856 -0.8365501 0.0240701 0.0694077 -0.0929553 0.9929565
1770029444.875533 0.4342425 -0.6205112 -0.8352569 0.0283820 0.0696627 -0.0959855 0.9925363
1770029445.042197 0.4413314 -0.5970441 -0.8375143 0.0281687 0.0709288 -0.0973653 0.9923183
1770029445.175525 0.4495069 -0.5721788 -0.8366681 0.0285539 0.0716589 -0.0972087 0.9922702
1770029445.308872 0.4583048 -0.5396497 -0.8400356 0.0286973 0.0728254 -0.0991337 0.9919906
1770029445.475534 0.4691275 -0.5025216 -0.8417771 0.0271369 0.0733868 -0.1005757 0.9918481
1770029445.608858 0.4789173 -0.4605841 -0.8463367 0.0273933 0.0731930 -0.1041989 0.9914812
1770029445.742207 0.4867320 -0.4239618 -0.8421984 0.0268516 0.0742389 -0.1057479 0.9912543
1770029445.808877 0.4852173 -0.4139585 -0.8409950 0.0242923 0.0755290 -0.1074432 0.9910405
1770029445.908862 0.4842770 -0.3907594 -0.8430157 0.0216867 0.0763881 -0.1097683 0.9907802
1770029446.042190 0.4854451 -0.3684103 -0.8353558 0.0150733 0.0780239 -0.1144021 0.9902511
1770029446.175532 0.4833975 -0.3603496 -0.8345614 0.0037494 0.0778501 -0.1189111 0.9898412
1770029446.242190 0.4797530 -0.3437259 -0.8325667 0.0014125 0.0795951 -0.1207470 0.9894861
1770029446.375524 0.4879906 -0.3209786 -0.8289349 -0.0045042 0.0787198 -0.1244008 0.9890943
1770029446.408881 0.4877614 -0.3151614 -0.8296499 -0.0060087 0.0786134 -0.1256869 0.9889321
1770029446.475545 0.4820206 -0.3039177 -0.8334195 -0.0097683 0.0793100 -0.1273261 0.9886367
1770029446.575546 0.4733294 -0.2884725 -0.8365558 -0.0138227 0.0808632 -0.1302239 0.9880849
1770029446.642208 0.4729926 -0.2765793 -0.8404371 -0.0151513 0.0805696 -0.1324333 0.9877957
1770029446.742189 0.4661514 -0.2536199 -0.8401188 -0.0180089 0.0820366 -0.1353657 0.9872294
1770029446.808861 0.4587705 -0.2535127 -0.8444644 -0.0234814 0.0835269 -0.1352296 0.9870080
1770029446.842193 0.4639569 -0.2452514 -0.8449969 -0.0233160 0.0819457 -0.1358931 0.9870534
1770029446.875528 0.4629932 -0.2432828 -0.8454753 -0.0253948 0.0816988 -0.1354481 0.9870837
1770029446.908878 0.4584253 -0.2350944 -0.8466231 -0.0258708 0.0824322 -0.1371837 0.9867706
1770029447.008854 0.4524083 -0.2236187 -0.8513343 -0.0296761 0.0824710 -0.1390285 0.9864020
1770029447.108858 0.4492726 -0.2096198 -0.8553082 -0.0323140 0.0813815 -0.1408546 0.9861505
1770029447.175522 0.4458408 -0.1993210 -0.8570969 -0.0340381 0.0810182 -0.1421477 0.9859369
1770029447.275525 0.4396270 -0.1830980 -0.8614088 -0.0348028 0.0802333 -0.1430875 0.9858384
1770029447.342196 0.4352742 -0.1750910 -0.8621691 -0.0365099 0.0797853 -0.1445362 0.9856017
1770029447.442204 0.4298625 -0.1612438 -0.8646272 -0.0366099 0.0787592 -0.1446641 0.9856617
1770029447.475528 0.4315673 -0.1625990 -0.8658155 -0.0379219 0.0773593 -0.1441920 0.9857922
1770029447.575523 0.4176721 -0.1521182 -0.8676724 -0.0386938 0.0780593 -0.1444819 0.9856645
1770029447.708893 0.4067343 -0.1384436 -0.8692616 -0.0388231 0.0767912 -0.1459326 0.9855453
1770029447.742193 0.4012869 -0.1383991 -0.8691094 -0.0396925 0.0767565 -0.1461206 0.9854856
1770029447.808828 0.3948756 -0.1353551 -0.8705742 -0.0396830 0.0752678 -0.1448476 0.9857886
1770029447.875496 0.3899206 -0.1331067 -0.8748275 -0.0397081 0.0739756 -0.1456340 0.9857696
1770029447.942189 0.3772809 -0.1334241 -0.8777859 -0.0402669 0.0743923 -0.1447371 0.9858477
1770029447.975499 0.3745117 -0.1312113 -0.8776922 -0.0398908 0.0736388 -0.1450866 0.9858681
1770029448.008826 0.3698365 -0.1310875 -0.8807787 -0.0397482 0.0734946 -0.1453904 0.9858398
1770029448.108828 0.3577196 -0.1342909 -0.8811876 -0.0400462 0.0725848 -0.1449148 0.9859653
1770029448.242178 0.3361176 -0.1413802 -0.8874832 -0.0397683 0.0710589 -0.1434775 0.9862978
1770029448.308830 0.3270094 -0.1468068 -0.8893266 -0.0396023 0.0697032 -0.1427350 0.9865089
1770029448.408835 0.3128717 -0.1543590 -0.8929243 -0.0389124 0.0684130 -0.1413284 0.9868292
1770029448.542172 0.2905224 -0.1730166 -0.9009394 -0.0388052 0.0660643 -0.1379211 0.9874753
1770029448.642166 0.2694302 -0.1897775 -0.9064506 -0.0390643 0.0652142 -0.1366046 0.9877046
1770029448.675493 0.2627067 -0.1903347 -0.9028853 -0.0379146 0.0651795 -0.1370559 0.9876891
1770029448.842161 0.2376964 -0.2203962 -0.9096369 -0.0361433 0.0615155 -0.1333555 0.9884967
1770029448.942163 0.2169916 -0.2365059 -0.9156125 -0.0342185 0.0599652 -0.1323176 0.9887999
1770029449.008847 0.1983481 -0.2476583 -0.9141902 -0.0328062 0.0600515 -0.1317644 0.9889165
1770029449.142169 0.1684833 -0.2795136 -0.9209729 -0.0297649 0.0574560 -0.1293210 0.9894893
1770029449.208838 0.1535110 -0.2941402 -0.9209402 -0.0279887 0.0566322 -0.1302869 0.9894619
1770029449.275506 0.1362558 -0.3027843 -0.9276201 -0.0216938 0.0559695 -0.1295620 0.9897528
1770029449.308846 0.1288342 -0.3070313 -0.9261972 -0.0186938 0.0549284 -0.1303234 0.9897723
1770029449.442186 0.1048650 -0.3357435 -0.9389043 -0.0071296 0.0486627 -0.1287979 0.9904505
1770029449.508847 0.0917535 -0.3465565 -0.9452882 -0.0010303 0.0448865 -0.1287500 0.9906602
1770029449.608836 0.0755019 -0.3611111 -0.9539936 0.0075569 0.0389621 -0.1281103 0.9909655
1770029449.708840 0.0596429 -0.3818097 -0.9564166 0.0159018 0.0338190 -0.1295250 0.9908717
1770029449.842178 0.0407282 -0.4054807 -0.9592185 0.0293823 0.0207657 -0.1322445 0.9905639
1770029450.142160 -0.0485384 -0.5220599 -1.0500532 0.0468211 -0.0237084 -0.1374046 0.9891237
1770029450.375493 -0.1095324 -0.6111690 -1.0709124 0.0476411 -0.0562409 -0.1331328 0.9883537
1770029450.408823 -0.1185985 -0.6199760 -1.0721685 0.0456326 -0.0571061 -0.1309164 0.9886948
1770029450.475497 -0.1324698 -0.5873049 -1.0315861 0.0456997 -0.0573619 -0.1260871 0.9893044
1770029450.608824 -0.1431173 -0.5994742 -1.0338390 -0.0070297 -0.0397143 -0.1200223 0.9919516
1770029450.642157 -0.1241496 -0.5752106 -1.0452873 -0.0162691 -0.0355654 -0.1154886 0.9925386
1770029450.908831 -0.1925751 -0.5948223 -1.0264241 -0.0615159 -0.0106699 -0.1262623 0.9900302
1770029451.242163 -0.2972322 -0.6565014 -1.0202974 -0.0739812 0.0067288 -0.1345435 0.9881192
1770029451.542173 -0.3071426 -0.6647625 -1.0237164 -0.0536833 0.0114921 -0.1353672 0.9892734
1770029452.108824 -0.3483568 -0.6985559 -1.0620142 -0.0306380 0.0148871 -0.1308383 0.9908184
1770029452.742166 -0.3857465 -0.6884307 -1.1084548 -0.0246546 0.0147375 -0.1306904 0.9910070
1770029453.142168 -0.4035275 -0.6426541 -1.1271284 -0.0284735 0.0156692 -0.1384184 0.9898404
1770029453.408839 -0.3997921 -0.6096941 -1.1350746 -0.0330934 0.0144933 -0.1435854 0.9889783
1770029453.608831 -0.4022094 -0.5697498 -1.1343485 -0.0362115 0.0159244 -0.1492717 0.9880046
1770029453.875503 -0.4045527 -0.5363854 -1.1454958 -0.0435209 0.0183589 -0.1538475 0.9869649
1770029454.175510 -0.3707902 -0.4367856 -1.1421261 -0.0500525 0.0188110 -0.1478438 0.9875642
1770029454.475510 -0.3600191 -0.3414965 -1.1129401 -0.0651916 0.0162476 -0.2476560 0.9665157
1770029454.742175 -0.3596872 -0.2791599 -1.1617205 -0.0772834 0.0131761 -0.3278198 0.9414817
1770029454.875496 -0.3492325 -0.2372804 -1.1651074 -0.0799877 0.0150740 -0.3603809 0.9292472
1770029455.042160 -0.3354120 -0.2166210 -1.1717929 -0.0862281 0.0150324 -0.3961248 0.9140153
1770029455.242182 -0.3118719 -0.2001053 -1.1787738 -0.0898488 0.0147103 -0.4290900 0.8986616
1770029455.375501 -0.3150903 -0.1792749 -1.1800311 -0.0907245 0.0193159 -0.4476347 0.8893926
1770029455.608828 -0.2942483 -0.1777717 -1.1888199 -0.0952240 0.0197327 -0.4666921 0.8790572
1770029455.908785 -0.2504098 -0.1905289 -1.2028995 -0.0943337 0.0200796 -0.4700538 0.8773525
1770029456.042129 -0.2431665 -0.2043390 -1.2036952 -0.0937969 0.0231556 -0.4654652 0.8797773
1770029456.208776 -0.2157983 -0.2428342 -1.2041830 -0.0938111 0.0244029 -0.4509150 0.8872878
1770029456.308782 -0.2094905 -0.2526367 -1.2248452 -0.0882244 0.0276496 -0.4421764 0.8921502
1770029456.342118 -0.2010533 -0.2716275 -1.2221307 -0.0890264 0.0269543 -0.4337257 0.8962309
1770029456.375470 -0.1917847 -0.2696041 -1.2120712 -0.0871496 0.0282484 -0.4310215 0.8976789
1770029456.475463 -0.1903904 -0.3051669 -1.2336154 -0.0846480 0.0321096 -0.4092757 0.9079081
1770029456.608770 -0.1671206 -0.3452150 -1.2268642 -0.0783268 0.0356371 -0.3725456 0.9240155
1770029456.775440 -0.1196017 -0.4074459 -1.2058566 -0.0702316 0.0368357 -0.3228914 0.9431075
1770029456.842116 -0.1186231 -0.4229288 -1.2194475 -0.0648565 0.0407425 -0.3107091 0.9474142
1770029456.875439 -0.0970635 -0.4323878 -1.1991326 -0.0619974 0.0395634 -0.3044662 0.9496796
1770029456.942105 -0.1234194 -0.4531250 -1.2406862 -0.0546099 0.0451038 -0.3024900 0.9505174
1770029457.208772 -0.0657378 -0.4124444 -1.1417625 -0.0218410 0.0541040 -0.2804851 0.9580834
1770029457.308774 -0.0548546 -0.4406151 -1.1637417 -0.0076118 0.0628945 -0.2818943 0.9573516
1770029457.442111 -0.0476197 -0.4869593 -1.1536961 0.0090617 0.0742016 -0.2795857 0.9572063
1770029457.542107 -0.0324449 -0.5009235 -1.1257966 0.0207552 0.0876850 -0.2786474 0.9561570
1770029457.675441 -0.0126135 -0.5334474 -1.1091375 0.0326826 0.1100629 -0.2764031 0.9541590
1770029457.775449 0.0025833 -0.5745837 -1.1090786 0.0377655 0.1253038 -0.2726505 0.9531707
1770029457.908773 0.0050141 -0.5988397 -1.1183254 0.0406636 0.1473640 -0.2718581 0.9501176
1770029458.075440 0.0290362 -0.6378704 -1.1199639 0.0325079 0.1599028 -0.2722979 0.9482765
1770029458.242121 0.0636072 -0.6728951 -1.1143335 -0.0312107 0.1473021 -0.2438901 0.9580426
1770029458.375438 0.1012659 -0.7068127 -1.1082634 -0.0598453 0.1302502 -0.2198993 0.9649341
1770029458.475437 0.1151522 -0.7362075 -1.0913012 -0.0775413 0.1221883 -0.2022921 0.9685739
1770029458.575435 0.1458054 -0.7301830 -1.0868410 -0.0818433 0.1138384 -0.1866235 0.9723755
1770029458.642114 0.1564173 -0.7487022 -1.0794016 -0.0881469 0.1098992 -0.1760384 0.9742499
1770029458.708779 0.1764807 -0.7551678 -1.0723366 -0.0895917 0.1052207 -0.1674398 0.9761485
1770029458.875450 0.1968976 -0.7660909 -1.0637451 -0.0879240 0.0984931 -0.1545196 0.9791283
1770029458.942119 0.2079399 -0.7676322 -1.0641207 -0.0835524 0.0951149 -0.1508583 0.9804152
1770029459.008782 0.2171519 -0.7802761 -1.0611097 -0.0803489 0.0930944 -0.1468476 0.9814852
1770029459.075447 0.2322337 -0.7913564 -1.0603865 -0.0756860 0.0894619 -0.1434961 0.9826887
1770029459.175443 0.2403142 -0.8086634 -1.0615313 -0.0666391 0.0868984 -0.1384157 0.9843013
1770029459.275451 0.2445629 -0.8077339 -1.0635620 -0.0563800 0.0852719 -0.1414247 0.9846568
1770029459.308770 0.2448816 -0.8165449 -1.0635351 -0.0534736 0.0847858 -0.1406636 0.9849699
1770029459.475435 0.2438255 -0.8286218 -1.0765412 -0.0394348 0.0829454 -0.1388062 0.9860516
1770029459.608772 0.2707663 -0.8452840 -1.0844891 -0.0316858 0.0791767 -0.1366974 0.9869351
1770029459.775443 0.2802202 -0.8523009 -1.0835145 -0.0248766 0.0788973 -0.1364719 0.9871837
1770029459.908768 0.2924462 -0.8446060 -1.0842583 -0.0205880 0.0774832 -0.1360348 0.9874549
1770029460.142103 0.3134312 -0.8439953 -1.0881014 -0.0155670 0.0762761 -0.1349434 0.9877904
1770029460.242108 0.3288580 -0.8297349 -1.0894191 -0.0128540 0.0760672 -0.1364955 0.9876323
1770029460.308770 0.3300399 -0.8254599 -1.0932139 -0.0119543 0.0774946 -0.1354993 0.9876698
1770029460.342109 0.3353684 -0.8204014 -1.1006093 -0.0115596 0.0764433 -0.1363667 0.9876370
1770029460.442101 0.3444497 -0.8028001 -1.0951118 -0.0099839 0.0770019 -0.1373807 0.9874703
1770029460.508783 0.3541644 -0.7922318 -1.0936500 -0.0095137 0.0771279 -0.1372464 0.9874838
1770029460.575455 0.3581572 -0.7814602 -1.1008995 -0.0094273 0.0775983 -0.1378947 0.9873574
1770029460.608778 0.3653717 -0.7740967 -1.0992266 -0.0084097 0.0768795 -0.1379616 0.9874135
1770029460.708781 0.3724968 -0.7604200 -1.1030416 -0.0092899 0.0773962 -0.1374779 0.9874327
1770029460.808786 0.3799998 -0.7471183 -1.1037488 -0.0097495 0.0776390 -0.1374560 0.9874123
1770029460.842116 0.3818305 -0.7392084 -1.1042777 -0.0100312 0.0784033 -0.1375369 0.9873378
1770029460.908772 0.3856986 -0.7260745 -1.1031253 -0.0104012 0.0792826 -0.1385805 0.9871178
1770029460.942133 0.3893667 -0.7139879 -1.1013775 -0.0101435 0.0793609 -0.1397433 0.9869503
1770029460.975441 0.3913082 -0.7055596 -1.1038558 -0.0102367 0.0795464 -0.1398153 0.9869242
1770029461.108782 0.4007467 -0.6720447 -1.1124859 -0.0107861 0.0799499 -0.1411364 0.9866976
1770029461.142107 0.4042018 -0.6611460 -1.1129383 -0.0108730 0.0801556 -0.1417967 0.9865853
1770029461.208769 0.4049813 -0.6555144 -1.1108451 -0.0124814 0.0809063 -0.1406244 0.9866728
1770029461.442106 0.4213299 -0.6147996 -1.1112752 -0.0177826 0.0824564 -0.1400709 0.9865419
1770029461.708804 0.4356318 -0.5654597 -1.1198773 -0.0233289 0.0829121 -0.1381063 0.9866651
1770029461.775444 0.4396743 -0.5424558 -1.1140090 -0.0238439 0.0842121 -0.1391748 0.9863926
1770029461.875513 0.4376993 -0.5218988 -1.1224818 -0.0264202 0.0842664 -0.1411543 0.9860409
1770029461.975438 0.4420033 -0.5083284 -1.1215520 -0.0298626 0.0846248 -0.1405673 0.9859958
1770029462.142145 0.4487900 -0.4660819 -1.1222872 -0.0314830 0.0841914 -0.1418432 0.9857998
1770029462.308785 0.4539804 -0.4302607 -1.1220236 -0.0339493 0.0839148 -0.1431478 0.9855528
1770029462.442111 0.4484399 -0.4023661 -1.1311611 -0.0360056 0.0848001 -0.1438364 0.9853038
1770029462.608767 0.4434857 -0.3639860 -1.1335007 -0.0375690 0.0845091 -0.1450302 0.9850954
1770029462.708795 0.4417026 -0.3480717 -1.1355851 -0.0394597 0.0839456 -0.1465810 0.9848402
1770029462.908768 0.4318042 -0.3105153 -1.1389846 -0.0401845 0.0824284 -0.1478475 0.9847497
1770029463.008779 0.4249811 -0.2973756 -1.1394155 -0.0412253 0.0816189 -0.1492513 0.9845623
1770029463.108777 0.4196224 -0.2824419 -1.1380913 -0.0411527 0.0809991 -0.1502928 0.9844581
1770029463.275439 0.4011492 -0.2702450 -1.1447202 -0.0432077 0.0799599 -0.1512247 0.9843122
1770029463.408783 0.3908950 -0.2647805 -1.1432328 -0.0441624 0.0780944 -0.1511337 0.9844337
1770029463.542106 0.3699433 -0.2622850 -1.1453128 -0.0443653 0.0777922 -0.1509812 0.9844718
1770029463.708768 0.3501002 -0.2618693 -1.1489891 -0.0430259 0.0760257 -0.1498610 0.9848404
1770029463.842101 0.3347597 -0.2687711 -1.1547931 -0.0432606 0.0730579 -0.1489817 0.9851881
1770029463.942077 0.3172734 -0.2743525 -1.1549668 -0.0429737 0.0719312 -0.1489384 0.9852901
1770029464.008749 0.3086019 -0.2831165 -1.1597104 -0.0428358 0.0710151 -0.1471428 0.9856323
1770029464.142096 0.2746549 -0.3008744 -1.1632469 -0.0430579 0.0706346 -0.1461291 0.9858007
1770029464.308749 0.2522080 -0.3228860 -1.1581017 -0.0411654 0.0678000 -0.1451679 0.9862225
1770029464.442068 0.2168031 -0.3368230 -1.1671305 -0.0383907 0.0662773 -0.1437706 0.9866425
1770029464.508750 0.1959404 -0.3500037 -1.1731827 -0.0375739 0.0664191 -0.1429518 0.9867834
1770029464.608737 0.1824245 -0.3650240 -1.1720845 -0.0353354 0.0639679 -0.1420248 0.9871618
1770029464.742085 0.1502928 -0.3925133 -1.1771681 -0.0321044 0.0620258 -0.1405046 0.9876136
1770029464.808757 0.1361072 -0.4001609 -1.1787802 -0.0284315 0.0607786 -0.1416518 0.9876398
1770029464.842069 0.1307737 -0.4063872 -1.1792856 -0.0261493 0.0598007 -0.1414747 0.9877880
1770029464.908754 0.1119631 -0.4223042 -1.1904703 -0.0208846 0.0578071 -0.1405746 0.9881604
1770029465.042066 0.0862842 -0.4431984 -1.2020860 -0.0084218 0.0524163 -0.1410053 0.9885844
1770029465.108753 0.0782349 -0.4534029 -1.2017783 -0.0031095 0.0483847 -0.1388482 0.9891261
1770029465.208749 0.0614101 -0.4672149 -1.2100462 0.0058995 0.0420736 -0.1393095 0.9893371
1770029465.342067 0.0345710 -0.4959229 -1.2157090 0.0197597 0.0351177 -0.1431986 0.9888734
1770029465.442106 0.0249200 -0.5215130 -1.2096540 0.0259199 0.0236696 -0.1394213 0.9896109
1770029465.742083 -0.0458015 -0.5865908 -1.1952789 0.0454526 -0.0237964 -0.1415386 0.9886024
1770029465.942069 -0.1131000 -0.6230018 -1.1604339 0.0489355 -0.0519861 -0.1409324 0.9874416
1770029465.975418 -0.1150954 -0.6399951 -1.1478155 0.0475095 -0.0552297 -0.1368285 0.9879122
1770029466.008735 -0.1271439 -0.6423623 -1.1628063 0.0460807 -0.0559735 -0.1352343 0.9881575
1770029466.042099 -0.1176480 -0.6551650 -1.1382318 0.0446298 -0.0582711 -0.1311998 0.9886351
1770029466.075411 -0.1310662 -0.6477514 -1.1515623 0.0421482 -0.0563856 -0.1284474 0.9892146
1770029466.108739 -0.1219014 -0.6492394 -1.1453390 0.0286389 -0.0535942 -0.1225249 0.9906034
1770029466.208747 -0.1522497 -0.6506459 -1.1080084 -0.0105322 -0.0379091 -0.1232342 0.9915974
1770029466.308745 -0.1925941 -0.6699657 -1.0929799 -0.0358087 -0.0234909 -0.1266632 0.9910209
1770029466.475401 -0.2125793 -0.6656981 -1.0738473 -0.0609429 -0.0102596 -0.1277797 0.9898753
1770029466.608760 -0.2464993 -0.6753830 -1.0550642 -0.0746865 -0.0015396 -0.1315359 0.9884927
1770029466.775425 -0.3015637 -0.6550594 -1.0175648 -0.0748437 0.0061585 -0.1357206 0.9878970
1770029466.908738 -0.3168505 -0.6672896 -1.0263802 -0.0707034 0.0105552 -0.1345815 0.9883205
1770029467.075412 -0.3255183 -0.6921659 -1.0379971 -0.0614194 0.0125034 -0.1304723 0.9894687
1770029467.375401 -0.3444183 -0.6947284 -1.0576664 -0.0389530 0.0146074 -0.1325544 0.9903023
1770029468.008741 -0.3808203 -0.7159681 -1.0989393 -0.0254972 0.0157731 -0.1285356 0.9912516
1770029468.408760 -0.4019358 -0.6784928 -1.1196728 -0.0240893 0.0161746 -0.1349735 0.9904243
1770029468.742065 -0.4106907 -0.6448761 -1.1325548 -0.0284247 0.0164234 -0.1411465 0.9894443
1770029469.142066 -0.3933231 -0.5344045 -1.1145167 -0.0365712 0.0161634 -0.1330697 0.9902998
1770029469.442071 -0.3964237 -0.4866581 -1.1278853 -0.0425222 0.0178946 -0.1429149 0.9886592
1770029469.608735 -0.3950991 -0.4629789 -1.1300300 -0.0468280 0.0189844 -0.1458210 0.9880197
1770029469.775402 -0.3836047 -0.4139382 -1.1377467 -0.0491148 0.0207354 -0.1487769 0.9874327
1770029469.842075 -0.3832944 -0.4062591 -1.1417656 -0.0534303 0.0202390 -0.1709697 0.9836183
1770029469.908730 -0.3806140 -0.3912125 -1.1428189 -0.0582453 0.0197112 -0.1924820 0.9793721
1770029470.042069 -0.3723069 -0.3522369 -1.1431563 -0.0637322 0.0179961 -0.2385220 0.9688765
1770029470.175398 -0.3751025 -0.3194785 -1.1560621 -0.0706293 0.0170452 -0.2833712 0.9562540
1770029470.308737 -0.3682306 -0.2828974 -1.1579113 -0.0759580 0.0149678 -0.3226672 0.9433410
1770029470.408737 -0.3592877 -0.2570465 -1.1618327 -0.0782743 0.0153609 -0.3487614 0.9338108
1770029470.475409 -0.3532923 -0.2445666 -1.1686715 -0.0803151 0.0156763 -0.3644938 0.9276034
1770029470.642063 -0.3319659 -0.2138687 -1.1799661 -0.0856567 0.0153420 -0.3982140 0.9131556
1770029470.775410 -0.3263063 -0.1986610 -1.1748972 -0.0890305 0.0156362 -0.4214477 0.9023364
1770029470.942069 -0.3140794 -0.1863103 -1.1770347 -0.0918325 0.0177635 -0.4444536 0.8909053
1770029471.108741 -0.3054012 -0.1793143 -1.1796527 -0.0951609 0.0193499 -0.4593934 0.8829086
1770029471.242070 -0.2836372 -0.1770211 -1.1894429 -0.0952427 0.0186514 -0.4672764 0.8787683
1770029471.442064 -0.2655473 -0.1873171 -1.2024468 -0.0953003 0.0200409 -0.4711902 0.8766391
1770029471.575400 -0.2519812 -0.1986163 -1.2047930 -0.0943994 0.0222950 -0.4686621 0.8780362
1770029471.742061 -0.2396978 -0.2232112 -1.2097641 -0.0927995 0.0260038 -0.4611558 0.8820699
1770029471.875397 -0.2148643 -0.2528953 -1.2226924 -0.0904249 0.0276400 -0.4433538 0.8913455
1770029471.975394 -0.2105791 -0.2766052 -1.2443544 -0.0885794 0.0309084 -0.4287587 0.8985346
1770029472.042060 -0.2053211 -0.3000617 -1.2594495 -0.0861323 0.0329277 -0.4124022 0.9063230
1770029472.175396 -0.1678207 -0.3442042 -1.2328964 -0.0801246 0.0341194 -0.3765567 0.9222912
1770029472.208727 -0.1670266 -0.3556418 -1.2367246 -0.0787238 0.0354454 -0.3654716 0.9268100
1770029472.275394 -0.1598057 -0.3746696 -1.2536371 -0.0742008 0.0374957 -0.3492036 0.9333516
1770029472.342065 -0.1485745 -0.3919800 -1.2629536 -0.0691403 0.0389866 -0.3326396 0.9397077
1770029472.375418 -0.1526252 -0.4040147 -1.2656138 -0.0676980 0.0410181 -0.3260909 0.9420187
1770029472.442072 -0.1450309 -0.4272281 -1.2736828 -0.0642714 0.0431761 -0.3121997 0.9468560
1770029472.508747 -0.1396616 -0.4342581 -1.2883915 -0.0563539 0.0459272 -0.3037491 0.9499745
1770029472.575415 -0.1454186 -0.4363343 -1.3141370 -0.0465963 0.0491209 -0.3050607 0.9499232
1770029472.675405 -0.1541882 -0.4620416 -1.3418384 -0.0341393 0.0544489 -0.3083629 0.9490954
1770029472.775442 -0.1445644 -0.4868978 -1.3486428 -0.0205137 0.0622951 -0.3149338 0.9468449
1770029472.942128 -0.1315911 -0.5194639 -1.3851606 0.0062864 0.0748758 -0.3217120 0.9438514
1770029473.042077 -0.1284364 -0.5457649 -1.3781236 0.0229365 0.0845673 -0.3267840 0.9410285
1770029473.142072 -0.1318395 -0.5745484 -1.3865864 0.0364753 0.0996204 -0.3280988 0.9386674
1770029473.208733 -0.1222128 -0.5963694 -1.3825399 0.0418857 0.1096785 -0.3270509 0.9376854
1770029473.308731 -0.1057014 -0.6113372 -1.3762487 0.0523348 0.1258858 -0.3247003 0.9359399
1770029473.375399 -0.1000194 -0.6249888 -1.3704166 0.0573949 0.1374972 -0.3252735 0.9338081
1770029473.508759 -0.0812458 -0.6416726 -1.3635805 0.0626146 0.1592733 -0.3274958 0.9292244
1770029473.675408 -0.1001574 -0.6589356 -1.3760566 0.0535639 0.1756769 -0.3268143 0.9270712
1770029473.775399 -0.0658423 -0.6732832 -1.3788080 0.0143096 0.1700736 -0.3124668 0.9344703
1770029473.908727 -0.0250292 -0.7369109 -1.3828791 -0.0261944 0.1501236 -0.2828890 0.9469692
1770029474.008739 -0.0057878 -0.7465414 -1.3668071 -0.0431956 0.1415579 -0.2664335 0.9524226
1770029474.208757 0.0387415 -0.7787443 -1.3430803 -0.0635790 0.1271758 -0.2315742 0.9623708
1770029474.342064 0.0676242 -0.7984526 -1.3292477 -0.0677632 0.1193523 -0.2156804 0.9667705
1770029474.542066 0.0890950 -0.8121862 -1.3241597 -0.0610931 0.1109767 -0.2029248 0.9709652
1770029474.642079 0.0961990 -0.8386779 -1.3249724 -0.0575040 0.1071530 -0.1969892 0.9728344
1770029474.708726 0.1095771 -0.8432001 -1.3267393 -0.0506830 0.1035111 -0.1944764 0.9741127
1770029474.808753 0.1147614 -0.8528566 -1.3256147 -0.0420562 0.1008131 -0.1936388 0.9749728
1770029475.075399 0.1225079 -0.8676209 -1.3319802 -0.0184085 0.0957919 -0.1948864 0.9759633
1770029475.242067 0.1449943 -0.8736559 -1.3337669 -0.0077543 0.0920045 -0.1947157 0.9765044
1770029475.375429 0.1611737 -0.8880982 -1.3399899 -0.0029060 0.0894050 -0.1930919 0.9770946
1770029475.675404 0.1983435 -0.8803816 -1.3444679 0.0050534 0.0863132 -0.1922981 0.9775203
1770029476.008731 0.2297687 -0.8561347 -1.3585817 0.0112392 0.0858165 -0.1928984 0.9773942
1770029476.308733 0.2621801 -0.8214842 -1.3590211 0.0115445 0.0867978 -0.1921228 0.9774567
1770029476.442083 0.2767078 -0.7926955 -1.3615634 0.0111600 0.0878645 -0.1936288 0.9770687
1770029476.608734 0.2868739 -0.7560325 -1.3694568 0.0104027 0.0895142 -0.1947342 0.9767076
1770029476.742058 0.3032081 -0.7349592 -1.3653009 0.0085781 0.0899930 -0.1948317 0.9766618
1770029476.875411 0.3080626 -0.7195499 -1.3702973 0.0053443 0.0912947 -0.1933962 0.9768494
1770029476.975403 0.3221713 -0.6915753 -1.3669394 0.0041621 0.0918590 -0.1953248 0.9764184
1770029477.042058 0.3282405 -0.6755185 -1.3682663 0.0030966 0.0922936 -0.1959382 0.9762585
1770029477.108725 0.3327809 -0.6669434 -1.3687718 0.0013823 0.0927932 -0.1948766 0.9764275
1770029477.342077 0.3572366 -0.6095324 -1.3694704 -0.0016753 0.0935438 -0.1965414 0.9760216
1770029477.508736 0.3699863 -0.5697489 -1.3720680 -0.0040825 0.0943490 -0.1971113 0.9758221
1770029477.675405 0.3743526 -0.5340685 -1.3738925 -0.0083717 0.0952667 -0.1987909 0.9753647
1770029477.808728 0.3832363 -0.5002615 -1.3762227 -0.0099328 0.0949899 -0.2000198 0.9751258
1770029477.908730 0.3861306 -0.4749498 -1.3748400 -0.0109875 0.0953848 -0.2010397 0.9748662
1770029477.975407 0.3840944 -0.4594688 -1.3798509 -0.0121549 0.0957827 -0.2025366 0.9745034
1770029478.142068 0.3853385 -0.4175936 -1.3826954 -0.0137722 0.0958834 -0.2047862 0.9740017
1770029478.275395 0.3833758 -0.3885853 -1.3845781 -0.0153994 0.0961400 -0.2062117 0.9736512
1770029478.408735 0.3781510 -0.3678997 -1.3903599 -0.0176544 0.0955815 -0.2063507 0.9736385
1770029478.675320 0.3642513 -0.3267355 -1.3933049 -0.0203323 0.0938381 -0.2089550 0.9732003
1770029478.808675 0.3544985 -0.3132214 -1.3933641 -0.0216065 0.0930562 -0.2102815 0.9729622
1770029478.941990 0.3413517 -0.3012726 -1.3968160 -0.0225290 0.0920911 -0.2104741 0.9729915
1770029479.141981 0.3166841 -0.2939714 -1.3971804 -0.0237753 0.0906852 -0.2103212 0.9731269
1770029479.342000 0.2847534 -0.2944854 -1.3986224 -0.0239524 0.0888601 -0.2109857 0.9731470
1770029479.441993 0.2692027 -0.2962854 -1.4008307 -0.0233650 0.0876963 -0.2102723 0.9734213
1770029479.608650 0.2455940 -0.3059540 -1.4102445 -0.0214182 0.0840499 -0.2061546 0.9746677
1770029479.708659 0.2307422 -0.3126413 -1.4083346 -0.0203046 0.0823133 -0.2051440 0.9750530
1770029479.875324 0.1949489 -0.3310090 -1.4118755 -0.0192306 0.0800122 -0.2026218 0.9757934
1770029479.975366 0.1711723 -0.3435373 -1.4093163 -0.0179374 0.0791569 -0.2012919 0.9761629
1770029480.008660 0.1689153 -0.3457978 -1.4098413 -0.0168191 0.0778731 -0.2009667 0.9763531
1770029480.141994 0.1316071 -0.3682541 -1.4136798 -0.0151864 0.0767480 -0.1985034 0.9769726
1770029480.242003 0.1063000 -0.3883828 -1.4184899 -0.0141973 0.0747556 -0.1963292 0.9775811
1770029480.308710 0.0921554 -0.3925745 -1.4189334 -0.0114939 0.0737985 -0.1967462 0.9776056
1770029480.342003 0.0859426 -0.3970861 -1.4177753 -0.0106726 0.0730557 -0.1973548 0.9775480
1770029480.441984 0.0617389 -0.4185975 -1.4266410 -0.0061956 0.0702622 -0.1962444 0.9780148
1770029480.508651 0.0440894 -0.4303759 -1.4319526 -0.0011846 0.0679307 -0.1958685 0.9782738
1770029480.541985 0.0375016 -0.4309198 -1.4335458 0.0024495 0.0661058 -0.1968368 0.9782021
1770029480.575319 0.0293451 -0.4375573 -1.4365666 0.0052024 0.0646977 -0.1964634 0.9783605
1770029480.608652 0.0251183 -0.4388781 -1.4364531 0.0087497 0.0628738 -0.1980082 0.9781427
1770029480.708655 -0.0000300 -0.4545490 -1.4468657 0.0165484 0.0573839 -0.1971236 0.9785579
1770029480.775329 -0.0103716 -0.4616418 -1.4502258 0.0224689 0.0525469 -0.1969819 0.9787401
1770029480.842051 -0.0200512 -0.4679479 -1.4525977 0.0283514 0.0479167 -0.1982984 0.9785591
1770029481.008672 -0.0451349 -0.5039181 -1.4702952 0.0418335 0.0343991 -0.1933482 0.9796342
1770029481.141998 -0.0795131 -0.5345734 -1.4674939 0.0500879 0.0159994 -0.1984533 0.9786989
1770029481.208663 -0.1012935 -0.5503681 -1.4629718 0.0543749 0.0056509 -0.2006114 0.9781444
1770029481.308646 -0.1196005 -0.5747501 -1.4637495 0.0585031 -0.0129984 -0.1995459 0.9780541
1770029481.375321 -0.1475124 -0.5928715 -1.4611663 0.0602083 -0.0235684 -0.1996438 0.9777331
1770029481.441980 -0.1703098 -0.6074168 -1.4489568 0.0613890 -0.0343735 -0.1998358 0.9773001
1770029481.475320 -0.1772168 -0.6158272 -1.4446752 0.0610812 -0.0392495 -0.1980955 0.9774900
1770029481.641984 -0.2467721 -0.6629914 -1.4527808 0.0548842 -0.0475286 -0.1900981 0.9790769
1770029481.675314 -0.2484866 -0.6624297 -1.4490156 0.0518735 -0.0456037 -0.1868756 0.9799525
1770029481.741982 -0.2531718 -0.6629612 -1.4404719 0.0254799 -0.0360322 -0.1832030 0.9820841
1770029481.808657 -0.2692821 -0.6700090 -1.4467582 0.0013184 -0.0241822 -0.1808078 0.9832202
1770029482.075312 -0.3482943 -0.6871745 -1.4269377 -0.0459268 0.0050308 -0.1855301 0.9815518
1770029482.242003 -0.3953814 -0.7011482 -1.4154744 -0.0595344 0.0167194 -0.1893430 0.9799619
1770029482.375321 -0.4241377 -0.7031436 -1.4051989 -0.0618444 0.0222646 -0.1917785 0.9792347
1770029482.875326 -0.5016655 -0.7103151 -1.4041098 -0.0402380 0.0324745 -0.1923758 0.9799581
1770029483.108664 -0.5218695 -0.7177562 -1.4284317 -0.0316419 0.0352710 -0.1912476 0.9803974
1770029483.341980 -0.5331771 -0.7148849 -1.4391136 -0.0238594 0.0360978 -0.1911826 0.9806003
1770029483.641985 -0.5408618 -0.7062483 -1.4514629 -0.0190296 0.0368758 -0.1924652 0.9804261
1770029483.908648 -0.5408948 -0.6852070 -1.4585177 -0.0179732 0.0386532 -0.1951867 0.9798393
1770029484.208646 -0.5363254 -0.6626809 -1.4625907 -0.0198679 0.0407277 -0.1961855 0.9795192
1770029484.475315 -0.4968660 -0.5806321 -1.4604193 -0.0182780 0.0413782 -0.1956052 0.9796389
1770029484.708658 -0.4769574 -0.5513412 -1.4606336 -0.0203191 0.0426456 -0.1966030 0.9793445
1770029484.875328 -0.4773621 -0.5414681 -1.4585525 -0.0225590 0.0439984 -0.1978000 0.9789946
1770029485.075316 -0.4589044 -0.5133346 -1.4578196 -0.0239853 0.0459061 -0.1983580 0.9787602
1770029485.208646 -0.4426242 -0.4997366 -1.4629376 -0.0252569 0.0465674 -0.1979131 0.9787870
1770029485.341987 -0.4285610 -0.4863899 -1.4641602 -0.0261730 0.0471152 -0.1987444 0.9785683
1770029485.441989 -0.4121856 -0.4791309 -1.4652731 -0.0269218 0.0475262 -0.1978658 0.9787061
1770029485.541996 -0.3988088 -0.4700003 -1.4662957 -0.0274129 0.0476481 -0.1976594 0.9787283
1770029485.641988 -0.3890354 -0.4633604 -1.4674749 -0.0279370 0.0483228 -0.1983283 0.9785450
1770029485.808650 -0.3657549 -0.4535291 -1.4633470 -0.0285761 0.0486950 -0.1981767 0.9785388
1770029485.841993 -0.3650680 -0.4543380 -1.4648963 -0.0290608 0.0494054 -0.1980613 0.9785123
1770029486.075311 -0.3432440 -0.4535370 -1.4722202 -0.0304512 0.0504443 -0.1966518 0.9787013
1770029486.108660 -0.3407861 -0.4546145 -1.4752008 -0.0306338 0.0503668 -0.1960845 0.9788134
1770029486.208648 -0.3319331 -0.4558890 -1.4814476 -0.0307499 0.0506454 -0.1958057 0.9788512
1770029486.375315 -0.3225228 -0.4606211 -1.4923828 -0.0314534 0.0516898 -0.1952774 0.9788797
1770029486.441993 -0.3179631 -0.4622730 -1.4971554 -0.0317135 0.0518955 -0.1951935 0.9788772
1770029486.508657 -0.3140205 -0.4650366 -1.5021746 -0.0315341 0.0520420 -0.1949726 0.9789193
1770029486.608646 -0.3099653 -0.4700463 -1.5075337 -0.0317855 0.0523087 -0.1946931 0.9789526
1770029486.675313 -0.3066838 -0.4718501 -1.5100211 -0.0315583 0.0527915 -0.1947026 0.9789321
1770029486.941998 -0.2912852 -0.4851304 -1.5175186 -0.0315572 0.0524510 -0.1943374 0.9790230
1770029487.175348 -0.2831968 -0.4978652 -1.5317618 -0.0315570 0.0529200 -0.1946936 0.9789270
1770029487.375353 -0.2756926 -0.5070138 -1.5368712 -0.0313727 0.0526148 -0.1939688 0.9790933
1770029487.708745 -0.2681218 -0.5233272 -1.5512407 -0.0316813 0.0519715 -0.1936607 0.9791787
1770029488.242035 -0.2557196 -0.5421288 -1.5631518 -0.0318831 0.0496824 -0.1924140 0.9795367
1770029488.842012 -0.2413798 -0.5454472 -1.5571570 -0.0332206 0.0484637 -0.1913689 0.9797580
