1770029406642329856.000000 0.000000000 0.000000000 0.000000000 -0.000000000 -0.000000000 -0.000000000 1.000000000
1770029406909025536.000000 -0.020582596 -0.006997915 -0.030639993 -0.000885757 0.003003769 -0.007201154 0.999969184
1770029406942349824.000000 -0.014522061 -0.012343638 -0.042519543 -0.001104118 0.001879356 -0.005914004 0.999980152
1770029408109018112.000000 -0.016595831 -0.006633584 -0.033022385 -0.000144464 0.002512957 -0.006036291 0.999978602
1770029411775724288.000000 -0.002032205 -0.017962800 -0.029268304 -0.000023147 -0.000814961 -0.007194337 0.999973834
1770029412375700480.000000 0.023673797 -0.029666841 -0.033570044 0.000754605 -0.001596103 -0.006365199 0.999978185
1770029412742376448.000000 0.040003642 -0.036123458 -0.024817774 0.001432781 -0.000637514 -0.006096957 0.999980211
1770029413042361600.000000 0.059693966 -0.045229871 -0.033297416 0.002101901 0.000344000 -0.006136734 0.999978900
1770029413342371584.000000 0.081433684 -0.047447693 -0.034059986 0.002700222 0.001991233 -0.005919728 0.999976873
1770029413642362368.000000 0.109045610 -0.041371454 -0.024021363 0.002638857 0.003752996 -0.005043491 0.999976754
1770029413975698688.000000 0.133076102 -0.029434383 -0.016070770 0.005393182 0.007989784 -0.005342068 0.999939263
1770029414209036032.000000 0.154273316 -0.015765434 -0.015258404 0.006587642 0.010611595 -0.007064327 0.999897063
1770029414475700480.000000 0.178915575 0.012550379 -0.001877189 0.008728012 0.014880170 -0.008411973 0.999815822
1770029414642374400.000000 0.193430394 0.024679309 0.003581662 0.008329276 0.017032918 -0.009215130 0.999777794
1770029414875700992.000000 0.213824332 0.042732920 0.009479079 0.008234669 0.020710554 -0.008289147 0.999717295
1770029415142371840.000000 0.236251667 0.068681449 0.016229630 0.006270734 0.025019396 -0.010590064 0.999611199
1770029415375702528.000000 0.257537544 0.089378037 0.030956497 0.003979241 0.028245185 -0.010202394 0.999541044
1770029415575699712.000000 0.272550464 0.112914257 0.039955184 0.003611891 0.032020580 -0.011828483 0.999410689
1770029415775691520.000000 0.284217894 0.138452917 0.035797250 0.001530807 0.032997850 -0.014574029 0.999347985
1770029415975699712.000000 0.295782208 0.172651470 0.042531576 0.001623500 0.033751916 -0.016198657 0.999297678
1770029416209031168.000000 0.312117070 0.201365709 0.043612055 0.000739309 0.032178350 -0.016869409 0.999339521
1770029416442333696.000000 0.320676833 0.226291746 0.053942919 0.000411179 0.030977987 -0.016725976 0.999380052
1770029416675751936.000000 0.323085576 0.242936581 0.043258771 0.000720419 0.029775057 -0.020443184 0.999347329
1770029417442323456.000000 0.285212964 0.226740643 0.035416428 0.006319507 0.025419187 -0.018492619 0.999485910
1770029418142316544.000000 0.197268307 0.105528980 0.003829071 0.023601057 0.017837666 -0.015394193 0.999443769
1770029418442373888.000000 0.167833358 0.047009826 -0.020279853 0.047519825 0.004505283 -0.015088689 0.998746157
1770029418608984832.000000 0.149822757 -0.005967549 -0.036414489 0.057326585 -0.012224468 -0.015149921 0.998165727
1770029418742317568.000000 0.128385708 -0.061098680 -0.053919807 0.063364603 -0.027811572 -0.014320955 0.997500062
1770029418842316288.000000 0.112311728 -0.102474645 -0.074797787 0.066217221 -0.039131448 -0.013913448 0.996940553
1770029419042318592.000000 0.069499329 -0.186214820 -0.094675288 0.064452365 -0.049401641 -0.009501320 0.996651947
1770029419175665920.000000 0.036006175 -0.236421794 -0.127581730 0.048143234 -0.038646415 -0.009478259 0.998047531
1770029419342333184.000000 -0.014670548 -0.259406000 -0.127378255 -0.005322098 -0.026941517 -0.009325019 0.999579370
1770029419508999680.000000 -0.066824503 -0.277033508 -0.116392232 -0.033300549 -0.017244266 -0.015642073 0.999174178
1770029419642331392.000000 -0.100582749 -0.299306840 -0.107016981 -0.048524011 -0.013385383 -0.019325199 0.998545349
1770029419742327552.000000 -0.133297324 -0.318530232 -0.101735063 -0.055046555 -0.009332870 -0.021467563 0.998209357
1770029419942331904.000000 -0.191114679 -0.374407887 -0.097714491 -0.057872280 -0.003840618 -0.026489142 0.997965157
1770029420408988928.000000 -0.287901878 -0.476164073 -0.120592438 -0.028088331 0.003928958 -0.023191897 0.999328673
1770029420542316032.000000 -0.303058505 -0.492244363 -0.141446188 -0.019718193 0.004872395 -0.020083774 0.999592006
1770029420675648000.000000 -0.311340213 -0.498041719 -0.144260973 -0.012350610 0.005626378 -0.018432647 0.999738038
1770029420808994048.000000 -0.320844769 -0.504803479 -0.159379661 -0.009781563 0.006073553 -0.018061513 0.999770582
1770029420975651840.000000 -0.334091872 -0.515063822 -0.179247573 -0.003335260 0.005809618 -0.016556012 0.999840558
1770029421175657472.000000 -0.350117832 -0.507009983 -0.190284371 0.002428077 0.005471232 -0.017296772 0.999832511
1770029421375670528.000000 -0.361523390 -0.497257829 -0.197619796 0.004598204 0.004555039 -0.019269872 0.999793351
1770029421542315776.000000 -0.364446133 -0.487230927 -0.206834331 0.004102495 0.003434643 -0.019278599 0.999799848
1770029421675647488.000000 -0.383084953 -0.465687364 -0.214921847 0.005414828 0.005083952 -0.023268545 0.999701679
1770029421975660288.000000 -0.408970296 -0.423547059 -0.229788348 0.004762730 0.005875114 -0.031297274 0.999481499
1770029422275665408.000000 -0.422707438 -0.364654273 -0.229850203 0.001394555 0.006174039 -0.034320764 0.999390841
1770029422575646464.000000 -0.410512596 -0.186735928 -0.221345842 0.001739880 0.003647646 -0.025521485 0.999666095
1770029422842315008.000000 -0.409848273 -0.139310464 -0.217811927 -0.003873097 0.004774991 -0.029874979 0.999534726
1770029423142318080.000000 -0.413105905 -0.036907621 -0.233525693 -0.011988141 0.005887001 -0.086079128 0.996198833
1770029423442322944.000000 -0.417883039 0.060168575 -0.238123760 -0.022532713 0.007122485 -0.185149848 0.982426107
1770029423709007616.000000 -0.415860444 0.130073354 -0.252919823 -0.030446440 0.007155694 -0.256713063 0.965981483
1770029424009003264.000000 -0.402627528 0.198706686 -0.246478170 -0.035996947 0.012427246 -0.318867475 0.947034001
1770029424308988416.000000 -0.365664691 0.225825161 -0.243186355 -0.040979736 0.014963914 -0.350232542 0.935646296
1770029424475602688.000000 -0.349214375 0.233566567 -0.256172538 -0.041957229 0.014748018 -0.362777412 0.930813968
1770029424742300672.000000 -0.311930090 0.223747775 -0.257736772 -0.042985097 0.016449451 -0.365426272 0.929701746
1770029424908947200.000000 -0.284024507 0.205942124 -0.267571211 -0.041433487 0.017687537 -0.356883794 0.933061838
1770029425075602688.000000 -0.253998995 0.177990064 -0.269222230 -0.039198596 0.019649832 -0.338586718 0.939912975
1770029425208946432.000000 -0.227776080 0.146257132 -0.275387108 -0.036146998 0.020972101 -0.316178888 0.947778702
1770029425308946176.000000 -0.205674753 0.117275842 -0.287975043 -0.033364020 0.021875210 -0.292304933 0.955492675
1770029425375609088.000000 -0.190632880 0.093382895 -0.293222636 -0.031875812 0.022469917 -0.273590475 0.961055279
1770029425475605760.000000 -0.159065589 0.059894715 -0.298533797 -0.027492184 0.022484167 -0.240003675 0.970122099
1770029425575611904.000000 -0.130751580 0.032543506 -0.298345655 -0.022719216 0.023135817 -0.212888733 0.976538301
1770029425642285312.000000 -0.114534520 0.012983019 -0.299400628 -0.019563034 0.023739241 -0.196360946 0.980049074
1770029425775664640.000000 -0.083328903 -0.016430283 -0.298344344 -0.008194796 0.027177408 -0.181039765 0.983066022
1770029425875611904.000000 -0.069456145 -0.043038502 -0.314404696 0.003171657 0.032409176 -0.182760775 0.982617974
1770029425942267648.000000 -0.057840366 -0.065288857 -0.326450706 0.010692320 0.036263224 -0.183287442 0.982332110
1770029426075604224.000000 -0.032398537 -0.089934126 -0.349510133 0.029195584 0.046968114 -0.185458168 0.981094778
1770029426242279424.000000 -0.005839081 -0.130870238 -0.319942564 0.048192117 0.063075498 -0.182721674 0.979955018
1770029426342279936.000000 0.010902129 -0.160950795 -0.331822842 0.057077140 0.076069787 -0.181338325 0.978811562
1770029426442270976.000000 0.029779743 -0.198952198 -0.326204300 0.061628629 0.091318384 -0.180318445 0.977419138
1770029426542269440.000000 0.054637544 -0.238869190 -0.323457867 0.064904660 0.107968099 -0.178356558 0.975868464
1770029426675626496.000000 0.086701289 -0.273557723 -0.319874018 0.068239756 0.128889769 -0.175812066 0.973560929
1770029426808942080.000000 0.125622690 -0.325238258 -0.321717501 0.061553318 0.142643243 -0.174382702 0.972344995
1770029426975604992.000000 0.174757764 -0.345579058 -0.316025704 0.024403246 0.137007371 -0.164912239 0.976441205
1770029427008941312.000000 0.182328776 -0.350664049 -0.314073920 0.011398449 0.132168412 -0.160748541 0.978039622
1770029427108952064.000000 0.210278407 -0.371010363 -0.308798850 -0.014589804 0.115326591 -0.140842244 0.983183801
1770029427275608064.000000 0.256475896 -0.409482032 -0.306665212 -0.044471387 0.093381658 -0.111331858 0.988386273
1770029427342272000.000000 0.275657594 -0.426049381 -0.302088559 -0.054001298 0.086094260 -0.099346846 0.989849448
1770029427408946432.000000 0.299696952 -0.438780993 -0.295922101 -0.059935138 0.078717753 -0.087883539 0.991205215
1770029427575620096.000000 0.327584624 -0.453931779 -0.281373680 -0.065574773 0.069300734 -0.068905674 0.993050575
1770029427742286080.000000 0.352205306 -0.474710613 -0.283423722 -0.060869791 0.061524887 -0.054684304 0.994745791
1770029427875609344.000000 0.377199709 -0.493846834 -0.287706375 -0.054625109 0.055914350 -0.050890390 0.995640397
1770029428175629056.000000 0.417198122 -0.563408852 -0.292742342 -0.031043122 0.049513686 -0.041388452 0.997432590
1770029428442346240.000000 0.452818990 -0.587009370 -0.291283786 -0.012558214 0.046800438 -0.035156760 0.998206377
1770029428742283264.000000 0.481444418 -0.583189607 -0.301837385 -0.002517688 0.044419568 -0.032640003 0.998476446
1770029429042302720.000000 0.517202020 -0.559857249 -0.304791749 0.005900352 0.043975361 -0.031249406 0.998526394
1770029429375607552.000000 0.540726125 -0.510450184 -0.309485227 0.009743368 0.044054665 -0.031568710 0.998482704
1770029429642284032.000000 0.559459507 -0.446566492 -0.302542269 0.011688702 0.045607261 -0.033165950 0.998340309
1770029429942279424.000000 0.564272761 -0.363525093 -0.315715104 0.010322487 0.046895716 -0.038059205 0.998121083
1770029430075621888.000000 0.570146143 -0.326589108 -0.314142734 0.009121666 0.047764245 -0.040022541 0.998014808
1770029430208945920.000000 0.568343639 -0.286139607 -0.315631539 0.008219313 0.048822578 -0.041694727 0.997902989
1770029430375612160.000000 0.568336546 -0.244478375 -0.309559435 0.004974276 0.050303645 -0.043947041 0.997754216
1770029430542324736.000000 0.566753149 -0.191624686 -0.306312025 0.004042411 0.051904097 -0.045316350 0.997615218
1770029430775619840.000000 0.572279334 -0.124342702 -0.301115662 0.001129445 0.051893070 -0.047805995 0.997507155
1770029430875608576.000000 0.571450591 -0.096142314 -0.301964849 -0.000793000 0.051444225 -0.049948905 0.997425675
1770029430942269184.000000 0.562927008 -0.077337839 -0.300499797 -0.001571373 0.052308206 -0.051698871 0.997290671
1770029431142276608.000000 0.560386837 -0.025870848 -0.306944966 -0.004072605 0.051789656 -0.053292580 0.997226775
1770029431242275328.000000 0.552762806 -0.002617131 -0.310422391 -0.005245176 0.052040964 -0.054301415 0.997153759
1770029431275602944.000000 0.551276505 0.004211955 -0.310371876 -0.006187186 0.052026663 -0.054477241 0.997139513
1770029431375613440.000000 0.545684099 0.024085969 -0.313665599 -0.007327298 0.051782090 -0.056345820 0.997040689
1770029431475607552.000000 0.537282526 0.047534015 -0.312950939 -0.007637420 0.051682703 -0.057947189 0.996951699
1770029431542267392.000000 0.535198867 0.059229694 -0.311447471 -0.008739666 0.050974071 -0.057917520 0.996980846
1770029431675606016.000000 0.524498165 0.077695705 -0.318700552 -0.010019359 0.049761716 -0.059368227 0.996944726
1770029431808934912.000000 0.512936532 0.097541511 -0.318489254 -0.010919718 0.048912313 -0.060699221 0.996897161
1770029432008945664.000000 0.490601361 0.117343925 -0.323645651 -0.012241855 0.047659054 -0.062143169 0.996853530
1770029432142277632.000000 0.475645006 0.124008507 -0.327728271 -0.013422804 0.046950467 -0.062499557 0.996849656
1770029432308933120.000000 0.456388146 0.127091676 -0.327681661 -0.013533277 0.044261899 -0.062587768 0.996965706
1770029432442242048.000000 0.437520206 0.126422480 -0.334230870 -0.013440518 0.043606337 -0.063230909 0.996955216
1770029432475535104.000000 0.432843655 0.123155534 -0.333852887 -0.013576254 0.043280333 -0.062081952 0.997039795
1770029432608930048.000000 0.417575955 0.116735972 -0.341206640 -0.013023185 0.040852856 -0.061935537 0.997158706
1770029432642218496.000000 0.413474411 0.114773624 -0.342486024 -0.012814139 0.040127922 -0.061609227 0.997211039
1770029432742205696.000000 0.399305046 0.105070084 -0.351162881 -0.012293019 0.038458284 -0.059472453 0.997413099
1770029432908887552.000000 0.373621702 0.082459249 -0.355646700 -0.011079099 0.036410280 -0.056082319 0.997700512
1770029432942199808.000000 0.368646711 0.078689009 -0.355996996 -0.010601243 0.036358397 -0.056300744 0.997695327
1770029433042270464.000000 0.354862720 0.063009351 -0.367998421 -0.009661839 0.033907574 -0.054175172 0.997908831
1770029433075537408.000000 0.349724084 0.060548525 -0.367359459 -0.008364766 0.033661000 -0.053508386 0.997964859
1770029433142199552.000000 0.339868486 0.049117964 -0.373841494 -0.007756677 0.032317404 -0.051676963 0.998110712
1770029433175566592.000000 0.341135293 0.054844819 -0.376287997 -0.003253981 0.030234803 -0.050589051 0.998256505
1770029433242216704.000000 0.332463473 0.051301006 -0.376833975 -0.000012444 0.029535171 -0.050044812 0.998310208
1770029433308884992.000000 0.314479560 0.034090381 -0.385691077 0.001127909 0.030022411 -0.046984166 0.998443723
1770029433375561728.000000 0.303195804 0.023863735 -0.395540088 0.003848404 0.028948624 -0.045438394 0.998540223
1770029433508871424.000000 0.278962821 -0.004027905 -0.409089774 0.008466702 0.026597572 -0.041878179 0.998732746
1770029433642219520.000000 0.243502647 -0.044860698 -0.415073276 0.011568677 0.027558645 -0.041380033 0.998696327
1770029433675548416.000000 0.237722471 -0.052680358 -0.415175229 0.013836658 0.027063878 -0.041362382 0.998681784
1770029433775547648.000000 0.219142467 -0.073308714 -0.424240977 0.022591960 0.024571789 -0.040876865 0.998606503
1770029433908883712.000000 0.194815427 -0.101015709 -0.437380970 0.035308715 0.020306148 -0.039017428 0.998408020
1770029434108877312.000000 0.172572955 -0.142731085 -0.433713943 0.053191978 0.009990235 -0.036557920 0.997864902
1770029434242216448.000000 0.153254524 -0.165798306 -0.422614396 0.067283668 -0.000131717 -0.038450371 0.996992707
1770029434408875520.000000 0.130954653 -0.217916340 -0.411933184 0.078205727 -0.022604937 -0.037609842 0.995971084
1770029434475527936.000000 0.115935057 -0.248832792 -0.427116424 0.082416847 -0.033318661 -0.038087852 0.995312333
1770029434542195200.000000 0.103711635 -0.261167020 -0.410417229 0.087896869 -0.044408850 -0.038910110 0.994378209
1770029434708870656.000000 0.055996194 -0.341245323 -0.447385192 0.090415627 -0.068175450 -0.039551936 0.992780328
1770029434742202368.000000 0.054654982 -0.344409853 -0.442853451 0.090177342 -0.071949281 -0.038797703 0.992565393
1770029434775533056.000000 0.051366724 -0.344926417 -0.442399949 0.090041250 -0.074905373 -0.036222067 0.992456436
1770029434842198528.000000 0.050805546 -0.351946682 -0.441539615 0.087757193 -0.078364991 -0.029653296 0.992611885
1770029435042206976.000000 -0.012589538 -0.401751786 -0.472852796 0.022032065 -0.059716370 -0.018711053 0.997796834
1770029435208878336.000000 -0.065961920 -0.432703286 -0.464761078 -0.014948267 -0.042385172 -0.025927112 0.998653054
1770029435342196480.000000 -0.109233379 -0.448979735 -0.447265148 -0.033022176 -0.032009166 -0.032758124 0.998404682
1770029435442195712.000000 -0.136961058 -0.458889663 -0.438892543 -0.040032756 -0.025631303 -0.037241094 0.998175085
1770029435575530752.000000 -0.143418506 -0.474088818 -0.446113378 -0.044054348 -0.020956483 -0.034999251 0.998195946
1770029435742206976.000000 -0.151382565 -0.496506393 -0.457284302 -0.040320184 -0.017164910 -0.032641184 0.998506010
1770029435842215680.000000 -0.153641284 -0.506515503 -0.461410552 -0.034381717 -0.015300475 -0.030849135 0.998815358
1770029436042195200.000000 -0.170341030 -0.533538878 -0.483802766 -0.020675983 -0.010795894 -0.026983837 0.999363720
1770029436208868352.000000 -0.185179755 -0.551968515 -0.497549206 -0.012958711 -0.007397284 -0.025495207 0.999563575
1770029436642204416.000000 -0.229498774 -0.562798500 -0.544027686 -0.000838947 -0.001104730 -0.025723908 0.999668121
1770029437142197248.000000 -0.262502104 -0.529897451 -0.571172416 0.005008226 -0.000169051 -0.031830791 0.999480724
1770029437508887808.000000 -0.292455226 -0.481719077 -0.590759337 0.003415465 0.001498558 -0.041154560 0.999145865
1770029437575536896.000000 -0.295963675 -0.470443875 -0.590482652 0.002180350 0.001834585 -0.041776765 0.999122918
1770029437708863488.000000 -0.299345881 -0.451899320 -0.596905291 0.001167599 0.001112260 -0.044777930 0.998995662
1770029437942207488.000000 -0.308686078 -0.409658968 -0.600356162 -0.001623283 0.001998320 -0.051619332 0.998663545
1770029438142204416.000000 -0.313526511 -0.378373027 -0.604368329 -0.006242174 0.002678799 -0.055248264 0.998449564
1770029438308879872.000000 -0.313884944 -0.347535789 -0.609962761 -0.008207463 0.003147748 -0.059096955 0.998213530
1770029438442202112.000000 -0.317608148 -0.325786948 -0.610904396 -0.011008838 0.004090552 -0.062864415 0.997952998
1770029438608876544.000000 -0.302734345 -0.284904212 -0.611587346 -0.014963944 0.003844719 -0.067082405 0.997627854
1770029438708924160.000000 -0.303869963 -0.257285744 -0.613885820 -0.020491997 0.003485697 -0.103253007 0.994437933
1770029438775534848.000000 -0.306962848 -0.235484570 -0.614283442 -0.023434486 0.004208343 -0.127277419 0.991581380
1770029438908892928.000000 -0.305983067 -0.199996591 -0.616623282 -0.029502997 0.003864610 -0.169735208 0.985040426
1770029439008880640.000000 -0.304121077 -0.172980472 -0.618359625 -0.033983767 0.002842936 -0.201243281 0.978947461
1770029439108869376.000000 -0.310548156 -0.141360909 -0.625531912 -0.036692344 0.003191727 -0.232378989 0.971927762
1770029439242203136.000000 -0.301665515 -0.098309048 -0.627252281 -0.039033372 0.004432892 -0.270525873 0.961910844
1770029439275535104.000000 -0.300344944 -0.094183594 -0.628527641 -0.040674485 0.004750431 -0.277920455 0.959730804
1770029439408860672.000000 -0.293180376 -0.066204295 -0.630198419 -0.044550095 0.005560868 -0.307028860 0.950640678
1770029439542196736.000000 -0.286553681 -0.036507927 -0.632475853 -0.046615932 0.007303121 -0.333421260 0.941596448
1770029439642194176.000000 -0.277714998 -0.024474233 -0.636882067 -0.048311122 0.008054927 -0.349517882 0.935648680
1770029439708868352.000000 -0.270303965 -0.018595487 -0.638949394 -0.049513467 0.008928119 -0.358627647 0.932123899
1770029439842202624.000000 -0.259278506 -0.008458730 -0.643609107 -0.051295817 0.010711777 -0.373051018 0.926329851
1770029439875553280.000000 -0.255213588 -0.008174624 -0.643406689 -0.052102529 0.010508272 -0.376230806 0.925000131
1770029439942200064.000000 -0.250191927 -0.002999615 -0.644815683 -0.053204589 0.011206654 -0.381129324 0.922921538
1770029440008864000.000000 -0.243505597 -0.000629500 -0.647960067 -0.053474516 0.011555228 -0.385468274 0.921097815
1770029440142218496.000000 -0.231081128 -0.002845287 -0.650139570 -0.054634422 0.012607125 -0.390887737 0.918728948
1770029440208860928.000000 -0.222120062 -0.005268708 -0.655163109 -0.054637615 0.012206873 -0.391294450 0.918561041
1770029440408924672.000000 -0.188178360 -0.019577038 -0.657788694 -0.053649452 0.013486109 -0.386647135 0.920567155
1770029440542229248.000000 -0.167944536 -0.039360598 -0.666405916 -0.052823924 0.014639028 -0.377303213 0.924466193
1770029440708876544.000000 -0.142181411 -0.068741105 -0.681681931 -0.049652018 0.017463563 -0.357874870 0.932284951
1770029440775535616.000000 -0.137328580 -0.087395459 -0.696282029 -0.048729621 0.019342111 -0.347901136 0.936064184
1770029440808867072.000000 -0.136198878 -0.095595829 -0.701059878 -0.047990866 0.020725517 -0.342031330 0.938233376
1770029440875526656.000000 -0.116154589 -0.117598623 -0.693120360 -0.046686526 0.020877613 -0.325498223 0.944158554
1770029440908860672.000000 -0.109170184 -0.120754845 -0.695283115 -0.043895554 0.021445604 -0.317445368 0.947017252
1770029441008864768.000000 -0.088955708 -0.156920522 -0.710515559 -0.040825769 0.022908732 -0.287404656 0.956664503
1770029441042205696.000000 -0.081939101 -0.166149020 -0.714986384 -0.038693842 0.023504224 -0.276548564 0.959932923
1770029441075534592.000000 -0.076095708 -0.176149204 -0.722008944 -0.037371434 0.024542311 -0.267825007 0.962429643
1770029441108863232.000000 -0.070214309 -0.188503772 -0.725565434 -0.036059152 0.025255535 -0.258443415 0.965022802
1770029441142193920.000000 -0.059569418 -0.197568282 -0.732542515 -0.033634014 0.025080619 -0.249001354 0.967593968
1770029441175536640.000000 -0.055769667 -0.210874200 -0.739125550 -0.032889824 0.026277464 -0.241601795 0.969461858
1770029441275537152.000000 -0.035119019 -0.241363913 -0.756707847 -0.027432393 0.028131401 -0.221783787 0.974303901
1770029441342202368.000000 -0.023348929 -0.256120592 -0.759357512 -0.020086763 0.030742230 -0.214840710 0.975958467
1770029441408881152.000000 -0.016440302 -0.274518728 -0.778309166 -0.013004431 0.033900745 -0.215956390 0.975727677
1770029441442217472.000000 -0.010759889 -0.284981966 -0.785705030 -0.009332061 0.035221856 -0.217228413 0.975440562
1770029441475529472.000000 -0.010784060 -0.292494237 -0.791592479 -0.004879996 0.037504617 -0.218530506 0.975096941
1770029441575591680.000000 0.002560932 -0.326445788 -0.821290076 0.007622896 0.044158917 -0.220806897 0.974287510
1770029441708896000.000000 0.013261618 -0.357912362 -0.860323906 0.024770698 0.056622822 -0.226013750 0.972161531
1770029441875575040.000000 0.033563212 -0.407946557 -0.881740212 0.046246801 0.073455900 -0.228853062 0.969583273
1770029441975524608.000000 0.048370600 -0.446490586 -0.878424227 0.052644100 0.087157808 -0.226213664 0.968741179
1770029442075538944.000000 0.061528631 -0.475913882 -0.872914553 0.059008218 0.104436688 -0.225016579 0.966942906
1770029442175533568.000000 0.080952093 -0.491183579 -0.878406882 0.065815277 0.120382994 -0.222662374 0.965193152
1770029442375539712.000000 0.110511623 -0.543199420 -0.861304879 0.066010281 0.151927561 -0.220871866 0.961132824
1770029442508878336.000000 0.139200151 -0.554737210 -0.853372753 0.052000575 0.157523274 -0.221939400 0.960846126
1770029442742193408.000000 0.208923757 -0.604813099 -0.852342010 -0.021004882 0.124266446 -0.175850824 0.976316094
1770029442942239232.000000 0.263971955 -0.619876504 -0.832278311 -0.046560790 0.102845587 -0.141839385 0.983430982
1770029443142189312.000000 0.307727396 -0.632436693 -0.808713138 -0.054487381 0.089192055 -0.115481377 0.987795532
1770029443342191872.000000 0.329079568 -0.650071740 -0.809521079 -0.049893986 0.080418594 -0.101084203 0.990366340
1770029443508874496.000000 0.345763981 -0.661865354 -0.809135914 -0.038816411 0.075976282 -0.096575052 0.991662323
1770029443708876544.000000 0.365348309 -0.658001363 -0.810486138 -0.017840140 0.072174922 -0.098299086 0.992375851
1770029443942204416.000000 0.365580350 -0.660575628 -0.821508586 0.002011258 0.071221702 -0.098029852 0.992629647
1770029444142193920.000000 0.372022092 -0.665519178 -0.828488708 0.012945358 0.070721537 -0.096488625 0.992734015
1770029444275529216.000000 0.374764472 -0.665200174 -0.835845709 0.017480137 0.070715889 -0.095267475 0.992782891
1770029444575522304.000000 0.399948061 -0.661485612 -0.836550057 0.024070118 0.069407709 -0.092955269 0.992956460
1770029444875533312.000000 0.434242487 -0.620511174 -0.835256875 0.028382026 0.069662668 -0.095985480 0.992536306
1770029445042196992.000000 0.441331357 -0.597044110 -0.837514341 0.028168717 0.070928797 -0.097365268 0.992318332
1770029445175524608.000000 0.449506938 -0.572178841 -0.836668074 0.028553868 0.071658947 -0.097208716 0.992270231
1770029445308872448.000000 0.458304822 -0.539649725 -0.840035617 0.028697265 0.072825424 -0.099133708 0.991990626
1770029445475534336.000000 0.469127506 -0.502521574 -0.841777146 0.027136868 0.073386848 -0.100575708 0.991848052
1770029445608858112.000000 0.478917271 -0.460584074 -0.846336663 0.027393302 0.073192999 -0.104198948 0.991481185
1770029445742206976.000000 0.486732036 -0.423961759 -0.842198372 0.026851561 0.074238867 -0.105747871 0.991254270
1770029445808877568.000000 0.485217273 -0.413958520 -0.840994954 0.024292292 0.075528972 -0.107443191 0.991040468
1770029445908861952.000000 0.484276980 -0.390759379 -0.843015730 0.021686710 0.076388128 -0.109768286 0.990780234
1770029446042189568.000000 0.485445112 -0.368410289 -0.835355818 0.015073310 0.078023903 -0.114402130 0.990251124
1770029446175531776.000000 0.483397454 -0.360349596 -0.834561408 0.003749432 0.077850141 -0.118911140 0.989841163
1770029446242190080.000000 0.479752988 -0.343725950 -0.832566679 0.001412483 0.079595089 -0.120747045 0.989486098
1770029446375523584.000000 0.487990558 -0.320978582 -0.828934908 -0.004504216 0.078719780 -0.124400847 0.989094257
1770029446408880896.000000 0.487761438 -0.315161377 -0.829649925 -0.006008651 0.078613371 -0.125686914 0.988932073
1770029446475544576.000000 0.482020587 -0.303917736 -0.833419502 -0.009768331 0.079309985 -0.127326086 0.988636732
1770029446575546112.000000 0.473329395 -0.288472474 -0.836555779 -0.013822665 0.080863222 -0.130223915 0.988084912
1770029446642207744.000000 0.472992629 -0.276579261 -0.840437114 -0.015151262 0.080569588 -0.132433280 0.987795711
1770029446742189056.000000 0.466151357 -0.253619909 -0.840118825 -0.018008858 0.082036570 -0.135365650 0.987229407
1770029446808860416.000000 0.458770543 -0.253512710 -0.844464362 -0.023481378 0.083526909 -0.135229558 0.987008035
1770029446842192640.000000 0.463956863 -0.245251432 -0.844996929 -0.023315975 0.081945658 -0.135893077 0.987053394
1770029446875527936.000000 0.462993234 -0.243282780 -0.845475256 -0.025394814 0.081698760 -0.135448143 0.987083673
1770029446908877824.000000 0.458425313 -0.235094368 -0.846623063 -0.025870789 0.082432248 -0.137183726 0.986770630
1770029447008854272.000000 0.452408344 -0.223618656 -0.851334333 -0.029676104 0.082470983 -0.139028519 0.986402035
1770029447108857856.000000 0.449272633 -0.209619820 -0.855308235 -0.032313965 0.081381530 -0.140854552 0.986150503
1770029447175521792.000000 0.445840806 -0.199321032 -0.857096851 -0.034038112 0.081018187 -0.142147660 0.985936880
1770029447275525120.000000 0.439626992 -0.183098018 -0.861408770 -0.034802780 0.080233261 -0.143087506 0.985838413
1770029447342195968.000000 0.435274154 -0.175090984 -0.862169147 -0.036509890 0.079785325 -0.144536227 0.985601664
1770029447442204160.000000 0.429862499 -0.161243841 -0.864627242 -0.036609933 0.078759231 -0.144664124 0.985661745
1770029447475527680.000000 0.431567341 -0.162599042 -0.865815520 -0.037921932 0.077359281 -0.144192010 0.985792160
1770029447575522560.000000 0.417672127 -0.152118221 -0.867672384 -0.038693752 0.078059256 -0.144481853 0.985664546
1770029447708893184.000000 0.406734318 -0.138443574 -0.869261622 -0.038823117 0.076791190 -0.145932600 0.985545337
1770029447742192384.000000 0.401286900 -0.138399109 -0.869109392 -0.039692521 0.076756462 -0.146120638 0.985485554
1770029447808828160.000000 0.394875556 -0.135355085 -0.870574236 -0.039682984 0.075267807 -0.144847557 0.985788643
1770029447875495936.000000 0.389920592 -0.133106679 -0.874827504 -0.039708052 0.073975608 -0.145634040 0.985769570
1770029447942188544.000000 0.377280891 -0.133424103 -0.877785861 -0.040266946 0.074392326 -0.144737139 0.985847652
1770029447975498752.000000 0.374511659 -0.131211340 -0.877692163 -0.039890803 0.073638760 -0.145086631 0.985868096
1770029448008826368.000000 0.369836509 -0.131087482 -0.880778670 -0.039748196 0.073494643 -0.145390421 0.985839844
1770029448108828416.000000 0.357719600 -0.134290904 -0.881187618 -0.040046159 0.072584763 -0.144914791 0.985965252
1770029448242178560.000000 0.336117566 -0.141380236 -0.887483239 -0.039768308 0.071058892 -0.143477499 0.986297786
1770029448308829952.000000 0.327009439 -0.146806762 -0.889326572 -0.039602336 0.069703206 -0.142734960 0.986508906
1770029448408834816.000000 0.312871695 -0.154358953 -0.892924309 -0.038912363 0.068413042 -0.141328439 0.986829162
1770029448542171648.000000 0.290522397 -0.173016578 -0.900939405 -0.038805217 0.066064261 -0.137921050 0.987475276
1770029448642166016.000000 0.269430161 -0.189777464 -0.906450629 -0.039064277 0.065214232 -0.136604637 0.987704575
1770029448675493376.000000 0.262706727 -0.190334707 -0.902885258 -0.037914582 0.065179452 -0.137055889 0.987689137
1770029448842160640.000000 0.237696424 -0.220396161 -0.909636855 -0.036143348 0.061515473 -0.133355543 0.988496721
1770029448942163456.000000 0.216991603 -0.236505926 -0.915612459 -0.034218486 0.059965197 -0.132317603 0.988799930
1770029449008846592.000000 0.198348060 -0.247658312 -0.914190173 -0.032806169 0.060051471 -0.131764367 0.988916457
1770029449142168576.000000 0.168483347 -0.279513568 -0.920972943 -0.029764947 0.057456035 -0.129321024 0.989489257
1770029449208838400.000000 0.153510958 -0.294140249 -0.920940220 -0.027988711 0.056632228 -0.130286857 0.989461899
1770029449275505664.000000 0.136255801 -0.302784264 -0.927620053 -0.021693796 0.055969507 -0.129562035 0.989752769
1770029449308845568.000000 0.128834158 -0.307031274 -0.926197231 -0.018693795 0.054928422 -0.130323410 0.989772320
1770029449442186240.000000 0.104864970 -0.335743487 -0.938904285 -0.007129587 0.048662722 -0.128797948 0.990450501
1770029449508846592.000000 0.091753505 -0.346556515 -0.945288241 -0.001030341 0.044886455 -0.128750026 0.990660191
1770029449608836352.000000 0.075501904 -0.361111134 -0.953993559 0.007556871 0.038962096 -0.128110290 0.990965486
1770029449708840192.000000 0.059642896 -0.381809741 -0.956416607 0.015901839 0.033819046 -0.129524976 0.990871668
1770029449842177536.000000 0.040728159 -0.405480683 -0.959218502 0.029382272 0.020765657 -0.132244468 0.990563929
1770029450142159872.000000 -0.048538353 -0.522059858 -1.050053239 0.046821065 -0.023708450 -0.137404561 0.989123702
1770029450375493120.000000 -0.109532356 -0.611168981 -1.070912361 0.047641080 -0.056240905 -0.133132786 0.988353670
1770029450408823552.000000 -0.118598491 -0.619975984 -1.072168469 0.045632593 -0.057106111 -0.130916402 0.988694847
1770029450475497472.000000 -0.132469788 -0.587304890 -1.031586051 0.045699745 -0.057361871 -0.126087084 0.989304423
1770029450608824064.000000 -0.143117264 -0.599474192 -1.033838987 -0.007029699 -0.039714254 -0.120022297 0.991951644
1770029450642157312.000000 -0.124149553 -0.575210631 -1.045287251 -0.016269119 -0.035565436 -0.115488589 0.992538571
1770029450908830976.000000 -0.192575097 -0.594822288 -1.026424050 -0.061515857 -0.010669895 -0.126262277 0.990030229
1770029451242162944.000000 -0.297232151 -0.656501353 -1.020297408 -0.073981166 0.006728827 -0.134543478 0.988119245
1770029451542172672.000000 -0.307142615 -0.664762497 -1.023716450 -0.053683344 0.011492084 -0.135367230 0.989273369
1770029452108823808.000000 -0.348356783 -0.698555946 -1.062014222 -0.030637991 0.014887118 -0.130838320 0.990818381
1770029452742166016.000000 -0.385746539 -0.688430667 -1.108454823 -0.024654640 0.014737510 -0.130690396 0.991007030
1770029453142168320.000000 -0.403527528 -0.642654121 -1.127128363 -0.028473539 0.015669210 -0.138418391 0.989840448
1770029453408839168.000000 -0.399792135 -0.609694064 -1.135074615 -0.033093400 0.014493277 -0.143585369 0.988978267
1770029453608830720.000000 -0.402209401 -0.569749773 -1.134348512 -0.036211502 0.015924392 -0.149271742 0.988004625
1770029453875503360.000000 -0.404552728 -0.536385417 -1.145495772 -0.043520853 0.018358907 -0.153847471 0.986964941
1770029454175509760.000000 -0.370790184 -0.436785609 -1.142126083 -0.050052501 0.018810978 -0.147843823 0.987564206
1770029454475509760.000000 -0.360019088 -0.341496468 -1.112940073 -0.065191574 0.016247576 -0.247656032 0.966515660
1770029454742174976.000000 -0.359687179 -0.279159904 -1.161720514 -0.077283442 0.013176095 -0.327819794 0.941481709
1770029454875496192.000000 -0.349232495 -0.237280354 -1.165107369 -0.079987653 0.015074039 -0.360380948 0.929247200
1770029455042160384.000000 -0.335411966 -0.216621011 -1.171792865 -0.086228110 0.015032358 -0.396124750 0.914015293
1770029455242182144.000000 -0.311871886 -0.200105295 -1.178773761 -0.089848772 0.014710349 -0.429089963 0.898661613
1770029455375501056.000000 -0.315090299 -0.179274917 -1.180031061 -0.090724498 0.019315932 -0.447634667 0.889392555
1770029455608827904.000000 -0.294248343 -0.177771717 -1.188819885 -0.095223978 0.019732747 -0.466692090 0.879057169
1770029455908784896.000000 -0.250409782 -0.190528870 -1.202899456 -0.094333693 0.020079620 -0.470053762 0.877352536
1770029456042128896.000000 -0.243166491 -0.204339027 -1.203695178 -0.093796946 0.023155624 -0.465465248 0.879777253
1770029456208776192.000000 -0.215798274 -0.242834210 -1.204182982 -0.093811132 0.024402946 -0.450915009 0.887287796
1770029456308782336.000000 -0.209490508 -0.252636731 -1.224845171 -0.088224381 0.027649578 -0.442176402 0.892150223
1770029456342118144.000000 -0.201053262 -0.271627545 -1.222130656 -0.089026444 0.026954336 -0.433725744 0.896230876
1770029456375470336.000000 -0.191784710 -0.269604087 -1.212071180 -0.087149590 0.028248388 -0.431021512 0.897678912
1770029456475463168.000000 -0.190390378 -0.305166900 -1.233615398 -0.084648006 0.032109629 -0.409275651 0.907908142
1770029456608770048.000000 -0.167120576 -0.345214963 -1.226864219 -0.078326799 0.035637137 -0.372545570 0.924015522
1770029456775440384.000000 -0.119601749 -0.407445908 -1.205856562 -0.070231594 0.036835741 -0.322891414 0.943107486
1770029456842115584.000000 -0.118623093 -0.422928780 -1.219447494 -0.064856492 0.040742502 -0.310709059 0.947414160
1770029456875438848.000000 -0.097063504 -0.432387799 -1.199132562 -0.061997440 0.039563358 -0.304466188 0.949679613
1770029456942105344.000000 -0.123419419 -0.453124970 -1.240686178 -0.054609928 0.045103826 -0.302489966 0.950517356
1770029457208772352.000000 -0.065737829 -0.412444353 -1.141762495 -0.021841027 0.054104012 -0.280485094 0.958083391
1770029457308774400.000000 -0.054854617 -0.440615058 -1.163741708 -0.007611832 0.062894493 -0.281894326 0.957351565
1770029457442111232.000000 -0.047619704 -0.486959338 -1.153696060 0.009061672 0.074201606 -0.279585719 0.957206309
1770029457542106624.000000 -0.032444868 -0.500923514 -1.125796556 0.020755190 0.087685049 -0.278647423 0.956157029
1770029457675440896.000000 -0.012613535 -0.533447385 -1.109137535 0.032682650 0.110062912 -0.276403069 0.954158962
1770029457775448576.000000 0.002583280 -0.574583709 -1.109078646 0.037765469 0.125303805 -0.272650540 0.953170717
1770029457908773376.000000 0.005014107 -0.598839700 -1.118325353 0.040663622 0.147363961 -0.271858096 0.950117648
1770029458075439616.000000 0.029036194 -0.637870371 -1.119963884 0.032507867 0.159902796 -0.272297859 0.948276460
1770029458242121472.000000 0.063607208 -0.672895133 -1.114333510 -0.031210696 0.147302091 -0.243890062 0.958042622
1770029458375437824.000000 0.101265915 -0.706812739 -1.108263373 -0.059845269 0.130250156 -0.219899341 0.964934051
1770029458475436800.000000 0.115152247 -0.736207545 -1.091301203 -0.077541269 0.122188307 -0.202292070 0.968573868
1770029458575435264.000000 0.145805418 -0.730183005 -1.086840987 -0.081843346 0.113838434 -0.186623469 0.972375512
1770029458642113792.000000 0.156417251 -0.748702168 -1.079401612 -0.088146910 0.109899178 -0.176038429 0.974249899
1770029458708778752.000000 0.176480711 -0.755167842 -1.072336555 -0.089591712 0.105220683 -0.167439803 0.976148486
1770029458875450368.000000 0.196897611 -0.766090870 -1.063745141 -0.087923951 0.098493062 -0.154519603 0.979128301
1770029458942118656.000000 0.207939863 -0.767632186 -1.064120650 -0.083552435 0.095114864 -0.150858253 0.980415225
1770029459008782080.000000 0.217151895 -0.780276060 -1.061109662 -0.080348872 0.093094394 -0.146847606 0.981485248
1770029459075446784.000000 0.232233703 -0.791356444 -1.060386539 -0.075685963 0.089461870 -0.143496111 0.982688725
1770029459175443456.000000 0.240314230 -0.808663428 -1.061531305 -0.066639073 0.086898416 -0.138415664 0.984301269
1770029459275450880.000000 0.244562864 -0.807733893 -1.063562036 -0.056380041 0.085271865 -0.141424730 0.984656811
1770029459308770304.000000 0.244881630 -0.816544890 -1.063535094 -0.053473629 0.084785812 -0.140663579 0.984969914
1770029459475435008.000000 0.243825510 -0.828621805 -1.076541185 -0.039434791 0.082945369 -0.138806179 0.986051619
1770029459608772096.000000 0.270766288 -0.845284045 -1.084489107 -0.031685751 0.079176746 -0.136697412 0.986935079
1770029459775442944.000000 0.280220211 -0.852300942 -1.083514452 -0.024876641 0.078897342 -0.136471942 0.987183750
1770029459908767744.000000 0.292446166 -0.844605982 -1.084258318 -0.020587960 0.077483155 -0.136034802 0.987454891
1770029460142103296.000000 0.313431203 -0.843995333 -1.088101387 -0.015567021 0.076276079 -0.134943411 0.987790406
1770029460242107648.000000 0.328858048 -0.829734862 -1.089419127 -0.012854048 0.076067157 -0.136495471 0.987632275
1770029460308770304.000000 0.330039889 -0.825459898 -1.093213916 -0.011954279 0.077494644 -0.135499284 0.987669826
1770029460342108672.000000 0.335368425 -0.820401371 -1.100609303 -0.011559574 0.076443344 -0.136366680 0.987637043
1770029460442101248.000000 0.344449729 -0.802800119 -1.095111847 -0.009983909 0.077001885 -0.137380734 0.987470329
1770029460508783360.000000 0.354164362 -0.792231798 -1.093649983 -0.009513680 0.077127852 -0.137246445 0.987483799
1770029460575454720.000000 0.358157188 -0.781460226 -1.100899458 -0.009427260 0.077598259 -0.137894750 0.987357438
1770029460608778240.000000 0.365371674 -0.774096727 -1.099226594 -0.008409739 0.076879494 -0.137961552 0.987413526
1770029460708780800.000000 0.372496784 -0.760420024 -1.103041649 -0.009289913 0.077396207 -0.137477860 0.987432718
1770029460808785920.000000 0.379999816 -0.747118294 -1.103748798 -0.009749503 0.077638961 -0.137456045 0.987412274
1770029460842115584.000000 0.381830454 -0.739208400 -1.104277730 -0.010031196 0.078403272 -0.137536868 0.987337768
1770029460908772352.000000 0.385698617 -0.726074517 -1.103125334 -0.010401220 0.079282559 -0.138580501 0.987117827
1770029460942133504.000000 0.389366657 -0.713987887 -1.101377487 -0.010143476 0.079360887 -0.139743328 0.986950278
1770029460975441408.000000 0.391308248 -0.705559611 -1.103855848 -0.010236673 0.079546355 -0.139815301 0.986924171
1770029461108782336.000000 0.400746673 -0.672044694 -1.112485886 -0.010786107 0.079949938 -0.141136423 0.986697614
1770029461142107136.000000 0.404201776 -0.661146045 -1.112938285 -0.010872994 0.080155596 -0.141796723 0.986585319
1770029461208769024.000000 0.404981285 -0.655514419 -1.110845089 -0.012481382 0.080906287 -0.140624419 0.986672759
1770029461442106368.000000 0.421329916 -0.614799619 -1.111275196 -0.017782614 0.082456417 -0.140070930 0.986541867
1770029461708803840.000000 0.435631812 -0.565459669 -1.119877338 -0.023328891 0.082912147 -0.138106301 0.986665130
1770029461775443712.000000 0.439674258 -0.542455792 -1.114009023 -0.023843877 0.084212065 -0.139174759 0.986392558
1770029461875512832.000000 0.437699288 -0.521898806 -1.122481823 -0.026420210 0.084266387 -0.141154274 0.986040890
1770029461975437824.000000 0.442003250 -0.508328438 -1.121551991 -0.029862581 0.084624812 -0.140567288 0.985995829
1770029462142145280.000000 0.448790014 -0.466081917 -1.122287154 -0.031483036 0.084191427 -0.141843230 0.985799789
1770029462308784896.000000 0.453980356 -0.430260748 -1.122023582 -0.033949338 0.083914764 -0.143147841 0.985552847
1770029462442110720.000000 0.448439896 -0.402366102 -1.131161094 -0.036005586 0.084800087 -0.143836439 0.985303819
1770029462608766464.000000 0.443485737 -0.363985956 -1.133500695 -0.037569009 0.084509067 -0.145030245 0.985095441
1770029462708795136.000000 0.441702604 -0.348071665 -1.135585070 -0.039459676 0.083945595 -0.146581009 0.984840155
1770029462908768000.000000 0.431804240 -0.310515285 -1.138984561 -0.040184535 0.082428373 -0.147847474 0.984749675
1770029463008778752.000000 0.424981147 -0.297375649 -1.139415503 -0.041225288 0.081618875 -0.149251342 0.984562278
1770029463108777216.000000 0.419622421 -0.282441884 -1.138091326 -0.041152697 0.080999121 -0.150292799 0.984458089
1770029463275438848.000000 0.401149213 -0.270245045 -1.144720197 -0.043207724 0.079959914 -0.151224673 0.984312236
1770029463408783104.000000 0.390895009 -0.264780492 -1.143232822 -0.044162385 0.078094363 -0.151133701 0.984433651
1770029463542106368.000000 0.369943321 -0.262284994 -1.145312786 -0.044365298 0.077792242 -0.150981247 0.984471798
1770029463708767744.000000 0.350100160 -0.261869282 -1.148989081 -0.043025915 0.076025665 -0.149861008 0.984840393
1770029463842100736.000000 0.334759653 -0.268771052 -1.154793143 -0.043260612 0.073057935 -0.148981705 0.985188067
1770029463942076928.000000 0.317273378 -0.274352491 -1.154966831 -0.042973708 0.071931213 -0.148938447 0.985290110
1770029464008748544.000000 0.308601946 -0.283116460 -1.159710407 -0.042835753 0.071015120 -0.147142783 0.985632300
1770029464142095872.000000 0.274654925 -0.300874352 -1.163246870 -0.043057892 0.070634618 -0.146129146 0.985800683
1770029464308748800.000000 0.252207965 -0.322886050 -1.158101678 -0.041165415 0.067800045 -0.145167872 0.986222506
1770029464442067712.000000 0.216803133 -0.336823046 -1.167130470 -0.038390681 0.066277251 -0.143770635 0.986642540
1770029464508750080.000000 0.195940390 -0.350003749 -1.173182726 -0.037573919 0.066419050 -0.142951787 0.986783385
1770029464608737280.000000 0.182424515 -0.365024030 -1.172084451 -0.035335440 0.063967936 -0.142024755 0.987161815
1770029464742085120.000000 0.150292844 -0.392513305 -1.177168131 -0.032104380 0.062025838 -0.140504599 0.987613618
1770029464808756480.000000 0.136107206 -0.400160939 -1.178780198 -0.028431524 0.060778640 -0.141651779 0.987639785
1770029464842068992.000000 0.130773678 -0.406387150 -1.179285645 -0.026149347 0.059800725 -0.141474739 0.987787962
1770029464908754176.000000 0.111963056 -0.422304183 -1.190470338 -0.020884641 0.057807144 -0.140574574 0.988160372
1770029465042065920.000000 0.086284176 -0.443198413 -1.202085972 -0.008421751 0.052416321 -0.141005307 0.988584399
1770029465108753408.000000 0.078234889 -0.453402877 -1.201778293 -0.003109459 0.048384726 -0.138848245 0.989126086
1770029465208748800.000000 0.061410107 -0.467214912 -1.210046172 0.005899484 0.042073570 -0.139309451 0.989337087
1770029465342066944.000000 0.034571003 -0.495922923 -1.215708971 0.019759653 0.035117745 -0.143198594 0.988873363
1770029465442105600.000000 0.024919964 -0.521513045 -1.209653974 0.025919918 0.023669623 -0.139421344 0.989610851
1770029465742082816.000000 -0.045801528 -0.586590827 -1.195278883 0.045452613 -0.023796381 -0.141538605 0.988602400
1770029465942068992.000000 -0.113100007 -0.623001814 -1.160433888 0.048935495 -0.051986121 -0.140932351 0.987441599
1770029465975418368.000000 -0.115095384 -0.639995098 -1.147815466 0.047509506 -0.055229697 -0.136828452 0.987912238
1770029466008735232.000000 -0.127143905 -0.642362297 -1.162806273 0.046080749 -0.055973478 -0.135234326 0.988157511
1770029466042099456.000000 -0.117648020 -0.655164957 -1.138231754 0.044629816 -0.058271106 -0.131199822 0.988635063
1770029466075411200.000000 -0.131066158 -0.647751391 -1.151562333 0.042148214 -0.056385580 -0.128447428 0.989214599
1770029466108739072.000000 -0.121901408 -0.649239421 -1.145339012 0.028638886 -0.053594194 -0.122524858 0.990603447
1770029466208747008.000000 -0.152249664 -0.650645912 -1.108008385 -0.010532239 -0.037909087 -0.123234175 0.991597354
1770029466308745216.000000 -0.192594081 -0.669965684 -1.092979908 -0.035808720 -0.023490926 -0.126663223 0.991020858
1770029466475400704.000000 -0.212579280 -0.665698111 -1.073847294 -0.060942851 -0.010259595 -0.127779678 0.989875257
1770029466608760320.000000 -0.246499315 -0.675382972 -1.055064201 -0.074686453 -0.001539606 -0.131535873 0.988492727
1770029466775425536.000000 -0.301563740 -0.655059397 -1.017564774 -0.074843667 0.006158485 -0.135720611 0.987896979
1770029466908737792.000000 -0.316850543 -0.667289555 -1.026380181 -0.070703372 0.010555236 -0.134581506 0.988320529
1770029467075412224.000000 -0.325518310 -0.692165911 -1.037997127 -0.061419442 0.012503384 -0.130472258 0.989468694
1770029467375401216.000000 -0.344418317 -0.694728374 -1.057666421 -0.038952954 0.014607377 -0.132554442 0.990302265
1770029468008740864.000000 -0.380820334 -0.715968072 -1.098939300 -0.025497247 0.015773106 -0.128535599 0.991251588
1770029468408759552.000000 -0.401935816 -0.678492844 -1.119672775 -0.024089282 0.016174611 -0.134973511 0.990424275
1770029468742064640.000000 -0.410690665 -0.644876063 -1.132554770 -0.028424729 0.016423382 -0.141146541 0.989444315
1770029469142065920.000000 -0.393323123 -0.534404516 -1.114516735 -0.036571249 0.016163431 -0.133069679 0.990299821
1770029469442071040.000000 -0.396423668 -0.486658126 -1.127885342 -0.042522181 0.017894600 -0.142914861 0.988659203
1770029469608734976.000000 -0.395099074 -0.462978899 -1.130030036 -0.046827979 0.018984448 -0.145820975 0.988019705
1770029469775401984.000000 -0.383604735 -0.413938165 -1.137746692 -0.049114760 0.020735400 -0.148776889 0.987432659
1770029469842074880.000000 -0.383294404 -0.406259090 -1.141765594 -0.053430341 0.020238979 -0.170969740 0.983618319
1770029469908730368.000000 -0.380614042 -0.391212463 -1.142818928 -0.058245327 0.019711245 -0.192482010 0.979372084
1770029470042069504.000000 -0.372306883 -0.352236897 -1.143156290 -0.063732244 0.017996082 -0.238522023 0.968876481
1770029470175397888.000000 -0.375102550 -0.319478512 -1.156062126 -0.070629284 0.017045204 -0.283371240 0.956254005
1770029470308736768.000000 -0.368230641 -0.282897413 -1.157911301 -0.075957954 0.014967771 -0.322667241 0.943340957
1770029470408736768.000000 -0.359287679 -0.257046461 -1.161832690 -0.078274287 0.015360931 -0.348761439 0.933810830
1770029470475408896.000000 -0.353292346 -0.244566590 -1.168671489 -0.080315143 0.015676342 -0.364493757 0.927603424
1770029470642063360.000000 -0.331965894 -0.213868737 -1.179966092 -0.085656710 0.015341952 -0.398214012 0.913155615
1770029470775410176.000000 -0.326306313 -0.198660985 -1.174897194 -0.089030482 0.015636209 -0.421447694 0.902336359
1770029470942069248.000000 -0.314079404 -0.186310291 -1.177034736 -0.091832481 0.017763464 -0.444453627 0.890905261
1770029471108741120.000000 -0.305401236 -0.179314271 -1.179652691 -0.095160924 0.019349933 -0.459393412 0.882908642
1770029471242070272.000000 -0.283637166 -0.177021056 -1.189442873 -0.095242724 0.018651400 -0.467276365 0.878768325
1770029471442064384.000000 -0.265547276 -0.187317073 -1.202446818 -0.095300257 0.020040913 -0.471190244 0.876639068
1770029471575399936.000000 -0.251981229 -0.198616266 -1.204792976 -0.094399400 0.022294976 -0.468662143 0.878036201
1770029471742060800.000000 -0.239697784 -0.223211184 -1.209764123 -0.092799462 0.026003785 -0.461155802 0.882069945
1770029471875397120.000000 -0.214864314 -0.252895325 -1.222692370 -0.090424925 0.027639987 -0.443353802 0.891345501
1770029471975394560.000000 -0.210579067 -0.276605189 -1.244354367 -0.088579394 0.030908382 -0.428758651 0.898534596
1770029472042060288.000000 -0.205321103 -0.300061733 -1.259449482 -0.086132310 0.032927748 -0.412402242 0.906323016
1770029472175395840.000000 -0.167820662 -0.344204158 -1.232896447 -0.080124572 0.034119371 -0.376556724 0.922291160
1770029472208727296.000000 -0.167026609 -0.355641812 -1.236724615 -0.078723758 0.035445381 -0.365471601 0.926810026
1770029472275394048.000000 -0.159805745 -0.374669582 -1.253637075 -0.074200809 0.037495695 -0.349203616 0.933351576
1770029472342065408.000000 -0.148574486 -0.391979992 -1.262953639 -0.069140293 0.038986612 -0.332639635 0.939707696
1770029472375418112.000000 -0.152625248 -0.404014677 -1.265613794 -0.067698039 0.041018132 -0.326090902 0.942018747
1770029472442072320.000000 -0.145030856 -0.427228093 -1.273682833 -0.064271390 0.043176141 -0.312199682 0.946856022
1770029472508747008.000000 -0.139661610 -0.434258133 -1.288391471 -0.056353863 0.045927163 -0.303749055 0.949974477
1770029472575415296.000000 -0.145418569 -0.436334252 -1.314136982 -0.046596348 0.049120914 -0.305060655 0.949923158
1770029472675404544.000000 -0.154188201 -0.462041646 -1.341838360 -0.034139298 0.054448918 -0.308362931 0.949095428
1770029472775441664.000000 -0.144564405 -0.486897767 -1.348642826 -0.020513704 0.062295083 -0.314933807 0.946844876
1770029472942127872.000000 -0.131591141 -0.519463897 -1.385160565 0.006286357 0.074875847 -0.321712047 0.943851411
1770029473042077184.000000 -0.128436372 -0.545764923 -1.378123641 0.022936532 0.084567316 -0.326784045 0.941028476
1770029473142072320.000000 -0.131839499 -0.574548364 -1.386586428 0.036475282 0.099620432 -0.328098834 0.938667417
1770029473208733440.000000 -0.122212820 -0.596369386 -1.382539868 0.041885693 0.109678514 -0.327050924 0.937685430
1770029473308731392.000000 -0.105701387 -0.611337185 -1.376248717 0.052334808 0.125885785 -0.324700326 0.935939908
1770029473375399168.000000 -0.100019410 -0.624988794 -1.370416641 0.057394903 0.137497246 -0.325273454 0.933808088
1770029473508758784.000000 -0.081245750 -0.641672552 -1.363580465 0.062614635 0.159273267 -0.327495784 0.929224432
1770029473675408384.000000 -0.100157432 -0.658935606 -1.376056552 0.053563889 0.175676867 -0.326814324 0.927071214
1770029473775398912.000000 -0.065842286 -0.673283219 -1.378808022 0.014309564 0.170073599 -0.312466800 0.934470296
1770029473908727296.000000 -0.025029212 -0.736910880 -1.382879138 -0.026194450 0.150123641 -0.282889009 0.946969151
1770029474008739584.000000 -0.005787775 -0.746541381 -1.366807103 -0.043195639 0.141557857 -0.266433477 0.952422559
1770029474208756992.000000 0.038741529 -0.778744280 -1.343080282 -0.063579030 0.127175793 -0.231574193 0.962370753
1770029474342064384.000000 0.067624241 -0.798452556 -1.329247713 -0.067763172 0.119352311 -0.215680405 0.966770470
1770029474542065920.000000 0.089095049 -0.812186182 -1.324159741 -0.061093099 0.110976703 -0.202924758 0.970965207
1770029474642078976.000000 0.096198969 -0.838677883 -1.324972391 -0.057503995 0.107153013 -0.196989208 0.972834408
1770029474708726528.000000 0.109577149 -0.843200147 -1.326739311 -0.050683036 0.103511102 -0.194476396 0.974112749
1770029474808753152.000000 0.114761367 -0.852856636 -1.325614691 -0.042056207 0.100813128 -0.193638787 0.974972844
1770029475075398656.000000 0.122507885 -0.867620945 -1.331980228 -0.018408505 0.095791876 -0.194886371 0.975963295
1770029475242067200.000000 0.144994289 -0.873655915 -1.333766937 -0.007754322 0.092004456 -0.194715723 0.976504385
1770029475375429120.000000 0.161173671 -0.888098240 -1.339989901 -0.002906049 0.089404993 -0.193091944 0.977094591
1770029475675403776.000000 0.198343486 -0.880381644 -1.344467878 0.005053443 0.086313240 -0.192298099 0.977520287
1770029476008731392.000000 0.229768723 -0.856134653 -1.358581662 0.011239246 0.085816503 -0.192898437 0.977394223
1770029476308733440.000000 0.262180120 -0.821484208 -1.359021068 0.011544534 0.086797848 -0.192122832 0.977456748
1770029476442083328.000000 0.276707828 -0.792695463 -1.361563444 0.011159968 0.087864459 -0.193628803 0.977068663
1770029476608734464.000000 0.286873937 -0.756032526 -1.369456768 0.010402671 0.089514203 -0.194734216 0.976707578
1770029476742058240.000000 0.303208143 -0.734959185 -1.365300894 0.008578134 0.089993015 -0.194831729 0.976661801
1770029476875410432.000000 0.308062613 -0.719549894 -1.370297313 0.005344344 0.091294706 -0.193396181 0.976849377
1770029476975402752.000000 0.322171271 -0.691575289 -1.366939425 0.004162112 0.091858953 -0.195324838 0.976418376
1770029477042057984.000000 0.328240484 -0.675518513 -1.368266344 0.003096593 0.092293620 -0.195938185 0.976258457
1770029477108724992.000000 0.332780868 -0.666943431 -1.368771791 0.001382328 0.092793241 -0.194876596 0.976427495
1770029477342077440.000000 0.357236624 -0.609532416 -1.369470358 -0.001675318 0.093543798 -0.196541369 0.976021647
1770029477508736256.000000 0.369986266 -0.569748938 -1.372068048 -0.004082541 0.094348960 -0.197111338 0.975822091
1770029477675404544.000000 0.374352604 -0.534068525 -1.373892546 -0.008371742 0.095266737 -0.198790878 0.975364745
1770029477808728320.000000 0.383236319 -0.500261486 -1.376222730 -0.009932815 0.094989933 -0.200019762 0.975125849
1770029477908729600.000000 0.386130631 -0.474949837 -1.374840021 -0.010987469 0.095384836 -0.201039746 0.974866152
1770029477975406848.000000 0.384094447 -0.459468782 -1.379850864 -0.012154908 0.095782682 -0.202536583 0.974503398
1770029478142067968.000000 0.385338485 -0.417593598 -1.382695436 -0.013772195 0.095883407 -0.204786167 0.974001706
1770029478275395328.000000 0.383375764 -0.388585329 -1.384578109 -0.015399414 0.096139953 -0.206211671 0.973651230
1770029478408734976.000000 0.378151000 -0.367899686 -1.390359879 -0.017654415 0.095581464 -0.206350729 0.973638475
1770029478675320320.000000 0.364251286 -0.326735467 -1.393304944 -0.020332290 0.093838073 -0.208954990 0.973200321
1770029478808674816.000000 0.354498506 -0.313221425 -1.393364072 -0.021606483 0.093056194 -0.210281461 0.972962201
1770029478941989888.000000 0.341351748 -0.301272601 -1.396816015 -0.022528978 0.092091084 -0.210474133 0.972991467
1770029479141981440.000000 0.316684127 -0.293971419 -1.397180438 -0.023775253 0.090685196 -0.210321173 0.973126888
1770029479342000128.000000 0.284753442 -0.294485360 -1.398622394 -0.023952371 0.088860065 -0.210985750 0.973147035
1770029479441993472.000000 0.269202739 -0.296285361 -1.400830746 -0.023364993 0.087696314 -0.210272253 0.973421276
1770029479608650240.000000 0.245594010 -0.305953979 -1.410244465 -0.021418178 0.084049940 -0.206154570 0.974667728
1770029479708659456.000000 0.230742231 -0.312641323 -1.408334613 -0.020304587 0.082313262 -0.205144033 0.975052953
1770029479875323648.000000 0.194948941 -0.331008971 -1.411875486 -0.019230563 0.080012195 -0.202621758 0.975793362
1770029479975365888.000000 0.171172306 -0.343537271 -1.409316301 -0.017937437 0.079156883 -0.201291889 0.976162910
1770029480008660224.000000 0.168915316 -0.345797807 -1.409841299 -0.016819118 0.077873133 -0.200966656 0.976353109
1770029480141993984.000000 0.131607085 -0.368254125 -1.413679838 -0.015186420 0.076747961 -0.198503420 0.976972640
1770029480242002688.000000 0.106300011 -0.388382792 -1.418489933 -0.014197318 0.074755639 -0.196329176 0.977581143
1770029480308709632.000000 0.092155352 -0.392574459 -1.418933392 -0.011493923 0.073798537 -0.196746215 0.977605581
1770029480342003456.000000 0.085942611 -0.397086143 -1.417775273 -0.010672648 0.073055677 -0.197354779 0.977548003
1770029480441984256.000000 0.061738878 -0.418597490 -1.426640987 -0.006195612 0.070262201 -0.196244404 0.978014827
1770029480508650496.000000 0.044089410 -0.430375874 -1.431952596 -0.001184614 0.067930676 -0.195868492 0.978273809
1770029480541984768.000000 0.037501585 -0.430919796 -1.433545828 0.002449524 0.066105835 -0.196836814 0.978202105
1770029480575319296.000000 0.029345142 -0.437557310 -1.436566591 0.005202389 0.064697750 -0.196463406 0.978360534
1770029480608651520.000000 0.025118273 -0.438878059 -1.436453104 0.008749714 0.062873811 -0.198008209 0.978142679
1770029480708654592.000000 -0.000030033 -0.454548955 -1.446865678 0.016548408 0.057383902 -0.197123632 0.978557885
1770029480775329280.000000 -0.010371596 -0.461641788 -1.450225830 0.022468941 0.052546874 -0.196981862 0.978740096
1770029480842050560.000000 -0.020051215 -0.467947900 -1.452597737 0.028351448 0.047916703 -0.198298380 0.978559136
1770029481008671488.000000 -0.045134939 -0.503918111 -1.470295191 0.041833512 0.034399103 -0.193348154 0.979634225
1770029481141997824.000000 -0.079513066 -0.534573436 -1.467493892 0.050087903 0.015999379 -0.198453322 0.978698909
1770029481208663552.000000 -0.101293519 -0.550368130 -1.462971807 0.054374922 0.005650856 -0.200611398 0.978144407
1770029481308646400.000000 -0.119600460 -0.574750125 -1.463749528 0.058503136 -0.012998424 -0.199545875 0.978054106
1770029481375320832.000000 -0.147512406 -0.592871487 -1.461166263 0.060208257 -0.023568420 -0.199643791 0.977733076
1770029481441980160.000000 -0.170309812 -0.607416809 -1.448956847 0.061388988 -0.034373540 -0.199835807 0.977300107
1770029481475320320.000000 -0.177216753 -0.615827203 -1.444675207 0.061081242 -0.039249510 -0.198095456 0.977490008
1770029481641984512.000000 -0.246772081 -0.662991405 -1.452780843 0.054884214 -0.047528621 -0.190098092 0.979076862
1770029481675313664.000000 -0.248486593 -0.662429750 -1.449015617 0.051873475 -0.045603722 -0.186875552 0.979952514
1770029481741981440.000000 -0.253171802 -0.662961245 -1.440471888 0.025479943 -0.036032159 -0.183202967 0.982084095
1770029481808656896.000000 -0.269282103 -0.670008957 -1.446758151 0.001318393 -0.024182234 -0.180807754 0.983220220
1770029482075312384.000000 -0.348294288 -0.687174499 -1.426937699 -0.045926820 0.005030756 -0.185530066 0.981551826
1770029482242003456.000000 -0.395381391 -0.701148212 -1.415474415 -0.059534375 0.016719365 -0.189343005 0.979961932
1770029482375320832.000000 -0.424137741 -0.703143597 -1.405198932 -0.061844371 0.022264641 -0.191778481 0.979234695
1770029482875326208.000000 -0.501665533 -0.710315108 -1.404109836 -0.040237956 0.032474481 -0.192375794 0.979958117
1770029483108664320.000000 -0.521869540 -0.717756152 -1.428431749 -0.031641893 0.035270970 -0.191247627 0.980397403
1770029483341979392.000000 -0.533177137 -0.714884937 -1.439113617 -0.023859378 0.036097839 -0.191182598 0.980600297
1770029483641985536.000000 -0.540861845 -0.706248283 -1.451462865 -0.019029589 0.036875755 -0.192465171 0.980426073
1770029483908648448.000000 -0.540894806 -0.685207009 -1.458517671 -0.017973231 0.038653214 -0.195186675 0.979839325
1770029484208645888.000000 -0.536325395 -0.662680864 -1.462590694 -0.019867938 0.040727656 -0.196185529 0.979519188
1770029484475315200.000000 -0.496865988 -0.580632091 -1.460419297 -0.018277986 0.041378234 -0.195605218 0.979638934
1770029484708657408.000000 -0.476957381 -0.551341236 -1.460633636 -0.020319119 0.042645574 -0.196603030 0.979344547
1770029484875328256.000000 -0.477362126 -0.541468143 -1.458552480 -0.022559004 0.043998398 -0.197799981 0.978994608
1770029485075316224.000000 -0.458904386 -0.513334572 -1.457819581 -0.023985308 0.045906100 -0.198357955 0.978760183
1770029485208645632.000000 -0.442624182 -0.499736607 -1.462937593 -0.025256932 0.046567399 -0.197913095 0.978787005
1770029485341986816.000000 -0.428561032 -0.486389875 -1.464160204 -0.026173022 0.047115158 -0.198744431 0.978568256
1770029485441988608.000000 -0.412185580 -0.479130864 -1.465273142 -0.026921840 0.047526192 -0.197865829 0.978706121
1770029485541995776.000000 -0.398808837 -0.470000267 -1.466295719 -0.027412904 0.047648139 -0.197659388 0.978728294
1770029485641988096.000000 -0.389035404 -0.463360369 -1.467474937 -0.027936988 0.048322756 -0.198328272 0.978545010
1770029485808649472.000000 -0.365754932 -0.453529119 -1.463346958 -0.028576128 0.048694961 -0.198176742 0.978538811
1770029485841992704.000000 -0.365068048 -0.454337984 -1.464896321 -0.029060837 0.049405366 -0.198061273 0.978512347
1770029486075311360.000000 -0.343244046 -0.453537047 -1.472220182 -0.030451244 0.050444286 -0.196651772 0.978701293
1770029486108659456.000000 -0.340786129 -0.454614490 -1.475200772 -0.030633833 0.050366774 -0.196084544 0.978813350
1770029486208647680.000000 -0.331933081 -0.455888987 -1.481447577 -0.030749857 0.050645445 -0.195805654 0.978851199
1770029486375315200.000000 -0.322522759 -0.460621119 -1.492382765 -0.031453438 0.051689792 -0.195277408 0.978879750
1770029486441992448.000000 -0.317963064 -0.462273002 -1.497155428 -0.031713463 0.051895536 -0.195193484 0.978877246
1770029486508657408.000000 -0.314020514 -0.465036631 -1.502174616 -0.031534106 0.052041974 -0.194972605 0.978919268
1770029486608646400.000000 -0.309965253 -0.470046341 -1.507533669 -0.031785533 0.052308749 -0.194693103 0.978952587
1770029486675313408.000000 -0.306683779 -0.471850097 -1.510021091 -0.031558301 0.052791540 -0.194702595 0.978932083
1770029486941998080.000000 -0.291285217 -0.485130370 -1.517518640 -0.031557236 0.052450988 -0.194337428 0.979022980
1770029487175347456.000000 -0.283196837 -0.497865170 -1.531761765 -0.031556986 0.052920043 -0.194693640 0.978927016
1770029487375352576.000000 -0.275692612 -0.507013798 -1.536871195 -0.031372704 0.052614834 -0.193968788 0.979093254
1770029487708745216.000000 -0.268121779 -0.523327172 -1.551240683 -0.031681303 0.051971491 -0.193660721 0.979178667
1770029488242035456.000000 -0.255719602 -0.542128801 -1.563151836 -0.031883132 0.049682442 -0.192414001 0.979536653
1770029488842011648.000000 -0.241379753 -0.545447230 -1.557157040 -0.033220571 0.048463676 -0.191368878 0.979757965
