1770030622.740885 0.0000000 0.0000000 0.0000000 -0.0000000 -0.0000000 -0.0000000 1.0000000
1770030623.074209 -0.0032120 -0.0053408 -0.0160259 0.0001956 0.0003676 -0.0016670 0.9999986
1770030623.107536 -0.0038021 -0.0048550 -0.0131918 0.0001739 0.0007203 -0.0019025 0.9999979
1770030623.440936 -0.0001034 -0.0048126 -0.0178664 0.0005704 0.0000839 -0.0011754 0.9999992
1770030624.540900 -0.0031681 -0.0045065 -0.0165776 0.0004497 0.0003997 -0.0008075 0.9999995
1770030626.174200 0.0194245 -0.0269218 -0.0362475 -0.0006681 -0.0033009 -0.0036149 0.9999878
1770030627.674216 0.0852412 -0.0573700 -0.0337569 0.0036669 -0.0003346 -0.0042284 0.9999843
1770030628.007565 0.1124130 -0.0582607 -0.0279088 0.0046395 0.0011096 -0.0016875 0.9999872
1770030628.274236 0.1340504 -0.0639245 -0.0277295 0.0058674 0.0033449 -0.0011197 0.9999766
1770030628.707541 0.1807763 -0.0619462 -0.0361694 0.0074724 0.0061029 0.0010769 0.9999529
1770030629.340875 0.2409019 -0.0409352 -0.0228877 0.0077485 0.0131763 0.0010525 0.9998826
1770030629.707550 0.2858942 -0.0162826 -0.0311322 0.0089896 0.0171712 0.0017433 0.9998106
1770030630.007535 0.3196369 0.0114080 -0.0248621 0.0093720 0.0210200 0.0022475 0.9997326
1770030630.240865 0.3400620 0.0398011 -0.0153461 0.0101869 0.0255769 0.0016468 0.9996196
1770030630.507538 0.3661686 0.0685246 -0.0116435 0.0081719 0.0280754 0.0003553 0.9995724
1770030630.774204 0.3925333 0.1092165 -0.0033406 0.0084139 0.0304595 -0.0005161 0.9995005
1770030630.940868 0.4053040 0.1301602 0.0021495 0.0068957 0.0316854 -0.0028827 0.9994699
1770030631.074202 0.4160469 0.1500751 0.0038737 0.0067810 0.0322902 -0.0035251 0.9994493
1770030631.240864 0.4258766 0.1766560 0.0045634 0.0061309 0.0333442 -0.0057626 0.9994085
1770030631.407536 0.4360666 0.2023500 0.0039550 0.0055066 0.0339218 -0.0072936 0.9993827
1770030631.607533 0.4486684 0.2329093 0.0041536 0.0056894 0.0335242 -0.0092056 0.9993793
1770030631.807537 0.4580949 0.2580480 0.0032296 0.0043880 0.0334170 -0.0110613 0.9993706
1770030632.007587 0.4622590 0.2817024 0.0027413 0.0036034 0.0334966 -0.0127165 0.9993514
1770030632.240905 0.4628066 0.3055610 -0.0005445 0.0035275 0.0335003 -0.0150197 0.9993196
1770030632.607575 0.4585432 0.3268284 -0.0026777 0.0028838 0.0313977 -0.0159147 0.9993761
1770030633.107553 0.4261414 0.3236032 -0.0058392 0.0033616 0.0292667 -0.0166827 0.9994268
1770030633.440890 0.3980629 0.2968535 -0.0148763 0.0047919 0.0276288 -0.0143037 0.9995044
1770030633.774223 0.3616709 0.2529513 -0.0209553 0.0085147 0.0247020 -0.0106608 0.9996018
1770030634.040933 0.3152637 0.2012837 -0.0244310 0.0121450 0.0251072 -0.0076275 0.9995819
1770030634.440882 0.2508875 0.1193195 -0.0459151 0.0271988 0.0201194 -0.0063647 0.9994073
1770030634.674228 0.2184350 0.0771445 -0.0651410 0.0462771 0.0115929 -0.0042724 0.9988523
1770030634.940893 0.1865126 -0.0010410 -0.0653642 0.0664051 -0.0091087 -0.0045217 0.9977409
1770030635.107551 0.1521162 -0.0603921 -0.1022677 0.0786850 -0.0286970 -0.0148724 0.9963754
1770030635.540892 0.0487821 -0.2454059 -0.1077107 0.0716846 -0.0542463 0.0020918 0.9959490
1770030635.640883 0.0260426 -0.2423198 -0.0633506 0.0358515 -0.0450663 0.0032793 0.9983351
1770030635.874222 -0.0382071 -0.2796767 -0.0313960 -0.0140334 -0.0305326 -0.0006239 0.9994351
1770030636.007575 -0.0780361 -0.3009217 -0.0118645 -0.0302319 -0.0242341 -0.0051509 0.9992358
1770030636.107579 -0.1118287 -0.3153262 0.0128974 -0.0360508 -0.0195933 -0.0108591 0.9990988
1770030636.274255 -0.1536636 -0.3711391 0.0064658 -0.0403709 -0.0143948 -0.0111478 0.9990189
1770030636.407568 -0.1844792 -0.4150023 0.0090957 -0.0370461 -0.0105634 -0.0111634 0.9991954
1770030636.707559 -0.2430257 -0.5128475 -0.0193236 -0.0160705 -0.0044219 -0.0065411 0.9998397
1770030636.874247 -0.2691332 -0.5424145 -0.0540349 -0.0067864 -0.0027666 -0.0032305 0.9999679
1770030637.040906 -0.3021533 -0.5533443 -0.0925485 0.0021418 -0.0007224 -0.0083171 0.9999629
1770030637.307574 -0.3062525 -0.5775275 -0.0954627 0.0108180 -0.0019040 -0.0016465 0.9999383
1770030637.640884 -0.3298749 -0.5926836 -0.1129679 0.0158786 -0.0020753 -0.0003341 0.9998717
1770030638.040881 -0.3556534 -0.5860373 -0.1299043 0.0197373 -0.0043774 -0.0020051 0.9997936
1770030638.440883 -0.3883799 -0.5561269 -0.1499464 0.0201952 -0.0054761 -0.0058310 0.9997641
1770030638.674215 -0.4133161 -0.5359277 -0.1612463 0.0173303 -0.0055828 -0.0114114 0.9997691
1770030638.907557 -0.4246194 -0.5022876 -0.1677296 0.0158019 -0.0061284 -0.0152268 0.9997404
1770030639.074227 -0.4385969 -0.4713578 -0.1699297 0.0150862 -0.0055212 -0.0196507 0.9996778
1770030639.374229 -0.4565579 -0.4318582 -0.1741546 0.0101523 -0.0048450 -0.0238086 0.9996533
1770030639.674225 -0.4768645 -0.3726480 -0.1802109 0.0067756 -0.0031931 -0.0301642 0.9995169
1770030639.974235 -0.4809817 -0.3150345 -0.1807128 0.0033209 -0.0020580 -0.0369273 0.9993103
1770030640.274208 -0.5488590 -0.1252721 -0.0626941 -0.0004754 -0.0015641 -0.0418982 0.9991206
1770030640.574211 -0.5696436 -0.0280517 -0.0729979 -0.0114057 0.0000376 -0.1327205 0.9910879
1770030640.840866 -0.5789989 0.0585095 -0.0813999 -0.0181107 0.0031870 -0.2064384 0.9782868
1770030641.107536 -0.5705201 0.1320549 -0.0813078 -0.0259757 0.0043812 -0.2690307 0.9627713
1770030641.407537 -0.5600077 0.2096365 -0.0887443 -0.0314334 0.0068076 -0.3281743 0.9440695
1770030641.740872 -0.5391781 0.2771969 -0.0842618 -0.0366400 0.0090258 -0.3757018 0.9259720
1770030642.040866 -0.5067773 0.3151974 -0.0913121 -0.0396343 0.0111227 -0.4031621 0.9142023
1770030642.307535 -0.4717187 0.3228703 -0.1028842 -0.0421565 0.0122630 -0.4158077 0.9083922
1770030642.540866 -0.4351075 0.3237163 -0.1004453 -0.0420418 0.0122753 -0.4173207 0.9077033
1770030642.707531 -0.4066242 0.3162035 -0.1029329 -0.0416532 0.0131895 -0.4134174 0.9094928
1770030642.907535 -0.3684782 0.2963491 -0.1041193 -0.0406205 0.0138213 -0.4035479 0.9139519
1770030643.074197 -0.3398258 0.2778031 -0.0975480 -0.0395598 0.0160010 -0.3894692 0.9200504
1770030643.240865 -0.3090837 0.2388698 -0.1146286 -0.0384021 0.0171874 -0.3744427 0.9262950
1770030643.340872 -0.2845423 0.2186338 -0.1083497 -0.0373648 0.0179273 -0.3606550 0.9317781
1770030643.374195 -0.2772995 0.2146778 -0.1047225 -0.0359788 0.0178508 -0.3571193 0.9331949
1770030643.507540 -0.2514513 0.1768843 -0.1132952 -0.0344339 0.0201447 -0.3352922 0.9412692
1770030643.640927 -0.2132053 0.1390104 -0.1060155 -0.0311718 0.0197086 -0.3052360 0.9515623
1770030643.774203 -0.1725129 0.0917555 -0.1173190 -0.0273681 0.0195677 -0.2651719 0.9636140
1770030643.874196 -0.1435639 0.0537816 -0.1182587 -0.0245697 0.0200640 -0.2318368 0.9722373
1770030644.040895 -0.0857150 0.0028111 -0.1116592 -0.0181054 0.0193624 -0.1823735 0.9828719
1770030644.174207 -0.0558448 -0.0209047 -0.1001969 -0.0068058 0.0225693 -0.1623874 0.9864455
1770030644.407545 0.0095670 -0.0833289 -0.0937886 0.0181701 0.0331614 -0.1515185 0.9877309
1770030644.540864 0.0375409 -0.1137453 -0.1015344 0.0329015 0.0455823 -0.1498756 0.9871054
1770030644.774250 0.0871392 -0.1739754 -0.0753054 0.0562942 0.0726630 -0.1454714 0.9850833
1770030644.874211 0.0997697 -0.1906365 -0.0627727 0.0615505 0.0901394 -0.1451239 0.9833745
1770030645.074204 0.1651059 -0.2606035 -0.0632059 0.0619552 0.1187587 -0.1431918 0.9805886
1770030645.207535 0.1998962 -0.3007084 -0.0704808 0.0552583 0.1310931 -0.1452249 0.9791174
1770030645.374213 0.2485794 -0.3389160 -0.0692017 0.0401046 0.1269285 -0.1357705 0.9817572
1770030645.540877 0.3081781 -0.3221389 -0.0561878 -0.0069898 0.0993194 -0.1061522 0.9893526
1770030645.674196 0.3456981 -0.3689265 -0.0503912 -0.0317796 0.0836164 -0.0815015 0.9926509
1770030645.807533 0.3847216 -0.3762158 -0.0394596 -0.0443553 0.0710460 -0.0611961 0.9946055
1770030646.007531 0.4396825 -0.4115307 -0.0281792 -0.0532366 0.0577653 -0.0358255 0.9962658
1770030646.140868 0.4605945 -0.4026038 -0.0345717 -0.0476340 0.0524819 -0.0305109 0.9970185
1770030646.274204 0.4777633 -0.4195643 -0.0369280 -0.0391924 0.0490145 -0.0244096 0.9977303
1770030646.374214 0.4877342 -0.4280587 -0.0389226 -0.0298596 0.0475634 -0.0231919 0.9981524
1770030646.540879 0.4992774 -0.4582710 -0.0500198 -0.0149546 0.0457012 -0.0204431 0.9986340
1770030646.840871 0.5402676 -0.4969161 -0.0653712 0.0043685 0.0423567 -0.0132577 0.9990050
1770030647.174195 0.5989477 -0.5141162 -0.0686645 0.0182807 0.0399442 -0.0089559 0.9989945
1770030647.607527 0.6389490 -0.5239361 -0.0836750 0.0255904 0.0404116 -0.0050788 0.9988425
1770030648.040859 0.6783504 -0.4959394 -0.0904443 0.0280874 0.0416160 -0.0035887 0.9987324
1770030648.407546 0.7038469 -0.4542387 -0.0875212 0.0276663 0.0441154 -0.0028765 0.9986392
1770030648.740882 0.7276858 -0.4012437 -0.0872008 0.0242514 0.0446976 -0.0025504 0.9987029
1770030649.174196 0.7439333 -0.3145570 -0.0877668 0.0196634 0.0465772 -0.0021417 0.9987189
1770030649.540904 0.7675479 -0.2108217 -0.0668852 0.0170040 0.0471155 -0.0048448 0.9987330
1770030649.940901 0.7744481 -0.1267769 -0.0599780 0.0095425 0.0469763 -0.0050389 0.9988377
1770030650.240859 0.7719631 -0.0616613 -0.0561867 0.0039974 0.0468942 -0.0053115 0.9988778
1770030650.474228 0.7673365 -0.0164863 -0.0567306 -0.0001663 0.0462998 -0.0054689 0.9989126
1770030650.707539 0.7630572 0.0476712 -0.0453410 -0.0014245 0.0473234 -0.0073013 0.9988520
1770030650.974205 0.7450319 0.1071303 -0.0459889 -0.0034575 0.0453638 -0.0088029 0.9989258
1770030651.140857 0.7268627 0.1428222 -0.0498501 -0.0045250 0.0455191 -0.0109740 0.9988930
1770030651.340859 0.7063991 0.1785059 -0.0514008 -0.0056216 0.0444919 -0.0114575 0.9989282
1770030651.474208 0.6886743 0.1959251 -0.0529502 -0.0071651 0.0446340 -0.0130865 0.9988920
1770030651.640857 0.6703625 0.2155083 -0.0530085 -0.0087197 0.0440509 -0.0142459 0.9988896
1770030651.840886 0.6442030 0.2362852 -0.0553226 -0.0082104 0.0420725 -0.0142979 0.9989785
1770030651.974224 0.6253247 0.2437194 -0.0568074 -0.0091231 0.0414174 -0.0158717 0.9989742
1770030652.107541 0.6115056 0.2520687 -0.0608112 -0.0092911 0.0405186 -0.0148878 0.9990247
1770030652.274203 0.5891265 0.2499390 -0.0608717 -0.0108168 0.0399958 -0.0152707 0.9990246
1770030652.440876 0.5647576 0.2490604 -0.0634045 -0.0112468 0.0397909 -0.0165027 0.9990085
1770030652.607526 0.5416143 0.2402661 -0.0637223 -0.0109855 0.0380486 -0.0154847 0.9990956
1770030652.640859 0.5375283 0.2392631 -0.0658291 -0.0105554 0.0375008 -0.0156750 0.9991179
1770030652.874198 0.5039561 0.2187507 -0.0724929 -0.0094695 0.0350758 -0.0136324 0.9992468
1770030653.007523 0.4857370 0.2060519 -0.0703729 -0.0076694 0.0336483 -0.0121695 0.9993302
1770030653.140892 0.4705400 0.1904702 -0.0760092 -0.0061386 0.0310401 -0.0107547 0.9994414
1770030653.240901 0.4532635 0.1739014 -0.0825412 -0.0047510 0.0296216 -0.0097998 0.9995019
1770030653.307525 0.4462595 0.1685923 -0.0842005 -0.0027978 0.0282272 -0.0087324 0.9995595
1770030653.440863 0.4235411 0.1395764 -0.0897788 -0.0015081 0.0270953 -0.0064793 0.9996107
1770030653.474196 0.4185046 0.1334678 -0.0921230 -0.0010124 0.0266122 -0.0052125 0.9996318
1770030653.574204 0.4071512 0.1152468 -0.0913310 0.0018086 0.0248331 -0.0037979 0.9996828
1770030653.740898 0.3856852 0.0870624 -0.0987835 0.0058955 0.0223102 -0.0013554 0.9997328
1770030653.774196 0.3784771 0.0779028 -0.1001835 0.0065449 0.0221931 0.0000499 0.9997323
1770030653.807552 0.3706379 0.0692231 -0.1018911 0.0067780 0.0225077 0.0004395 0.9997236
1770030653.840864 0.3688956 0.0633646 -0.1029042 0.0077461 0.0213971 0.0010119 0.9997405
1770030653.874209 0.3592171 0.0565727 -0.1102769 0.0089137 0.0215792 0.0014288 0.9997264
1770030654.040877 0.3352080 0.0163471 -0.1193289 0.0135340 0.0189494 0.0037401 0.9997219
1770030654.074202 0.3286712 0.0116774 -0.1180926 0.0154769 0.0194697 0.0024205 0.9996877
1770030654.107524 0.3201646 0.0013859 -0.1223719 0.0165706 0.0197576 0.0021209 0.9996653
1770030654.140864 0.3089819 -0.0013458 -0.1258088 0.0197086 0.0197519 -0.0000732 0.9996107
1770030654.174196 0.3046432 -0.0141362 -0.1292361 0.0209259 0.0188135 -0.0006996 0.9996037
1770030654.340878 0.2607833 -0.0490933 -0.1445321 0.0358276 0.0164879 -0.0050022 0.9992095
1770030654.374200 0.2543029 -0.0541954 -0.1442273 0.0389342 0.0156857 -0.0062076 0.9990994
1770030654.474214 0.2360265 -0.0788824 -0.1572363 0.0467917 0.0111980 -0.0066526 0.9988198
1770030654.640870 0.2072956 -0.1182507 -0.1619597 0.0620818 0.0029832 -0.0089493 0.9980265
1770030654.774196 0.1930933 -0.1579825 -0.1769368 0.0723679 -0.0100282 -0.0087959 0.9972888
1770030654.940863 0.1441876 -0.2037640 -0.1143818 0.0857079 -0.0312975 -0.0138931 0.9957317
1770030655.040856 0.1224343 -0.2440187 -0.1171188 0.0897786 -0.0459624 -0.0122718 0.9948249
1770030655.107523 0.0949330 -0.2755520 -0.1166205 0.0906426 -0.0543324 -0.0114347 0.9943345
1770030655.240855 0.0705259 -0.3308966 -0.1297567 0.0893732 -0.0685590 -0.0055797 0.9936202
1770030655.374214 0.0454750 -0.3651510 -0.1433505 0.0827519 -0.0695585 0.0051735 0.9941263
1770030655.540870 0.0434875 -0.3628494 -0.0968517 0.0356492 -0.0556811 0.0056066 0.9977962
1770030655.574190 -0.0105396 -0.3474085 -0.1556271 0.0268868 -0.0499917 -0.0012218 0.9983869
1770030655.807521 -0.0407149 -0.3624299 -0.1680253 -0.0100641 -0.0364193 -0.0060954 0.9992673
1770030655.974189 -0.0506761 -0.3855939 -0.1731958 -0.0228253 -0.0309240 -0.0073333 0.9992342
1770030656.140835 -0.0623433 -0.4072883 -0.1794011 -0.0233321 -0.0264617 -0.0053111 0.9993634
1770030656.207502 -0.0719170 -0.4187117 -0.1804888 -0.0212302 -0.0239858 -0.0046029 0.9994763
1770030656.274207 -0.0753609 -0.4344968 -0.1842855 -0.0176733 -0.0233693 -0.0048191 0.9995591
1770030656.340837 -0.0936282 -0.4548403 -0.1897030 -0.0131701 -0.0198990 -0.0063322 0.9996952
1770030656.474182 -0.1091527 -0.4839464 -0.1967262 -0.0042404 -0.0168840 -0.0061897 0.9998294
1770030656.540837 -0.1175464 -0.4923887 -0.1981736 -0.0009840 -0.0154249 -0.0057062 0.9998643
1770030656.674195 -0.1295749 -0.5253590 -0.2091550 0.0039851 -0.0136167 -0.0046465 0.9998885
1770030656.807526 -0.1439655 -0.5524438 -0.2295355 0.0090508 -0.0129205 -0.0042539 0.9998665
1770030656.907499 -0.1422347 -0.5637058 -0.2248451 0.0118177 -0.0130127 -0.0021568 0.9998432
1770030656.974195 -0.1465018 -0.5605796 -0.2174189 0.0142069 -0.0125309 -0.0036571 0.9998139
1770030657.007514 -0.1455383 -0.5630727 -0.2180618 0.0152656 -0.0128062 -0.0029515 0.9997971
1770030657.107541 -0.1516786 -0.5738409 -0.2266469 0.0162920 -0.0131953 -0.0017561 0.9997787
1770030657.240832 -0.1649691 -0.5798302 -0.2358368 0.0163881 -0.0117372 -0.0020362 0.9997948
1770030657.307502 -0.1667616 -0.5858796 -0.2452162 0.0177453 -0.0124058 -0.0016626 0.9997642
1770030657.774166 -0.2190810 -0.5959341 -0.2998376 0.0208605 -0.0119267 -0.0039242 0.9997036
1770030658.040848 -0.2278477 -0.5846328 -0.3060954 0.0194216 -0.0142200 -0.0053943 0.9996957
1770030658.440852 -0.2649895 -0.5527451 -0.3254642 0.0167927 -0.0133507 -0.0108948 0.9997106
1770030658.774165 -0.2995602 -0.5290126 -0.3550742 0.0116999 -0.0123825 -0.0156741 0.9997321
1770030659.074163 -0.3168519 -0.4910864 -0.3623354 0.0061029 -0.0124707 -0.0219924 0.9996617
1770030659.307497 -0.3297478 -0.4544824 -0.3625279 0.0025132 -0.0119034 -0.0274768 0.9995484
1770030659.374181 -0.3277289 -0.4445029 -0.3658377 0.0015591 -0.0122833 -0.0267574 0.9995653
1770030659.540839 -0.3314481 -0.4152503 -0.3729650 -0.0014830 -0.0127380 -0.0316834 0.9994157
1770030659.807498 -0.3401020 -0.3771191 -0.3726163 -0.0070914 -0.0110939 -0.0368014 0.9992359
1770030659.974163 -0.3452098 -0.3462364 -0.3743101 -0.0096451 -0.0099863 -0.0460152 0.9988443
1770030660.107520 -0.3545478 -0.3158520 -0.3805755 -0.0126327 -0.0107445 -0.0911730 0.9956970
1770030660.140841 -0.3554514 -0.3175310 -0.3822392 -0.0158630 -0.0110407 -0.1025769 0.9945373
1770030660.207527 -0.3625547 -0.3024514 -0.3843880 -0.0181962 -0.0092139 -0.1248572 0.9919651
1770030660.240846 -0.3641990 -0.2944583 -0.3872800 -0.0191223 -0.0082392 -0.1360208 0.9904872
1770030660.274177 -0.3650995 -0.2827160 -0.3877263 -0.0195114 -0.0077917 -0.1464007 0.9890022
1770030660.374181 -0.3628397 -0.2539529 -0.3922847 -0.0227921 -0.0081050 -0.1740199 0.9844450
1770030660.407508 -0.3647529 -0.2485358 -0.3915524 -0.0257887 -0.0076574 -0.1833728 0.9826753
1770030660.474203 -0.3649533 -0.2261382 -0.3926416 -0.0267464 -0.0073120 -0.2007631 0.9792474
1770030660.507519 -0.3658817 -0.2170204 -0.3905677 -0.0281579 -0.0067571 -0.2106824 0.9771256
1770030660.707529 -0.3556433 -0.1552688 -0.4015234 -0.0326004 -0.0070409 -0.2604186 0.9649196
1770030660.774194 -0.3555624 -0.1424067 -0.4023961 -0.0353535 -0.0065190 -0.2762303 0.9604189
1770030660.840858 -0.3562404 -0.1191859 -0.4034337 -0.0357887 -0.0056250 -0.2923490 0.9556252
1770030660.940836 -0.3517193 -0.0926485 -0.4065803 -0.0380446 -0.0052054 -0.3134368 0.9488324
1770030661.107502 -0.3423643 -0.0570362 -0.4091339 -0.0426762 -0.0046788 -0.3450454 0.9376036
1770030661.207529 -0.3328613 -0.0347894 -0.4137692 -0.0439514 -0.0052266 -0.3619813 0.9311340
1770030661.340845 -0.3226743 -0.0138051 -0.4161721 -0.0469733 -0.0048994 -0.3810165 0.9233612
1770030661.407526 -0.3184580 -0.0029603 -0.4199339 -0.0479370 -0.0044291 -0.3907079 0.9192550
1770030661.607499 -0.2917252 0.0261776 -0.4207291 -0.0501685 -0.0054622 -0.4108981 0.9102835
1770030661.807499 -0.2730212 0.0504435 -0.4224788 -0.0516769 -0.0019109 -0.4282151 0.9021960
1770030662.074171 -0.2421824 0.0605304 -0.4302814 -0.0539699 0.0003485 -0.4403360 0.8962095
1770030662.507535 -0.1692850 0.0427383 -0.4277018 -0.0541472 0.0002587 -0.4350742 0.8987650
1770030662.807521 -0.1187556 0.0089178 -0.4284399 -0.0512353 0.0036628 -0.4179886 0.9069990
1770030663.007507 -0.0865056 -0.0280883 -0.4379834 -0.0490522 0.0066027 -0.4004221 0.9149932
1770030663.174172 -0.0640878 -0.0651732 -0.4520205 -0.0462270 0.0110533 -0.3827780 0.9226168
1770030663.374168 -0.0120728 -0.1186853 -0.4233173 -0.0421881 0.0116775 -0.3416882 0.9387934
1770030663.540847 0.0277530 -0.1715173 -0.4229780 -0.0368458 0.0138876 -0.2950110 0.9546822
1770030663.640851 0.0539140 -0.2103440 -0.4275682 -0.0334892 0.0145166 -0.2616428 0.9644744
1770030663.740851 0.0745947 -0.2388903 -0.4434290 -0.0280219 0.0170719 -0.2366022 0.9710523
1770030663.807512 0.0900227 -0.2687721 -0.4543064 -0.0262876 0.0178085 -0.2208527 0.9747902
1770030663.940858 0.1089894 -0.3039325 -0.4746410 -0.0153359 0.0231755 -0.2052380 0.9783175
1770030664.107527 0.1309638 -0.3484396 -0.5085812 0.0051586 0.0331233 -0.2070999 0.9777453
1770030664.307550 0.1674810 -0.4028887 -0.5297897 0.0303556 0.0507810 -0.2051397 0.9769430
1770030664.440864 0.1939758 -0.4400093 -0.5221624 0.0463041 0.0627128 -0.2027770 0.9761171
1770030664.640845 0.2355478 -0.5075215 -0.5163564 0.0587265 0.0917506 -0.1997197 0.9737788
1770030664.874182 0.3139949 -0.6023629 -0.5169948 0.0603788 0.1227922 -0.1973163 0.9707434
1770030665.174180 0.3863007 -0.7010683 -0.5077066 0.0192944 0.1238375 -0.1838146 0.9749380
1770030665.340849 0.4481238 -0.7242259 -0.5057956 -0.0226392 0.0992420 -0.1525026 0.9830470
1770030665.474225 0.4855662 -0.7579343 -0.4973011 -0.0445233 0.0850055 -0.1286417 0.9870375
1770030665.640847 0.5362664 -0.7757535 -0.4805743 -0.0563229 0.0717514 -0.1021833 0.9905746
1770030665.807512 0.5637642 -0.7994215 -0.4736955 -0.0594599 0.0640015 -0.0859631 0.9924609
1770030665.974177 0.5876812 -0.8195135 -0.4711578 -0.0535474 0.0582458 -0.0774628 0.9938509
1770030666.107511 0.6074117 -0.8343870 -0.4705519 -0.0401002 0.0548776 -0.0700500 0.9952254
1770030666.407518 0.6593503 -0.9343315 -0.4820806 -0.0210335 0.0471682 -0.0626643 0.9966975
1770030666.707547 0.7026686 -0.9783415 -0.4837823 -0.0048840 0.0439379 -0.0565047 0.9974231
1770030667.074185 0.7575185 -1.0074679 -0.4813899 0.0065423 0.0420447 -0.0509782 0.9977929
1770030667.574181 0.8307596 -0.9924794 -0.4794838 0.0123177 0.0402877 -0.0488909 0.9979153
1770030668.174184 0.8894472 -0.9177331 -0.4871628 0.0160102 0.0434542 -0.0473174 0.9978058
1770030668.574175 0.9228265 -0.8333684 -0.4863864 0.0144977 0.0445547 -0.0496125 0.9976689
1770030668.607513 0.9242883 -0.8202302 -0.4879076 0.0147826 0.0449274 -0.0499769 0.9976299
1770030668.840852 0.9339705 -0.7699574 -0.4840860 0.0120169 0.0464647 -0.0521629 0.9974847
1770030669.107508 0.9456344 -0.7010426 -0.4897154 0.0092455 0.0477671 -0.0535797 0.9973776
1770030669.240863 0.9468670 -0.6628774 -0.4910119 0.0080345 0.0488019 -0.0560733 0.9972009
1770030669.440892 0.9530910 -0.6022261 -0.4934686 0.0064155 0.0498574 -0.0585835 0.9970161
1770030669.607514 0.9505830 -0.5629748 -0.4933608 0.0022754 0.0508829 -0.0620845 0.9967704
1770030669.740853 0.9541736 -0.5283675 -0.4910826 0.0005683 0.0510190 -0.0626011 0.9967336
1770030669.907552 0.9532552 -0.4980544 -0.4898776 -0.0042594 0.0515366 -0.0650834 0.9965390
1770030670.040847 0.9507945 -0.4593976 -0.4891086 -0.0056789 0.0519664 -0.0659951 0.9964496
1770030670.140853 0.9500315 -0.4300041 -0.4893088 -0.0060669 0.0527451 -0.0666964 0.9963598
1770030670.274192 0.9480987 -0.4024876 -0.4882462 -0.0095328 0.0527469 -0.0687149 0.9961954
1770030670.307521 0.9482893 -0.3927047 -0.4868492 -0.0093238 0.0529213 -0.0681510 0.9962268
1770030670.374182 0.9484313 -0.3767155 -0.4891508 -0.0096408 0.0527238 -0.0687690 0.9961918
1770030670.474177 0.9440388 -0.3549059 -0.4907751 -0.0125880 0.0542119 -0.0705942 0.9959514
1770030670.607509 0.9378815 -0.3214256 -0.4927418 -0.0137054 0.0535975 -0.0721149 0.9958609
1770030670.640847 0.9350471 -0.3137761 -0.4940640 -0.0133886 0.0534970 -0.0717040 0.9959003
1770030670.707513 0.9319366 -0.3027222 -0.4925325 -0.0152548 0.0530879 -0.0728950 0.9958088
1770030670.840852 0.9211881 -0.2738628 -0.4959910 -0.0161284 0.0534183 -0.0731251 0.9957606
1770030670.907508 0.9165688 -0.2639849 -0.4973065 -0.0176533 0.0526686 -0.0750353 0.9956325
1770030671.007509 0.9129716 -0.2430453 -0.4961933 -0.0182029 0.0519775 -0.0759972 0.9955860
1770030671.140888 0.8971587 -0.2253540 -0.5000160 -0.0208128 0.0515665 -0.0769957 0.9954795
1770030671.207520 0.8898818 -0.2176574 -0.5020451 -0.0217887 0.0516934 -0.0769387 0.9954565
1770030671.307521 0.8801146 -0.2017573 -0.5028476 -0.0219979 0.0515524 -0.0774063 0.9954229
1770030671.474177 0.8596804 -0.1845237 -0.5041098 -0.0244835 0.0519781 -0.0790090 0.9952168
1770030671.607479 0.8443567 -0.1734955 -0.5086213 -0.0251484 0.0491846 -0.0800644 0.9952579
1770030671.774147 0.8224133 -0.1520274 -0.5081878 -0.0245537 0.0486397 -0.0811022 0.9952154
1770030671.907493 0.8035717 -0.1456441 -0.5095502 -0.0257522 0.0485536 -0.0804783 0.9952400
1770030672.040813 0.7829655 -0.1446396 -0.5133440 -0.0266297 0.0486193 -0.0801599 0.9952394
1770030672.140810 0.7660968 -0.1423634 -0.5116663 -0.0266072 0.0484671 -0.0808903 0.9951883
1770030672.307480 0.7378801 -0.1465938 -0.5137628 -0.0270701 0.0476339 -0.0804679 0.9952503
1770030672.407482 0.7256083 -0.1502961 -0.5173624 -0.0269766 0.0460097 -0.0803170 0.9953414
1770030672.507492 0.7241395 -0.1510792 -0.5207188 -0.0251002 0.0425623 -0.0787612 0.9956682
1770030672.607478 0.7063672 -0.1586536 -0.5224569 -0.0243687 0.0414628 -0.0771695 0.9958574
1770030672.707489 0.6942385 -0.1657714 -0.5261286 -0.0229914 0.0395655 -0.0753979 0.9961030
1770030672.807509 0.6799815 -0.1722382 -0.5304335 -0.0212492 0.0375703 -0.0745909 0.9962797
1770030672.907475 0.6520783 -0.1902324 -0.5311964 -0.0216762 0.0382558 -0.0726239 0.9963897
1770030673.007478 0.6486498 -0.1967248 -0.5356217 -0.0186412 0.0343628 -0.0710748 0.9967046
1770030673.074151 0.6325819 -0.2046133 -0.5371634 -0.0172003 0.0344384 -0.0698743 0.9968128
1770030673.107494 0.6293619 -0.2067468 -0.5414056 -0.0156293 0.0334854 -0.0690390 0.9969293
1770030673.140808 0.6241340 -0.2107616 -0.5441476 -0.0148484 0.0327905 -0.0681812 0.9970234
1770030673.207478 0.6128892 -0.2210545 -0.5443515 -0.0135462 0.0316506 -0.0674292 0.9971299
1770030673.307477 0.5922680 -0.2353549 -0.5491733 -0.0115638 0.0308307 -0.0653466 0.9973192
1770030673.374147 0.5805864 -0.2447759 -0.5502063 -0.0094590 0.0299557 -0.0633669 0.9974958
1770030673.440819 0.5687209 -0.2526943 -0.5562112 -0.0067092 0.0291533 -0.0616787 0.9976476
1770030673.474175 0.5614859 -0.2610416 -0.5573970 -0.0066336 0.0291369 -0.0608828 0.9976975
1770030673.607495 0.5142679 -0.3009750 -0.5476315 -0.0068875 0.0313080 -0.0618718 0.9975692
1770030673.674160 0.5086616 -0.3110547 -0.5516197 -0.0037515 0.0290317 -0.0604751 0.9977404
1770030673.707494 0.5006706 -0.3167853 -0.5529802 -0.0024328 0.0288326 -0.0591154 0.9978318
1770030673.774154 0.4850718 -0.3326676 -0.5566845 -0.0015502 0.0281447 -0.0586278 0.9978819
1770030673.874155 0.4597152 -0.3565122 -0.5670900 0.0025803 0.0278346 -0.0594016 0.9978427
1770030673.907478 0.4536573 -0.3629581 -0.5683128 0.0054626 0.0270593 -0.0595805 0.9978418
1770030673.974148 0.4375389 -0.3746198 -0.5774964 0.0115602 0.0260909 -0.0602118 0.9977776
1770030674.007483 0.4302694 -0.3826402 -0.5809711 0.0139463 0.0250728 -0.0607864 0.9977384
1770030674.040817 0.4211921 -0.3942549 -0.5828741 0.0162105 0.0249648 -0.0602650 0.9977385
1770030674.140813 0.4004529 -0.4122652 -0.5941943 0.0258697 0.0206662 -0.0607712 0.9976024
1770030674.207478 0.3901766 -0.4315587 -0.6023282 0.0303828 0.0165464 -0.0605012 0.9975684
1770030674.307479 0.3748070 -0.4482824 -0.6049259 0.0395885 0.0113073 -0.0597031 0.9973668
1770030674.474147 0.3532553 -0.4920849 -0.6168867 0.0553221 -0.0008896 -0.0572895 0.9968233
1770030674.607477 0.3316866 -0.5259010 -0.6152802 0.0652197 -0.0185940 -0.0590306 0.9959498
1770030674.740809 0.2965352 -0.5743036 -0.6249116 0.0728080 -0.0373833 -0.0601840 0.9948263
1770030674.940811 0.2269140 -0.6614941 -0.6461337 0.0756097 -0.0635560 -0.0547388 0.9936033
1770030675.007482 0.2064708 -0.6812696 -0.6319033 0.0741405 -0.0681693 -0.0511429 0.9935998
1770030675.140835 0.1771126 -0.7273933 -0.6342731 0.0659317 -0.0677327 -0.0378758 0.9948019
1770030675.207485 0.1595966 -0.7242751 -0.6122099 0.0537855 -0.0602078 -0.0406970 0.9959046
1770030675.274151 0.1505266 -0.7335241 -0.6003847 0.0267069 -0.0539355 -0.0381050 0.9974597
1770030675.440812 0.1029799 -0.7583335 -0.5722265 -0.0118733 -0.0403584 -0.0400148 0.9983131
1770030675.707499 0.0166139 -0.7971651 -0.5460429 -0.0397531 -0.0249226 -0.0475249 0.9977675
1770030675.874148 0.0066707 -0.8195422 -0.5571114 -0.0413174 -0.0209905 -0.0451438 0.9979050
1770030676.040837 0.0004559 -0.8333358 -0.5655876 -0.0325565 -0.0179532 -0.0449766 0.9982960
1770030676.140840 -0.0052599 -0.8489816 -0.5698158 -0.0252959 -0.0158679 -0.0431480 0.9986224
1770030676.307484 -0.0213445 -0.8670543 -0.5840861 -0.0162195 -0.0124534 -0.0422033 0.9988998
1770030676.607477 -0.0426324 -0.8879014 -0.6088082 -0.0023951 -0.0106328 -0.0414101 0.9990828
1770030677.374145 -0.0751360 -0.9101100 -0.6418579 0.0091531 -0.0130355 -0.0393159 0.9990999
1770030678.007473 -0.1145402 -0.8848562 -0.6693848 0.0062627 -0.0150680 -0.0436875 0.9989120
1770030678.607477 -0.1735030 -0.8651175 -0.7316771 -0.0061529 -0.0138599 -0.0454349 0.9988522
1770030679.107481 -0.1880114 -0.7972470 -0.7346179 -0.0152697 -0.0145187 -0.0551912 0.9982535
1770030679.474149 -0.2078082 -0.7250819 -0.7452576 -0.0195976 -0.0114395 -0.0657239 0.9975798
1770030679.740810 -0.2075725 -0.6887479 -0.7564285 -0.0268875 -0.0111857 -0.0803583 0.9963406
1770030679.940815 -0.2144633 -0.6487986 -0.7696037 -0.0335625 -0.0121793 -0.1471895 0.9884637
1770030680.040810 -0.2111585 -0.6200658 -0.7764434 -0.0374517 -0.0116495 -0.1761464 0.9835823
1770030680.107475 -0.2092572 -0.6048687 -0.7759771 -0.0405179 -0.0117375 -0.1929953 0.9802925
1770030680.274159 -0.2064877 -0.5522242 -0.7870434 -0.0449623 -0.0112050 -0.2391431 0.9698781
1770030680.374149 -0.2074402 -0.5168446 -0.7916632 -0.0473807 -0.0102371 -0.2673705 0.9623738
1770030680.607476 -0.1972284 -0.4472812 -0.8019488 -0.0519631 -0.0100452 -0.3231156 0.9448785
1770030680.740809 -0.1869309 -0.4117587 -0.8048335 -0.0545623 -0.0101974 -0.3496246 0.9352441
1770030680.907474 -0.1745362 -0.3794879 -0.8089478 -0.0583449 -0.0105172 -0.3798798 0.9231341
1770030681.140836 -0.1541567 -0.3340229 -0.8160456 -0.0620410 -0.0096331 -0.4136772 0.9082562
1770030681.407473 -0.1250088 -0.3009234 -0.8267089 -0.0658917 -0.0096280 -0.4429920 0.8940490
1770030681.774159 -0.0825202 -0.2780237 -0.8349710 -0.0689947 -0.0062287 -0.4656158 0.8822715
1770030682.074142 -0.0361810 -0.2827789 -0.8424667 -0.0695617 -0.0058132 -0.4684481 0.8807291
1770030682.340811 0.0016805 -0.2994145 -0.8470446 -0.0674529 -0.0026381 -0.4632249 0.8836662
1770030682.674151 0.0586858 -0.3531595 -0.8364010 -0.0650620 0.0014839 -0.4399699 0.8956513
1770030682.974137 0.1176885 -0.4368321 -0.8279176 -0.0630153 0.0043877 -0.3965060 0.9158564
1770030683.107473 0.1356823 -0.4738001 -0.8421718 -0.0603793 0.0080315 -0.3746771 0.9251524
1770030683.274147 0.1657436 -0.5214987 -0.8589898 -0.0528306 0.0123863 -0.3357225 0.9403967
1770030683.507470 0.2393007 -0.6077304 -0.8349323 -0.0442919 0.0129038 -0.2588605 0.9648124
1770030683.774146 0.3061402 -0.6967973 -0.8212548 -0.0260753 0.0173174 -0.2185741 0.9753182
1770030683.974144 0.3320869 -0.7441120 -0.8338578 0.0014881 0.0322040 -0.2223114 0.9744426
1770030684.307496 0.3620030 -0.8265345 -0.8419143 0.0399029 0.0731266 -0.2288980 0.9698794
1770030684.507478 0.4054489 -0.9028713 -0.8409886 0.0472677 0.1032706 -0.2289075 0.9668001
1770030684.640806 0.4378406 -0.9503905 -0.8292875 0.0465687 0.1216936 -0.2301101 0.9644021
1770030684.807483 0.4771195 -1.0145748 -0.8336828 0.0371318 0.1303598 -0.2318981 0.9632502
1770030684.840812 0.4815595 -1.0185927 -0.8317399 0.0361491 0.1303694 -0.2291383 0.9639465
1770030684.907490 0.4900936 -1.0225590 -0.8219298 0.0222796 0.1273606 -0.2218104 0.9664798
1770030685.107476 0.5598606 -1.0632592 -0.8074796 -0.0331948 0.0994940 -0.1809764 0.9778786
1770030685.240824 0.5950805 -1.0972666 -0.8069597 -0.0544238 0.0868203 -0.1587371 0.9819892
1770030685.374137 0.6323085 -1.1347890 -0.7978582 -0.0687357 0.0765345 -0.1399055 0.9848068
1770030685.540834 0.6762985 -1.1808422 -0.7884343 -0.0747766 0.0662919 -0.1194868 0.9877939
1770030685.674147 0.6987699 -1.2226938 -0.7869710 -0.0733596 0.0612424 -0.1091926 0.9894164
1770030685.840810 0.7321131 -1.2773217 -0.7850358 -0.0641885 0.0546039 -0.0983106 0.9915812
1770030685.974158 0.7560222 -1.3209001 -0.7895267 -0.0522590 0.0501422 -0.0948708 0.9928516
1770030686.107468 0.7802330 -1.3599597 -0.7911257 -0.0425228 0.0465609 -0.0895688 0.9939826
1770030686.274138 0.8044959 -1.4008300 -0.7917988 -0.0337751 0.0444300 -0.0844100 0.9948669
1770030686.607476 0.8633831 -1.4417421 -0.7996872 -0.0173155 0.0401047 -0.0782565 0.9959758
1770030686.907473 0.9022445 -1.4683502 -0.7935061 -0.0109968 0.0400792 -0.0751304 0.9963073
1770030687.174138 0.9428460 -1.4555030 -0.7907670 -0.0073023 0.0389399 -0.0727955 0.9965597
1770030687.440802 0.9773193 -1.4406444 -0.7967755 -0.0048410 0.0396269 -0.0712664 0.9966581
1770030687.807540 1.0182629 -1.3937075 -0.7970947 -0.0027905 0.0412175 -0.0711153 0.9966123
1770030688.074157 1.0423015 -1.3431338 -0.8005509 -0.0031215 0.0434879 -0.0716539 0.9964762
1770030688.374136 1.0714334 -1.2696202 -0.8027514 -0.0043602 0.0440822 -0.0735945 0.9963040
1770030688.674190 1.0864140 -1.1954463 -0.8027331 -0.0074270 0.0462997 -0.0761178 0.9959956
1770030688.907464 1.1073012 -1.1275378 -0.8131478 -0.0089237 0.0465072 -0.0762345 0.9959648
1770030689.107479 1.1147596 -1.0609835 -0.8154688 -0.0107063 0.0478574 -0.0780363 0.9957436
1770030689.340809 1.1273978 -0.9899054 -0.8211333 -0.0132432 0.0483114 -0.0798761 0.9955453
1770030689.540831 1.1321481 -0.9317672 -0.8207227 -0.0163017 0.0487032 -0.0820727 0.9953021
1770030689.840792 1.1362041 -0.8315899 -0.8271765 -0.0181513 0.0496684 -0.0832816 0.9951220
1770030689.874127 1.1352595 -0.8230643 -0.8297468 -0.0186665 0.0495429 -0.0842011 0.9950413
1770030689.940793 1.1344908 -0.8063418 -0.8304648 -0.0199318 0.0499919 -0.0843886 0.9949785
1770030690.107458 1.1367408 -0.7569383 -0.8327237 -0.0209199 0.0495628 -0.0851678 0.9949132
1770030690.207461 1.1355455 -0.7247594 -0.8313570 -0.0212644 0.0507259 -0.0862972 0.9947500
1770030690.407459 1.1304060 -0.6737223 -0.8405398 -0.0237944 0.0487975 -0.0861145 0.9948050
1770030690.540795 1.1203718 -0.6407473 -0.8393297 -0.0252095 0.0492761 -0.0872777 0.9946452
1770030690.674128 1.1141083 -0.6123255 -0.8406593 -0.0265935 0.0483488 -0.0884475 0.9945513
1770030690.840795 1.1024545 -0.5823551 -0.8447726 -0.0281460 0.0474016 -0.0890174 0.9945033
1770030691.040807 1.0842946 -0.5490703 -0.8469377 -0.0303091 0.0461196 -0.0909705 0.9943233
1770030691.274139 1.0581200 -0.5177256 -0.8515593 -0.0317683 0.0451448 -0.0917552 0.9942503
1770030691.574131 1.0173059 -0.4912656 -0.8541645 -0.0334429 0.0434376 -0.0930678 0.9941494
1770030691.740798 0.9936045 -0.4806750 -0.8551694 -0.0334511 0.0432129 -0.0928742 0.9941771
1770030691.874183 0.9755459 -0.4771188 -0.8563153 -0.0334941 0.0423664 -0.0931071 0.9941903
1770030692.174143 0.9202569 -0.4827524 -0.8577631 -0.0332452 0.0411517 -0.0924679 0.9943093
1770030692.474149 0.8745456 -0.4991478 -0.8635737 -0.0307900 0.0368998 -0.0903788 0.9947472
1770030692.607474 0.8471056 -0.5143149 -0.8629953 -0.0299369 0.0359761 -0.0885872 0.9949682
1770030692.774130 0.8189298 -0.5353530 -0.8630731 -0.0278322 0.0328565 -0.0876633 0.9952191
1770030692.874129 0.8041638 -0.5481761 -0.8644690 -0.0250759 0.0307075 -0.0860781 0.9954993
1770030692.907457 0.7924426 -0.5566730 -0.8631456 -0.0258340 0.0312403 -0.0864308 0.9954327
1770030693.040792 0.7594863 -0.5776559 -0.8635668 -0.0238771 0.0307450 -0.0854622 0.9955807
1770030693.107463 0.7442021 -0.5947626 -0.8610732 -0.0236965 0.0300374 -0.0850677 0.9956404
1770030693.174134 0.7298451 -0.6107835 -0.8617176 -0.0234698 0.0292232 -0.0841901 0.9957445
1770030693.207462 0.7248674 -0.6134967 -0.8625106 -0.0226537 0.0287055 -0.0850209 0.9957079
1770030693.340790 0.6934433 -0.6434699 -0.8707465 -0.0199161 0.0273867 -0.0814568 0.9961015
1770030693.440796 0.6612735 -0.6638150 -0.8683974 -0.0177791 0.0285642 -0.0819823 0.9960657
1770030693.507455 0.6509011 -0.6812106 -0.8678688 -0.0160517 0.0263938 -0.0803654 0.9962867
1770030693.674131 0.6100842 -0.7177265 -0.8807431 -0.0087348 0.0242854 -0.0818035 0.9963143
1770030693.774154 0.5834095 -0.7388713 -0.8878322 -0.0004231 0.0230894 -0.0816527 0.9963933
1770030693.807468 0.5729128 -0.7489560 -0.8918583 0.0015833 0.0225326 -0.0820263 0.9963741
1770030693.840798 0.5712244 -0.7472060 -0.8965973 0.0068234 0.0202245 -0.0821984 0.9963874
1770030693.974127 0.5480438 -0.7892973 -0.9051440 0.0158579 0.0131729 -0.0799219 0.9965879
1770030694.140790 0.5206396 -0.8270714 -0.9094778 0.0303952 0.0029227 -0.0792696 0.9963855
1770030694.274134 0.5082753 -0.8567744 -0.9104972 0.0421310 -0.0111322 -0.0768206 0.9960922
1770030694.407474 0.4705591 -0.8947690 -0.9128026 0.0510040 -0.0275675 -0.0809106 0.9950337
1770030694.540804 0.4348683 -0.9469301 -0.9187126 0.0571241 -0.0481860 -0.0789331 0.9940747
1770030694.640797 0.4026230 -0.9851496 -0.9135715 0.0591012 -0.0623057 -0.0767690 0.9933437
1770030694.707466 0.3760459 -1.0063890 -0.9109342 0.0592568 -0.0693597 -0.0752493 0.9929831
1770030694.807467 0.3405974 -1.0399878 -0.9171491 0.0558947 -0.0744190 -0.0701935 0.9931820
1770030694.907460 0.3122059 -1.0799935 -0.9194229 0.0489456 -0.0716502 -0.0609963 0.9943591
1770030695.074122 0.2709877 -1.0917699 -0.8736348 -0.0032570 -0.0528320 -0.0636027 0.9965706
1770030695.440786 0.1719929 -1.1409500 -0.8189973 -0.0551650 -0.0305803 -0.0703152 0.9955288
1770030695.807468 0.0755435 -1.2136292 -0.7814455 -0.0490783 -0.0187333 -0.0773040 0.9956227
1770030696.140795 -0.0026788 -1.2573214 -0.8829417 -0.0274858 -0.0091929 -0.0769279 0.9966154
1770030696.474135 -0.0153390 -1.2624207 -0.8934474 -0.0121518 -0.0086985 -0.0768171 0.9969332
1770030696.974132 -0.0367836 -1.2681683 -0.9111116 -0.0040909 -0.0105869 -0.0773840 0.9969368
1770030697.374129 -0.0469000 -1.2738805 -0.9213874 -0.0049436 -0.0142501 -0.0756896 0.9970174
1770030697.807460 -0.0606472 -1.2564288 -0.9274586 -0.0089406 -0.0163569 -0.0780125 0.9967781
1770030698.340794 -0.1081314 -1.2552018 -0.9844552 -0.0224058 -0.0154474 -0.0750771 0.9968063
1770030698.774141 -0.1161896 -1.2098768 -0.9859041 -0.0330381 -0.0158933 -0.0805419 0.9960768
1770030699.174142 -0.1236116 -1.1371968 -1.0002223 -0.0388068 -0.0147731 -0.0917472 0.9949162
1770030699.440808 -0.1302966 -1.0911134 -1.0170255 -0.0435529 -0.0125400 -0.0979498 0.9941589
1770030699.607453 -0.1265625 -1.0346549 -1.0241379 -0.0484113 -0.0141627 -0.1352056 0.9895328
1770030699.740824 -0.1177037 -0.9936841 -1.0357614 -0.0533729 -0.0153249 -0.1743585 0.9831153
1770030699.874128 -0.1188133 -0.9504924 -1.0337973 -0.0570393 -0.0152187 -0.2139247 0.9750647
1770030700.007456 -0.1133640 -0.9119509 -1.0387387 -0.0613431 -0.0162902 -0.2498420 0.9662043
1770030700.074128 -0.1150695 -0.8955938 -1.0443769 -0.0636426 -0.0159740 -0.2688846 0.9609347
1770030700.240793 -0.1055647 -0.8404853 -1.0518937 -0.0666642 -0.0165305 -0.3114569 0.9477749
1770030700.407454 -0.0958866 -0.7994872 -1.0589713 -0.0709042 -0.0169462 -0.3476535 0.9347848
1770030700.540792 -0.0879105 -0.7665902 -1.0649682 -0.0731856 -0.0171837 -0.3746633 0.9241082
1770030700.840787 -0.0563195 -0.7021275 -1.0728717 -0.0772753 -0.0182284 -0.4222221 0.9030087
1770030701.140793 -0.0211007 -0.6657242 -1.0811383 -0.0815551 -0.0193668 -0.4561969 0.8859221
1770030701.507462 0.0208024 -0.6404188 -1.0959492 -0.0846173 -0.0156560 -0.4796672 0.8732206
1770030701.774130 0.0511334 -0.6436700 -1.0970891 -0.0858363 -0.0133733 -0.4850332 0.8701702
1770030702.074138 0.1033214 -0.6661223 -1.1005857 -0.0845153 -0.0122561 -0.4773469 0.8745552
1770030702.274140 0.1311732 -0.6986890 -1.0954907 -0.0842257 -0.0095277 -0.4668357 0.8802725
1770030702.540793 0.1767914 -0.7450252 -1.0834789 -0.0806519 -0.0049026 -0.4430040 0.8928710
1770030702.807513 0.2246917 -0.8199727 -1.0701318 -0.0775870 -0.0005345 -0.4036100 0.9116353
1770030703.007462 0.2719691 -0.8871186 -1.0758389 -0.0726429 0.0018085 -0.3552851 0.9319293
1770030703.207433 0.3184975 -0.9563926 -1.0691719 -0.0641305 0.0067943 -0.2940585 0.9536093
1770030703.540793 0.3977377 -1.0531703 -1.0300505 -0.0401390 0.0136059 -0.2379405 0.9703546
1770030703.574097 0.4040056 -1.0628294 -1.0383379 -0.0361197 0.0147356 -0.2375068 0.9706023
1770030703.674106 0.4126233 -1.0919930 -1.0563062 -0.0225189 0.0219602 -0.2394072 0.9704096
1770030703.774110 0.4274090 -1.1248255 -1.0660176 -0.0102217 0.0307397 -0.2386346 0.9705690
1770030703.874115 0.4419252 -1.1523173 -1.0642909 0.0013689 0.0406782 -0.2378301 0.9704536
1770030704.040776 0.4670858 -1.1965010 -1.0580808 0.0204658 0.0600604 -0.2374359 0.9693287
1770030704.174111 0.4937550 -1.2382314 -1.0509799 0.0286903 0.0805514 -0.2373724 0.9676480
1770030704.374102 0.5332266 -1.3107729 -1.0406373 0.0315999 0.1102350 -0.2376515 0.9645577
1770030704.707435 0.6169532 -1.4219897 -1.0380386 -0.0130145 0.1122289 -0.2206347 0.9687908
1770030704.874116 0.6646293 -1.4508259 -1.0166041 -0.0539058 0.0913186 -0.1880765 0.9764130
1770030705.074098 0.7143613 -1.4947546 -0.9994584 -0.0816861 0.0754019 -0.1589565 0.9810070
1770030705.307446 0.7716285 -1.5662519 -0.9831651 -0.0948285 0.0619174 -0.1286865 0.9851972
1770030705.607445 0.8295729 -1.6566509 -0.9708388 -0.0825142 0.0500897 -0.1071745 0.9895434
1770030705.907434 0.8787442 -1.7489495 -0.9704419 -0.0600435 0.0423600 -0.0960354 0.9926619
1770030706.207433 0.9254295 -1.8078592 -0.9682687 -0.0447298 0.0381550 -0.0886897 0.9943227
1770030706.474113 0.9679421 -1.8388920 -0.9661726 -0.0359872 0.0366066 -0.0837172 0.9951665
1770030706.774114 1.0143058 -1.8512785 -0.9660808 -0.0298561 0.0354844 -0.0806435 0.9956637
1770030707.074110 1.0566911 -1.8410770 -0.9650697 -0.0282540 0.0347377 -0.0785921 0.9959008
1770030707.340782 1.0861313 -1.8167804 -0.9674476 -0.0251840 0.0363641 -0.0787709 0.9959109
1770030707.640777 1.1196495 -1.7692249 -0.9694862 -0.0242449 0.0377342 -0.0793789 0.9958350
1770030707.940769 1.1495799 -1.7052408 -0.9758480 -0.0243584 0.0389837 -0.0806006 0.9956859
1770030708.240763 1.1749973 -1.6302713 -0.9836296 -0.0258904 0.0410871 -0.0821360 0.9954372
1770030708.540770 1.1937751 -1.5454195 -0.9940331 -0.0277363 0.0424323 -0.0843496 0.9951459
1770030708.807446 1.2107205 -1.4635322 -1.0019768 -0.0299793 0.0438477 -0.0867859 0.9948100
1770030709.040765 1.2184134 -1.3950593 -1.0085596 -0.0325579 0.0449357 -0.0886868 0.9945127
1770030709.207438 1.2234174 -1.3470885 -1.0123844 -0.0351520 0.0452346 -0.0900052 0.9942923
1770030709.474104 1.2257848 -1.2601095 -1.0213873 -0.0372609 0.0465669 -0.0919860 0.9939727
1770030709.607452 1.2281758 -1.2256409 -1.0246652 -0.0398205 0.0462434 -0.0933589 0.9937605
1770030709.774101 1.2285219 -1.1752336 -1.0297616 -0.0412868 0.0469321 -0.0943728 0.9935727
1770030709.874096 1.2277813 -1.1473892 -1.0321033 -0.0423403 0.0469482 -0.0953666 0.9934326
1770030710.040766 1.2240894 -1.0989980 -1.0380228 -0.0436834 0.0488284 -0.0965570 0.9931688
1770030710.207447 1.2196929 -1.0528399 -1.0440094 -0.0442815 0.0465997 -0.0967895 0.9932268
1770030710.374106 1.2085080 -1.0179933 -1.0469931 -0.0465256 0.0469391 -0.0981489 0.9929748
1770030710.474103 1.2049106 -0.9967835 -1.0520455 -0.0476228 0.0454387 -0.0984556 0.9929622
1770030710.574121 1.1979043 -0.9766899 -1.0532057 -0.0483081 0.0452474 -0.0992085 0.9928629
1770030710.740776 1.1873635 -0.9456235 -1.0570389 -0.0488329 0.0436519 -0.0995655 0.9928729
1770030710.874103 1.1708888 -0.9254398 -1.0619149 -0.0501185 0.0437261 -0.1004899 0.9927124
1770030711.040767 1.1546983 -0.9014392 -1.0640401 -0.0507632 0.0422642 -0.1010938 0.9926817
1770030711.140777 1.1434988 -0.8913080 -1.0630878 -0.0504874 0.0406400 -0.1011202 0.9927609
1770030711.340793 1.1162614 -0.8725133 -1.0675926 -0.0514449 0.0402063 -0.1013188 0.9927091
1770030711.507435 1.0914229 -0.8644897 -1.0678825 -0.0522166 0.0400617 -0.1021410 0.9925904
1770030711.707460 1.0607216 -0.8612484 -1.0673581 -0.0529154 0.0396126 -0.1018794 0.9925983
1770030711.807449 1.0481395 -0.8606259 -1.0709181 -0.0523172 0.0379939 -0.1022905 0.9926510
1770030711.907435 1.0326096 -0.8628286 -1.0744901 -0.0519690 0.0372586 -0.1010436 0.9928249
1770030712.040774 1.0105175 -0.8696731 -1.0725449 -0.0514340 0.0358121 -0.1002641 0.9929850
1770030712.174113 0.9792619 -0.8792530 -1.0689840 -0.0512543 0.0361385 -0.0998737 0.9930218
1770030712.340771 0.9552605 -0.8902161 -1.0725969 -0.0485256 0.0327834 -0.0976800 0.9934934
1770030712.474109 0.9229633 -0.9116948 -1.0679767 -0.0485115 0.0324064 -0.0974011 0.9935338
1770030712.540776 0.9107697 -0.9209925 -1.0671155 -0.0478738 0.0313156 -0.0968439 0.9936542
1770030712.674106 0.8775802 -0.9435858 -1.0629376 -0.0468810 0.0307896 -0.0966070 0.9937410
1770030712.774104 0.8585750 -0.9577886 -1.0645393 -0.0450703 0.0290661 -0.0958290 0.9939520
1770030712.840775 0.8540473 -0.9651271 -1.0679947 -0.0426804 0.0266784 -0.0941744 0.9942826
1770030713.007445 0.7995874 -1.0081024 -1.0580281 -0.0429683 0.0280908 -0.0946798 0.9941832
1770030713.107431 0.7775311 -1.0293678 -1.0587440 -0.0409613 0.0263388 -0.0940659 0.9943742
1770030713.174097 0.7646107 -1.0420536 -1.0612924 -0.0391071 0.0259193 -0.0919570 0.9946571
1770030713.307433 0.7289940 -1.0726510 -1.0666482 -0.0361967 0.0247814 -0.0915337 0.9948353
1770030713.374101 0.7158399 -1.0844204 -1.0691458 -0.0328826 0.0237584 -0.0927095 0.9948664
1770030713.507446 0.6827533 -1.1146976 -1.0797257 -0.0233446 0.0209400 -0.0932652 0.9951473
1770030713.607433 0.6615490 -1.1352015 -1.0913488 -0.0143328 0.0171059 -0.0931601 0.9954010
1770030713.707469 0.6436853 -1.1541228 -1.1014699 -0.0047430 0.0119508 -0.0924652 0.9956329
1770030713.774097 0.6315011 -1.1679174 -1.1059289 0.0007300 0.0080325 -0.0922187 0.9957061
1770030713.940782 0.6080905 -1.2104591 -1.1095402 0.0154596 -0.0027815 -0.0906119 0.9957624
1770030714.107440 0.5769585 -1.2538177 -1.1067085 0.0271363 -0.0223617 -0.0897771 0.9953410
1770030714.274113 0.5368956 -1.3008982 -1.0912486 0.0368345 -0.0481292 -0.0876007 0.9943103
1770030714.374102 0.5035973 -1.3318008 -1.0822811 0.0406442 -0.0629391 -0.0871509 0.9933738
1770030714.440774 0.4808869 -1.3548779 -1.0783772 0.0404864 -0.0706972 -0.0841705 0.9931154
1770030714.540766 0.4487258 -1.3940611 -1.0829102 0.0370594 -0.0780913 -0.0774857 0.9932393
1770030714.640765 0.4237733 -1.4217534 -1.0765926 0.0316209 -0.0773347 -0.0687595 0.9941286
1770030714.707447 0.4160741 -1.4254379 -1.0666901 0.0271532 -0.0718740 -0.0676323 0.9947476
1770030714.840787 0.3689431 -1.4371245 -1.0484102 -0.0197266 -0.0558733 -0.0724710 0.9956089
1770030714.974108 0.3305527 -1.4562116 -1.0233940 -0.0463880 -0.0453578 -0.0760318 0.9949925
1770030715.174105 0.2717118 -1.4903575 -1.0063593 -0.0708313 -0.0339811 -0.0812901 0.9935895
1770030715.307453 0.2366208 -1.4966502 -0.9920281 -0.0752861 -0.0290789 -0.0857046 0.9930464
1770030715.474105 0.2205313 -1.5159495 -0.9999038 -0.0740948 -0.0251877 -0.0844482 0.9933499
1770030715.707440 0.2016757 -1.5453421 -1.0194243 -0.0614962 -0.0201916 -0.0813512 0.9945816
1770030716.040766 0.1701822 -1.5680231 -1.0621005 -0.0439447 -0.0162701 -0.0819194 0.9955367
1770030716.474097 0.1395954 -1.5860860 -1.0969360 -0.0354361 -0.0135001 -0.0813116 0.9959671
1770030717.174104 0.0668937 -1.5959336 -1.1875099 -0.0309880 -0.0090021 -0.0845314 0.9958982
1770030717.474131 0.0623903 -1.5899192 -1.1939265 -0.0342005 -0.0081950 -0.0847064 0.9957851
1770030717.907440 0.0540246 -1.5549963 -1.2048805 -0.0383952 -0.0065185 -0.0896772 0.9952092
1770030718.240778 0.0508840 -1.5204887 -1.2118561 -0.0417245 -0.0046397 -0.0949711 0.9945945
1770030718.707430 0.0439214 -1.4374441 -1.2084284 -0.0446829 -0.0006862 -0.1023269 0.9937466
1770030719.007385 0.0721144 -1.3852779 -1.2016013 -0.0484383 0.0003357 -0.0983415 0.9939731
1770030719.307389 0.1077460 -1.3478751 -1.2079720 -0.0522513 0.0010679 -0.0953211 0.9940737
1770030719.474070 0.1272003 -1.3313674 -1.2124953 -0.0543447 0.0011348 -0.0939443 0.9940925
1770030719.674076 0.1497338 -1.3144400 -1.2175046 -0.0566695 0.0018663 -0.0927637 0.9940724
1770030719.974051 0.1818830 -1.2974306 -1.2273537 -0.0595340 0.0032881 -0.0921337 0.9939599
1770030720.307393 0.2193891 -1.2803886 -1.2309420 -0.0609271 0.0043845 -0.0927040 0.9938182
1770030720.774062 0.2639449 -1.2726068 -1.2303945 -0.0624202 0.0056789 -0.0920888 0.9937762
1770030721.207392 0.2928245 -1.2840000 -1.2412361 -0.0631547 0.0076968 -0.0925484 0.9936735
1770030721.607386 0.3287116 -1.3032852 -1.2417616 -0.0636864 0.0074512 -0.0908947 0.9937941
1770030721.974064 0.3486049 -1.3130985 -1.2338588 -0.0633864 0.0070300 -0.0903134 0.9938694
1770030722.307386 0.3697859 -1.3237936 -1.2233889 -0.0632356 0.0060187 -0.0893504 0.9939726
1770030723.307394 0.3978114 -1.3366013 -1.2110326 -0.0624001 0.0029816 -0.0889783 0.9940726
