1770030622740884480.000000 0.000000000 0.000000000 0.000000000 -0.000000000 -0.000000000 -0.000000000 1.000000000
1770030623074209280.000000 -0.003212004 -0.005340781 -0.016025946 0.000195622 0.000367611 -0.001666968 0.999998569
1770030623107536384.000000 -0.003802101 -0.004854954 -0.013191823 0.000173944 0.000720274 -0.001902531 0.999997914
1770030623440936448.000000 -0.000103375 -0.004812589 -0.017866435 0.000570416 0.000083894 -0.001175378 0.999999166
1770030624540900096.000000 -0.003168078 -0.004506493 -0.016577609 0.000449709 0.000399725 -0.000807486 0.999999523
1770030626174200064.000000 0.019424539 -0.026921796 -0.036247537 -0.000668088 -0.003300919 -0.003614891 0.999987781
1770030627674215680.000000 0.085241161 -0.057369996 -0.033756915 0.003666880 -0.000334586 -0.004228370 0.999984264
1770030628007564544.000000 0.112412967 -0.058260661 -0.027908759 0.004639474 0.001109640 -0.001687540 0.999987185
1770030628274236416.000000 0.134050414 -0.063924491 -0.027729496 0.005867429 0.003344940 -0.001119670 0.999976575
1770030628707541248.000000 0.180776328 -0.061946187 -0.036169380 0.007472372 0.006102922 0.001076926 0.999952912
1770030629340875264.000000 0.240901932 -0.040935244 -0.022887684 0.007748539 0.013176346 0.001052504 0.999882638
1770030629707550208.000000 0.285894215 -0.016282577 -0.031132210 0.008989623 0.017171150 0.001743257 0.999810636
1770030630007534848.000000 0.319636911 0.011407981 -0.024862099 0.009372018 0.021020023 0.002247505 0.999732614
1770030630240864512.000000 0.340061963 0.039801091 -0.015346123 0.010186946 0.025576908 0.001646839 0.999619603
1770030630507537920.000000 0.366168559 0.068524584 -0.011643465 0.008171878 0.028075390 0.000355329 0.999572396
1770030630774203648.000000 0.392533302 0.109216541 -0.003340596 0.008413860 0.030459473 -0.000516121 0.999500453
1770030630940868352.000000 0.405304044 0.130160183 0.002149548 0.006895676 0.031685356 -0.002882694 0.999469936
1770030631074201600.000000 0.416046947 0.150075093 0.003873679 0.006781028 0.032290190 -0.003525127 0.999449313
1770030631240864256.000000 0.425876647 0.176656023 0.004563445 0.006130944 0.033344220 -0.005762568 0.999408484
1770030631407536384.000000 0.436066568 0.202350006 0.003954954 0.005506626 0.033921793 -0.007293582 0.999382734
1770030631607533056.000000 0.448668391 0.232909307 0.004153612 0.005689357 0.033524167 -0.009205607 0.999379337
1770030631807536640.000000 0.458094925 0.258047968 0.003229553 0.004388016 0.033417042 -0.011061270 0.999370635
1770030632007587328.000000 0.462259024 0.281702429 0.002741320 0.003603423 0.033496641 -0.012716474 0.999351442
1770030632240904448.000000 0.462806642 0.305561006 -0.000544515 0.003527542 0.033500344 -0.015019659 0.999319613
1770030632607574784.000000 0.458543241 0.326828450 -0.002677653 0.002883774 0.031397715 -0.015914701 0.999376118
1770030633107553536.000000 0.426141351 0.323603213 -0.005839219 0.003361601 0.029266683 -0.016682673 0.999426782
1770030633440889856.000000 0.398062944 0.296853483 -0.014876320 0.004791850 0.027628804 -0.014303679 0.999504447
1770030633774223360.000000 0.361670911 0.252951324 -0.020955337 0.008514705 0.024701970 -0.010660773 0.999601781
1770030634040932608.000000 0.315263689 0.201283693 -0.024430977 0.012144987 0.025107153 -0.007627490 0.999581873
1770030634440881920.000000 0.250887513 0.119319521 -0.045915149 0.027198812 0.020119378 -0.006364678 0.999407291
1770030634674228224.000000 0.218434975 0.077144533 -0.065140955 0.046277061 0.011592878 -0.004272397 0.998852253
1770030634940892672.000000 0.186512575 -0.001040972 -0.065364234 0.066405118 -0.009108693 -0.004521674 0.997740924
1770030635107550720.000000 0.152116165 -0.060392145 -0.102267675 0.078684971 -0.028697034 -0.014872359 0.996375442
1770030635540892160.000000 0.048782088 -0.245405942 -0.107710704 0.071684621 -0.054246269 0.002091753 0.995948970
1770030635640883200.000000 0.026042640 -0.242319763 -0.063350551 0.035851501 -0.045066301 0.003279272 0.998335063
1770030635874221568.000000 -0.038207110 -0.279676706 -0.031396005 -0.014033385 -0.030532554 -0.000623874 0.999435067
1770030636007575040.000000 -0.078036085 -0.300921738 -0.011864489 -0.030231945 -0.024234114 -0.005150906 0.999235809
1770030636107578880.000000 -0.111828737 -0.315326184 0.012897387 -0.036050841 -0.019593304 -0.010859075 0.999098837
1770030636274254592.000000 -0.153663591 -0.371139109 0.006465822 -0.040370852 -0.014394827 -0.011147835 0.999018908
1770030636407567616.000000 -0.184479222 -0.415002316 0.009095746 -0.037046138 -0.010563426 -0.011163365 0.999195397
1770030636707558912.000000 -0.243025720 -0.512847483 -0.019323587 -0.016070534 -0.004421925 -0.006541107 0.999839723
1770030636874247168.000000 -0.269133151 -0.542414546 -0.054034930 -0.006786421 -0.002766555 -0.003230548 0.999967933
1770030637040906496.000000 -0.302153260 -0.553344309 -0.092548482 0.002141842 -0.000722432 -0.008317073 0.999962866
1770030637307573760.000000 -0.306252539 -0.577527523 -0.095462687 0.010817955 -0.001904003 -0.001646472 0.999938309
1770030637640883968.000000 -0.329874933 -0.592683554 -0.112967938 0.015878564 -0.002075322 -0.000334126 0.999871731
1770030638040881408.000000 -0.355653375 -0.586037338 -0.129904270 0.019737341 -0.004377412 -0.002005118 0.999793649
1770030638440883456.000000 -0.388379902 -0.556126893 -0.149946392 0.020195197 -0.005476124 -0.005831026 0.999764085
1770030638674214912.000000 -0.413316101 -0.535927713 -0.161246315 0.017330304 -0.005582800 -0.011411370 0.999769092
1770030638907556864.000000 -0.424619406 -0.502287567 -0.167729616 0.015801879 -0.006128442 -0.015226824 0.999740422
1770030639074227456.000000 -0.438596904 -0.471357763 -0.169929713 0.015086174 -0.005521169 -0.019650701 0.999677837
1770030639374228736.000000 -0.456557900 -0.431858152 -0.174154639 0.010152298 -0.004844998 -0.023808572 0.999653280
1770030639674225408.000000 -0.476864487 -0.372648031 -0.180210933 0.006775588 -0.003193147 -0.030164238 0.999516904
1770030639974234624.000000 -0.480981737 -0.315034539 -0.180712849 0.003320948 -0.002057960 -0.036927283 0.999310315
1770030640274207488.000000 -0.548859000 -0.125272125 -0.062694050 -0.000475436 -0.001564145 -0.041898161 0.999120593
1770030640574210560.000000 -0.569643557 -0.028051652 -0.072997861 -0.011405703 0.000037555 -0.132720530 0.991087854
1770030640840865792.000000 -0.578998923 0.058509473 -0.081399918 -0.018110663 0.003186974 -0.206438422 0.978286803
1770030641107535616.000000 -0.570520103 0.132054940 -0.081307836 -0.025975717 0.004381232 -0.269030690 0.962771297
1770030641407536640.000000 -0.560007691 0.209636539 -0.088744342 -0.031433415 0.006807589 -0.328174263 0.944069505
1770030641740871936.000000 -0.539178133 0.277196884 -0.084261842 -0.036639955 0.009025845 -0.375701845 0.925972044
1770030642040865792.000000 -0.506777287 0.315197408 -0.091312088 -0.039634250 0.011122744 -0.403162122 0.914202273
1770030642307535360.000000 -0.471718729 0.322870284 -0.102884181 -0.042156450 0.012263007 -0.415807724 0.908392191
1770030642540865536.000000 -0.435107529 0.323716253 -0.100445278 -0.042041767 0.012275257 -0.417320728 0.907703280
1770030642707531520.000000 -0.406624168 0.316203475 -0.102932885 -0.041653201 0.013189480 -0.413417399 0.909492791
1770030642907534592.000000 -0.368478209 0.296349108 -0.104119256 -0.040620539 0.013821323 -0.403547883 0.913951874
1770030643074196736.000000 -0.339825809 0.277803063 -0.097548008 -0.039559755 0.016001005 -0.389469206 0.920050383
1770030643240865024.000000 -0.309083670 0.238869786 -0.114628583 -0.038402095 0.017187398 -0.374442726 0.926295042
1770030643340872192.000000 -0.284542263 0.218633845 -0.108349666 -0.037364841 0.017927285 -0.360654950 0.931778133
1770030643374195456.000000 -0.277299464 0.214677826 -0.104722507 -0.035978835 0.017850762 -0.357119262 0.933194935
1770030643507539712.000000 -0.251451284 0.176884279 -0.113295235 -0.034433924 0.020144675 -0.335292190 0.941269159
1770030643640927232.000000 -0.213205278 0.139010400 -0.106015459 -0.031171760 0.019708607 -0.305235982 0.951562345
1770030643774202880.000000 -0.172512904 0.091755517 -0.117319047 -0.027368071 0.019567721 -0.265171856 0.963614047
1770030643874195712.000000 -0.143563852 0.053781621 -0.118258737 -0.024569716 0.020063952 -0.231836811 0.972237349
1770030644040895232.000000 -0.085714974 0.002811137 -0.111659206 -0.018105384 0.019362401 -0.182373539 0.982871890
1770030644174206976.000000 -0.055844780 -0.020904662 -0.100196853 -0.006805830 0.022569308 -0.162387446 0.986445487
1770030644407545344.000000 0.009566980 -0.083328918 -0.093788587 0.018170100 0.033161368 -0.151518524 0.987730861
1770030644540863488.000000 0.037540872 -0.113745302 -0.101534352 0.032901540 0.045582302 -0.149875596 0.987105370
1770030644774250240.000000 0.087139167 -0.173975438 -0.075305380 0.056294184 0.072663046 -0.145471394 0.985083342
1770030644874210560.000000 0.099769734 -0.190636545 -0.062772699 0.061550476 0.090139404 -0.145123944 0.983374536
1770030645074204160.000000 0.165105939 -0.260603547 -0.063205935 0.061955184 0.118758738 -0.143191755 0.980588615
1770030645207534848.000000 0.199896172 -0.300708354 -0.070480809 0.055258274 0.131093130 -0.145224884 0.979117393
1770030645374212608.000000 0.248579383 -0.338916004 -0.069201715 0.040104572 0.126928523 -0.135770530 0.981757224
1770030645540876800.000000 0.308178097 -0.322138876 -0.056187771 -0.006989812 0.099319436 -0.106152177 0.989352584
1770030645674196224.000000 0.345698088 -0.368926495 -0.050391190 -0.031779613 0.083616413 -0.081501484 0.992650926
1770030645807533056.000000 0.384721577 -0.376215756 -0.039459597 -0.044355292 0.071045965 -0.061196081 0.994605541
1770030646007531264.000000 0.439682513 -0.411530733 -0.028179163 -0.053236645 0.057765316 -0.035825454 0.996265829
1770030646140868096.000000 0.460594535 -0.402603775 -0.034571741 -0.047633998 0.052481886 -0.030510895 0.997018456
1770030646274203904.000000 0.477763265 -0.419564277 -0.036927953 -0.039192431 0.049014457 -0.024409588 0.997730315
1770030646374214144.000000 0.487734228 -0.428058684 -0.038922627 -0.029859599 0.047563408 -0.023191858 0.998152435
1770030646540878848.000000 0.499277353 -0.458271027 -0.050019801 -0.014954557 0.045701224 -0.020443078 0.998633981
1770030646840871168.000000 0.540267587 -0.496916085 -0.065371230 0.004368511 0.042356744 -0.013257705 0.999005020
1770030647174194688.000000 0.598947704 -0.514116168 -0.068664491 0.018280730 0.039944243 -0.008955942 0.998994529
1770030647607526912.000000 0.638948977 -0.523936093 -0.083674975 0.025590427 0.040411647 -0.005078766 0.998842478
1770030648040858624.000000 0.678350389 -0.495939434 -0.090444252 0.028087353 0.041616019 -0.003588727 0.998732388
1770030648407545600.000000 0.703846872 -0.454238653 -0.087521151 0.027666289 0.044115402 -0.002876498 0.998639166
1770030648740881920.000000 0.727685809 -0.401243687 -0.087200753 0.024251407 0.044697575 -0.002550372 0.998702943
1770030649174195968.000000 0.743933320 -0.314556986 -0.087766811 0.019663353 0.046577208 -0.002141662 0.998718858
1770030649540903680.000000 0.767547905 -0.210821688 -0.066885203 0.017004021 0.047115482 -0.004844841 0.998732984
1770030649940900608.000000 0.774448097 -0.126776859 -0.059977964 0.009542546 0.046976313 -0.005038926 0.998837709
1770030650240859392.000000 0.771963120 -0.061661333 -0.056186732 0.003997415 0.046894182 -0.005311454 0.998877764
1770030650474228224.000000 0.767336547 -0.016486255 -0.056730609 -0.000166337 0.046299841 -0.005468925 0.998912632
1770030650707538688.000000 0.763057232 0.047671232 -0.045341045 -0.001424549 0.047323409 -0.007301335 0.998851955
1770030650974204672.000000 0.745031893 0.107130319 -0.045988932 -0.003457518 0.045363769 -0.008802928 0.998925805
1770030651140857344.000000 0.726862729 0.142822236 -0.049850143 -0.004524964 0.045519069 -0.010973987 0.998892963
1770030651340859392.000000 0.706399083 0.178505868 -0.051400814 -0.005621555 0.044491924 -0.011457453 0.998928249
1770030651474208000.000000 0.688674331 0.195925131 -0.052950218 -0.007165123 0.044634040 -0.013086460 0.998892009
1770030651640857344.000000 0.670362473 0.215508267 -0.053008519 -0.008719708 0.044050861 -0.014245948 0.998889625
1770030651840886016.000000 0.644203007 0.236285150 -0.055322580 -0.008210359 0.042072535 -0.014297853 0.998978496
1770030651974223872.000000 0.625324726 0.243719384 -0.056807447 -0.009123114 0.041417424 -0.015871711 0.998974204
1770030652107541248.000000 0.611505628 0.252068698 -0.060811225 -0.009291066 0.040518649 -0.014887839 0.999024689
1770030652274203392.000000 0.589126527 0.249939010 -0.060871728 -0.010816831 0.039995778 -0.015270694 0.999024630
1770030652440876544.000000 0.564757586 0.249060377 -0.063404471 -0.011246800 0.039790940 -0.016502719 0.999008477
1770030652607525888.000000 0.541614294 0.240266114 -0.063722268 -0.010985547 0.038048554 -0.015484652 0.999095559
1770030652640858624.000000 0.537528336 0.239263058 -0.065829143 -0.010555436 0.037500814 -0.015675027 0.999117911
1770030652874198528.000000 0.503956139 0.218750685 -0.072492942 -0.009469464 0.035075787 -0.013632438 0.999246836
1770030653007523072.000000 0.485736966 0.206051856 -0.070372917 -0.007669437 0.033648260 -0.012169515 0.999330223
1770030653140891904.000000 0.470540047 0.190470189 -0.076009199 -0.006138567 0.031040063 -0.010754678 0.999441445
1770030653240900608.000000 0.453263462 0.173901424 -0.082541168 -0.004751025 0.029621551 -0.009799781 0.999501884
1770030653307524608.000000 0.446259528 0.168592334 -0.084200487 -0.002797827 0.028227178 -0.008732365 0.999559462
1770030653440863232.000000 0.423541069 0.139576420 -0.089778766 -0.001508076 0.027095309 -0.006479350 0.999610722
1770030653474196224.000000 0.418504596 0.133467823 -0.092123047 -0.001012445 0.026612220 -0.005212545 0.999631763
1770030653574204416.000000 0.407151192 0.115246780 -0.091331035 0.001808632 0.024833133 -0.003797923 0.999682784
1770030653740897792.000000 0.385685176 0.087062389 -0.098783471 0.005895546 0.022310151 -0.001355372 0.999732792
1770030653774195968.000000 0.378477126 0.077902779 -0.100183539 0.006544896 0.022193108 0.000049901 0.999732316
1770030653807552000.000000 0.370637923 0.069223106 -0.101891063 0.006778002 0.022507740 0.000439499 0.999723613
1770030653840864256.000000 0.368895590 0.063364565 -0.102904156 0.007746086 0.021397067 0.001011911 0.999740541
1770030653874209024.000000 0.359217077 0.056572720 -0.110276885 0.008913674 0.021579223 0.001428816 0.999726415
1770030654040876800.000000 0.335207969 0.016347127 -0.119328856 0.013534035 0.018949434 0.003740078 0.999721885
1770030654074202368.000000 0.328671247 0.011677438 -0.118092604 0.015476913 0.019469736 0.002420530 0.999687731
1770030654107524096.000000 0.320164621 0.001385918 -0.122371860 0.016570630 0.019757591 0.002120892 0.999665260
1770030654140864256.000000 0.308981866 -0.001345841 -0.125808775 0.019708578 0.019751886 -0.000073244 0.999610662
1770030654174195456.000000 0.304643244 -0.014136237 -0.129236147 0.020925926 0.018813496 -0.000699578 0.999603748
1770030654340877568.000000 0.260783255 -0.049093254 -0.144532144 0.035827648 0.016487911 -0.005002237 0.999209464
1770030654374199552.000000 0.254302919 -0.054195441 -0.144227311 0.038934227 0.015685685 -0.006207629 0.999099374
1770030654474213632.000000 0.236026525 -0.078882433 -0.157236278 0.046791717 0.011197977 -0.006652599 0.998819768
1770030654640870400.000000 0.207295597 -0.118250735 -0.161959678 0.062081762 0.002983167 -0.008949343 0.998026490
1770030654774196480.000000 0.193093300 -0.157982484 -0.176936835 0.072367892 -0.010028212 -0.008795867 0.997288823
1770030654940862720.000000 0.144187555 -0.203764021 -0.114381835 0.085707918 -0.031297512 -0.013893111 0.995731711
1770030655040856320.000000 0.122434266 -0.244018704 -0.117118843 0.089778610 -0.045962352 -0.012271793 0.994824946
1770030655107523328.000000 0.094932973 -0.275551975 -0.116620474 0.090642571 -0.054332439 -0.011434736 0.994334519
1770030655240854784.000000 0.070525944 -0.330896586 -0.129756689 0.089373186 -0.068559028 -0.005579667 0.993620157
1770030655374214144.000000 0.045474958 -0.365151018 -0.143350452 0.082751878 -0.069558479 0.005173469 0.994126260
1770030655540870400.000000 0.043487549 -0.362849385 -0.096851714 0.035649151 -0.055681054 0.005606575 0.997796237
1770030655574190080.000000 -0.010539604 -0.347408503 -0.155627102 0.026886813 -0.049991719 -0.001221776 0.998386919
1770030655807520512.000000 -0.040714867 -0.362429857 -0.168025330 -0.010064107 -0.036419295 -0.006095368 0.999267340
1770030655974189056.000000 -0.050676145 -0.385593921 -0.173195839 -0.022825295 -0.030923951 -0.007333315 0.999234200
1770030656140834816.000000 -0.062343344 -0.407288283 -0.179401129 -0.023332139 -0.026461748 -0.005311093 0.999363363
1770030656207502336.000000 -0.071917050 -0.418711692 -0.180488765 -0.021230156 -0.023985835 -0.004602912 0.999476254
1770030656274207232.000000 -0.075360939 -0.434496820 -0.184285507 -0.017673306 -0.023369305 -0.004819118 0.999559104
1770030656340837120.000000 -0.093628190 -0.454840332 -0.189702973 -0.013170110 -0.019898955 -0.006332241 0.999695182
1770030656474182144.000000 -0.109152727 -0.483946413 -0.196726158 -0.004240426 -0.016883951 -0.006189706 0.999829352
1770030656540837120.000000 -0.117546394 -0.492388725 -0.198173597 -0.000984043 -0.015424930 -0.005706184 0.999864280
1770030656674194944.000000 -0.129574910 -0.525359035 -0.209155008 0.003985073 -0.013616695 -0.004646528 0.999888539
1770030656807526144.000000 -0.143965498 -0.552443802 -0.229535535 0.009050805 -0.012920453 -0.004253880 0.999866545
1770030656907498496.000000 -0.142234698 -0.563705802 -0.224845052 0.011817687 -0.013012717 -0.002156777 0.999843180
1770030656974195200.000000 -0.146501839 -0.560579598 -0.217418894 0.014206940 -0.012530897 -0.003657130 0.999813855
1770030657007513856.000000 -0.145538315 -0.563072681 -0.218061775 0.015265636 -0.012806175 -0.002951527 0.999797106
1770030657107541248.000000 -0.151678562 -0.573840857 -0.226646915 0.016291963 -0.013195300 -0.001756070 0.999778688
1770030657240832256.000000 -0.164969102 -0.579830170 -0.235836804 0.016388081 -0.011737232 -0.002036207 0.999794781
1770030657307501568.000000 -0.166761637 -0.585879564 -0.245216161 0.017745286 -0.012405843 -0.001662573 0.999764204
1770030657774165504.000000 -0.219081014 -0.595934093 -0.299837619 0.020860538 -0.011926703 -0.003924240 0.999703586
1770030658040847872.000000 -0.227847740 -0.584632814 -0.306095421 0.019421551 -0.014219983 -0.005394287 0.999695718
1770030658440852480.000000 -0.264989525 -0.552745104 -0.325464249 0.016792664 -0.013350739 -0.010894832 0.999710560
1770030658774164736.000000 -0.299560189 -0.529012620 -0.355074167 0.011699930 -0.012382469 -0.015674068 0.999732077
1770030659074162688.000000 -0.316851884 -0.491086364 -0.362335384 0.006102909 -0.012470724 -0.021992428 0.999661744
1770030659307496448.000000 -0.329747766 -0.454482436 -0.362527907 0.002513193 -0.011903415 -0.027476793 0.999548435
1770030659374180608.000000 -0.327728868 -0.444502950 -0.365837663 0.001559139 -0.012283256 -0.026757374 0.999565303
1770030659540839168.000000 -0.331448108 -0.415250301 -0.372965038 -0.001482980 -0.012738046 -0.031683415 0.999415696
1770030659807498496.000000 -0.340101957 -0.377119124 -0.372616291 -0.007091397 -0.011093895 -0.036801368 0.999235868
1770030659974163200.000000 -0.345209807 -0.346236438 -0.374310136 -0.009645119 -0.009986278 -0.046015196 0.998844266
1770030660107519744.000000 -0.354547769 -0.315851986 -0.380575508 -0.012632700 -0.010744547 -0.091172971 0.995696962
1770030660140840704.000000 -0.355451375 -0.317530960 -0.382239223 -0.015863022 -0.011040728 -0.102576941 0.994537294
1770030660207527168.000000 -0.362554699 -0.302451372 -0.384388030 -0.018196180 -0.009213869 -0.124857172 0.991965115
1770030660240845568.000000 -0.364199042 -0.294458330 -0.387280017 -0.019122299 -0.008239198 -0.136020809 0.990487158
1770030660274176512.000000 -0.365099549 -0.282716036 -0.387726337 -0.019511439 -0.007791736 -0.146400720 0.989002228
1770030660374181120.000000 -0.362839729 -0.253952891 -0.392284662 -0.022792140 -0.008105029 -0.174019933 0.984444976
1770030660407507968.000000 -0.364752918 -0.248535812 -0.391552359 -0.025788715 -0.007657371 -0.183372751 0.982675314
1770030660474203136.000000 -0.364953309 -0.226138234 -0.392641634 -0.026746426 -0.007311983 -0.200763106 0.979247391
1770030660507519232.000000 -0.365881681 -0.217020422 -0.390567720 -0.028157901 -0.006757071 -0.210682422 0.977125585
1770030660707528960.000000 -0.355643302 -0.155268803 -0.401523411 -0.032600407 -0.007040875 -0.260418624 0.964919567
1770030660774194176.000000 -0.355562359 -0.142406702 -0.402396083 -0.035353534 -0.006519010 -0.276230335 0.960418880
1770030660840857856.000000 -0.356240422 -0.119185865 -0.403433681 -0.035788670 -0.005624958 -0.292349041 0.955625236
1770030660940836096.000000 -0.351719290 -0.092648476 -0.406580269 -0.038044602 -0.005205405 -0.313436806 0.948832393
1770030661107502336.000000 -0.342364311 -0.057036228 -0.409133881 -0.042676158 -0.004678766 -0.345045418 0.937603593
1770030661207529216.000000 -0.332861304 -0.034789398 -0.413769245 -0.043951422 -0.005226631 -0.361981302 0.931134045
1770030661340845056.000000 -0.322674334 -0.013805069 -0.416172057 -0.046973299 -0.004899370 -0.381016523 0.923361182
1770030661407526144.000000 -0.318458021 -0.002960324 -0.419933856 -0.047937021 -0.004429086 -0.390707880 0.919255018
1770030661607499008.000000 -0.291725159 0.026177606 -0.420729131 -0.050168470 -0.005462212 -0.410898089 0.910283506
1770030661807499520.000000 -0.273021221 0.050443467 -0.422478795 -0.051676869 -0.001910928 -0.428215146 0.902195990
1770030662074171136.000000 -0.242182404 0.060530439 -0.430281371 -0.053969912 0.000348500 -0.440335959 0.896209478
1770030662507534848.000000 -0.169284955 0.042738263 -0.427701771 -0.054147180 0.000258689 -0.435074180 0.898764968
1770030662807521280.000000 -0.118755564 0.008917848 -0.428439856 -0.051235329 0.003662764 -0.417988569 0.906998992
1770030663007506944.000000 -0.086505599 -0.028088324 -0.437983423 -0.049052171 0.006602717 -0.400422126 0.914993167
1770030663174172160.000000 -0.064087801 -0.065173157 -0.452020466 -0.046226982 0.011053255 -0.382778049 0.922616839
1770030663374168320.000000 -0.012072831 -0.118685268 -0.423317343 -0.042188115 0.011677489 -0.341688216 0.938793361
1770030663540847360.000000 0.027752951 -0.171517268 -0.422977954 -0.036845785 0.013887564 -0.295011014 0.954682171
1770030663640850688.000000 0.053914029 -0.210344017 -0.427568197 -0.033489220 0.014516619 -0.261642814 0.964474380
1770030663740850944.000000 0.074594714 -0.238890350 -0.443429023 -0.028021948 0.017071923 -0.236602202 0.971052349
1770030663807512320.000000 0.090022668 -0.268772125 -0.454306424 -0.026287550 0.017808480 -0.220852688 0.974790215
1770030663940857600.000000 0.108989440 -0.303932548 -0.474640965 -0.015335934 0.023175500 -0.205237955 0.978317499
1770030664107527168.000000 0.130963758 -0.348439604 -0.508581221 0.005158640 0.033123292 -0.207099929 0.977745295
1770030664307549696.000000 0.167480960 -0.402888715 -0.529789746 0.030355565 0.050780993 -0.205139667 0.976942956
1770030664440863744.000000 0.193975806 -0.440009296 -0.522162437 0.046304073 0.062712759 -0.202777013 0.976117074
1770030664640844800.000000 0.235547751 -0.507521510 -0.516356409 0.058726478 0.091750592 -0.199719712 0.973778784
1770030664874182144.000000 0.313994944 -0.602362871 -0.516994834 0.060378805 0.122792237 -0.197316349 0.970743418
1770030665174180352.000000 0.386300683 -0.701068342 -0.507706583 0.019294370 0.123837486 -0.183814630 0.974938035
1770030665340849152.000000 0.448123813 -0.724225938 -0.505795598 -0.022639224 0.099242046 -0.152502567 0.983047009
1770030665474224896.000000 0.485566199 -0.757934332 -0.497301102 -0.044523273 0.085005492 -0.128641665 0.987037539
1770030665640847360.000000 0.536266446 -0.775753498 -0.480574250 -0.056322861 0.071751401 -0.102183327 0.990574598
1770030665807512320.000000 0.563764215 -0.799421549 -0.473695487 -0.059459876 0.064001530 -0.085963055 0.992460907
1770030665974176768.000000 0.587681234 -0.819513500 -0.471157819 -0.053547427 0.058245767 -0.077462800 0.993850946
1770030666107511040.000000 0.607411742 -0.834387004 -0.470551908 -0.040100217 0.054877587 -0.070050046 0.995225370
1770030666407518208.000000 0.659350336 -0.934331536 -0.482080638 -0.021033481 0.047168229 -0.062664270 0.996697545
1770030666707547392.000000 0.702668607 -0.978341460 -0.483782321 -0.004884030 0.043937854 -0.056504663 0.997423112
1770030667074184704.000000 0.757518470 -1.007467866 -0.481389910 0.006542311 0.042044748 -0.050978165 0.997792900
1770030667574181376.000000 0.830759585 -0.992479444 -0.479483813 0.012317703 0.040287744 -0.048890933 0.997915268
1770030668174184192.000000 0.889447212 -0.917733073 -0.487162828 0.016010232 0.043454230 -0.047317419 0.997805834
1770030668574175232.000000 0.922826469 -0.833368361 -0.486386418 0.014497710 0.044554722 -0.049612477 0.997668922
1770030668607512832.000000 0.924288273 -0.820230246 -0.487907648 0.014782607 0.044927418 -0.049976870 0.997629881
1770030668840851968.000000 0.933970511 -0.769957364 -0.484086037 0.012016930 0.046464693 -0.052162893 0.997484684
1770030669107508224.000000 0.945634425 -0.701042593 -0.489715397 0.009245507 0.047767054 -0.053579714 0.997377634
1770030669240863232.000000 0.946866989 -0.662877381 -0.491011947 0.008034482 0.048801903 -0.056073323 0.997200906
1770030669440891648.000000 0.953091025 -0.602226079 -0.493468612 0.006415537 0.049857438 -0.058583509 0.997016132
1770030669607514112.000000 0.950583041 -0.562974751 -0.493360817 0.002275388 0.050882880 -0.062084541 0.996770442
1770030669740852736.000000 0.954173565 -0.528367460 -0.491082639 0.000568263 0.051019028 -0.062601089 0.996733606
1770030669907552512.000000 0.953255177 -0.498054415 -0.489877641 -0.004259422 0.051536638 -0.065083362 0.996538997
1770030670040846848.000000 0.950794458 -0.459397554 -0.489108622 -0.005678943 0.051966447 -0.065995052 0.996449649
1770030670140852736.000000 0.950031519 -0.430004150 -0.489308804 -0.006066897 0.052745137 -0.066696435 0.996359766
1770030670274191616.000000 0.948098660 -0.402487606 -0.488246202 -0.009532832 0.052746862 -0.068714909 0.996195376
1770030670307521280.000000 0.948289275 -0.392704695 -0.486849189 -0.009323816 0.052921288 -0.068151049 0.996226847
1770030670374181888.000000 0.948431253 -0.376715541 -0.489150792 -0.009640818 0.052723847 -0.068769023 0.996191800
1770030670474177280.000000 0.944038808 -0.354905933 -0.490775079 -0.012587991 0.054211926 -0.070594236 0.995951355
1770030670607509248.000000 0.937881529 -0.321425587 -0.492741793 -0.013705437 0.053597476 -0.072114944 0.995860934
1770030670640847360.000000 0.935047090 -0.313776135 -0.494064003 -0.013388594 0.053496972 -0.071704000 0.995900273
1770030670707512576.000000 0.931936622 -0.302722156 -0.492532492 -0.015254762 0.053087946 -0.072895020 0.995808840
1770030670840851968.000000 0.921188116 -0.273862779 -0.495990962 -0.016128428 0.053418264 -0.073125109 0.995760560
1770030670907508480.000000 0.916568756 -0.263984948 -0.497306526 -0.017653253 0.052668575 -0.075035311 0.995632529
1770030671007508480.000000 0.912971616 -0.243045330 -0.496193349 -0.018202856 0.051977530 -0.075997174 0.995585978
1770030671140888320.000000 0.897158742 -0.225353956 -0.500015974 -0.020812821 0.051566493 -0.076995723 0.995479524
1770030671207520512.000000 0.889881849 -0.217657447 -0.502045095 -0.021788705 0.051693439 -0.076938748 0.995456457
1770030671307521280.000000 0.880114555 -0.201757282 -0.502847612 -0.021997852 0.051552396 -0.077406339 0.995422900
1770030671474177024.000000 0.859680355 -0.184523731 -0.504109800 -0.024483515 0.051978096 -0.079009004 0.995216787
1770030671607479040.000000 0.844356656 -0.173495471 -0.508621275 -0.025148438 0.049184583 -0.080064379 0.995257854
1770030671774146560.000000 0.822413325 -0.152027369 -0.508187830 -0.024553668 0.048639677 -0.081102163 0.995215416
1770030671907493376.000000 0.803571701 -0.145644143 -0.509550214 -0.025752153 0.048553631 -0.080478266 0.995239973
1770030672040813312.000000 0.782965541 -0.144639641 -0.513344049 -0.026629750 0.048619319 -0.080159850 0.995239377
1770030672140810496.000000 0.766096771 -0.142363399 -0.511666298 -0.026607184 0.048467115 -0.080890320 0.995188296
1770030672307479808.000000 0.737880051 -0.146593809 -0.513762832 -0.027070107 0.047633942 -0.080467857 0.995250344
1770030672407481600.000000 0.725608289 -0.150296092 -0.517362416 -0.026976613 0.046009701 -0.080316976 0.995341420
1770030672507492352.000000 0.724139452 -0.151079223 -0.520718813 -0.025100209 0.042562347 -0.078761250 0.995668173
1770030672607478272.000000 0.706367195 -0.158653572 -0.522456884 -0.024368733 0.041462775 -0.077169456 0.995857358
1770030672707488768.000000 0.694238544 -0.165771425 -0.526128650 -0.022991382 0.039565470 -0.075397886 0.996102989
1770030672807508736.000000 0.679981470 -0.172238171 -0.530433476 -0.021249196 0.037570305 -0.074590892 0.996279657
1770030672907474944.000000 0.652078331 -0.190232426 -0.531196356 -0.021676162 0.038255826 -0.072623909 0.996389687
1770030673007478272.000000 0.648649752 -0.196724802 -0.535621703 -0.018641170 0.034362823 -0.071074754 0.996704638
1770030673074150656.000000 0.632581949 -0.204613343 -0.537163436 -0.017200315 0.034438435 -0.069874257 0.996812820
1770030673107494400.000000 0.629361868 -0.206746757 -0.541405559 -0.015629316 0.033485379 -0.069038987 0.996929348
1770030673140807680.000000 0.624134004 -0.210761622 -0.544147611 -0.014848442 0.032790478 -0.068181209 0.997023404
1770030673207478272.000000 0.612889230 -0.221054465 -0.544351459 -0.013546206 0.031650636 -0.067429222 0.997129917
1770030673307477504.000000 0.592267990 -0.235354945 -0.549173295 -0.011563803 0.030830709 -0.065346628 0.997319221
1770030673374147328.000000 0.580586374 -0.244775936 -0.550206304 -0.009458982 0.029955696 -0.063366868 0.997495770
1770030673440819200.000000 0.568720877 -0.252694309 -0.556211233 -0.006709195 0.029153299 -0.061678734 0.997647643
1770030673474174720.000000 0.561485946 -0.261041582 -0.557397008 -0.006633593 0.029136868 -0.060882829 0.997697532
1770030673607495424.000000 0.514267862 -0.300974995 -0.547631502 -0.006887475 0.031308036 -0.061871760 0.997569203
1770030673674160128.000000 0.508661568 -0.311054677 -0.551619709 -0.003751484 0.029031739 -0.060475089 0.997740388
1770030673707493888.000000 0.500670612 -0.316785306 -0.552980244 -0.002432754 0.028832642 -0.059115354 0.997831762
1770030673774154496.000000 0.485071778 -0.332667619 -0.556684494 -0.001550177 0.028144695 -0.058627769 0.997881889
1770030673874155264.000000 0.459715217 -0.356512219 -0.567089975 0.002580287 0.027834613 -0.059401553 0.997842729
1770030673907477760.000000 0.453657299 -0.362958133 -0.568312824 0.005462563 0.027059332 -0.059580453 0.997841775
1770030673974147840.000000 0.437538892 -0.374619782 -0.577496409 0.011560204 0.026090855 -0.060211841 0.997777641
1770030674007482880.000000 0.430269450 -0.382640153 -0.580971122 0.013946268 0.025072781 -0.060786404 0.997738361
1770030674040816640.000000 0.421192139 -0.394254923 -0.582874119 0.016210526 0.024964832 -0.060264993 0.997738540
1770030674140812544.000000 0.400452882 -0.412265182 -0.594194293 0.025869733 0.020666173 -0.060771246 0.997602403
1770030674207477504.000000 0.390176624 -0.431558669 -0.602328241 0.030382849 0.016546413 -0.060501207 0.997568429
1770030674307478784.000000 0.374807030 -0.448282391 -0.604925871 0.039588500 0.011307320 -0.059703074 0.997366786
1770030674474147072.000000 0.353255332 -0.492084891 -0.616886735 0.055322062 -0.000889601 -0.057289492 0.996823311
1770030674607476992.000000 0.331686556 -0.525900960 -0.615280211 0.065219693 -0.018594047 -0.059030607 0.995949805
1770030674740808960.000000 0.296535194 -0.574303627 -0.624911606 0.072808027 -0.037383303 -0.060184032 0.994826317
1770030674940810752.000000 0.226914003 -0.661494076 -0.646133721 0.075609714 -0.063555956 -0.054738831 0.993603289
1770030675007482112.000000 0.206470788 -0.681269586 -0.631903291 0.074140549 -0.068169326 -0.051142879 0.993599772
1770030675140835072.000000 0.177112579 -0.727393270 -0.634273112 0.065931663 -0.067732699 -0.037875790 0.994801879
1770030675207484928.000000 0.159596622 -0.724275112 -0.612209916 0.053785533 -0.060207762 -0.040696997 0.995904565
1770030675274150912.000000 0.150526613 -0.733524144 -0.600384712 0.026706871 -0.053935483 -0.038105004 0.997459650
1770030675440812288.000000 0.102979869 -0.758333504 -0.572226465 -0.011873343 -0.040358394 -0.040014774 0.998313069
1770030675707498752.000000 0.016613856 -0.797165096 -0.546042860 -0.039753053 -0.024922574 -0.047524899 0.997767508
1770030675874147840.000000 0.006670692 -0.819542229 -0.557111382 -0.041317407 -0.020990543 -0.045143779 0.997904956
1770030676040837120.000000 0.000455879 -0.833335817 -0.565587580 -0.032556467 -0.017953191 -0.044976592 0.998295963
1770030676140839936.000000 -0.005259944 -0.848981559 -0.569815814 -0.025295882 -0.015867919 -0.043148037 0.998622358
1770030676307484416.000000 -0.021344502 -0.867054284 -0.584086061 -0.016219547 -0.012453364 -0.042203333 0.998899758
1770030676607477504.000000 -0.042632360 -0.887901425 -0.608808219 -0.002395145 -0.010632834 -0.041410059 0.999082804
1770030677374145280.000000 -0.075136013 -0.910109997 -0.641857922 0.009153059 -0.013035459 -0.039315928 0.999099851
1770030678007473408.000000 -0.114540219 -0.884856164 -0.669384837 0.006262733 -0.015067993 -0.043687478 0.998911977
1770030678607476992.000000 -0.173502967 -0.865117490 -0.731677055 -0.006152858 -0.013859891 -0.045434855 0.998852193
1770030679107480576.000000 -0.188011408 -0.797246993 -0.734617889 -0.015269654 -0.014518663 -0.055191193 0.998253524
1770030679474148864.000000 -0.207808226 -0.725081921 -0.745257556 -0.019597590 -0.011439495 -0.065723851 0.997579813
1770030679740809728.000000 -0.207572535 -0.688747883 -0.756428480 -0.026887510 -0.011185686 -0.080358267 0.996340573
1770030679940815360.000000 -0.214463279 -0.648798585 -0.769603729 -0.033562500 -0.012179297 -0.147189468 0.988463700
1770030680040810240.000000 -0.211158454 -0.620065808 -0.776443362 -0.037451696 -0.011649525 -0.176146418 0.983582318
1770030680107474944.000000 -0.209257156 -0.604868710 -0.775977075 -0.040517874 -0.011737538 -0.192995295 0.980292499
1770030680274158592.000000 -0.206487671 -0.552224219 -0.787043393 -0.044962265 -0.011204962 -0.239143133 0.969878078
1770030680374148864.000000 -0.207440153 -0.516844571 -0.791663170 -0.047380745 -0.010237126 -0.267370462 0.962373793
1770030680607475712.000000 -0.197228357 -0.447281241 -0.801948786 -0.051963132 -0.010045199 -0.323115557 0.944878459
1770030680740808960.000000 -0.186930940 -0.411758691 -0.804833531 -0.054562293 -0.010197398 -0.349624604 0.935244143
1770030680907473920.000000 -0.174536198 -0.379487872 -0.808947802 -0.058344930 -0.010517207 -0.379879773 0.923134148
1770030681140836352.000000 -0.154156744 -0.334022909 -0.816045582 -0.062040977 -0.009633095 -0.413677216 0.908256173
1770030681407472896.000000 -0.125008762 -0.300923407 -0.826708853 -0.065891735 -0.009628033 -0.442992032 0.894048989
1770030681774159104.000000 -0.082520217 -0.278023660 -0.834970951 -0.068994716 -0.006228666 -0.465615779 0.882271469
1770030682074141696.000000 -0.036180995 -0.282778889 -0.842466712 -0.069561750 -0.005813229 -0.468448132 0.880729139
1770030682340810496.000000 0.001680478 -0.299414456 -0.847044647 -0.067452930 -0.002638136 -0.463224858 0.883666158
1770030682674151168.000000 0.058685839 -0.353159517 -0.836401045 -0.065062046 0.001483928 -0.439969867 0.895651281
1770030682974136832.000000 0.117688492 -0.436832130 -0.827917635 -0.063015297 0.004387693 -0.396506041 0.915856361
1770030683107473152.000000 0.135682315 -0.473800093 -0.842171788 -0.060379252 0.008031458 -0.374677092 0.925152421
1770030683274146816.000000 0.165743649 -0.521498740 -0.858989775 -0.052830637 0.012386333 -0.335722506 0.940396667
1770030683507469568.000000 0.239300728 -0.607730448 -0.834932268 -0.044291906 0.012903787 -0.258860528 0.964812398
1770030683774145536.000000 0.306140184 -0.696797252 -0.821254790 -0.026075341 0.017317427 -0.218574122 0.975318193
1770030683974144512.000000 0.332086921 -0.744112015 -0.833857834 0.001488145 0.032203991 -0.222311378 0.974442601
1770030684307495936.000000 0.362003028 -0.826534510 -0.841914296 0.039902896 0.073126584 -0.228898019 0.969879389
1770030684507477760.000000 0.405448854 -0.902871251 -0.840988636 0.047267679 0.103270635 -0.228907481 0.966800094
1770030684640805888.000000 0.437840581 -0.950390458 -0.829287469 0.046568729 0.121693611 -0.230110094 0.964402139
1770030684807482624.000000 0.477119476 -1.014574766 -0.833682775 0.037131827 0.130359784 -0.231898054 0.963250220
1770030684840812288.000000 0.481559485 -1.018592715 -0.831739902 0.036149092 0.130369380 -0.229138345 0.963946462
1770030684907489536.000000 0.490093648 -1.022559047 -0.821929812 0.022279605 0.127360582 -0.221810400 0.966479778
1770030685107476224.000000 0.559860587 -1.063259244 -0.807479620 -0.033194762 0.099493995 -0.180976421 0.977878630
1770030685240823552.000000 0.595080495 -1.097266555 -0.806959748 -0.054423843 0.086820252 -0.158737063 0.981989205
1770030685374136832.000000 0.632308483 -1.134788990 -0.797858238 -0.068735689 0.076534502 -0.139905483 0.984806776
1770030685540834048.000000 0.676298499 -1.180842161 -0.788434267 -0.074776553 0.066291884 -0.119486786 0.987793922
1770030685674146816.000000 0.698769927 -1.222693801 -0.786970973 -0.073359624 0.061242368 -0.109192625 0.989416361
1770030685840810240.000000 0.732113063 -1.277321696 -0.785035849 -0.064188525 0.054603901 -0.098310620 0.991581202
1770030685974157568.000000 0.756022155 -1.320900083 -0.789526701 -0.052258972 0.050142180 -0.094870806 0.992851615
1770030686107468032.000000 0.780233026 -1.359959722 -0.791125655 -0.042522844 0.046560861 -0.089568771 0.993982553
1770030686274138112.000000 0.804495931 -1.400830030 -0.791798770 -0.033775121 0.044430021 -0.084409989 0.994866908
1770030686607475712.000000 0.863383114 -1.441742063 -0.799687207 -0.017315453 0.040104687 -0.078256495 0.995975792
1770030686907472896.000000 0.902244508 -1.468350172 -0.793506145 -0.010996842 0.040079150 -0.075130381 0.996307254
1770030687174137856.000000 0.942846000 -1.455502987 -0.790766954 -0.007302338 0.038939875 -0.072795495 0.996559680
1770030687440802048.000000 0.977319300 -1.440644383 -0.796775460 -0.004840970 0.039626908 -0.071266420 0.996658146
1770030687807539968.000000 1.018262863 -1.393707514 -0.797094703 -0.002790478 0.041217465 -0.071115293 0.996612251
1770030688074156800.000000 1.042301536 -1.343133807 -0.800550878 -0.003121458 0.043487854 -0.071653903 0.996476233
1770030688374135808.000000 1.071433425 -1.269620180 -0.802751362 -0.004360212 0.044082217 -0.073594473 0.996303976
1770030688674189568.000000 1.086413980 -1.195446253 -0.802733064 -0.007427015 0.046299692 -0.076117791 0.995995641
1770030688907463936.000000 1.107301235 -1.127537847 -0.813147783 -0.008923651 0.046507217 -0.076234519 0.995964766
1770030689107478528.000000 1.114759564 -1.060983539 -0.815468788 -0.010706262 0.047857374 -0.078036323 0.995743632
1770030689340808704.000000 1.127397776 -0.989905357 -0.821133256 -0.013243174 0.048311390 -0.079876110 0.995545328
1770030689540830976.000000 1.132148147 -0.931767225 -0.820722699 -0.016301718 0.048703205 -0.082072727 0.995302141
1770030689840792320.000000 1.136204123 -0.831589937 -0.827176511 -0.018151280 0.049668435 -0.083281599 0.995122015
1770030689874126848.000000 1.135259509 -0.823064268 -0.829746842 -0.018666510 0.049542915 -0.084201060 0.995041311
1770030689940792832.000000 1.134490848 -0.806341827 -0.830464780 -0.019931817 0.049991868 -0.084388599 0.994978487
1770030690107458304.000000 1.136740804 -0.756938279 -0.832723677 -0.020919912 0.049562793 -0.085167795 0.994913220
1770030690207460608.000000 1.135545492 -0.724759400 -0.831357002 -0.021264389 0.050725866 -0.086297214 0.994749963
1770030690407458560.000000 1.130406022 -0.673722327 -0.840539813 -0.023794441 0.048797522 -0.086114451 0.994804978
1770030690540794880.000000 1.120371819 -0.640747309 -0.839329660 -0.025209509 0.049276087 -0.087277688 0.994645178
1770030690674128384.000000 1.114108324 -0.612325490 -0.840659261 -0.026593534 0.048348822 -0.088447466 0.994551301
1770030690840795392.000000 1.102454543 -0.582355142 -0.844772637 -0.028146049 0.047401592 -0.089017376 0.994503319
1770030691040806912.000000 1.084294558 -0.549070299 -0.846937656 -0.030309128 0.046119634 -0.090970494 0.994323254
1770030691274138624.000000 1.058120012 -0.517725587 -0.851559341 -0.031768311 0.045144849 -0.091755152 0.994250298
1770030691574131456.000000 1.017305851 -0.491265565 -0.854164541 -0.033442866 0.043437582 -0.093067773 0.994149446
1770030691740797440.000000 0.993604541 -0.480674982 -0.855169415 -0.033451054 0.043212932 -0.092874154 0.994177103
1770030691874182912.000000 0.975545943 -0.477118790 -0.856315255 -0.033494141 0.042366363 -0.093107112 0.994190276
1770030692174142720.000000 0.920256913 -0.482752413 -0.857763052 -0.033245232 0.041151676 -0.092467859 0.994309306
1770030692474149120.000000 0.874545574 -0.499147803 -0.863573730 -0.030789975 0.036899839 -0.090378799 0.994747221
1770030692607473920.000000 0.847105622 -0.514314950 -0.862995327 -0.029936904 0.035976123 -0.088587217 0.994968235
1770030692774129664.000000 0.818929791 -0.535353005 -0.863073051 -0.027832150 0.032856494 -0.087663315 0.995219052
1770030692874128896.000000 0.804163754 -0.548176110 -0.864468992 -0.025075864 0.030707454 -0.086078145 0.995499313
1770030692907457024.000000 0.792442620 -0.556672990 -0.863145590 -0.025834024 0.031240346 -0.086430788 0.995432734
1770030693040791808.000000 0.759486318 -0.577655852 -0.863566756 -0.023877066 0.030745042 -0.085462250 0.995580673
1770030693107462912.000000 0.744202077 -0.594762564 -0.861073196 -0.023696493 0.030037351 -0.085067727 0.995640397
1770030693174133504.000000 0.729845107 -0.610783517 -0.861717582 -0.023469845 0.029223202 -0.084190115 0.995744526
1770030693207462400.000000 0.724867404 -0.613496661 -0.862510562 -0.022653749 0.028705478 -0.085020922 0.995707929
1770030693340790272.000000 0.693443298 -0.643469930 -0.870746493 -0.019916134 0.027386738 -0.081456751 0.996101499
1770030693440795904.000000 0.661273479 -0.663815022 -0.868397355 -0.017779110 0.028564177 -0.081982322 0.996065676
1770030693507455232.000000 0.650901139 -0.681210577 -0.867868781 -0.016051700 0.026393848 -0.080365427 0.996286690
1770030693674130688.000000 0.610084236 -0.717726469 -0.880743086 -0.008734810 0.024285423 -0.081803486 0.996314287
1770030693774153984.000000 0.583409488 -0.738871276 -0.887832165 -0.000423102 0.023089422 -0.081652701 0.996393323
1770030693807468288.000000 0.572912753 -0.748956025 -0.891858280 0.001583281 0.022532569 -0.082026325 0.996374130
1770030693840797696.000000 0.571224391 -0.747205973 -0.896597266 0.006823404 0.020224547 -0.082198426 0.996387422
1770030693974126848.000000 0.548043787 -0.789297283 -0.905144036 0.015857883 0.013172892 -0.079921931 0.996587932
1770030694140789760.000000 0.520639598 -0.827071369 -0.909477830 0.030395165 0.002922709 -0.079269610 0.996385455
1770030694274134016.000000 0.508275270 -0.856774390 -0.910497189 0.042130981 -0.011132210 -0.076820575 0.996092200
1770030694407473920.000000 0.470559150 -0.894768953 -0.912802577 0.051004011 -0.027567478 -0.080910616 0.995033741
1770030694540804096.000000 0.434868336 -0.946930051 -0.918712616 0.057124134 -0.048186004 -0.078933075 0.994074702
1770030694640797184.000000 0.402623028 -0.985149562 -0.913571537 0.059101228 -0.062305674 -0.076769024 0.993343651
1770030694707465728.000000 0.376045913 -1.006389022 -0.910934210 0.059256844 -0.069359675 -0.075249329 0.992983103
1770030694807467264.000000 0.340597361 -1.039987803 -0.917149067 0.055894662 -0.074418977 -0.070193499 0.993182003
1770030694907459840.000000 0.312205940 -1.079993486 -0.919422865 0.048945557 -0.071650185 -0.060996283 0.994359136
1770030695074121728.000000 0.270987689 -1.091769934 -0.873634756 -0.003257007 -0.052832041 -0.063602671 0.996570587
1770030695440786432.000000 0.171992898 -1.140949965 -0.818997264 -0.055165019 -0.030580312 -0.070315182 0.995528758
1770030695807468288.000000 0.075543515 -1.213629246 -0.781445503 -0.049078334 -0.018733321 -0.077303968 0.995622694
1770030696140794880.000000 -0.002678810 -1.257321358 -0.882941663 -0.027485821 -0.009192921 -0.076927945 0.996615350
1770030696474135040.000000 -0.015338970 -1.262420654 -0.893447399 -0.012151812 -0.008698528 -0.076817058 0.996933222
1770030696974131712.000000 -0.036783639 -1.268168330 -0.911111593 -0.004090859 -0.010586947 -0.077384047 0.996936798
1770030697374129152.000000 -0.046900049 -1.273880482 -0.921387434 -0.004943583 -0.014250103 -0.075689577 0.997017384
1770030697807459840.000000 -0.060647197 -1.256428838 -0.927458644 -0.008940576 -0.016356917 -0.078012481 0.996778131
1770030698340794368.000000 -0.108131371 -1.255201817 -0.984455168 -0.022405807 -0.015447365 -0.075077139 0.996806324
1770030698774141184.000000 -0.116189554 -1.209876776 -0.985904098 -0.033038061 -0.015893336 -0.080541879 0.996076763
1770030699174142208.000000 -0.123611592 -1.137196779 -1.000222325 -0.038806815 -0.014773074 -0.091747224 0.994916201
1770030699440807680.000000 -0.130296648 -1.091113448 -1.017025471 -0.043552861 -0.012540032 -0.097949810 0.994158864
1770030699607453184.000000 -0.126562461 -1.034654856 -1.024137855 -0.048411310 -0.014162668 -0.135205567 0.989532828
1770030699740824320.000000 -0.117703684 -0.993684053 -1.035761356 -0.053372853 -0.015324948 -0.174358487 0.983115256
1770030699874128128.000000 -0.118813261 -0.950492382 -1.033797264 -0.057039324 -0.015218727 -0.213924676 0.975064695
1770030700007456000.000000 -0.113364026 -0.911950946 -1.038738728 -0.061343133 -0.016290179 -0.249841973 0.966204286
1770030700074128128.000000 -0.115069538 -0.895593822 -1.044376850 -0.063642614 -0.015974032 -0.268884599 0.960934699
1770030700240793088.000000 -0.105564736 -0.840485275 -1.051893711 -0.066664174 -0.016530508 -0.311456859 0.947774887
1770030700407453440.000000 -0.095886566 -0.799487233 -1.058971286 -0.070904173 -0.016946165 -0.347653478 0.934784770
1770030700540791808.000000 -0.087910503 -0.766590238 -1.064968228 -0.073185608 -0.017183719 -0.374663323 0.924108207
1770030700840786944.000000 -0.056319475 -0.702127457 -1.072871685 -0.077275343 -0.018228432 -0.422222108 0.903008699
1770030701140792576.000000 -0.021100730 -0.665724158 -1.081138253 -0.081555076 -0.019366799 -0.456196934 0.885922134
1770030701507461632.000000 0.020802379 -0.640418828 -1.095949173 -0.084617302 -0.015655983 -0.479667217 0.873220623
1770030701774129920.000000 0.051133364 -0.643669963 -1.097089052 -0.085836343 -0.013373319 -0.485033154 0.870170176
1770030702074138112.000000 0.103321403 -0.666122317 -1.100585699 -0.084515303 -0.012256120 -0.477346927 0.874555230
1770030702274139904.000000 0.131173193 -0.698688984 -1.095490694 -0.084225670 -0.009527662 -0.466835707 0.880272508
1770030702540793344.000000 0.176791430 -0.745025158 -1.083478928 -0.080651872 -0.004902576 -0.443004012 0.892871022
1770030702807512576.000000 0.224691749 -0.819972694 -1.070131779 -0.077587016 -0.000534518 -0.403610021 0.911635280
1770030703007461888.000000 0.271969080 -0.887118638 -1.075838923 -0.072642893 0.001808478 -0.355285138 0.931929290
1770030703207432704.000000 0.318497539 -0.956392586 -1.069171906 -0.064130478 0.006794294 -0.294058472 0.953609347
1770030703540793088.000000 0.397737682 -1.053170323 -1.030050516 -0.040138993 0.013605864 -0.237940520 0.970354617
1770030703574097408.000000 0.404005557 -1.062829375 -1.038337946 -0.036119673 0.014735584 -0.237506777 0.970602274
1770030703674105600.000000 0.412623346 -1.091992974 -1.056306243 -0.022518864 0.021960199 -0.239407241 0.970409632
1770030703774109696.000000 0.427408993 -1.124825478 -1.066017628 -0.010221734 0.030739738 -0.238634571 0.970569015
1770030703874115584.000000 0.441925168 -1.152317286 -1.064290881 0.001368897 0.040678244 -0.237830117 0.970453620
1770030704040775680.000000 0.467085779 -1.196501017 -1.058080792 0.020465760 0.060060363 -0.237435862 0.969328701
1770030704174110720.000000 0.493755013 -1.238231421 -1.050979853 0.028690344 0.080551438 -0.237372383 0.967648029
1770030704374101760.000000 0.533226609 -1.310772896 -1.040637255 0.031599887 0.110234953 -0.237651497 0.964557707
1770030704707434752.000000 0.616953194 -1.421989679 -1.038038611 -0.013014524 0.112228855 -0.220634684 0.968790829
1770030704874115840.000000 0.664629340 -1.450825930 -1.016604066 -0.053905755 0.091318592 -0.188076496 0.976413012
1770030705074097920.000000 0.714361250 -1.494754553 -0.999458432 -0.081686124 0.075401887 -0.158956528 0.981007040
1770030705307446528.000000 0.771628499 -1.566251874 -0.983165145 -0.094828524 0.061917417 -0.128686547 0.985197246
1770030705607445504.000000 0.829572916 -1.656650901 -0.970838845 -0.082514219 0.050089713 -0.107174478 0.989543378
1770030705907434496.000000 0.878744185 -1.748949528 -0.970441937 -0.060043536 0.042359993 -0.096035361 0.992661893
1770030706207432704.000000 0.925429463 -1.807859182 -0.968268692 -0.044729836 0.038155038 -0.088689707 0.994322717
1770030706474112512.000000 0.967942059 -1.838891983 -0.966172636 -0.035987243 0.036606643 -0.083717175 0.995166481
1770030706774113536.000000 1.014305830 -1.851278543 -0.966080785 -0.029856101 0.035484355 -0.080643460 0.995663702
1770030707074109696.000000 1.056691051 -1.841076970 -0.965069711 -0.028254010 0.034737729 -0.078592107 0.995900750
1770030707340781824.000000 1.086131334 -1.816780448 -0.967447639 -0.025184007 0.036364146 -0.078770883 0.995910943
1770030707640777216.000000 1.119649529 -1.769224882 -0.969486237 -0.024244891 0.037734196 -0.079378903 0.995835006
1770030707940769280.000000 1.149579883 -1.705240846 -0.975847960 -0.024358394 0.038983747 -0.080600590 0.995685935
1770030708240762624.000000 1.174997330 -1.630271316 -0.983629584 -0.025890443 0.041087106 -0.082136020 0.995437205
1770030708540769536.000000 1.193775058 -1.545419455 -0.994033098 -0.027736301 0.042432271 -0.084349602 0.995145917
1770030708807446016.000000 1.210720539 -1.463532209 -1.001976848 -0.029979337 0.043847702 -0.086785875 0.994809985
1770030709040764928.000000 1.218413353 -1.395059347 -1.008559585 -0.032557856 0.044935673 -0.088686816 0.994512677
1770030709207437824.000000 1.223417401 -1.347088456 -1.012384415 -0.035152044 0.045234580 -0.090005152 0.994292319
1770030709474104064.000000 1.225784779 -1.260109544 -1.021387339 -0.037260894 0.046566892 -0.091986008 0.993972719
1770030709607452416.000000 1.228175759 -1.225640893 -1.024665236 -0.039820455 0.046243407 -0.093358941 0.993760526
1770030709774100736.000000 1.228521943 -1.175233603 -1.029761553 -0.041286841 0.046932057 -0.094372824 0.993572652
1770030709874096128.000000 1.227781296 -1.147389174 -1.032103300 -0.042340305 0.046948195 -0.095366552 0.993432641
1770030710040765952.000000 1.224089384 -1.098997951 -1.038022757 -0.043683399 0.048828412 -0.096556984 0.993168831
1770030710207446528.000000 1.219692945 -1.052839875 -1.044009447 -0.044281472 0.046599749 -0.096789472 0.993226767
1770030710374106112.000000 1.208508015 -1.017993331 -1.046993136 -0.046525594 0.046939056 -0.098148942 0.992974758
1770030710474103040.000000 1.204910636 -0.996783495 -1.052045465 -0.047622826 0.045438662 -0.098455556 0.992962182
1770030710574121216.000000 1.197904348 -0.976689875 -1.053205729 -0.048308089 0.045247357 -0.099208534 0.992862880
1770030710740775936.000000 1.187363505 -0.945623517 -1.057038903 -0.048832908 0.043651864 -0.099565536 0.992872894
1770030710874102784.000000 1.170888782 -0.925439835 -1.061914921 -0.050118461 0.043726113 -0.100489922 0.992712438
1770030711040767232.000000 1.154698253 -0.901439250 -1.064040065 -0.050763179 0.042264178 -0.101093814 0.992681682
1770030711140777472.000000 1.143498778 -0.891307950 -1.063087821 -0.050487433 0.040640049 -0.101120189 0.992760897
1770030711340793088.000000 1.116261363 -0.872513294 -1.067592621 -0.051444881 0.040206332 -0.101318829 0.992709100
1770030711507435264.000000 1.091422915 -0.864489734 -1.067882538 -0.052216627 0.040061679 -0.102140978 0.992590427
1770030711707459584.000000 1.060721636 -0.861248434 -1.067358136 -0.052915398 0.039612588 -0.101879403 0.992598295
1770030711807449344.000000 1.048139453 -0.860625863 -1.070918083 -0.052317169 0.037993878 -0.102290459 0.992651045
1770030711907435264.000000 1.032609582 -0.862828612 -1.074490070 -0.051969033 0.037258610 -0.101043627 0.992824852
1770030712040774144.000000 1.010517478 -0.869673133 -1.072544932 -0.051434010 0.035812147 -0.100264147 0.992984951
1770030712174113024.000000 0.979261875 -0.879253030 -1.068984032 -0.051254272 0.036138523 -0.099873684 0.993021786
1770030712340771072.000000 0.955260456 -0.890216112 -1.072596908 -0.048525646 0.032783423 -0.097679995 0.993493438
1770030712474109184.000000 0.922963262 -0.911694765 -1.067976713 -0.048511501 0.032406416 -0.097401083 0.993533850
1770030712540775680.000000 0.910769701 -0.920992494 -1.067115545 -0.047873802 0.031315561 -0.096843928 0.993654191
1770030712674106368.000000 0.877580225 -0.943585753 -1.062937617 -0.046881009 0.030789625 -0.096607015 0.993741035
1770030712774103808.000000 0.858574986 -0.957788646 -1.064539313 -0.045070287 0.029066099 -0.095828950 0.993952036
1770030712840774656.000000 0.854047298 -0.965127110 -1.067994714 -0.042680383 0.026678411 -0.094174422 0.994282603
1770030713007444992.000000 0.799587429 -1.008102417 -1.058028102 -0.042968262 0.028090799 -0.094679765 0.994183242
1770030713107431424.000000 0.777531147 -1.029367805 -1.058743954 -0.040961295 0.026338780 -0.094065875 0.994374216
1770030713174097408.000000 0.764610708 -1.042053580 -1.061292410 -0.039107084 0.025919262 -0.091957003 0.994657099
1770030713307433216.000000 0.728994012 -1.072651029 -1.066648245 -0.036196668 0.024781408 -0.091533698 0.994835317
1770030713374100736.000000 0.715839863 -1.084420443 -1.069145799 -0.032882579 0.023758357 -0.092709474 0.994866431
1770030713507445504.000000 0.682753325 -1.114697576 -1.079725742 -0.023344586 0.020940028 -0.093265153 0.995147288
1770030713607433216.000000 0.661548972 -1.135201454 -1.091348767 -0.014332790 0.017105857 -0.093160093 0.995401025
1770030713707469312.000000 0.643685341 -1.154122829 -1.101469874 -0.004743010 0.011950789 -0.092465214 0.995632887
1770030713774097408.000000 0.631501079 -1.167917371 -1.105928898 0.000729984 0.008032465 -0.092218742 0.995706141
1770030713940781824.000000 0.608090520 -1.210459113 -1.109540224 0.015459617 -0.002781501 -0.090611905 0.995762408
1770030714107439616.000000 0.576958537 -1.253817677 -1.106708527 0.027136343 -0.022361681 -0.089777142 0.995341003
1770030714274112768.000000 0.536895573 -1.300898194 -1.091248631 0.036834512 -0.048129249 -0.087600701 0.994310319
1770030714374101760.000000 0.503597260 -1.331800818 -1.082281113 0.040644169 -0.062939107 -0.087150924 0.993373752
1770030714440773632.000000 0.480886936 -1.354877949 -1.078377247 0.040486373 -0.070697211 -0.084170483 0.993115366
1770030714540766208.000000 0.448725849 -1.394061089 -1.082910180 0.037059400 -0.078091279 -0.077485681 0.993239284
1770030714640765184.000000 0.423773289 -1.421753407 -1.076592565 0.031620923 -0.077334665 -0.068759486 0.994128585
1770030714707447296.000000 0.416074067 -1.425437927 -1.066690087 0.027153250 -0.071874037 -0.067632332 0.994747579
1770030714840786944.000000 0.368943125 -1.437124491 -1.048410177 -0.019726649 -0.055873256 -0.072470978 0.995608926
1770030714974108416.000000 0.330552697 -1.456211567 -1.023393989 -0.046388049 -0.045357820 -0.076031752 0.994992495
1770030715174104832.000000 0.271711767 -1.490357518 -1.006359339 -0.070831321 -0.033981059 -0.081290148 0.993589520
1770030715307452928.000000 0.236620829 -1.496650219 -0.992028117 -0.075286150 -0.029078865 -0.085704558 0.993046403
1770030715474104576.000000 0.220531315 -1.515949488 -0.999903798 -0.074094817 -0.025187736 -0.084448211 0.993349910
1770030715707439872.000000 0.201675668 -1.545342088 -1.019424319 -0.061496209 -0.020191561 -0.081351236 0.994581580
1770030716040766208.000000 0.170182243 -1.568023086 -1.062100530 -0.043944709 -0.016270090 -0.081919394 0.995536745
1770030716474097408.000000 0.139595404 -1.586086035 -1.096935987 -0.035436139 -0.013500093 -0.081311569 0.995967090
1770030717174104576.000000 0.066893719 -1.595933557 -1.187509894 -0.030987998 -0.009002116 -0.084531419 0.995898187
1770030717474131200.000000 0.062390272 -1.589919209 -1.193926454 -0.034200545 -0.008195030 -0.084706366 0.995785117
1770030717907439616.000000 0.054024607 -1.554996252 -1.204880476 -0.038395237 -0.006518462 -0.089677207 0.995209217
1770030718240778240.000000 0.050884008 -1.520488739 -1.211856127 -0.041724488 -0.004639748 -0.094971061 0.994594455
1770030718707429888.000000 0.043921396 -1.437444091 -1.208428383 -0.044682924 -0.000686244 -0.102326885 0.993746579
1770030719007385088.000000 0.072114386 -1.385277867 -1.201601267 -0.048438277 0.000335691 -0.098341450 0.993973136
1770030719307388928.000000 0.107746013 -1.347875118 -1.207972050 -0.052251328 0.001067878 -0.095321141 0.994073749
1770030719474070272.000000 0.127200305 -1.331367373 -1.212495327 -0.054344729 0.001134803 -0.093944296 0.994092464
1770030719674076416.000000 0.149733827 -1.314440012 -1.217504621 -0.056669451 0.001866277 -0.092763722 0.994072437
1770030719974051328.000000 0.181882963 -1.297430634 -1.227353692 -0.059533969 0.003288138 -0.092133664 0.993959904
1770030720307392768.000000 0.219389051 -1.280388594 -1.230942011 -0.060927123 0.004384516 -0.092704028 0.993818223
1770030720774062080.000000 0.263944894 -1.272606850 -1.230394483 -0.062420156 0.005678935 -0.092088841 0.993776202
1770030721207392000.000000 0.292824477 -1.284000039 -1.241236091 -0.063154750 0.007696840 -0.092548437 0.993673503
1770030721607386368.000000 0.328711629 -1.303285241 -1.241761565 -0.063686386 0.007451246 -0.090894736 0.993794084
1770030721974063616.000000 0.348604918 -1.313098550 -1.233858824 -0.063386358 0.007030003 -0.090313382 0.993869364
1770030722307385600.000000 0.369785935 -1.323793650 -1.223388910 -0.063235588 0.006018678 -0.089350365 0.993972600
1770030723307393792.000000 0.397811383 -1.336601257 -1.211032629 -0.062400147 0.002981579 -0.088978320 0.994072556
