1770113017222076160.000000 0.000000000 0.000000000 0.000000000 -0.000000000 -0.000000000 -0.000000000 1.000000000
1770113017588743936.000000 -0.000177425 0.000145339 -0.000142310 0.000874637 0.000302536 -0.000273015 0.999999523
1770113018988734720.000000 -0.000147544 -0.000018477 -0.000306704 0.000297625 -0.000054625 -0.000288174 0.999999940
1770113023022064640.000000 -0.000277024 -0.000044225 -0.001614092 0.009696082 0.012865650 -0.002870961 0.999866128
1770113023688731648.000000 -0.000619540 -0.000183244 -0.001790887 0.008527456 0.023026997 -0.003244909 0.999693215
1770113026355400704.000000 0.000661607 0.002295185 -0.002325136 -0.015511931 0.051652133 -0.014730580 0.998436034
1770113027688733696.000000 0.000096375 0.001547812 -0.002348364 -0.025026690 0.046733096 -0.006597268 0.998572111
1770113028522065152.000000 0.001357376 0.002278095 -0.003545279 -0.008530038 0.034452755 -0.008057369 0.999337494
1770113029688732672.000000 -0.000126840 -0.000987132 -0.003736343 0.042289231 -0.004784779 -0.008318790 0.999059319
1770113029888732160.000000 -0.000046641 -0.000765603 -0.005463487 0.054357786 -0.022462955 -0.004624392 0.998258114
1770113029988732160.000000 0.000175181 -0.000261672 -0.005509304 0.058838088 -0.029154217 -0.000914708 0.997841358
1770113030055397888.000000 -0.000035668 0.000194532 -0.005454889 0.061099745 -0.030569183 0.003025480 0.997658849
1770113030122064384.000000 0.000081144 0.000193012 -0.004836346 0.061683696 -0.030766718 0.006807169 0.997598231
1770113030522063616.000000 0.000475131 0.002160312 -0.001187537 0.024059098 -0.026478188 0.008658720 0.999322355
1770113031022064896.000000 0.002362755 0.004909891 0.000416183 0.034831405 -0.030653190 0.003484343 0.998916924
1770113031388730880.000000 0.002076353 0.004262282 0.000665414 0.054192312 -0.028158173 -0.003815263 0.998126149
1770113032255397120.000000 0.002417623 0.004882143 0.000653358 0.074369259 -0.033176560 0.000599240 0.996678591
1770113033588731136.000000 0.001479446 0.003672244 0.001609576 0.061249752 -0.042283386 0.011982976 0.997154474
1770113034188724480.000000 0.002926779 0.003028193 -0.001144923 0.039346520 -0.052968554 0.017579028 0.997665882
1770113034922055936.000000 0.002298549 0.004150309 -0.004746133 0.019488284 -0.056082677 -0.000312206 0.998235881
1770113035822056704.000000 0.001440143 0.000822220 -0.007379357 -0.011350436 -0.068187676 -0.227755696 0.971261561
1770113036555388928.000000 0.001216426 -0.001978403 -0.009922697 -0.036052451 -0.072266027 -0.337816268 0.937740922
1770113038555387392.000000 -0.000757855 -0.001322028 -0.005807241 -0.017920438 -0.014714372 -0.162902534 0.986369669
1770113039622053888.000000 -0.000276376 0.000296903 -0.001992710 0.045667645 0.066605866 -0.143557772 0.986341417
1770113040022054400.000000 -0.000465413 0.000672501 -0.003302756 0.035783507 0.082203053 -0.136900410 0.986519396
1770113040055387136.000000 -0.000307626 0.000783261 -0.003374417 0.030230375 0.079385638 -0.128314957 0.988088727
1770113040622052608.000000 -0.000814672 0.000620769 -0.005163545 0.007063842 0.062889926 -0.061850633 0.996077061
1770113040722052096.000000 -0.001205960 0.001023507 -0.005685573 0.010807515 0.062711895 -0.058279037 0.996270061
1770113041288719360.000000 -0.000895399 0.000401161 -0.004029968 0.043337516 0.069252379 -0.054505296 0.995165884
1770113041655368448.000000 0.000012367 0.000952122 -0.004546213 0.058602177 0.070645817 -0.054163303 0.994304478
1770113041955368704.000000 -0.000472422 0.000777050 -0.005128090 0.063803554 0.074271172 -0.051590197 0.993856788
1770113042688701952.000000 -0.002423981 0.000247702 -0.005992846 0.062218145 0.087101564 -0.051670775 0.992911100
1770113043388700672.000000 -0.003080057 -0.002246165 -0.008012841 0.042266846 0.097985655 -0.053512108 0.992848814
1770113043888700416.000000 -0.004834237 -0.002598003 -0.009608654 0.026489966 0.104483336 -0.038423222 0.993431032
1770113046922030592.000000 -0.002282089 -0.000364307 -0.004374633 -0.086153254 0.077017695 0.032812450 0.992758393
1770113047488698112.000000 -0.002202048 -0.000817408 -0.003687545 -0.079709373 0.062138196 0.032880817 0.994336069
1770113049822012672.000000 -0.005297192 -0.001560149 -0.007532175 0.061853923 -0.052150782 0.023135155 0.996453285
1770113050088679680.000000 -0.004625092 -0.000759699 -0.005496128 0.051083066 -0.053665485 0.036742669 0.996574402
1770113052555344896.000000 -0.006044612 0.001027694 0.003876491 0.063027367 -0.051385384 0.034508541 0.996090472
1770113053688677888.000000 -0.006943781 0.000459108 0.002750959 0.041123666 -0.058703016 0.045773569 0.996377230
1770113054988677376.000000 -0.011212721 0.001749780 -0.004054954 0.010137498 -0.063842528 -0.061548181 0.996008635
1770113055088675584.000000 -0.010872080 0.002033214 -0.003258863 0.007181284 -0.065179937 -0.087053888 0.994043112
1770113055322009600.000000 -0.011738580 0.004638963 -0.004326364 0.003784675 -0.065989986 -0.150955915 0.986328244
1770113055688676608.000000 -0.012115609 0.004613019 -0.005145651 -0.009427288 -0.069314487 -0.233891204 0.969743073
1770113055822008576.000000 -0.012114250 0.004399483 -0.005703278 -0.013391456 -0.071394466 -0.258223712 0.963350415
1770113056055342592.000000 -0.012237305 0.003539343 -0.006041477 -0.021151312 -0.072003119 -0.293124408 0.953124464
1770113056388675840.000000 -0.013341608 0.002070558 -0.006505849 -0.031348970 -0.070462145 -0.325178862 0.942502558
1770113058022000128.000000 -0.009837359 0.003820963 -0.005968899 -0.024086438 -0.021133967 -0.241828695 0.969789743
1770113058321999616.000000 -0.009613884 0.002529489 -0.009789213 -0.013179858 -0.007460197 -0.163725540 0.986389697
1770113058455333120.000000 -0.008638056 0.001723856 -0.009553944 -0.007631425 -0.002531206 -0.131245494 0.991317332
1770113059088666112.000000 -0.009032123 0.000571775 -0.011704423 0.039175436 0.038601242 -0.128016308 0.990245998
1770113059521998848.000000 -0.007330392 -0.001570807 -0.014452943 0.051109377 0.081724577 -0.135126814 0.986128688
1770113059688666368.000000 -0.007652924 -0.002394088 -0.015634034 0.050006475 0.088575542 -0.141852126 0.984648049
1770113063888663296.000000 -0.004932065 -0.001877052 -0.010349643 0.019182298 0.106289759 -0.030933775 0.993668795
1770113064255329536.000000 -0.002614708 -0.001980686 -0.007122083 -0.002923238 0.107878849 -0.014809661 0.994049430
1770113064455329536.000000 -0.002793588 -0.000153215 -0.007098769 -0.009418878 0.108414687 -0.014651590 0.993953168
1770113065688636416.000000 -0.000800446 -0.000520938 -0.003429925 -0.071622908 0.098642938 0.026438037 0.992189944
1770113065955302400.000000 -0.001046835 -0.000502054 -0.003359924 -0.078617096 0.093947664 0.031533457 0.991967142
1770113066521968384.000000 -0.002272794 -0.000020378 -0.004056759 -0.084528163 0.080596767 0.032890216 0.992611408
1770113067755300864.000000 -0.004233291 -0.001528750 -0.004699261 -0.064150684 0.050672468 0.032314252 0.996128917
1770113069021966592.000000 -0.005114700 -0.002123532 -0.005937045 0.020843590 -0.000322117 0.020395471 0.999574661
1770113069188633600.000000 -0.005784268 -0.002450621 -0.006716082 0.034540553 -0.013063869 0.016711403 0.999178231
1770113069288634368.000000 -0.006276638 -0.003025059 -0.007839922 0.042500094 -0.022606812 0.015753068 0.998716474
1770113070521965312.000000 -0.004269827 0.002381918 -0.000895711 0.028509090 -0.051193405 0.030633034 0.997811675
1770113074821946880.000000 -0.002837328 0.006798048 -0.013780550 0.012358742 -0.063157968 -0.109805182 0.991867542
1770113075155279104.000000 -0.003831333 0.004629649 -0.015287919 -0.003884254 -0.064892158 -0.189791098 0.979669988
1770113075221945856.000000 -0.003671469 0.004768256 -0.015371785 -0.003896968 -0.065845057 -0.203723341 0.976804018
1770113075488612352.000000 -0.003850083 0.004634252 -0.017955856 -0.014111313 -0.069588289 -0.261580944 0.962566257
1770113075855278592.000000 -0.003733851 0.001919517 -0.018828046 -0.028916642 -0.073285192 -0.318024695 0.944803357
1770113077021945600.000000 -0.004248796 0.000172353 -0.017825946 -0.039119251 -0.059832364 -0.352250934 0.933171511
1770113077788611584.000000 -0.006578372 0.001072834 -0.014793961 -0.024079574 -0.025329225 -0.254296184 0.966494739
1770113078055277056.000000 -0.006248589 0.000996680 -0.014655754 -0.015676217 -0.014097665 -0.172975883 0.984700441
1770113078155277312.000000 -0.006451450 0.000917669 -0.013828344 -0.011328027 -0.009325345 -0.146576703 0.989090502
1770113078588610048.000000 -0.009141771 0.000396752 -0.010612295 0.018343445 0.019408658 -0.123138458 0.992030084
1770113078821943296.000000 -0.008543013 0.000284195 -0.011452849 0.037402160 0.035697039 -0.126421690 0.990628242
1770113078921943552.000000 -0.008964460 0.000090936 -0.012324666 0.043431457 0.046463687 -0.128559023 0.989660263
1770113079321942016.000000 -0.008230909 -0.001385578 -0.013818869 0.050962571 0.084823266 -0.139376327 0.985282719
1770113079555276032.000000 -0.007599414 -0.002470127 -0.015481985 0.034241550 0.082087085 -0.126443103 0.987978399
1770113079588609536.000000 -0.007655882 -0.002114477 -0.015564723 0.029505432 0.079265840 -0.121150650 0.989024222
1770113079888610304.000000 -0.006068042 -0.002185769 -0.013283294 0.006625296 0.065874182 -0.077200703 0.994814932
1770113079921933056.000000 -0.005786171 -0.002305172 -0.012751156 0.005448837 0.065378681 -0.073520139 0.995133579
1770113081088599040.000000 -0.003277212 -0.000834790 -0.009170331 0.055384401 0.071350165 -0.053245470 0.994488120
1770113082888599552.000000 -0.003304330 -0.001561040 -0.008024245 0.045528281 0.098458476 -0.054034807 0.992629528
1770113084521931008.000000 -0.002254198 -0.000465881 -0.006104651 -0.025917217 0.108305924 -0.003274990 0.993774354
1770113084755263488.000000 -0.001633754 -0.000806278 -0.005315909 -0.040550709 0.107328832 0.006498859 0.993375063
1770113085588596736.000000 -0.001120603 -0.000335780 -0.003383874 -0.074383527 0.096590184 0.028842362 0.992121756
1770113086455261952.000000 -0.002619656 -0.000416418 -0.004558812 -0.086598031 0.077751495 0.032682851 0.992666781
1770113087321927936.000000 -0.003720631 -0.000903353 -0.004780850 -0.070895538 0.056013905 0.032270927 0.995386839
1770113087688573440.000000 -0.003807566 -0.000980542 -0.004742673 -0.056804575 0.042902317 0.029218417 0.997035086
1770113093888569088.000000 -0.005934447 0.002212663 -0.001849194 0.026927341 -0.058985014 0.039954498 0.997095466
1770113094188568832.000000 -0.005935528 0.002242585 -0.003182633 0.016475599 -0.062279869 0.014570312 0.997816384
1770113094555234560.000000 -0.009001018 0.002611410 -0.005897976 0.007459483 -0.063214183 -0.077982984 0.994920611
1770113094988568064.000000 -0.009694695 0.005173383 -0.010247947 0.000882414 -0.067775272 -0.185283691 0.980344653
1770113095755222272.000000 -0.009661355 0.005657699 -0.007968897 -0.023719460 -0.072650604 -0.319016427 0.944662809
1770113097221887488.000000 -0.012810353 0.004947612 -0.008312756 -0.033455264 -0.034463771 -0.305970699 0.950828552
1770113097555221248.000000 -0.012544982 0.004459042 -0.004924403 -0.024288127 -0.020407688 -0.240996704 0.970007360
1770113097821886976.000000 -0.011787375 0.005234328 -0.005678944 -0.014699833 -0.009924869 -0.169398934 0.985387981
1770113098188555264.000000 -0.009327764 0.001087670 -0.011370438 0.005774597 0.006550800 -0.121191941 0.992590666
1770113098355221248.000000 -0.009020756 0.000727889 -0.010713030 0.019208850 0.019092318 -0.124216087 0.991885483
1770113099521886464.000000 -0.007032326 -0.002211847 -0.015277695 0.013718511 0.069738150 -0.093553618 0.993074119
1770113099655220480.000000 -0.006248480 -0.002361314 -0.013239708 0.006343122 0.065850042 -0.076232210 0.994893074
1770113099821886208.000000 -0.005464773 -0.002147794 -0.012601351 0.005282413 0.063255504 -0.063970059 0.995931089
1770113100021886720.000000 -0.004519222 -0.001982442 -0.011633225 0.009589060 0.063286953 -0.055091254 0.996427536
1770113100188553216.000000 -0.004838347 -0.001456694 -0.011421534 0.020758908 0.065744296 -0.050457358 0.996343732
1770113100555219456.000000 -0.004035639 -0.000250606 -0.009389878 0.045812503 0.069052152 -0.051141359 0.995247483
1770113101455218688.000000 -0.003723803 -0.003163242 -0.010961736 0.064869784 0.078784905 -0.050471872 0.993497610
1770113102621884416.000000 -0.003138673 -0.001868338 -0.007753272 0.045318093 0.098216496 -0.054909885 0.992615104
1770113102955218944.000000 -0.003621110 -0.001465128 -0.008771525 0.038152494 0.101460449 -0.052198894 0.992736399
1770113103321868288.000000 -0.003768651 -0.001545973 -0.008953140 0.022137646 0.105717577 -0.036407683 0.993482888
1770113103655201792.000000 -0.003248781 -0.002320956 -0.007709063 0.004197800 0.108589508 -0.018666675 0.993902564
1770113103788534528.000000 -0.002776710 -0.002271509 -0.007152391 -0.003617488 0.108438589 -0.014230586 0.993994713
1770113104021868032.000000 -0.002794559 -0.002247376 -0.007396507 -0.014332125 0.108424932 -0.012970653 0.993916690
1770113104355201792.000000 -0.002097699 -0.000532517 -0.005967438 -0.031036727 0.107540123 -0.000613289 0.993716002
1770113104721867264.000000 -0.001027241 -0.000547475 -0.004979974 -0.050996188 0.105180606 0.014401009 0.993040323
1770113105321867264.000000 -0.001129538 -0.000146467 -0.003378279 -0.073881127 0.096580714 0.027122712 0.992208719
1770113107388532992.000000 -0.003397168 -0.000837698 -0.004514378 -0.058090579 0.043651685 0.030970864 0.996875525
1770113108588532224.000000 -0.005423076 -0.001881547 -0.006387079 0.025740942 -0.003560394 0.018806469 0.999485433
1770113108721865728.000000 -0.005219969 -0.002534525 -0.006435833 0.034864504 -0.015507110 0.016008299 0.999143541
1770113108788531712.000000 -0.006200111 -0.002727585 -0.007499029 0.040806491 -0.020567732 0.015464026 0.998835683
1770113109088530944.000000 -0.005372747 -0.001599308 -0.007550020 0.061591264 -0.050945196 0.022511549 0.996546209
1770113109255198208.000000 -0.004971577 -0.001758584 -0.006695447 0.061432518 -0.055455580 0.036209643 0.995911479
1770113109388531456.000000 -0.004543171 -0.000709785 -0.005424034 0.047753330 -0.052304510 0.036362525 0.996825814
1770113109688531712.000000 -0.003846377 0.000675238 -0.003526428 0.023483530 -0.051154897 0.031063480 0.997931242
1770113110388530944.000000 -0.004641397 0.002635692 0.000394584 0.042933498 -0.048152931 0.032275036 0.997394800
1770113111455184128.000000 -0.004711099 0.002169006 0.000613162 0.058934353 -0.047467019 0.034839861 0.996523857
1770113112621849856.000000 -0.005163789 0.002725372 -0.001036907 0.046896450 -0.045784194 0.033112250 0.997300446
1770113114521848576.000000 -0.007574929 0.001045935 -0.002531753 0.013774619 -0.032707389 0.056085058 0.997795045
1770113117655180032.000000 -0.004811187 -0.000549933 -0.003975459 0.006844373 -0.019791711 0.055228032 0.998254120
