1770113017.222076 0.0000000 0.0000000 0.0000000 -0.0000000 -0.0000000 -0.0000000 1.0000000
1770113017.588744 -0.0001774 0.0001453 -0.0001423 0.0008746 0.0003025 -0.0002730 0.9999995
1770113018.988735 -0.0001475 -0.0000185 -0.0003067 0.0002976 -0.0000546 -0.0002882 0.9999999
1770113023.022065 -0.0002770 -0.0000442 -0.0016141 0.0096961 0.0128656 -0.0028710 0.9998661
1770113023.688732 -0.0006195 -0.0001832 -0.0017909 0.0085275 0.0230270 -0.0032449 0.9996932
1770113026.355401 0.0006616 0.0022952 -0.0023251 -0.0155119 0.0516521 -0.0147306 0.9984360
1770113027.688734 0.0000964 0.0015478 -0.0023484 -0.0250267 0.0467331 -0.0065973 0.9985721
1770113028.522065 0.0013574 0.0022781 -0.0035453 -0.0085300 0.0344528 -0.0080574 0.9993375
1770113029.688733 -0.0001268 -0.0009871 -0.0037363 0.0422892 -0.0047848 -0.0083188 0.9990593
1770113029.888732 -0.0000466 -0.0007656 -0.0054635 0.0543578 -0.0224630 -0.0046244 0.9982581
1770113029.988732 0.0001752 -0.0002617 -0.0055093 0.0588381 -0.0291542 -0.0009147 0.9978414
1770113030.055398 -0.0000357 0.0001945 -0.0054549 0.0610997 -0.0305692 0.0030255 0.9976588
1770113030.122064 0.0000811 0.0001930 -0.0048363 0.0616837 -0.0307667 0.0068072 0.9975982
1770113030.522064 0.0004751 0.0021603 -0.0011875 0.0240591 -0.0264782 0.0086587 0.9993224
1770113031.022065 0.0023628 0.0049099 0.0004162 0.0348314 -0.0306532 0.0034843 0.9989169
1770113031.388731 0.0020764 0.0042623 0.0006654 0.0541923 -0.0281582 -0.0038153 0.9981261
1770113032.255397 0.0024176 0.0048821 0.0006534 0.0743693 -0.0331766 0.0005992 0.9966786
1770113033.588731 0.0014794 0.0036722 0.0016096 0.0612498 -0.0422834 0.0119830 0.9971545
1770113034.188725 0.0029268 0.0030282 -0.0011449 0.0393465 -0.0529686 0.0175790 0.9976659
1770113034.922056 0.0022985 0.0041503 -0.0047461 0.0194883 -0.0560827 -0.0003122 0.9982359
1770113035.822057 0.0014401 0.0008222 -0.0073794 -0.0113504 -0.0681877 -0.2277557 0.9712616
1770113036.555389 0.0012164 -0.0019784 -0.0099227 -0.0360525 -0.0722660 -0.3378163 0.9377409
1770113038.555387 -0.0007579 -0.0013220 -0.0058072 -0.0179204 -0.0147144 -0.1629025 0.9863697
1770113039.622054 -0.0002764 0.0002969 -0.0019927 0.0456676 0.0666059 -0.1435578 0.9863414
1770113040.022054 -0.0004654 0.0006725 -0.0033028 0.0357835 0.0822031 -0.1369004 0.9865194
1770113040.055387 -0.0003076 0.0007833 -0.0033744 0.0302304 0.0793856 -0.1283150 0.9880887
1770113040.622053 -0.0008147 0.0006208 -0.0051635 0.0070638 0.0628899 -0.0618506 0.9960771
1770113040.722052 -0.0012060 0.0010235 -0.0056856 0.0108075 0.0627119 -0.0582790 0.9962701
1770113041.288719 -0.0008954 0.0004012 -0.0040300 0.0433375 0.0692524 -0.0545053 0.9951659
1770113041.655368 0.0000124 0.0009521 -0.0045462 0.0586022 0.0706458 -0.0541633 0.9943045
1770113041.955369 -0.0004724 0.0007770 -0.0051281 0.0638036 0.0742712 -0.0515902 0.9938568
1770113042.688702 -0.0024240 0.0002477 -0.0059928 0.0622181 0.0871016 -0.0516708 0.9929111
1770113043.388701 -0.0030801 -0.0022462 -0.0080128 0.0422668 0.0979857 -0.0535121 0.9928488
1770113043.888700 -0.0048342 -0.0025980 -0.0096087 0.0264900 0.1044833 -0.0384232 0.9934310
1770113046.922031 -0.0022821 -0.0003643 -0.0043746 -0.0861533 0.0770177 0.0328125 0.9927584
1770113047.488698 -0.0022020 -0.0008174 -0.0036875 -0.0797094 0.0621382 0.0328808 0.9943361
1770113049.822013 -0.0052972 -0.0015601 -0.0075322 0.0618539 -0.0521508 0.0231352 0.9964533
1770113050.088680 -0.0046251 -0.0007597 -0.0054961 0.0510831 -0.0536655 0.0367427 0.9965744
1770113052.555345 -0.0060446 0.0010277 0.0038765 0.0630274 -0.0513854 0.0345085 0.9960905
1770113053.688678 -0.0069438 0.0004591 0.0027510 0.0411237 -0.0587030 0.0457736 0.9963772
1770113054.988677 -0.0112127 0.0017498 -0.0040550 0.0101375 -0.0638425 -0.0615482 0.9960086
1770113055.088675 -0.0108721 0.0020332 -0.0032589 0.0071813 -0.0651799 -0.0870539 0.9940431
1770113055.322010 -0.0117386 0.0046390 -0.0043264 0.0037847 -0.0659900 -0.1509559 0.9863282
1770113055.688677 -0.0121156 0.0046130 -0.0051457 -0.0094273 -0.0693145 -0.2338912 0.9697431
1770113055.822009 -0.0121143 0.0043995 -0.0057033 -0.0133915 -0.0713945 -0.2582237 0.9633504
1770113056.055343 -0.0122373 0.0035393 -0.0060415 -0.0211513 -0.0720031 -0.2931244 0.9531245
1770113056.388676 -0.0133416 0.0020706 -0.0065058 -0.0313490 -0.0704621 -0.3251789 0.9425026
1770113058.022000 -0.0098374 0.0038210 -0.0059689 -0.0240864 -0.0211340 -0.2418287 0.9697897
1770113058.322000 -0.0096139 0.0025295 -0.0097892 -0.0131799 -0.0074602 -0.1637255 0.9863897
1770113058.455333 -0.0086381 0.0017239 -0.0095539 -0.0076314 -0.0025312 -0.1312455 0.9913173
1770113059.088666 -0.0090321 0.0005718 -0.0117044 0.0391754 0.0386012 -0.1280163 0.9902460
1770113059.521999 -0.0073304 -0.0015708 -0.0144529 0.0511094 0.0817246 -0.1351268 0.9861287
1770113059.688666 -0.0076529 -0.0023941 -0.0156340 0.0500065 0.0885755 -0.1418521 0.9846480
1770113063.888663 -0.0049321 -0.0018771 -0.0103496 0.0191823 0.1062898 -0.0309338 0.9936688
1770113064.255330 -0.0026147 -0.0019807 -0.0071221 -0.0029232 0.1078788 -0.0148097 0.9940494
1770113064.455330 -0.0027936 -0.0001532 -0.0070988 -0.0094189 0.1084147 -0.0146516 0.9939532
1770113065.688636 -0.0008004 -0.0005209 -0.0034299 -0.0716229 0.0986429 0.0264380 0.9921899
1770113065.955302 -0.0010468 -0.0005021 -0.0033599 -0.0786171 0.0939477 0.0315335 0.9919671
1770113066.521968 -0.0022728 -0.0000204 -0.0040568 -0.0845282 0.0805968 0.0328902 0.9926114
1770113067.755301 -0.0042333 -0.0015288 -0.0046993 -0.0641507 0.0506725 0.0323143 0.9961289
1770113069.021967 -0.0051147 -0.0021235 -0.0059370 0.0208436 -0.0003221 0.0203955 0.9995747
1770113069.188634 -0.0057843 -0.0024506 -0.0067161 0.0345406 -0.0130639 0.0167114 0.9991782
1770113069.288634 -0.0062766 -0.0030251 -0.0078399 0.0425001 -0.0226068 0.0157531 0.9987165
1770113070.521965 -0.0042698 0.0023819 -0.0008957 0.0285091 -0.0511934 0.0306330 0.9978117
1770113074.821947 -0.0028373 0.0067980 -0.0137806 0.0123587 -0.0631580 -0.1098052 0.9918675
1770113075.155279 -0.0038313 0.0046296 -0.0152879 -0.0038843 -0.0648922 -0.1897911 0.9796700
1770113075.221946 -0.0036715 0.0047683 -0.0153718 -0.0038970 -0.0658451 -0.2037233 0.9768040
1770113075.488612 -0.0038501 0.0046343 -0.0179559 -0.0141113 -0.0695883 -0.2615809 0.9625663
1770113075.855278 -0.0037339 0.0019195 -0.0188280 -0.0289166 -0.0732852 -0.3180247 0.9448034
1770113077.021945 -0.0042488 0.0001724 -0.0178259 -0.0391193 -0.0598324 -0.3522509 0.9331715
1770113077.788612 -0.0065784 0.0010728 -0.0147940 -0.0240796 -0.0253292 -0.2542962 0.9664947
1770113078.055277 -0.0062486 0.0009967 -0.0146558 -0.0156762 -0.0140977 -0.1729759 0.9847004
1770113078.155277 -0.0064514 0.0009177 -0.0138283 -0.0113280 -0.0093253 -0.1465767 0.9890905
1770113078.588610 -0.0091418 0.0003968 -0.0106123 0.0183434 0.0194087 -0.1231385 0.9920301
1770113078.821943 -0.0085430 0.0002842 -0.0114528 0.0374022 0.0356970 -0.1264217 0.9906282
1770113078.921944 -0.0089645 0.0000909 -0.0123247 0.0434315 0.0464637 -0.1285590 0.9896603
1770113079.321942 -0.0082309 -0.0013856 -0.0138189 0.0509626 0.0848233 -0.1393763 0.9852827
1770113079.555276 -0.0075994 -0.0024701 -0.0154820 0.0342415 0.0820871 -0.1264431 0.9879784
1770113079.588609 -0.0076559 -0.0021145 -0.0155647 0.0295054 0.0792658 -0.1211507 0.9890242
1770113079.888610 -0.0060680 -0.0021858 -0.0132833 0.0066253 0.0658742 -0.0772007 0.9948149
1770113079.921933 -0.0057862 -0.0023052 -0.0127512 0.0054488 0.0653787 -0.0735201 0.9951336
1770113081.088599 -0.0032772 -0.0008348 -0.0091703 0.0553844 0.0713502 -0.0532455 0.9944881
1770113082.888600 -0.0033043 -0.0015610 -0.0080242 0.0455283 0.0984585 -0.0540348 0.9926295
1770113084.521931 -0.0022542 -0.0004659 -0.0061047 -0.0259172 0.1083059 -0.0032750 0.9937744
1770113084.755264 -0.0016338 -0.0008063 -0.0053159 -0.0405507 0.1073288 0.0064989 0.9933751
1770113085.588597 -0.0011206 -0.0003358 -0.0033839 -0.0743835 0.0965902 0.0288424 0.9921218
1770113086.455262 -0.0026197 -0.0004164 -0.0045588 -0.0865980 0.0777515 0.0326829 0.9926668
1770113087.321928 -0.0037206 -0.0009034 -0.0047808 -0.0708955 0.0560139 0.0322709 0.9953868
1770113087.688573 -0.0038076 -0.0009805 -0.0047427 -0.0568046 0.0429023 0.0292184 0.9970351
1770113093.888569 -0.0059344 0.0022127 -0.0018492 0.0269273 -0.0589850 0.0399545 0.9970955
1770113094.188569 -0.0059355 0.0022426 -0.0031826 0.0164756 -0.0622799 0.0145703 0.9978164
1770113094.555234 -0.0090010 0.0026114 -0.0058980 0.0074595 -0.0632142 -0.0779830 0.9949206
1770113094.988568 -0.0096947 0.0051734 -0.0102479 0.0008824 -0.0677753 -0.1852837 0.9803447
1770113095.755222 -0.0096614 0.0056577 -0.0079689 -0.0237195 -0.0726506 -0.3190164 0.9446628
1770113097.221888 -0.0128104 0.0049476 -0.0083128 -0.0334553 -0.0344638 -0.3059707 0.9508286
1770113097.555221 -0.0125450 0.0044590 -0.0049244 -0.0242881 -0.0204077 -0.2409967 0.9700074
1770113097.821887 -0.0117874 0.0052343 -0.0056789 -0.0146998 -0.0099249 -0.1693989 0.9853880
1770113098.188555 -0.0093278 0.0010877 -0.0113704 0.0057746 0.0065508 -0.1211919 0.9925907
1770113098.355221 -0.0090208 0.0007279 -0.0107130 0.0192089 0.0190923 -0.1242161 0.9918855
1770113099.521887 -0.0070323 -0.0022118 -0.0152777 0.0137185 0.0697381 -0.0935536 0.9930741
1770113099.655221 -0.0062485 -0.0023613 -0.0132397 0.0063431 0.0658500 -0.0762322 0.9948931
1770113099.821886 -0.0054648 -0.0021478 -0.0126014 0.0052824 0.0632555 -0.0639701 0.9959311
1770113100.021887 -0.0045192 -0.0019824 -0.0116332 0.0095891 0.0632870 -0.0550913 0.9964275
1770113100.188553 -0.0048383 -0.0014567 -0.0114215 0.0207589 0.0657443 -0.0504574 0.9963437
1770113100.555219 -0.0040356 -0.0002506 -0.0093899 0.0458125 0.0690522 -0.0511414 0.9952475
1770113101.455219 -0.0037238 -0.0031632 -0.0109617 0.0648698 0.0787849 -0.0504719 0.9934976
1770113102.621884 -0.0031387 -0.0018683 -0.0077533 0.0453181 0.0982165 -0.0549099 0.9926151
1770113102.955219 -0.0036211 -0.0014651 -0.0087715 0.0381525 0.1014604 -0.0521989 0.9927364
1770113103.321868 -0.0037687 -0.0015460 -0.0089531 0.0221376 0.1057176 -0.0364077 0.9934829
1770113103.655202 -0.0032488 -0.0023210 -0.0077091 0.0041978 0.1085895 -0.0186667 0.9939026
1770113103.788535 -0.0027767 -0.0022715 -0.0071524 -0.0036175 0.1084386 -0.0142306 0.9939947
1770113104.021868 -0.0027946 -0.0022474 -0.0073965 -0.0143321 0.1084249 -0.0129707 0.9939167
1770113104.355202 -0.0020977 -0.0005325 -0.0059674 -0.0310367 0.1075401 -0.0006133 0.9937160
1770113104.721867 -0.0010272 -0.0005475 -0.0049800 -0.0509962 0.1051806 0.0144010 0.9930403
1770113105.321867 -0.0011295 -0.0001465 -0.0033783 -0.0738811 0.0965807 0.0271227 0.9922087
1770113107.388533 -0.0033972 -0.0008377 -0.0045144 -0.0580906 0.0436517 0.0309709 0.9968755
1770113108.588532 -0.0054231 -0.0018815 -0.0063871 0.0257409 -0.0035604 0.0188065 0.9994854
1770113108.721866 -0.0052200 -0.0025345 -0.0064358 0.0348645 -0.0155071 0.0160083 0.9991435
1770113108.788532 -0.0062001 -0.0027276 -0.0074990 0.0408065 -0.0205677 0.0154640 0.9988357
1770113109.088531 -0.0053727 -0.0015993 -0.0075500 0.0615913 -0.0509452 0.0225115 0.9965462
1770113109.255198 -0.0049716 -0.0017586 -0.0066954 0.0614325 -0.0554556 0.0362096 0.9959115
1770113109.388531 -0.0045432 -0.0007098 -0.0054240 0.0477533 -0.0523045 0.0363625 0.9968258
1770113109.688532 -0.0038464 0.0006752 -0.0035264 0.0234835 -0.0511549 0.0310635 0.9979312
1770113110.388531 -0.0046414 0.0026357 0.0003946 0.0429335 -0.0481529 0.0322750 0.9973948
1770113111.455184 -0.0047111 0.0021690 0.0006132 0.0589344 -0.0474670 0.0348399 0.9965239
1770113112.621850 -0.0051638 0.0027254 -0.0010369 0.0468965 -0.0457842 0.0331123 0.9973004
1770113114.521849 -0.0075749 0.0010459 -0.0025318 0.0137746 -0.0327074 0.0560851 0.9977950
1770113117.655180 -0.0048112 -0.0005499 -0.0039755 0.0068444 -0.0197917 0.0552280 0.9982541
