1769789201.016026 0.0000000 0.0000000 0.0000000 -0.0000000 -0.0000000 -0.0000000 1.0000000
1769789201.116030 0.0124525 0.0033859 0.0124769 -0.0003942 -0.0020931 0.0000826 0.9999977
1769789201.149366 0.0172588 0.0005832 0.0073896 -0.0008675 -0.0017927 -0.0016774 0.9999966
1769789201.749362 0.0359530 0.0043794 0.0177438 -0.0004583 -0.0040227 -0.0006797 0.9999916
1769789202.682696 0.0051693 -0.0034272 -0.0014685 -0.0017065 -0.0007789 -0.0003479 0.9999982
1769789204.249359 0.0091710 0.0021941 -0.0012023 -0.0003711 -0.0010308 -0.0006713 0.9999992
1769789205.782705 0.0237863 0.0036581 0.0067775 -0.0012229 -0.0025000 -0.0004447 0.9999961
1769789206.682688 0.0469365 -0.0023564 0.0135515 0.0009157 -0.0054736 -0.0022491 0.9999821
1769789207.082721 0.0686262 -0.0078248 0.0159990 0.0012862 -0.0046821 -0.0006483 0.9999880
1769789207.416054 0.0907430 -0.0015328 0.0249429 0.0023083 -0.0026553 -0.0006327 0.9999936
1769789207.682723 0.1099134 0.0101215 0.0240378 0.0037552 -0.0005896 -0.0010327 0.9999923
1769789207.882724 0.1269080 0.0304100 0.0325678 0.0061946 0.0011680 -0.0000005 0.9999802
1769789208.082723 0.1357928 0.0543341 0.0359251 0.0083176 0.0038756 -0.0029584 0.9999535
1769789208.282730 0.1536121 0.0773984 0.0496650 0.0096208 0.0061415 -0.0025304 0.9999317
1769789208.416065 0.1673835 0.1024653 0.0598727 0.0125487 0.0067805 -0.0036228 0.9998918
1769789208.516055 0.1705611 0.1173226 0.0624753 0.0131400 0.0091994 -0.0045832 0.9998609
1769789208.616067 0.1731294 0.1237970 0.0655162 0.0115014 0.0112040 -0.0061490 0.9998522
1769789208.716057 0.1762922 0.1383136 0.0643715 0.0123235 0.0125691 -0.0079320 0.9998136
1769789208.816076 0.1790442 0.1514423 0.0677961 0.0127555 0.0138900 -0.0085076 0.9997860
1769789208.982728 0.1887422 0.1647143 0.0772563 0.0126139 0.0151748 -0.0083998 0.9997700
1769789209.116056 0.1865959 0.1707981 0.0811049 0.0120393 0.0165871 -0.0094675 0.9997451
1769789210.049396 0.1725334 0.1346003 0.0623056 0.0181998 0.0096337 -0.0068191 0.9997647
1769789210.282728 0.1665517 0.0813148 0.0542649 0.0168389 0.0053564 -0.0031149 0.9998391
1769789210.482728 0.1665813 0.0185815 0.0428701 0.0149671 0.0016141 0.0021014 0.9998845
1769789210.649390 0.1523079 -0.0436488 0.0427615 0.0131839 0.0016762 0.0022569 0.9999092
1769789210.782721 0.1303750 -0.0879478 0.0480871 0.0126121 0.0012682 0.0036108 0.9999132
1769789210.882731 0.1104698 -0.1187350 0.0494290 0.0133530 0.0026232 0.0006250 0.9999073
1769789211.016067 0.0829262 -0.1403338 0.0257537 0.0003336 0.0028322 -0.0025384 0.9999927
1769789211.149405 0.0545456 -0.1610034 0.0347688 -0.0247183 0.0032416 -0.0053544 0.9996749
1769789211.282731 0.0367297 -0.1894256 0.0158579 -0.0381662 0.0008874 -0.0040073 0.9992630
1769789211.416061 0.0065162 -0.2069566 0.0181501 -0.0462667 0.0013345 -0.0061090 0.9989095
1769789211.549390 -0.0166383 -0.2247991 0.0144786 -0.0481992 0.0012037 -0.0071071 0.9988117
1769789211.682725 -0.0160292 -0.2160503 0.0281379 -0.0426148 -0.0007411 -0.0086536 0.9990538
1769789212.082719 -0.0122661 -0.2125241 0.0437839 -0.0213417 -0.0046490 -0.0064665 0.9997405
1769789212.749391 -0.0138726 -0.2069891 0.0439450 -0.0127490 -0.0124572 -0.0042283 0.9998322
1769789213.082735 -0.0188820 -0.1997056 0.0406671 -0.0192803 -0.0141465 -0.0028931 0.9997098
1769789213.382720 -0.0146538 -0.0990425 0.0433175 -0.0164872 -0.0154294 -0.0021524 0.9997427
1769789213.682727 0.0036149 -0.0229007 0.0390475 -0.0165773 -0.0154083 -0.0016873 0.9997424
1769789213.916049 0.0131173 0.0224100 0.0444359 -0.0162469 -0.0159137 -0.0373815 0.9990423
1769789214.082736 0.0259464 0.0389975 0.0248427 -0.0165593 -0.0158417 -0.0657146 0.9975753
1769789214.282727 0.0523804 0.0508244 0.0208313 -0.0156258 -0.0162636 -0.0797619 0.9965588
1769789214.482737 0.0915151 0.0403519 0.0131864 -0.0157054 -0.0147053 -0.0642388 0.9977026
1769789214.649392 0.1258442 0.0264687 0.0113134 -0.0130651 -0.0130684 -0.0516177 0.9984959
1769789214.782721 0.1547925 0.0080060 0.0060614 -0.0113410 -0.0113382 -0.0425884 0.9989640
1769789215.116070 0.1943994 -0.0144332 0.0302146 0.0176450 0.0068986 -0.0381727 0.9990916
1769789215.416074 0.2688347 -0.1102300 0.0245596 0.0308954 0.0249878 -0.0373754 0.9985110
1769789215.682737 0.2918300 -0.1859550 0.0802435 0.0310787 0.0562929 -0.0344398 0.9973360
1769789215.849416 0.3163266 -0.2258387 0.0977273 0.0269988 0.0598519 -0.0329163 0.9972991
1769789215.982743 0.3370796 -0.2139678 0.0996335 0.0074046 0.0479336 -0.0307903 0.9983484
1769789216.216069 0.3779617 -0.2354082 0.1098651 -0.0333135 0.0294642 -0.0187582 0.9988344
1769789216.616070 0.4689399 -0.2613270 0.1490595 -0.0438513 0.0110564 0.0036193 0.9989703
1769789216.882758 0.5157904 -0.2773371 0.1544574 -0.0297862 0.0054771 0.0075389 0.9995129
1769789217.116088 0.5387497 -0.2550311 0.1606711 -0.0200993 0.0025828 0.0080455 0.9997623
1769789217.349407 0.5600485 -0.2230648 0.1726198 -0.0108365 0.0022240 0.0065719 0.9999172
1769789217.616068 0.5551534 -0.1912900 0.1765781 -0.0076157 0.0054551 0.0060576 0.9999378
1769789217.882735 0.5600178 -0.1560967 0.1779399 -0.0080800 0.0054350 0.0062674 0.9999329
1769789218.082736 0.5583059 -0.1404689 0.1725132 -0.0118368 0.0054199 0.0078993 0.9998841
1769789218.249403 0.5533956 -0.0888042 0.1672945 -0.0091670 0.0059276 0.0043501 0.9999310
1769789218.449411 0.5486949 -0.0769476 0.1685150 -0.0136649 0.0057663 0.0071271 0.9998646
1769789218.782746 0.5387120 -0.0444628 0.1603817 -0.0169809 0.0022071 0.0090036 0.9998128
1769789219.116071 0.5223691 -0.0262325 0.1576276 -0.0179095 -0.0015592 0.0086164 0.9998013
1769789219.382754 0.4818645 -0.0344892 0.1393062 -0.0213648 -0.0018965 -0.0020746 0.9997678
1769789219.649410 0.4418183 -0.0686455 0.1038647 -0.0192035 -0.0043253 0.0008411 0.9998059
1769789219.782743 0.4336507 -0.0809228 0.0901718 -0.0162355 -0.0078753 0.0018216 0.9998356
1769789219.949400 0.4086647 -0.0953060 0.0808924 -0.0099068 -0.0094812 -0.0014114 0.9999050
1769789220.049400 0.4008747 -0.1127959 0.0646969 -0.0026227 -0.0135911 0.0006125 0.9999040
1769789220.082740 0.3991885 -0.1233285 0.0499887 -0.0003216 -0.0158720 0.0031549 0.9998690
1769789220.249419 0.3862271 -0.1178940 0.0358046 0.0168885 -0.0237998 -0.0082178 0.9995403
1769789220.349445 0.3776005 -0.1467525 0.0201001 0.0248970 -0.0325884 -0.0050191 0.9991461
1769789220.416067 0.3542014 -0.1415309 0.0446823 0.0325900 -0.0368657 -0.0071498 0.9987631
1769789220.516075 0.3503779 -0.1380861 0.0378317 0.0423225 -0.0493482 -0.0079570 0.9978529
1769789220.616071 0.3172035 -0.1679660 0.0564780 0.0477951 -0.0574495 -0.0057661 0.9971870
1769789220.682732 0.2686882 -0.1840855 0.0698461 0.0500472 -0.0593147 -0.0054114 0.9969693
1769789220.782740 0.2609471 -0.1872170 0.0564111 0.0521339 -0.0664059 -0.0046794 0.9964188
1769789220.849402 0.2596666 -0.1948882 0.0583554 0.0506501 -0.0695594 -0.0012214 0.9962904
1769789220.916074 0.2585370 -0.1945719 0.0602783 0.0500609 -0.0694898 0.0001867 0.9963258
1769789221.049414 0.2510163 -0.1979586 0.0527832 0.0301575 -0.0611496 -0.0011832 0.9976722
1769789221.116074 0.2382487 -0.2160010 0.0595847 0.0098254 -0.0572644 -0.0019799 0.9983088
1769789221.316070 0.1999160 -0.2464159 0.0498725 -0.0196060 -0.0471032 -0.0045727 0.9986871
1769789221.649410 0.1429702 -0.2894844 0.0442291 -0.0321958 -0.0359163 -0.0059733 0.9988182
1769789221.882745 0.1044759 -0.2943059 0.0541742 -0.0216722 -0.0297062 -0.0050211 0.9993111
1769789222.249403 0.1039742 -0.2913524 0.0557364 -0.0156518 -0.0279587 -0.0041110 0.9994781
1769789222.649409 0.1004263 -0.2913994 0.0495376 -0.0187627 -0.0286615 -0.0034380 0.9994072
1769789222.982739 0.0985423 -0.2846884 0.0452025 -0.0264059 -0.0288047 -0.0029338 0.9992319
1769789223.249472 0.1013028 -0.2015637 0.0426893 -0.0253436 -0.0291560 -0.0029986 0.9992490
1769789223.516081 0.1125212 -0.1311032 0.0350294 -0.0256105 -0.0283139 -0.0026678 0.9992674
1769789223.816082 0.1310839 -0.0728393 0.0282515 -0.0250433 -0.0288502 -0.0397249 0.9984801
1769789224.082765 0.1536203 -0.0458565 0.0241511 -0.0242825 -0.0289305 -0.0796282 0.9961088
1769789224.349411 0.1979907 -0.0474469 0.0371230 -0.0242117 -0.0274741 -0.0698311 0.9968864
1769789224.382751 0.2083441 -0.0465317 0.0342318 -0.0232730 -0.0276564 -0.0660040 0.9971645
1769789224.582734 0.2522120 -0.0696481 0.0271544 -0.0216616 -0.0261884 -0.0496266 0.9981894
1769789224.782731 0.2922951 -0.0938136 0.0408439 -0.0180103 -0.0244934 -0.0384535 0.9987978
1769789224.916070 0.3180744 -0.1187385 0.0498074 -0.0113283 -0.0204431 -0.0371627 0.9990359
1769789225.049398 0.3469043 -0.1516536 0.0437556 -0.0010398 -0.0140458 -0.0381395 0.9991732
1769789225.182731 0.3733128 -0.1960649 0.0296234 0.0065694 -0.0032752 -0.0333427 0.9994170
1769789225.316064 0.3802854 -0.2075459 0.0715230 0.0170906 0.0142438 -0.0358392 0.9991099
1769789225.416062 0.3687818 -0.2128418 0.1434912 0.0232563 0.0305966 -0.0321813 0.9987429
1769789225.549396 0.3892332 -0.2421162 0.1586712 0.0254578 0.0442119 -0.0292494 0.9982694
1769789225.682754 0.4135380 -0.2717894 0.1773904 0.0249561 0.0505454 -0.0256065 0.9980815
1769789225.849397 0.4708774 -0.3154444 0.1414187 0.0052152 0.0342110 -0.0274475 0.9990240
1769789225.982741 0.4792742 -0.2883424 0.1593181 -0.0239569 0.0253930 -0.0242196 0.9990969
1769789226.116062 0.5195284 -0.2840489 0.1780497 -0.0378931 0.0148703 -0.0183848 0.9990020
1769789226.249397 0.5529631 -0.2898306 0.1963620 -0.0472841 0.0068629 -0.0092622 0.9988149
1769789226.416076 0.5963302 -0.3046322 0.2040147 -0.0506463 -0.0021950 0.0010126 0.9987137
1769789226.616075 0.6151077 -0.3041621 0.2083573 -0.0417027 -0.0047416 0.0029668 0.9991145
1769789226.849395 0.6455669 -0.3091344 0.2051217 -0.0282650 -0.0081035 0.0065340 0.9995463
1769789227.249401 0.6455491 -0.2792605 0.2031834 -0.0177614 -0.0061508 0.0005790 0.9998232
1769789227.716067 0.6669006 -0.2374892 0.2039023 -0.0162284 -0.0064740 0.0050188 0.9998348
1769789228.016063 0.6553781 -0.1603867 0.2004712 -0.0159284 -0.0041954 -0.0028408 0.9998603
1769789228.282733 0.6581002 -0.1441064 0.1943801 -0.0210151 -0.0058868 0.0041281 0.9997534
1769789228.549416 0.6328913 -0.0820148 0.1764295 -0.0203032 -0.0055210 -0.0007208 0.9997784
1769789228.782740 0.6256906 -0.0587750 0.1851213 -0.0213647 -0.0075887 0.0002889 0.9997429
1769789229.116064 0.5890243 -0.0481146 0.1662935 -0.0222856 -0.0096939 -0.0019044 0.9997029
1769789229.382737 0.5533764 -0.0718615 0.1397632 -0.0238777 -0.0117216 -0.0044594 0.9996362
1769789229.482740 0.5399370 -0.0822063 0.1290563 -0.0221341 -0.0125255 -0.0034103 0.9996707
1769789229.649393 0.5139477 -0.1036933 0.1033453 -0.0192680 -0.0142466 -0.0026231 0.9997094
1769789229.782725 0.4980799 -0.1225699 0.0838774 -0.0160807 -0.0177644 -0.0015725 0.9997117
1769789229.849403 0.4878879 -0.1295441 0.0739836 -0.0124336 -0.0194137 -0.0016549 0.9997329
1769789229.916067 0.4700011 -0.1477109 0.0851420 -0.0102058 -0.0189464 -0.0036773 0.9997617
1769789229.982729 0.4642543 -0.1684131 0.0678207 -0.0068750 -0.0229185 -0.0017063 0.9997123
1769789230.016059 0.4610814 -0.1763966 0.0606793 -0.0045951 -0.0247412 -0.0006386 0.9996831
1769789230.082727 0.4514776 -0.1925848 0.0536015 0.0010695 -0.0273219 0.0004128 0.9996260
1769789230.116064 0.4460965 -0.2013889 0.0565684 0.0037680 -0.0283191 0.0006061 0.9995916
1769789230.182731 0.4338899 -0.2223826 0.0481950 0.0096117 -0.0311418 0.0005007 0.9994686
1769789230.282726 0.4184165 -0.2478447 0.0568586 0.0178396 -0.0400708 -0.0009966 0.9990371
1769789230.416062 0.3924906 -0.2921908 0.0543629 0.0253691 -0.0530851 -0.0021357 0.9982654
1769789230.582728 0.3626670 -0.3499267 0.0585411 0.0301994 -0.0695139 -0.0027636 0.9971200
1769789230.616106 0.3563038 -0.3575796 0.0656677 0.0309669 -0.0720558 -0.0033545 0.9969141
1769789230.682729 0.3558913 -0.3574278 0.0607362 0.0323830 -0.0769847 -0.0021389 0.9965039
1769789230.749404 0.3533931 -0.3571584 0.0649514 0.0326454 -0.0790635 -0.0011161 0.9963343
1769789230.849423 0.3529357 -0.3598314 0.0661173 0.0307043 -0.0769520 0.0024805 0.9965588
1769789230.916065 0.3503842 -0.3582286 0.0654612 0.0229375 -0.0728714 0.0008570 0.9970772
1769789230.949395 0.3468930 -0.3616838 0.0648184 0.0121252 -0.0711547 0.0010301 0.9973911
1769789231.049387 0.3330579 -0.3781757 0.0656748 -0.0148951 -0.0653865 -0.0014008 0.9977479
1769789231.182723 0.3116716 -0.3975221 0.0618485 -0.0332824 -0.0597568 -0.0028715 0.9976538
1769789231.282725 0.2923349 -0.4104453 0.0604389 -0.0427318 -0.0555724 -0.0041680 0.9975311
1769789231.416065 0.2747222 -0.4269501 0.0553245 -0.0492345 -0.0513977 -0.0048619 0.9974521
1769789231.616055 0.2796498 -0.4218910 0.0711892 -0.0434873 -0.0493651 -0.0056848 0.9978175
1769789232.382731 0.2787324 -0.4117410 0.0798380 -0.0294746 -0.0467810 -0.0047645 0.9984589
1769789232.749396 0.2761327 -0.4091207 0.0730859 -0.0359925 -0.0473581 -0.0036081 0.9982228
1769789233.182722 0.2748764 -0.2769501 0.0716629 -0.0342258 -0.0468288 -0.0045015 0.9983063
1769789233.549394 0.2992456 -0.1875499 0.0675710 -0.0349301 -0.0461226 -0.0045232 0.9983147
1769789233.916058 0.3210530 -0.1348079 0.0633837 -0.0318182 -0.0481728 -0.0748544 0.9955219
1769789234.349389 0.3964882 -0.1451273 0.0547120 -0.0317906 -0.0451742 -0.0617026 0.9965649
1769789234.616055 0.4575813 -0.1805264 0.0508461 -0.0298772 -0.0427282 -0.0415190 0.9977764
1769789234.782722 0.4856103 -0.2064641 0.0335324 -0.0213833 -0.0367569 -0.0420557 0.9982099
1769789234.916055 0.5127037 -0.2335911 0.0182683 -0.0095628 -0.0293821 -0.0470556 0.9984143
1769789235.082763 0.5465109 -0.2749550 0.0316729 0.0038584 -0.0198119 -0.0421350 0.9989080
1769789235.216080 0.5659226 -0.3060628 0.0588381 0.0094423 -0.0055683 -0.0378259 0.9992242
1769789235.382730 0.5716228 -0.3508398 0.0972596 0.0111765 0.0173596 -0.0399117 0.9989899
1769789235.616064 0.6198369 -0.4145127 0.1149411 0.0073210 0.0270752 -0.0368992 0.9989253
1769789235.782734 0.6507978 -0.4307615 0.1160007 -0.0181594 0.0132420 -0.0309824 0.9992672
1769789236.082731 0.7173461 -0.4430289 0.1640668 -0.0625825 -0.0103282 -0.0157846 0.9978615
1769789236.416054 0.7956151 -0.4748168 0.1770476 -0.0686596 -0.0262441 0.0029223 0.9972907
1769789236.682726 0.8343384 -0.4930811 0.1642450 -0.0531506 -0.0312583 0.0102651 0.9980444
1769789237.249390 0.8814752 -0.4322820 0.1909283 -0.0346043 -0.0336259 0.0103214 0.9987819
1769789237.616079 0.8732912 -0.3449710 0.2240094 -0.0290363 -0.0297425 0.0017778 0.9991342
1769789237.816064 0.8694283 -0.3059777 0.2203781 -0.0297454 -0.0292823 -0.0017364 0.9991270
1769789237.982718 0.8614305 -0.2670691 0.2195044 -0.0299711 -0.0279645 -0.0062996 0.9991397
1769789238.149391 0.8584115 -0.2579165 0.2109118 -0.0329918 -0.0280946 -0.0019818 0.9990587
1769789238.416099 0.8513939 -0.2513036 0.2047742 -0.0391493 -0.0296546 0.0030112 0.9987887
1769789238.582782 0.8390424 -0.2277449 0.1993163 -0.0399780 -0.0304087 -0.0004840 0.9987376
1769789238.782757 0.8340158 -0.2153890 0.1904741 -0.0406408 -0.0334730 -0.0000209 0.9986130
1769789238.982767 0.8149037 -0.2205582 0.1716223 -0.0425912 -0.0356064 0.0002751 0.9984579
1769789239.216097 0.7836419 -0.2359501 0.1475533 -0.0433869 -0.0368323 -0.0032456 0.9983739
1769789239.316100 0.7748533 -0.2470183 0.1252534 -0.0424493 -0.0391822 -0.0013244 0.9983292
1769789239.516098 0.7446787 -0.2668083 0.1115602 -0.0386260 -0.0395602 -0.0010684 0.9984698
1769789239.616098 0.7363448 -0.2807906 0.1088126 -0.0369234 -0.0415487 -0.0010734 0.9984534
1769789239.816100 0.6877458 -0.2654201 0.0967093 -0.0217312 -0.0405087 -0.0077772 0.9989126
1769789239.916088 0.6813664 -0.2855845 0.0756087 -0.0141450 -0.0462116 -0.0065795 0.9988099
1769789239.982761 0.6765360 -0.3009059 0.0603833 -0.0089797 -0.0499386 -0.0059611 0.9986941
1769789240.082779 0.6309333 -0.2960543 0.0599560 0.0012838 -0.0491028 -0.0169914 0.9986484
1769789240.182807 0.6142012 -0.3301543 0.0456348 0.0072575 -0.0576246 -0.0170395 0.9981666
1769789240.349450 0.5633918 -0.3409753 0.1367892 0.0242914 -0.0754744 -0.0053746 0.9968374
1769789240.449445 0.5537922 -0.3798465 0.1104362 0.0267107 -0.0866969 -0.0046750 0.9958656
1769789240.549437 0.5382309 -0.4108677 0.1280219 0.0275067 -0.0943987 -0.0049091 0.9951423
1769789240.649440 0.5330383 -0.4147279 0.1370438 0.0276313 -0.0985881 -0.0028686 0.9947405
1769789240.716091 0.5319842 -0.4158409 0.1443104 0.0263033 -0.0980003 -0.0001267 0.9948387
1769789240.782770 0.5307901 -0.4164757 0.1405486 0.0240806 -0.0937007 0.0003852 0.9953091
1769789240.849437 0.5281465 -0.4193376 0.1432688 0.0060560 -0.0905495 -0.0013643 0.9958726
1769789240.949424 0.5095561 -0.4443807 0.1441479 -0.0224882 -0.0845415 -0.0029311 0.9961619
1769789241.049430 0.4940090 -0.4622346 0.1376418 -0.0374322 -0.0800746 -0.0037298 0.9960788
1769789241.216095 0.4637308 -0.4873419 0.1342497 -0.0534592 -0.0734487 -0.0051527 0.9958518
1769789241.482761 0.4126075 -0.5164326 0.1379900 -0.0556893 -0.0643286 -0.0057191 0.9963573
1769789241.882756 0.4076514 -0.5221046 0.1116092 -0.0441901 -0.0596880 -0.0049480 0.9972262
1769789242.349423 0.4077498 -0.5178710 0.1193383 -0.0419189 -0.0604345 -0.0040406 0.9972834
1769789242.749428 0.4041068 -0.5222137 0.1078851 -0.0520124 -0.0607961 -0.0033610 0.9967885
1769789242.916089 0.4034763 -0.4687041 0.1035784 -0.0507322 -0.0607286 -0.0038768 0.9968567
1769789243.282757 0.4163181 -0.3658509 0.0984417 -0.0504168 -0.0600494 -0.0053712 0.9969069
1769789243.616088 0.4315282 -0.2965320 0.1007764 -0.0478143 -0.0606235 -0.0452123 0.9959892
1769789243.882755 0.4564295 -0.2720821 0.0917136 -0.0460077 -0.0621272 -0.0829081 0.9935541
1769789243.916087 0.4612961 -0.2710900 0.0889888 -0.0460166 -0.0623829 -0.0847184 0.9933850
1769789244.082759 0.4935451 -0.2747105 0.0742310 -0.0455561 -0.0620250 -0.0797603 0.9938390
1769789244.316093 0.5358243 -0.2856832 0.1117819 -0.0447749 -0.0591302 -0.0575727 0.9955824
1769789244.482752 0.5759211 -0.3138866 0.0878932 -0.0429344 -0.0563215 -0.0489328 0.9962882
1769789244.616092 0.5920679 -0.3211154 0.0827688 -0.0340613 -0.0498439 -0.0458407 0.9971229
1769789244.749427 0.6036342 -0.3235174 0.1001907 -0.0184185 -0.0404098 -0.0426899 0.9981009
1769789244.882752 0.6405739 -0.3723782 0.1069787 -0.0134426 -0.0384279 -0.0421178 0.9982829
1769789245.216087 0.6829156 -0.4778720 0.1726223 -0.0055922 -0.0025945 -0.0426349 0.9990717
1769789245.516099 0.7266161 -0.5301046 0.2041670 -0.0037710 0.0169048 -0.0376223 0.9991419
1769789245.649425 0.7598214 -0.5455022 0.2183251 -0.0205257 0.0049844 -0.0342635 0.9991896
1769789245.782761 0.7839614 -0.5523930 0.2526543 -0.0541874 -0.0066453 -0.0344759 0.9979133
1769789246.382778 0.9303697 -0.6218197 0.2874155 -0.0842858 -0.0410412 -0.0017142 0.9955946
1769789246.849431 0.9929115 -0.6048501 0.3053226 -0.0618124 -0.0486380 0.0039349 0.9968942
1769789247.216096 1.0127985 -0.5449206 0.3203219 -0.0501217 -0.0476239 0.0016134 0.9976057
1769789247.516105 1.0180081 -0.4870587 0.3186870 -0.0465998 -0.0468921 -0.0009181 0.9978120
1769789247.949421 1.0223873 -0.4620645 0.3168694 -0.0554383 -0.0473192 0.0052735 0.9973263
1769789247.982758 1.0202379 -0.4528922 0.3154597 -0.0550132 -0.0471837 0.0050327 0.9973575
1769789248.249428 1.0017990 -0.3939089 0.2992320 -0.0544771 -0.0466645 0.0001176 0.9974240
1769789248.549426 0.9892799 -0.3795063 0.2865964 -0.0585605 -0.0493702 0.0038734 0.9970548
1769789248.949428 0.9508018 -0.3712877 0.2672187 -0.0603431 -0.0520666 0.0012234 0.9968181
1769789249.216084 0.9215124 -0.3867716 0.2552480 -0.0589004 -0.0549726 -0.0017900 0.9967475
1769789249.349438 0.9083997 -0.4009388 0.2488987 -0.0566517 -0.0575754 -0.0007582 0.9967322
1769789249.482765 0.8888002 -0.4253278 0.2271656 -0.0558993 -0.0586424 -0.0016423 0.9967114
1769789249.516090 0.8854643 -0.4292395 0.2194358 -0.0544364 -0.0590137 -0.0012574 0.9967710
1769789249.582758 0.8759229 -0.4441426 0.2033402 -0.0534873 -0.0591810 -0.0007744 0.9968130
1769789249.716093 0.8581054 -0.4642144 0.1846604 -0.0457667 -0.0620803 -0.0015619 0.9970201
1769789249.849448 0.8294190 -0.4903815 0.1975745 -0.0352506 -0.0656591 -0.0013081 0.9972184
1769789249.982749 0.8094288 -0.5296295 0.1886702 -0.0234519 -0.0709193 -0.0009064 0.9972059
1769789250.082763 0.7907491 -0.5594535 0.1878242 -0.0165007 -0.0791947 -0.0005622 0.9967225
1769789250.149426 0.7786360 -0.5811807 0.1843677 -0.0121901 -0.0855916 -0.0019758 0.9962538
1769789250.216080 0.7658820 -0.6023607 0.1851399 -0.0083483 -0.0927330 -0.0033480 0.9956504
1769789250.316086 0.7474836 -0.6306357 0.1831839 -0.0022673 -0.1035065 -0.0045840 0.9946157
1769789250.416093 0.7280943 -0.6684682 0.1766652 -0.0021319 -0.1116514 -0.0025755 0.9937418
1769789250.482753 0.7155886 -0.6710500 0.1932975 0.0002276 -0.1154983 -0.0048797 0.9932957
1769789250.616085 0.7152766 -0.6838056 0.1791090 -0.0041018 -0.1154243 0.0014174 0.9933068
1769789250.682752 0.7114332 -0.6674020 0.2266813 -0.0025631 -0.1119343 -0.0009714 0.9937118
1769789250.716084 0.7064759 -0.6667457 0.2343361 -0.0089057 -0.1099597 -0.0017740 0.9938946
1769789250.749419 0.7004532 -0.6706380 0.2398164 -0.0202892 -0.1076358 -0.0024783 0.9939803
1769789250.782752 0.6987942 -0.6741281 0.2501398 -0.0308064 -0.1073662 -0.0023868 0.9937393
1769789250.916083 0.6738806 -0.6963341 0.2593301 -0.0578293 -0.1006731 -0.0017692 0.9932359
1769789251.049432 0.6613083 -0.7231621 0.2308590 -0.0722220 -0.0960103 -0.0033407 0.9927512
1769789251.216090 0.6385664 -0.7422216 0.2188827 -0.0803151 -0.0905399 -0.0040212 0.9926409
1769789251.449416 0.6065028 -0.7496598 0.2161054 -0.0767115 -0.0836290 -0.0029405 0.9935356
1769789251.782767 0.6012580 -0.7453184 0.2213384 -0.0715410 -0.0796398 -0.0032569 0.9942479
1769789252.149422 0.5929325 -0.7594889 0.1672536 -0.0728683 -0.0761296 -0.0021592 0.9944294
1769789252.349429 0.5925954 -0.7166206 0.1663760 -0.0697350 -0.0751045 -0.0030076 0.9947298
1769789252.582752 0.5984244 -0.6692296 0.1675499 -0.0676167 -0.0739488 -0.0037918 0.9949599
1769789252.916091 0.6187662 -0.6176978 0.1598610 -0.0664044 -0.0735137 -0.0037511 0.9950739
1769789253.282750 0.6472233 -0.5806880 0.1581519 -0.0654616 -0.0732166 -0.0040140 0.9951573
1769789253.782751 0.6836458 -0.5668443 0.1553980 -0.0646026 -0.0731898 -0.0044620 0.9952135
1769789254.482800 0.7148356 -0.5772099 0.1627527 -0.0638951 -0.0745978 -0.0038978 0.9951570
1769789254.982745 0.7280268 -0.5796357 0.1686679 -0.0641671 -0.0764614 -0.0033301 0.9950001
1769789255.449398 0.7365981 -0.5756965 0.1773222 -0.0644888 -0.0777617 -0.0038239 0.9948767
1769789256.182738 0.7263545 -0.5818288 0.1646084 -0.0645907 -0.0764324 -0.0025557 0.9949772
1769789257.682748 0.7089198 -0.5910727 0.1485859 -0.0659936 -0.0742751 -0.0019291 0.9950500
