1769789201016026624.000000 0.000000000 0.000000000 0.000000000 -0.000000000 -0.000000000 -0.000000000 1.000000000
1769789201116029696.000000 0.012452505 0.003385942 0.012476941 -0.000394227 -0.002093095 0.000082582 0.999997735
1769789201149366016.000000 0.017258761 0.000583206 0.007389622 -0.000867507 -0.001792677 -0.001677448 0.999996603
1769789201749362176.000000 0.035952974 0.004379421 0.017743833 -0.000458333 -0.004022718 -0.000679706 0.999991596
1769789202682696192.000000 0.005169307 -0.003427181 -0.001468530 -0.001706487 -0.000778950 -0.000347910 0.999998212
1769789204249358848.000000 0.009170964 0.002194067 -0.001202342 -0.000371145 -0.001030801 -0.000671302 0.999999166
1769789205782705408.000000 0.023786260 0.003658140 0.006777477 -0.001222873 -0.002499955 -0.000444723 0.999996066
1769789206682688256.000000 0.046936505 -0.002356364 0.013551511 0.000915661 -0.005473598 -0.002249090 0.999982059
1769789207082721536.000000 0.068626165 -0.007824764 0.015999030 0.001286184 -0.004682098 -0.000648261 0.999988019
1769789207416054016.000000 0.090742990 -0.001532846 0.024942856 0.002308257 -0.002655346 -0.000632741 0.999993622
1769789207682723328.000000 0.109913424 0.010121526 0.024037762 0.003755197 -0.000589573 -0.001032674 0.999992251
1769789207882723584.000000 0.126908049 0.030409979 0.032567848 0.006194587 0.001167971 -0.000000511 0.999980152
1769789208082722816.000000 0.135792792 0.054334104 0.035925150 0.008317565 0.003875635 -0.002958429 0.999953508
1769789208282729984.000000 0.153612092 0.077398367 0.049665041 0.009620775 0.006141531 -0.002530416 0.999931693
1769789208416065536.000000 0.167383522 0.102465339 0.059872735 0.012548742 0.006780521 -0.003622788 0.999891758
1769789208516055040.000000 0.170561135 0.117322572 0.062475342 0.013140000 0.009199367 -0.004583227 0.999860883
1769789208616067328.000000 0.173129424 0.123797037 0.065516211 0.011501429 0.011204039 -0.006148996 0.999852180
1769789208716056576.000000 0.176292196 0.138313621 0.064371459 0.012323526 0.012569065 -0.007932019 0.999813616
1769789208816076288.000000 0.179044187 0.151442349 0.067796089 0.012755543 0.013890030 -0.008507619 0.999785960
1769789208982727936.000000 0.188742235 0.164714277 0.077256344 0.012613911 0.015174809 -0.008399819 0.999770045
1769789209116056320.000000 0.186595932 0.170798123 0.081104860 0.012039300 0.016587058 -0.009467506 0.999745131
1769789210049395456.000000 0.172533423 0.134600326 0.062305555 0.018199829 0.009633729 -0.006819070 0.999764740
1769789210282728448.000000 0.166551709 0.081314795 0.054264888 0.016838927 0.005356382 -0.003114863 0.999839067
1769789210482727680.000000 0.166581258 0.018581463 0.042870108 0.014967105 0.001614077 0.002101386 0.999884486
1769789210649390336.000000 0.152307853 -0.043648798 0.042761479 0.013183881 0.001676233 0.002256943 0.999909163
1769789210782721280.000000 0.130375013 -0.087947831 0.048087120 0.012612120 0.001268241 0.003610770 0.999913156
1769789210882731008.000000 0.110469773 -0.118734986 0.049429018 0.013352985 0.002623248 0.000625006 0.999907255
1769789211016067072.000000 0.082926176 -0.140333757 0.025753666 0.000333621 0.002832152 -0.002538411 0.999992728
1769789211149404928.000000 0.054545593 -0.161003381 0.034768797 -0.024718268 0.003241632 -0.005354389 0.999674857
1769789211282730496.000000 0.036729749 -0.189425617 0.015857922 -0.038166177 0.000887401 -0.004007342 0.999262989
1769789211416060928.000000 0.006516194 -0.206956550 0.018150149 -0.046266668 0.001334545 -0.006109044 0.998909533
1769789211549390080.000000 -0.016638314 -0.224799067 0.014478550 -0.048199154 0.001203688 -0.007107075 0.998811722
1769789211682725376.000000 -0.016029235 -0.216050267 0.028137881 -0.042614788 -0.000741057 -0.008653624 0.999053836
1769789212082718976.000000 -0.012266113 -0.212524131 0.043783933 -0.021341681 -0.004648955 -0.006466452 0.999740541
1769789212749390592.000000 -0.013872599 -0.206989124 0.043945037 -0.012749008 -0.012457245 -0.004228313 0.999832213
1769789213082735104.000000 -0.018881952 -0.199705571 0.040667117 -0.019280350 -0.014146486 -0.002893097 0.999709845
1769789213382720256.000000 -0.014653843 -0.099042527 0.043317486 -0.016487164 -0.015429440 -0.002152425 0.999742746
1769789213682727168.000000 0.003614862 -0.022900721 0.039047465 -0.016577283 -0.015408315 -0.001687304 0.999742448
1769789213916049152.000000 0.013117294 0.022410015 0.044435903 -0.016246900 -0.015913688 -0.037381545 0.999042273
1769789214082736384.000000 0.025946386 0.038997490 0.024842674 -0.016559273 -0.015841654 -0.065714583 0.997575283
1769789214282727424.000000 0.052380361 0.050824389 0.020831317 -0.015625766 -0.016263612 -0.079761915 0.996558785
1769789214482736896.000000 0.091515094 0.040351879 0.013186431 -0.015705390 -0.014705350 -0.064238816 0.997702599
1769789214649392384.000000 0.125844151 0.026468655 0.011313444 -0.013065077 -0.013068407 -0.051617697 0.998495936
1769789214782720512.000000 0.154792532 0.008006040 0.006061422 -0.011341047 -0.011338177 -0.042588364 0.998964012
1769789215116070144.000000 0.194399416 -0.014433166 0.030214591 0.017644998 0.006898570 -0.038172714 0.999091566
1769789215416073728.000000 0.268834740 -0.110229991 0.024559634 0.030895390 0.024987845 -0.037375368 0.998510957
1769789215682736640.000000 0.291829973 -0.185955033 0.080243513 0.031078732 0.056292914 -0.034439817 0.997336030
1769789215849415936.000000 0.316326559 -0.225838736 0.097727269 0.026998835 0.059851877 -0.032916278 0.997299075
1769789215982742528.000000 0.337079585 -0.213967770 0.099633455 0.007404579 0.047933593 -0.030790279 0.998348415
1769789216216068864.000000 0.377961665 -0.235408217 0.109865077 -0.033313483 0.029464224 -0.018758206 0.998834431
1769789216616069632.000000 0.468939871 -0.261327028 0.149059504 -0.043851309 0.011056368 0.003619287 0.998970330
1769789216882758400.000000 0.515790403 -0.277337134 0.154457450 -0.029786238 0.005477147 0.007538905 0.999512851
1769789217116087808.000000 0.538749695 -0.255031109 0.160671145 -0.020099314 0.002582751 0.008045550 0.999762297
1769789217349407232.000000 0.560048521 -0.223064810 0.172619805 -0.010836478 0.002223992 0.006571902 0.999917209
1769789217616068352.000000 0.555153370 -0.191289991 0.176578149 -0.007615699 0.005455093 0.006057640 0.999937773
1769789217882735104.000000 0.560017765 -0.156096712 0.177939877 -0.008079967 0.005435041 0.006267439 0.999932945
1769789218082735872.000000 0.558305919 -0.140468851 0.172513232 -0.011836820 0.005419914 0.007899258 0.999884069
1769789218249402880.000000 0.553395569 -0.088804193 0.167294458 -0.009166962 0.005927633 0.004350131 0.999930978
1769789218449410560.000000 0.548694909 -0.076947644 0.168515027 -0.013664858 0.005766321 0.007127090 0.999864638
1769789218782746368.000000 0.538712025 -0.044462848 0.160381734 -0.016980851 0.002207052 0.009003613 0.999812841
1769789219116070400.000000 0.522369146 -0.026232475 0.157627627 -0.017909518 -0.001559235 0.008616430 0.999801278
1769789219382753536.000000 0.481864482 -0.034489173 0.139306247 -0.021364765 -0.001896548 -0.002074642 0.999767840
1769789219649409792.000000 0.441818297 -0.068645544 0.103864655 -0.019203464 -0.004325338 0.000841125 0.999805868
1769789219782743040.000000 0.433650732 -0.080922812 0.090171754 -0.016235486 -0.007875337 0.001821574 0.999835551
1769789219949399808.000000 0.408664703 -0.095306009 0.080892406 -0.009906848 -0.009481151 -0.001411365 0.999904990
1769789220049399808.000000 0.400874704 -0.112795934 0.064696930 -0.002622726 -0.013591129 0.000612513 0.999904037
1769789220082739712.000000 0.399188459 -0.123328492 0.049988657 -0.000321594 -0.015872013 0.003154898 0.999868989
1769789220249419008.000000 0.386227131 -0.117894024 0.035804551 0.016888518 -0.023799844 -0.008217786 0.999540329
1769789220349445120.000000 0.377600521 -0.146752492 0.020100063 0.024896955 -0.032588448 -0.005019116 0.999146104
1769789220416066816.000000 0.354201406 -0.141530886 0.044682264 0.032589998 -0.036865685 -0.007149805 0.998763084
1769789220516074752.000000 0.350377858 -0.138086095 0.037831705 0.042322479 -0.049348172 -0.007956991 0.997852862
1769789220616070912.000000 0.317203462 -0.167965993 0.056478046 0.047795087 -0.057449508 -0.005766117 0.997187018
1769789220682732032.000000 0.268688232 -0.184085533 0.069846064 0.050047152 -0.059314720 -0.005411386 0.996969342
1769789220782740224.000000 0.260947108 -0.187217042 0.056411091 0.052133873 -0.066405885 -0.004679441 0.996418834
1769789220849402112.000000 0.259666562 -0.194888160 0.058355410 0.050650097 -0.069559366 -0.001221419 0.996290386
1769789220916074240.000000 0.258536994 -0.194571942 0.060278341 0.050060943 -0.069489807 0.000186656 0.996325791
1769789221049413888.000000 0.251016259 -0.197958574 0.052783202 0.030157464 -0.061149631 -0.001183226 0.997672200
1769789221116073728.000000 0.238248736 -0.216000959 0.059584729 0.009825402 -0.057264354 -0.001979911 0.998308778
1769789221316070144.000000 0.199916035 -0.246415883 0.049872547 -0.019606026 -0.047103152 -0.004572677 0.998687148
1769789221649410304.000000 0.142970160 -0.289484441 0.044229150 -0.032195784 -0.035916328 -0.005973257 0.998818219
1769789221882745088.000000 0.104475856 -0.294305861 0.054174166 -0.021672171 -0.029706229 -0.005021090 0.999311090
1769789222249403392.000000 0.103974178 -0.291352361 0.055736374 -0.015651766 -0.027958710 -0.004110967 0.999478102
1769789222649408768.000000 0.100426309 -0.291399449 0.049537648 -0.018762719 -0.028661532 -0.003437976 0.999407172
1769789222982738688.000000 0.098542295 -0.284688413 0.045202538 -0.026405886 -0.028804749 -0.002933783 0.999231935
1769789223249472256.000000 0.101302840 -0.201563746 0.042689342 -0.025343601 -0.029156046 -0.002998559 0.999249041
1769789223516080640.000000 0.112521179 -0.131103247 0.035029415 -0.025610514 -0.028313920 -0.002667824 0.999267399
1769789223816081920.000000 0.131083891 -0.072839282 0.028251482 -0.025043290 -0.028850170 -0.039724927 0.998480082
1769789224082765312.000000 0.153620273 -0.045856498 0.024151146 -0.024282459 -0.028930500 -0.079628192 0.996108830
1769789224349411328.000000 0.197990701 -0.047446884 0.037123006 -0.024211681 -0.027474051 -0.069831088 0.996886432
1769789224382750464.000000 0.208344117 -0.046531733 0.034231782 -0.023273032 -0.027656358 -0.066003971 0.997164488
1769789224582733568.000000 0.252212018 -0.069648147 0.027154356 -0.021661565 -0.026188448 -0.049626581 0.998189449
1769789224782731008.000000 0.292295069 -0.093813576 0.040843867 -0.018010268 -0.024493420 -0.038453516 0.998797834
1769789224916070144.000000 0.318074405 -0.118738472 0.049807418 -0.011328318 -0.020443050 -0.037162721 0.999035895
1769789225049398528.000000 0.346904278 -0.151653603 0.043755643 -0.001039771 -0.014045835 -0.038139470 0.999173164
1769789225182731008.000000 0.373312801 -0.196064875 0.029623415 0.006569368 -0.003275206 -0.033342704 0.999417007
1769789225316064000.000000 0.380285382 -0.207545936 0.071522981 0.017090568 0.014243770 -0.035839159 0.999109924
1769789225416061952.000000 0.368781835 -0.212841794 0.143491223 0.023256278 0.030596621 -0.032181252 0.998742878
1769789225549395968.000000 0.389233202 -0.242116183 0.158671215 0.025457842 0.044211924 -0.029249430 0.998269379
1769789225682753536.000000 0.413538039 -0.271789402 0.177390411 0.024956150 0.050545365 -0.025606547 0.998081505
1769789225849397248.000000 0.470877439 -0.315444380 0.141418740 0.005215183 0.034211028 -0.027447468 0.999024034
1769789225982740736.000000 0.479274184 -0.288342357 0.159318060 -0.023956899 0.025392987 -0.024219556 0.999096930
1769789226116061952.000000 0.519528389 -0.284048855 0.178049654 -0.037893061 0.014870272 -0.018384792 0.999001980
1769789226249396992.000000 0.552963078 -0.289830595 0.196361974 -0.047284059 0.006862851 -0.009262229 0.998814940
1769789226416076032.000000 0.596330166 -0.304632187 0.204014733 -0.050646253 -0.002195042 0.001012600 0.998713732
1769789226616075264.000000 0.615107656 -0.304162055 0.208357304 -0.041702729 -0.004741563 0.002966769 0.999114454
1769789226849394944.000000 0.645566881 -0.309134364 0.205121726 -0.028264994 -0.008103522 0.006533981 0.999546289
1769789227249401088.000000 0.645549119 -0.279260486 0.203183383 -0.017761426 -0.006150834 0.000579002 0.999823153
1769789227716067072.000000 0.666900635 -0.237489164 0.203902349 -0.016228354 -0.006473986 0.005018842 0.999834776
1769789228016063488.000000 0.655378103 -0.160386726 0.200471207 -0.015928438 -0.004195438 -0.002840784 0.999860346
1769789228282733568.000000 0.658100247 -0.144106358 0.194380090 -0.021015065 -0.005886818 0.004128068 0.999753356
1769789228549415680.000000 0.632891297 -0.082014762 0.176429495 -0.020303246 -0.005521018 -0.000720835 0.999778390
1769789228782740480.000000 0.625690639 -0.058775045 0.185121283 -0.021364698 -0.007588699 0.000288894 0.999742925
1769789229116064000.000000 0.589024305 -0.048114631 0.166293487 -0.022285648 -0.009693890 -0.001904434 0.999702871
1769789229382737408.000000 0.553376377 -0.071861535 0.139763206 -0.023877742 -0.011721567 -0.004459405 0.999636233
1769789229482739712.000000 0.539937019 -0.082206301 0.129056305 -0.022134101 -0.012525511 -0.003410311 0.999670744
1769789229649393152.000000 0.513947725 -0.103693314 0.103345267 -0.019267956 -0.014246626 -0.002623076 0.999709427
1769789229782725120.000000 0.498079896 -0.122569896 0.083877444 -0.016080672 -0.017764403 -0.001572472 0.999711692
1769789229849402880.000000 0.487887919 -0.129544109 0.073983625 -0.012433597 -0.019413700 -0.001654884 0.999732852
1769789229916067072.000000 0.470001072 -0.147710890 0.085142046 -0.010205819 -0.018946406 -0.003677326 0.999761701
1769789229982728960.000000 0.464254320 -0.168413088 0.067820743 -0.006875032 -0.022918453 -0.001706268 0.999712288
1769789230016058880.000000 0.461081356 -0.176396608 0.060679331 -0.004595122 -0.024741197 -0.000638646 0.999683142
1769789230082727424.000000 0.451477557 -0.192584842 0.053601466 0.001069542 -0.027321868 0.000412819 0.999626040
1769789230116063488.000000 0.446096480 -0.201388910 0.056568366 0.003768047 -0.028319117 0.000606130 0.999591649
1769789230182731264.000000 0.433889896 -0.222382620 0.048194963 0.009611666 -0.031141760 0.000500691 0.999468625
1769789230282726144.000000 0.418416500 -0.247844666 0.056858618 0.017839562 -0.040070768 -0.000996625 0.999037087
1769789230416061952.000000 0.392490596 -0.292190790 0.054362860 0.025369054 -0.053085122 -0.002135663 0.998265445
1769789230582727680.000000 0.362667024 -0.349926710 0.058541082 0.030199435 -0.069513902 -0.002763568 0.997119963
1769789230616105472.000000 0.356303751 -0.357579648 0.065667704 0.030966869 -0.072055832 -0.003354531 0.996914148
1769789230682729472.000000 0.355891258 -0.357427806 0.060736164 0.032383047 -0.076984711 -0.002138915 0.996503949
1769789230749404160.000000 0.353393137 -0.357158393 0.064951375 0.032645401 -0.079063527 -0.001116092 0.996334314
1769789230849422848.000000 0.352935672 -0.359831363 0.066117309 0.030704286 -0.076951951 0.002480477 0.996558845
1769789230916065024.000000 0.350384176 -0.358228564 0.065461203 0.022937542 -0.072871409 0.000857026 0.997077227
1769789230949395456.000000 0.346892953 -0.361683816 0.064818382 0.012125228 -0.071154684 0.001030149 0.997391105
1769789231049387520.000000 0.333057940 -0.378175706 0.065674827 -0.014895122 -0.065386474 -0.001400766 0.997747898
1769789231182723072.000000 0.311671555 -0.397522092 0.061848540 -0.033282418 -0.059756849 -0.002871498 0.997653842
1769789231282724608.000000 0.292334914 -0.410445333 0.060438864 -0.042731792 -0.055572383 -0.004167976 0.997531116
1769789231416065536.000000 0.274722248 -0.426950127 0.055324536 -0.049234536 -0.051397655 -0.004861898 0.997452080
1769789231616055040.000000 0.279649764 -0.421891034 0.071189247 -0.043487318 -0.049365100 -0.005684845 0.997817457
1769789232382731264.000000 0.278732359 -0.411740988 0.079838015 -0.029474610 -0.046781030 -0.004764530 0.998458862
1769789232749395968.000000 0.276132703 -0.409120739 0.073085852 -0.035992462 -0.047358055 -0.003608108 0.998222768
1769789233182721792.000000 0.274876356 -0.276950061 0.071662933 -0.034225833 -0.046828754 -0.004501512 0.998306274
1769789233549394176.000000 0.299245596 -0.187549949 0.067570955 -0.034930050 -0.046122599 -0.004523155 0.998314679
1769789233916057600.000000 0.321052998 -0.134807944 0.063383706 -0.031818237 -0.048172813 -0.074854434 0.995521903
1769789234349389056.000000 0.396488219 -0.145127296 0.054711979 -0.031790562 -0.045174211 -0.061702579 0.996564865
1769789234616054784.000000 0.457581282 -0.180526391 0.050846096 -0.029877160 -0.042728212 -0.041519027 0.997776449
1769789234782722304.000000 0.485610276 -0.206464082 0.033532400 -0.021383272 -0.036756918 -0.042055707 0.998209894
1769789234916055552.000000 0.512703657 -0.233591124 0.018268295 -0.009562766 -0.029382076 -0.047055591 0.998414278
1769789235082763008.000000 0.546510875 -0.274954975 0.031672902 0.003858351 -0.019811867 -0.042135011 0.998908043
1769789235216080128.000000 0.565922618 -0.306062847 0.058838103 0.009442252 -0.005568255 -0.037825890 0.999224246
1769789235382730496.000000 0.571622789 -0.350839823 0.097259596 0.011176473 0.017359624 -0.039911669 0.998989880
1769789235616063488.000000 0.619836867 -0.414512664 0.114941068 0.007321036 0.027075168 -0.036899153 0.998925328
1769789235782734336.000000 0.650797844 -0.430761516 0.116000675 -0.018159425 0.013242007 -0.030982366 0.999267220
1769789236082731008.000000 0.717346072 -0.443028897 0.164066806 -0.062582500 -0.010328185 -0.015784623 0.997861505
1769789236416054528.000000 0.795615077 -0.474816799 0.177047551 -0.068659604 -0.026244093 0.002922346 0.997290671
1769789236682726400.000000 0.834338367 -0.493081093 0.164245024 -0.053150602 -0.031258333 0.010265073 0.998044372
1769789237249390336.000000 0.881475151 -0.432282001 0.190928280 -0.034604251 -0.033625919 0.010321362 0.998781919
1769789237616078592.000000 0.873291194 -0.344971001 0.224009424 -0.029036287 -0.029742541 0.001777765 0.999134183
1769789237816064256.000000 0.869428277 -0.305977702 0.220378056 -0.029745361 -0.029282259 -0.001736431 0.999126971
1769789237982717696.000000 0.861430526 -0.267069101 0.219504386 -0.029971134 -0.027964488 -0.006299634 0.999139667
1769789238149390848.000000 0.858411491 -0.257916451 0.210911781 -0.032991849 -0.028094599 -0.001981843 0.999058723
1769789238416098816.000000 0.851393878 -0.251303583 0.204774156 -0.039149348 -0.029654581 0.003011186 0.998788714
1769789238582782208.000000 0.839042366 -0.227744877 0.199316263 -0.039977986 -0.030408710 -0.000483978 0.998737633
1769789238782756864.000000 0.834015787 -0.215389028 0.190474123 -0.040640790 -0.033473037 -0.000020946 0.998613000
1769789238982766848.000000 0.814903677 -0.220558226 0.171622336 -0.042591225 -0.035606384 0.000275083 0.998457909
1769789239216096512.000000 0.783641934 -0.235950112 0.147553280 -0.043386936 -0.036832318 -0.003245639 0.998373926
1769789239316100352.000000 0.774853289 -0.247018293 0.125253424 -0.042449348 -0.039182242 -0.001324436 0.998329163
1769789239516098304.000000 0.744678736 -0.266808271 0.111560203 -0.038626000 -0.039560195 -0.001068359 0.998469830
1769789239616098048.000000 0.736344814 -0.280790627 0.108812623 -0.036923382 -0.041548725 -0.001073351 0.998453438
1769789239816099584.000000 0.687745810 -0.265420109 0.096709259 -0.021731244 -0.040508665 -0.007777198 0.998912573
1769789239916088320.000000 0.681366384 -0.285584539 0.075608745 -0.014144992 -0.046211641 -0.006579536 0.998809874
1769789239982760704.000000 0.676535964 -0.300905913 0.060383320 -0.008979706 -0.049938571 -0.005961101 0.998694122
1769789240082778880.000000 0.630933285 -0.296054333 0.059955955 0.001283828 -0.049102813 -0.016991410 0.998648405
1769789240182807040.000000 0.614201248 -0.330154300 0.045634836 0.007257516 -0.057624567 -0.017039489 0.998166561
1769789240349449728.000000 0.563391805 -0.340975344 0.136789173 0.024291353 -0.075474374 -0.005374631 0.996837378
1769789240449445120.000000 0.553792179 -0.379846483 0.110436179 0.026710676 -0.086696930 -0.004675046 0.995865643
1769789240549436928.000000 0.538230896 -0.410867721 0.128021926 0.027506689 -0.094398692 -0.004909140 0.995142281
1769789240649439488.000000 0.533038318 -0.414727867 0.137043849 0.027631342 -0.098588139 -0.002868560 0.994740546
1769789240716090880.000000 0.531984150 -0.415840924 0.144310385 0.026303271 -0.098000266 -0.000126687 0.994838715
1769789240782770432.000000 0.530790091 -0.416475713 0.140548646 0.024080573 -0.093700692 0.000385201 0.995309114
1769789240849436416.000000 0.528146505 -0.419337571 0.143268794 0.006055963 -0.090549514 -0.001364251 0.995872617
1769789240949424128.000000 0.509556055 -0.444380701 0.144147947 -0.022488182 -0.084541529 -0.002931069 0.996161878
1769789241049430272.000000 0.494008958 -0.462234616 0.137641832 -0.037432224 -0.080074631 -0.003729832 0.996078789
1769789241216095488.000000 0.463730752 -0.487341881 0.134249732 -0.053459197 -0.073448651 -0.005152660 0.995851815
1769789241482760960.000000 0.412607491 -0.516432643 0.137990028 -0.055689264 -0.064328618 -0.005719060 0.996357262
1769789241882756352.000000 0.407651395 -0.522104561 0.111609176 -0.044190079 -0.059688032 -0.004948020 0.997226179
1769789242349423104.000000 0.407749772 -0.517870963 0.119338349 -0.041918881 -0.060434498 -0.004040587 0.997283399
1769789242749427712.000000 0.404106826 -0.522213697 0.107885100 -0.052012399 -0.060796078 -0.003360951 0.996788502
1769789242916088832.000000 0.403476298 -0.468704104 0.103578351 -0.050732195 -0.060728621 -0.003876784 0.996856689
1769789243282756608.000000 0.416318089 -0.365850896 0.098441653 -0.050416809 -0.060049370 -0.005371166 0.996906936
1769789243616088320.000000 0.431528240 -0.296531975 0.100776426 -0.047814343 -0.060623471 -0.045212314 0.995989203
1769789243882755072.000000 0.456429511 -0.272082061 0.091713578 -0.046007663 -0.062127233 -0.082908139 0.993554115
1769789243916086784.000000 0.461296052 -0.271090031 0.088988811 -0.046016581 -0.062382933 -0.084718406 0.993384957
1769789244082759424.000000 0.493545085 -0.274710476 0.074230962 -0.045556124 -0.062025029 -0.079760291 0.993838966
1769789244316092928.000000 0.535824299 -0.285683155 0.111781947 -0.044774923 -0.059130166 -0.057572674 0.995582402
1769789244482752000.000000 0.575921059 -0.313886613 0.087893188 -0.042934399 -0.056321479 -0.048932761 0.996288180
1769789244616092160.000000 0.592067897 -0.321115375 0.082768813 -0.034061294 -0.049843863 -0.045840703 0.997122884
1769789244749427200.000000 0.603634179 -0.323517412 0.100190714 -0.018418530 -0.040409759 -0.042689864 0.998100877
1769789244882752512.000000 0.640573919 -0.372378230 0.106978707 -0.013442621 -0.038427949 -0.042117845 0.998282909
1769789245216086784.000000 0.682915628 -0.477871954 0.172622308 -0.005592199 -0.002594516 -0.042634949 0.999071717
1769789245516099072.000000 0.726616144 -0.530104578 0.204167008 -0.003770961 0.016904771 -0.037622303 0.999141932
1769789245649424896.000000 0.759821415 -0.545502186 0.218325123 -0.020525746 0.004984371 -0.034263484 0.999189615
1769789245782761216.000000 0.783961415 -0.552392960 0.252654344 -0.054187432 -0.006645263 -0.034475911 0.997913301
1769789246382777600.000000 0.930369735 -0.621819675 0.287415534 -0.084285773 -0.041041188 -0.001714164 0.995594621
1769789246849430528.000000 0.992911458 -0.604850113 0.305322647 -0.061812449 -0.048638035 0.003934938 0.996894240
1769789247216096512.000000 1.012798548 -0.544920564 0.320321858 -0.050121732 -0.047623899 0.001613426 0.997605741
1769789247516105216.000000 1.018008113 -0.487058729 0.318686992 -0.046599787 -0.046892107 -0.000918100 0.997811973
1769789247949421312.000000 1.022387266 -0.462064534 0.316869378 -0.055438280 -0.047319159 0.005273474 0.997326255
1769789247982758144.000000 1.020237923 -0.452892184 0.315459728 -0.055013213 -0.047183737 0.005032715 0.997357488
1769789248249427456.000000 1.001798987 -0.393908888 0.299232036 -0.054477111 -0.046664532 0.000117571 0.997424006
1769789248549425920.000000 0.989279926 -0.379506320 0.286596417 -0.058560461 -0.049370240 0.003873420 0.997054815
1769789248949427968.000000 0.950801849 -0.371287704 0.267218709 -0.060343128 -0.052066576 0.001223379 0.996818066
1769789249216084480.000000 0.921512425 -0.386771649 0.255247951 -0.058900375 -0.054972611 -0.001790038 0.996747494
1769789249349438464.000000 0.908399701 -0.400938839 0.248898685 -0.056651700 -0.057575367 -0.000758231 0.996732235
1769789249482765312.000000 0.888800204 -0.425327837 0.227165565 -0.055899329 -0.058642425 -0.001642280 0.996711433
1769789249516089600.000000 0.885464251 -0.429239541 0.219435796 -0.054436386 -0.059013668 -0.001257383 0.996771038
1769789249582758144.000000 0.875922859 -0.444142580 0.203340188 -0.053487286 -0.059180982 -0.000774446 0.996812999
1769789249716092928.000000 0.858105421 -0.464214355 0.184660390 -0.045766737 -0.062080290 -0.001561915 0.997020066
1769789249849447680.000000 0.829419017 -0.490381509 0.197574526 -0.035250559 -0.065659083 -0.001308054 0.997218430
1769789249982748928.000000 0.809428751 -0.529629529 0.188670203 -0.023451909 -0.070919313 -0.000906406 0.997205913
1769789250082762752.000000 0.790749133 -0.559453487 0.187824190 -0.016500654 -0.079194687 -0.000562197 0.996722460
1769789250149425920.000000 0.778636038 -0.581180692 0.184367657 -0.012190050 -0.085591637 -0.001975819 0.996253788
1769789250216080384.000000 0.765882015 -0.602360666 0.185139909 -0.008348284 -0.092732958 -0.003348030 0.995650411
1769789250316085760.000000 0.747483611 -0.630635738 0.183183938 -0.002267252 -0.103506491 -0.004583955 0.994615674
1769789250416093440.000000 0.728094280 -0.668468177 0.176665172 -0.002131947 -0.111651368 -0.002575455 0.993741810
1769789250482752768.000000 0.715588629 -0.671049953 0.193297490 0.000227553 -0.115498334 -0.004879727 0.993295670
1769789250616084992.000000 0.715276599 -0.683805585 0.179108962 -0.004101797 -0.115424298 0.001417410 0.993306816
1769789250682752256.000000 0.711433232 -0.667401969 0.226681262 -0.002563097 -0.111934341 -0.000971447 0.993711829
1769789250716083712.000000 0.706475914 -0.666745722 0.234336108 -0.008905729 -0.109959662 -0.001773979 0.993894637
1769789250749419520.000000 0.700453162 -0.670638025 0.239816368 -0.020289205 -0.107635766 -0.002478263 0.993980289
1769789250782751744.000000 0.698794186 -0.674128115 0.250139773 -0.030806370 -0.107366234 -0.002386791 0.993739307
1769789250916082688.000000 0.673880637 -0.696334064 0.259330064 -0.057829257 -0.100673079 -0.001769180 0.993235946
1769789251049431552.000000 0.661308348 -0.723162115 0.230858952 -0.072221994 -0.096010275 -0.003340710 0.992751181
1769789251216089600.000000 0.638566375 -0.742221594 0.218882680 -0.080315135 -0.090539947 -0.004021163 0.992640853
1769789251449416448.000000 0.606502831 -0.749659777 0.216105402 -0.076711506 -0.083628982 -0.002940523 0.993535578
1769789251782766848.000000 0.601258039 -0.745318413 0.221338376 -0.071540989 -0.079639800 -0.003256900 0.994247854
1769789252149422080.000000 0.592932522 -0.759488881 0.167253569 -0.072868288 -0.076129645 -0.002159209 0.994429410
1769789252349429248.000000 0.592595398 -0.716620564 0.166375965 -0.069734953 -0.075104468 -0.003007648 0.994729757
1769789252582751744.000000 0.598424375 -0.669229627 0.167549863 -0.067616716 -0.073948793 -0.003791754 0.994959891
1769789252916091136.000000 0.618766248 -0.617697835 0.159860998 -0.066404387 -0.073513739 -0.003751112 0.995073915
1769789253282749952.000000 0.647223294 -0.580688000 0.158151895 -0.065461621 -0.073216610 -0.004014022 0.995157301
1769789253782750720.000000 0.683645844 -0.566844344 0.155397996 -0.064602621 -0.073189840 -0.004461974 0.995213509
1769789254482799616.000000 0.714835644 -0.577209949 0.162752733 -0.063895121 -0.074597828 -0.003897827 0.995157003
1769789254982745088.000000 0.728026807 -0.579635739 0.168667853 -0.064167097 -0.076461442 -0.003330061 0.995000064
1769789255449397504.000000 0.736598134 -0.575696468 0.177322209 -0.064488776 -0.077761702 -0.003823882 0.994876742
1769789256182737664.000000 0.726354539 -0.581828833 0.164608419 -0.064590737 -0.076432362 -0.002555693 0.994977236
1769789257682747904.000000 0.708919823 -0.591072738 0.148585916 -0.065993570 -0.074275054 -0.001929081 0.995049953
