1769788835905694464.000000 0.000000000 0.000000000 0.000000000 -0.000000000 -0.000000000 -0.000000000 1.000000000
1769788839239025408.000000 0.009525266 -0.008471261 -0.005203185 0.000504911 -0.001520212 -0.001349272 0.999997795
1769788839272361216.000000 0.012152697 -0.010443786 -0.005271534 0.000661102 -0.001990884 -0.001580010 0.999996603
1769788839505697024.000000 0.019456409 -0.014542451 -0.006401758 0.000700185 -0.001714615 -0.002346746 0.999995530
1769788839805694720.000000 0.037575535 -0.019549359 -0.006491513 0.000995531 -0.001267901 -0.001078663 0.999998152
1769788840139023872.000000 0.061917886 -0.013112687 -0.005354035 0.002235574 0.000962406 -0.001815342 0.999995410
1769788840405689600.000000 0.086797945 -0.000051072 -0.000395666 0.003630507 0.003133486 -0.001847987 0.999986827
1769788841239036672.000000 0.138023630 0.113263413 0.029719625 0.009266959 0.017442098 -0.003632154 0.999798357
1769788841605686784.000000 0.149235100 0.143311873 0.028680729 0.006121961 0.020871898 -0.004864340 0.999751568
1769788842439049216.000000 0.136996388 0.088292800 0.018004438 0.013866014 0.011557898 -0.003280176 0.999831736
1769788843072382208.000000 0.063319519 -0.147228613 -0.021393655 0.010045005 0.008473208 0.005754701 0.999897122
1769788843139045120.000000 0.040749736 -0.163111523 -0.024398634 0.005846677 0.009400696 0.005737013 0.999922276
1769788843272396288.000000 0.016975269 -0.175900921 -0.020186046 -0.027165977 0.007275719 0.003415496 0.999598622
1769788843405714176.000000 -0.013049368 -0.200641170 -0.027761675 -0.041895766 0.006160807 0.002840195 0.999098957
1769788843605718016.000000 -0.059142593 -0.234826729 -0.030563703 -0.050168119 0.005986697 0.001651065 0.998721540
1769788843705721344.000000 -0.080654219 -0.250443310 -0.027133370 -0.047830377 0.006489536 0.001628500 0.998833060
1769788843839048704.000000 -0.105650671 -0.267405421 -0.030667115 -0.039350905 0.006951609 0.001918014 0.999199450
1769788843939060480.000000 -0.123608634 -0.268864691 -0.023985002 -0.031724218 0.007678561 0.002392141 0.999464333
1769788844105723136.000000 -0.148848444 -0.262322336 -0.026394820 -0.024957217 0.008866314 0.003428178 0.999643326
1769788844372379392.000000 -0.185585663 -0.213843957 -0.025277983 -0.012166820 0.008744923 0.003744352 0.999880731
1769788844772389632.000000 -0.209834859 -0.079200879 -0.037579853 -0.002502572 0.006674125 0.001612204 0.999973297
1769788844939051008.000000 -0.211586758 -0.072924219 -0.044764668 -0.006968913 0.005819696 0.002265709 0.999956250
1769788845205716736.000000 -0.209716812 0.041953806 -0.045804854 -0.004035150 0.005608043 0.000703625 0.999975920
1769788845339062528.000000 -0.208599359 0.049588259 -0.050649971 -0.007250590 0.006475138 0.000959856 0.999952316
1769788845472384000.000000 -0.195404664 0.096943259 -0.025109468 -0.006274669 0.006727553 -0.002848706 0.999953628
1769788845772409856.000000 -0.180763185 0.142967522 -0.028616780 -0.006889907 0.007608442 -0.073166884 0.997266948
1769788845905717504.000000 -0.161196843 0.152208894 -0.033719324 -0.006458978 0.008432898 -0.078438543 0.996862411
1769788846039043072.000000 -0.128412604 0.138866365 -0.043124568 -0.006847707 0.008764558 -0.065182194 0.997811437
1769788846172380160.000000 -0.095433168 0.129901811 -0.031900730 -0.004482585 0.010093642 -0.050236370 0.998676300
1769788846272386560.000000 -0.073085047 0.118833959 -0.031142524 -0.001616322 0.012221245 -0.043507148 0.998977065
1769788846339049984.000000 -0.060171548 0.108838312 -0.022443401 0.000119898 0.013122837 -0.040059362 0.999111116
1769788846472379136.000000 -0.030579416 0.089331701 -0.018031089 0.008352228 0.017588062 -0.038610119 0.999064624
1769788846639044352.000000 0.006434165 0.061473493 -0.010220840 0.026388247 0.027625211 -0.038331248 0.998534560
1769788846839050240.000000 0.048357513 0.020512665 0.023265261 0.042449474 0.049694318 -0.034352314 0.997270525
1769788847139057408.000000 0.092721693 -0.106834240 0.053138617 0.035251230 0.083404094 -0.040541481 0.995066643
1769788847272395264.000000 0.150591090 -0.116395384 0.034760598 0.026958805 0.068133079 -0.031105136 0.996826768
1769788847439050752.000000 0.168650180 -0.114268839 0.082079746 -0.016318625 0.055380937 -0.021490788 0.998100579
1769788847639050496.000000 0.232354552 -0.129247800 0.080996893 -0.033098608 0.038206805 -0.002952587 0.998717189
1769788847839045888.000000 0.268912375 -0.156258509 0.095265850 -0.034415223 0.030779194 0.004515822 0.998923361
1769788848005717504.000000 0.299332201 -0.156684294 0.080331363 -0.020270869 0.027062392 0.006858670 0.999404669
1769788848205709824.000000 0.312725991 -0.151133090 0.060287341 -0.010187973 0.025844330 0.007764781 0.999583900
1769788848539059456.000000 0.346721083 -0.099139355 0.073744416 0.002657517 0.024009455 0.009488075 0.999663174
1769788849405723392.000000 0.338241071 0.134127393 0.054674283 0.008272377 0.024615817 -0.000993328 0.999662280
1769788850005712384.000000 0.279269814 0.201475739 0.045716155 0.006007669 0.019504234 -0.004354017 0.999782264
1769788850772409856.000000 0.138708830 0.090237997 0.023981839 0.030546270 0.009334519 -0.005625068 0.999473929
1769788850905731072.000000 0.118242472 0.049452469 0.005243031 0.044250067 0.002343657 -0.006591326 0.998996019
1769788851005725696.000000 0.100964136 0.022013094 0.016664993 0.052571159 -0.009691247 -0.004207312 0.998561263
1769788851105732352.000000 0.089749746 -0.021481983 -0.004150936 0.058059596 -0.023808444 -0.002561372 0.998025894
1769788851339061504.000000 0.032980174 -0.104029864 0.023779476 0.061384071 -0.044535648 -0.000744900 0.997119904
1769788851405723648.000000 0.024952492 -0.125557423 0.017787078 0.058437802 -0.044674192 0.003806134 0.997283697
1769788851505726720.000000 0.003516502 -0.138616070 0.012417459 0.045833923 -0.035883579 0.004051885 0.998296142
1769788851639066112.000000 -0.025872955 -0.171443194 0.008570424 0.000901808 -0.026311401 0.002942609 0.999649048
1769788851705728512.000000 -0.037686948 -0.177710027 0.027602660 -0.008570562 -0.023931796 0.003135304 0.999671936
1769788851805738496.000000 -0.061238192 -0.190138564 0.045769390 -0.019209478 -0.019002443 0.002496985 0.999631822
1769788852572402432.000000 -0.181282386 -0.213427126 0.005719677 -0.007562098 0.001736130 0.003394996 0.999964118
1769788852872391680.000000 -0.185493395 -0.202423930 -0.001358230 -0.010005257 0.001078579 0.004255364 0.999940336
1769788853405723136.000000 -0.209230304 -0.061232340 -0.013411446 -0.012177663 0.003192229 0.002559419 0.999917507
1769788853505730560.000000 -0.205405354 -0.030726638 -0.019785950 -0.012854150 0.003897261 0.001781527 0.999908209
1769788853705730048.000000 -0.188171014 0.023965036 -0.009618250 -0.012980599 0.004709783 0.000804293 0.999904335
1769788853872387328.000000 -0.180694088 0.058268093 0.008028558 -0.014012210 0.004005753 -0.046266232 0.998822868
1769788853972395008.000000 -0.174066618 0.069091089 0.018190440 -0.014819783 0.004506621 -0.065077767 0.997759998
1769788854105724416.000000 -0.153409153 0.077786289 -0.018593142 -0.014624272 0.004658338 -0.078205630 0.996819079
1769788854205727232.000000 -0.133549303 0.074499801 -0.036834344 -0.014529280 0.005377772 -0.074289486 0.997116387
1769788854472391680.000000 -0.068854675 0.049757101 -0.030682988 -0.011079487 0.008680266 -0.045371033 0.998871088
1769788854639059456.000000 -0.021551296 0.025797833 -0.033462200 -0.006951392 0.009857455 -0.033085782 0.999379754
1769788854772390656.000000 0.008429322 -0.001283786 -0.008993753 0.002125083 0.015874939 -0.032903876 0.999330163
1769788854939084288.000000 0.051857136 -0.056688190 -0.001675331 0.017844984 0.026959620 -0.029718818 0.999035299
1769788855105728000.000000 0.072303519 -0.078434117 0.019220866 0.030849447 0.052088965 -0.030284489 0.997706354
1769788858705741824.000000 0.207825735 0.147520065 0.007522831 0.010084579 0.015240761 -0.003851331 0.999825597
1769788859172407808.000000 0.118384287 0.045938261 0.004564395 0.045767263 -0.000791717 -0.005552820 0.998936355
1769788859272406016.000000 0.103304453 0.015943259 0.010052936 0.053931180 -0.012933939 -0.002626312 0.998457432
1769788859405742336.000000 0.072991006 -0.033365052 0.016188191 0.061819188 -0.029859310 -0.003691492 0.997633815
1769788859572456960.000000 0.039291374 -0.096630417 0.008814268 0.062392902 -0.044875056 -0.000946705 0.997041881
1769788859639080192.000000 0.025625033 -0.121563770 0.008585121 0.058988240 -0.044957142 0.002237113 0.997243345
1769788859739099392.000000 0.006745099 -0.136466935 0.014748462 0.050093967 -0.037084095 0.004775660 0.998044372
1769788859805763072.000000 -0.002130460 -0.157097742 0.002707929 0.023538290 -0.032758035 0.004245817 0.999177098
1769788859872418560.000000 -0.017930655 -0.169711247 -0.011187221 0.004112493 -0.027852055 0.003708943 0.999596715
1769788859972416512.000000 -0.036504921 -0.187579051 -0.003054664 -0.011619433 -0.023363341 0.004222385 0.999650598
1769788861339088640.000000 -0.210985079 -0.073969483 -0.040751278 -0.001771740 0.003588035 0.001441089 0.999990940
1769788861672429312.000000 -0.212413505 -0.066067249 -0.051746719 -0.013422470 0.003595993 0.002951181 0.999899089
1769788861872417536.000000 -0.212407887 -0.062039327 -0.060835373 -0.020088082 0.005613958 0.003374556 0.999776781
1769788862005764352.000000 -0.203861281 -0.025090097 -0.049212832 -0.020163748 0.005943994 -0.012478935 0.999701142
1769788862139070208.000000 -0.201778889 -0.020172387 -0.032112531 -0.023835251 0.005823432 -0.049318995 0.998481631
1769788862272426752.000000 -0.193042189 0.005730568 -0.014532973 -0.022739373 0.006677580 -0.071233153 0.997178137
1769788862405744384.000000 -0.169242144 0.004911117 -0.046046544 -0.023142146 0.006846196 -0.075526044 0.996851742
1769788862539078400.000000 -0.136018634 -0.000870339 -0.046278194 -0.021981314 0.008034744 -0.062604561 0.997763991
1769788862705766912.000000 -0.093210690 -0.016769096 -0.042417426 -0.019071182 0.010021745 -0.045670826 0.998724222
1769788862839070720.000000 -0.055695325 -0.029486019 -0.024624033 -0.016060891 0.011692432 -0.034430508 0.999209642
1769788862972406272.000000 -0.018852184 -0.053807270 -0.030436449 -0.009173693 0.014492136 -0.030919174 0.999374747
1769788863139140864.000000 0.022182839 -0.087847404 -0.022153683 0.006936427 0.024584694 -0.028135156 0.999277711
1769788863272428800.000000 0.056704417 -0.124465190 -0.023232583 0.018738905 0.037258144 -0.024550252 0.998828292
1769788863405758720.000000 0.074758388 -0.141199410 0.014198260 0.027569387 0.058755841 -0.022428745 0.997639537
1769788863539077632.000000 0.086497687 -0.162353769 0.035528533 0.030312473 0.077258475 -0.023383345 0.996275842
1769788863739102720.000000 0.134363458 -0.227674961 0.020398408 0.020923125 0.073497325 -0.022889372 0.996813178
1769788863839088896.000000 0.168527484 -0.213491216 0.030621942 -0.010205562 0.058470637 -0.013825836 0.998141229
1769788863939086592.000000 0.193991467 -0.219617531 0.043523338 -0.028479978 0.049106397 -0.003012436 0.998382926
1769788864072407808.000000 0.229718506 -0.231891647 0.054591957 -0.043209441 0.038925089 0.005251711 0.998293638
1769788864305750016.000000 0.288477272 -0.256468982 0.054993052 -0.047976494 0.025952568 0.018199367 0.998345375
1769788864605743104.000000 0.318076462 -0.254711390 0.060781643 -0.026300834 0.024505273 0.019504869 0.999163330
1769788865072405504.000000 0.336924613 -0.158746406 0.072846033 -0.006577078 0.025345227 0.012516735 0.999578774
1769788865439077120.000000 0.345757544 -0.100763217 0.062386498 -0.006122185 0.024717230 0.014629850 0.999568701
1769788865772406528.000000 0.340200454 -0.026135067 0.050366692 -0.008143830 0.024530552 0.012478611 0.999588013
1769788866139079168.000000 0.312289953 0.035711158 0.049229059 -0.011388137 0.022799000 0.011405016 0.999610126
1769788866439073024.000000 0.267683268 0.056625254 0.031923726 -0.012524644 0.022667935 0.008438092 0.999629021
1769788866872409088.000000 0.215517730 0.019782916 0.005297078 -0.009888767 0.015839780 0.005427016 0.999810934
1769788867105762304.000000 0.175075561 -0.016948707 -0.002038782 -0.002427694 0.013157608 0.005476343 0.999895513
1769788867272405504.000000 0.150887862 -0.052454371 -0.011683697 0.011967024 0.006250181 0.005012433 0.999896348
1769788867405735424.000000 0.129926115 -0.090229265 -0.022862833 0.026697323 -0.000805626 0.004142147 0.999634683
1769788867505740288.000000 0.112003453 -0.125722066 -0.035319775 0.035253342 -0.011863088 0.003982033 0.999300063
1769788867639080704.000000 0.037317608 -0.095124885 -0.007211089 0.053120703 -0.024200251 -0.000230604 0.998294771
1769788867705747456.000000 0.022600086 -0.117859744 -0.009220723 0.055629022 -0.031926282 -0.002079097 0.997938812
1769788867772398336.000000 0.002944419 -0.159791321 -0.006746303 0.054410979 -0.037786208 0.000027792 0.997803450
1769788867839067392.000000 0.001076282 -0.164162293 -0.002271073 0.054410446 -0.041821983 0.001003116 0.997641921
1769788867905735936.000000 0.001272907 -0.165873379 0.000735398 0.053556297 -0.042033680 0.005231298 0.997666061
1769788867972401920.000000 -0.002769592 -0.170521766 -0.000933538 0.050463717 -0.036976200 0.005544430 0.998025835
1769788868005737728.000000 -0.008624623 -0.172784463 0.000446585 0.040731888 -0.034255143 0.003794405 0.998575568
1769788868039085312.000000 -0.010454339 -0.174095944 0.005777038 0.028776906 -0.032673020 0.005515689 0.999036491
1769788868139068672.000000 -0.031976495 -0.204865396 -0.001087346 -0.003650139 -0.026017629 0.004653624 0.999643981
1769788868239068928.000000 -0.050773215 -0.219389662 0.006349373 -0.017094690 -0.021503517 0.004523735 0.999612391
1769788868405731072.000000 -0.086449295 -0.248978078 0.015390348 -0.030340657 -0.014405549 0.003986189 0.999427855
1769788868539066624.000000 -0.114332840 -0.263862967 0.026602129 -0.029210608 -0.009242479 0.002998434 0.999526083
1769788868639064832.000000 -0.126490235 -0.276340932 0.010664550 -0.023962721 -0.006484683 0.004313280 0.999682486
1769788868839068672.000000 -0.144698068 -0.281998605 -0.031479768 -0.019163443 -0.001966143 0.005360418 0.999800086
1769788869072401920.000000 -0.180725396 -0.243248820 -0.033788770 -0.010853814 0.001803561 0.004620826 0.999928772
1769788869172409344.000000 -0.190303743 -0.222441345 -0.036210947 -0.008491796 0.002505417 0.004553264 0.999950469
1769788869272407552.000000 -0.192510277 -0.217440471 -0.037602514 -0.009360868 0.002487389 0.004492952 0.999943018
1769788869405738240.000000 -0.194277048 -0.222759619 -0.047640435 -0.012901767 0.002061772 0.005326117 0.999900460
1769788869505738752.000000 -0.197881848 -0.203951389 -0.050894175 -0.014151949 0.001906595 0.004482108 0.999888003
1769788869672399104.000000 -0.203390107 -0.199086651 -0.064828977 -0.019557931 0.002257966 0.004316556 0.999796867
1769788869805736192.000000 -0.205829024 -0.116220392 -0.049737066 -0.014599886 0.002716883 0.004009632 0.999881685
1769788869939064320.000000 -0.208874464 -0.107272312 -0.057974592 -0.018809756 0.003287148 0.003664111 0.999810994
1769788870039067392.000000 -0.203694552 -0.071193978 -0.056821581 -0.018353526 0.003997528 0.003366454 0.999817908
1769788870139062784.000000 -0.195268825 -0.036161732 -0.054527074 -0.017789325 0.003913344 0.003846470 0.999826729
1769788870272405504.000000 -0.198046014 -0.030395903 -0.061108042 -0.020920778 0.005093152 -0.017945655 0.999607086
1769788870405739776.000000 -0.192052349 -0.012399830 -0.057239499 -0.022441184 0.004772600 -0.053534597 0.998302400
1769788870539066880.000000 -0.175048858 0.001394666 -0.057777066 -0.022689272 0.004598994 -0.071321398 0.997184694
1769788870705733888.000000 -0.140553385 0.007392464 -0.030284308 -0.022394227 0.004630183 -0.069862232 0.997294486
1769788870839073792.000000 -0.115006104 -0.004300282 -0.050783224 -0.021456387 0.008985533 -0.055058029 0.998212159
1769788870939076096.000000 -0.116213895 -0.006083684 -0.046100382 -0.018054781 0.017948410 -0.047539912 0.998544872
1769788871072414720.000000 -0.099934831 0.000686509 -0.036239844 -0.008113451 0.026297588 -0.035996068 0.998972893
1769788871205768448.000000 -0.080215879 0.025115663 -0.009862371 0.009360579 0.033790614 -0.028658535 0.998974144
1769788871339077888.000000 -0.054209087 0.005544918 0.013883471 0.022480709 0.043562490 -0.026605278 0.998443305
1769788871472413440.000000 -0.033095267 -0.014108766 0.036662500 0.038807552 0.057114817 -0.021789936 0.997375071
1769788871639072512.000000 0.037426319 -0.104123689 0.019023560 0.035190921 0.068949901 -0.022635825 0.996742308
1769788871872403968.000000 0.096159399 -0.167252615 0.015776513 0.032005653 0.085823983 -0.024187248 0.995502353
1769788872039065344.000000 0.149053797 -0.202349782 0.028327487 0.009649727 0.069028191 -0.015815368 0.997442663
1769788872139064832.000000 0.185905591 -0.202994570 0.037587453 -0.017668994 0.054987755 -0.005500750 0.998315573
1769788872305741568.000000 0.246452272 -0.220320821 0.038177010 -0.037948258 0.036884941 0.009595402 0.998552680
1769788872639064576.000000 0.334668607 -0.252568334 0.040018220 -0.039797656 0.018771296 0.026877830 0.998669803
1769788872772405760.000000 0.350999624 -0.261030316 0.044673141 -0.030846586 0.017826155 0.027016500 0.998999953
1769788873072399872.000000 0.374211520 -0.235871822 0.052052937 -0.018035766 0.015597844 0.025684522 0.999385715
1769788873572406272.000000 0.371074915 -0.141093612 0.048949573 -0.006233366 0.020570457 0.020950219 0.999549448
1769788874005750016.000000 0.361406147 -0.081017241 0.037377588 -0.012682355 0.020681305 0.023551706 0.999428213
1769788874272419584.000000 0.339479178 -0.033371538 0.033137545 -0.014877714 0.020660300 0.021916362 0.999435604
1769788874472400128.000000 0.316628873 -0.017831806 0.034461595 -0.018977011 0.019329147 0.018213054 0.999467134
1769788874739075072.000000 0.277886093 -0.015756596 0.006622289 -0.021432184 0.018198945 0.014542580 0.999498844
1769788875005730048.000000 0.247530937 -0.034789655 -0.006856997 -0.018972712 0.013866702 0.015109139 0.999609649
1769788875172397312.000000 0.224210590 -0.062485948 -0.050020538 -0.014935207 0.011372901 0.019690868 0.999629915
1769788875305734912.000000 0.201792747 -0.086109199 -0.079442389 -0.010108083 0.009542059 0.022023596 0.999660790
1769788875439063552.000000 0.173688099 -0.076480724 -0.068460688 -0.000868812 0.009279423 0.007257007 0.999930263
1769788875572403712.000000 0.144453511 -0.102449894 -0.057413876 0.013761426 0.003711357 0.007886692 0.999867320
1769788875705728768.000000 0.117768459 -0.157185748 -0.067424968 0.024616741 -0.005808834 0.005799974 0.999663293
1769788875839073792.000000 0.093084276 -0.214106813 -0.070327953 0.032501489 -0.021906398 0.007924544 0.999200165
1769788875939072256.000000 0.069287330 -0.253509462 -0.074110337 0.036335550 -0.033226322 0.009547059 0.998741508
1769788876039060480.000000 0.044083294 -0.321316212 -0.094235808 0.030900931 -0.040216241 0.017454702 0.998560548
1769788876105738752.000000 0.038415741 -0.311662644 -0.072089948 0.035146564 -0.043902479 0.013239979 0.998329580
1769788876205731328.000000 0.022364695 -0.295267940 -0.025168179 0.037869193 -0.038460840 0.005483475 0.998527288
1769788876239064320.000000 0.024078900 -0.294715226 -0.020411259 0.033233006 -0.037123561 0.006529622 0.998736560
1769788876272406272.000000 0.019376887 -0.298281401 -0.013855412 0.021707524 -0.034958694 0.006807238 0.999129772
1769788876372396544.000000 0.001924705 -0.326746225 -0.022866920 -0.011099093 -0.029555481 0.009803647 0.999453485
1769788876405727488.000000 -0.004053582 -0.328832567 -0.014895860 -0.016901795 -0.028042186 0.008658761 0.999426305
1769788876572396032.000000 -0.037422366 -0.356627345 -0.007475488 -0.035051338 -0.020621259 0.008429804 0.999137223
1769788876672406272.000000 -0.056962546 -0.368481994 0.002505857 -0.040124193 -0.016560143 0.007829484 0.999026775
1769788876739079936.000000 -0.066169955 -0.373786420 0.007782400 -0.040321842 -0.014601601 0.007265169 0.999053657
1769788876805739776.000000 -0.073308468 -0.379128486 0.015641464 -0.039442476 -0.012873637 0.006996549 0.999114454
1769788876872396032.000000 -0.079289235 -0.383238107 0.002660994 -0.035928354 -0.011192946 0.007894995 0.999260485
1769788877005740288.000000 -0.090711884 -0.384586245 -0.020518648 -0.033898283 -0.007362837 0.008755492 0.999359787
1769788877172414464.000000 -0.100517958 -0.379328221 -0.038005795 -0.030760219 -0.005212594 0.008421264 0.999477744
1769788877305728000.000000 -0.111310884 -0.354674548 -0.013267109 -0.027615752 -0.003105653 0.007116674 0.999588430
1769788877405776384.000000 -0.110604338 -0.339572877 -0.034804106 -0.026189752 -0.002445297 0.008470601 0.999618173
1769788877539080192.000000 -0.112769671 -0.311093450 -0.038510226 -0.024245800 -0.001346598 0.007204589 0.999679208
1769788877739064832.000000 -0.108383983 -0.270320296 -0.039831296 -0.022872487 -0.000283020 0.005557575 0.999722958
1769788877905766400.000000 -0.100400552 -0.236380443 -0.042315852 -0.022286197 0.000229332 0.006844281 0.999728203
1769788878072414208.000000 -0.091772594 -0.208406240 -0.037788741 -0.021276586 0.000931189 0.004737138 0.999761999
1769788878205731328.000000 -0.081295133 -0.192351848 -0.041292038 -0.021577401 0.000960320 0.004717953 0.999755621
1769788878305730048.000000 -0.072789304 -0.182991520 -0.045105513 -0.021774940 0.001543459 0.004880763 0.999749780
1769788878405731328.000000 -0.063752167 -0.176003441 -0.045932822 -0.022080801 0.001601842 0.005906009 0.999737501
1769788878472402688.000000 -0.060106590 -0.171731472 -0.045473557 -0.021904569 0.002043049 0.005316495 0.999743879
1769788878572395264.000000 -0.051490601 -0.166484639 -0.046221990 -0.021624617 0.002288481 0.005010471 0.999750972
1769788878672402176.000000 -0.044545416 -0.163877591 -0.047502011 -0.021463003 0.002582154 0.004796003 0.999754786
1769788878872396800.000000 -0.028320236 -0.163683191 -0.048889432 -0.021444563 0.002257409 0.005225396 0.999753892
1769788879205728000.000000 -0.011505886 -0.166345835 -0.043793164 -0.020578187 0.001771551 0.004661810 0.999775827
1769788879539059200.000000 -0.000663829 -0.171897978 -0.043012764 -0.019522646 0.000911517 0.005300899 0.999794960
1769788880905733376.000000 0.004424973 -0.168804735 -0.038941730 -0.019625539 -0.000357971 0.004604291 0.999796748
