1769788835.905694 0.0000000 0.0000000 0.0000000 -0.0000000 -0.0000000 -0.0000000 1.0000000
1769788839.239025 0.0095253 -0.0084713 -0.0052032 0.0005049 -0.0015202 -0.0013493 0.9999978
1769788839.272361 0.0121527 -0.0104438 -0.0052715 0.0006611 -0.0019909 -0.0015800 0.9999966
1769788839.505697 0.0194564 -0.0145425 -0.0064018 0.0007002 -0.0017146 -0.0023467 0.9999955
1769788839.805695 0.0375755 -0.0195494 -0.0064915 0.0009955 -0.0012679 -0.0010787 0.9999982
1769788840.139024 0.0619179 -0.0131127 -0.0053540 0.0022356 0.0009624 -0.0018153 0.9999954
1769788840.405690 0.0867979 -0.0000511 -0.0003957 0.0036305 0.0031335 -0.0018480 0.9999868
1769788841.239037 0.1380236 0.1132634 0.0297196 0.0092670 0.0174421 -0.0036322 0.9997984
1769788841.605687 0.1492351 0.1433119 0.0286807 0.0061220 0.0208719 -0.0048643 0.9997516
1769788842.439049 0.1369964 0.0882928 0.0180044 0.0138660 0.0115579 -0.0032802 0.9998317
1769788843.072382 0.0633195 -0.1472286 -0.0213937 0.0100450 0.0084732 0.0057547 0.9998971
1769788843.139045 0.0407497 -0.1631115 -0.0243986 0.0058467 0.0094007 0.0057370 0.9999223
1769788843.272396 0.0169753 -0.1759009 -0.0201860 -0.0271660 0.0072757 0.0034155 0.9995986
1769788843.405714 -0.0130494 -0.2006412 -0.0277617 -0.0418958 0.0061608 0.0028402 0.9990990
1769788843.605718 -0.0591426 -0.2348267 -0.0305637 -0.0501681 0.0059867 0.0016511 0.9987215
1769788843.705721 -0.0806542 -0.2504433 -0.0271334 -0.0478304 0.0064895 0.0016285 0.9988331
1769788843.839049 -0.1056507 -0.2674054 -0.0306671 -0.0393509 0.0069516 0.0019180 0.9991995
1769788843.939060 -0.1236086 -0.2688647 -0.0239850 -0.0317242 0.0076786 0.0023921 0.9994643
1769788844.105723 -0.1488484 -0.2623223 -0.0263948 -0.0249572 0.0088663 0.0034282 0.9996433
1769788844.372379 -0.1855857 -0.2138440 -0.0252780 -0.0121668 0.0087449 0.0037444 0.9998807
1769788844.772390 -0.2098349 -0.0792009 -0.0375799 -0.0025026 0.0066741 0.0016122 0.9999733
1769788844.939051 -0.2115868 -0.0729242 -0.0447647 -0.0069689 0.0058197 0.0022657 0.9999563
1769788845.205717 -0.2097168 0.0419538 -0.0458049 -0.0040351 0.0056080 0.0007036 0.9999759
1769788845.339062 -0.2085994 0.0495883 -0.0506500 -0.0072506 0.0064751 0.0009599 0.9999523
1769788845.472384 -0.1954047 0.0969433 -0.0251095 -0.0062747 0.0067276 -0.0028487 0.9999536
1769788845.772410 -0.1807632 0.1429675 -0.0286168 -0.0068899 0.0076084 -0.0731669 0.9972669
1769788845.905718 -0.1611968 0.1522089 -0.0337193 -0.0064590 0.0084329 -0.0784385 0.9968624
1769788846.039043 -0.1284126 0.1388664 -0.0431246 -0.0068477 0.0087646 -0.0651822 0.9978114
1769788846.172380 -0.0954332 0.1299018 -0.0319007 -0.0044826 0.0100936 -0.0502364 0.9986763
1769788846.272387 -0.0730850 0.1188340 -0.0311425 -0.0016163 0.0122212 -0.0435071 0.9989771
1769788846.339050 -0.0601715 0.1088383 -0.0224434 0.0001199 0.0131228 -0.0400594 0.9991111
1769788846.472379 -0.0305794 0.0893317 -0.0180311 0.0083522 0.0175881 -0.0386101 0.9990646
1769788846.639044 0.0064342 0.0614735 -0.0102208 0.0263882 0.0276252 -0.0383312 0.9985346
1769788846.839050 0.0483575 0.0205127 0.0232653 0.0424495 0.0496943 -0.0343523 0.9972705
1769788847.139057 0.0927217 -0.1068342 0.0531386 0.0352512 0.0834041 -0.0405415 0.9950666
1769788847.272395 0.1505911 -0.1163954 0.0347606 0.0269588 0.0681331 -0.0311051 0.9968268
1769788847.439051 0.1686502 -0.1142688 0.0820797 -0.0163186 0.0553809 -0.0214908 0.9981006
1769788847.639050 0.2323546 -0.1292478 0.0809969 -0.0330986 0.0382068 -0.0029526 0.9987172
1769788847.839046 0.2689124 -0.1562585 0.0952659 -0.0344152 0.0307792 0.0045158 0.9989234
1769788848.005718 0.2993322 -0.1566843 0.0803314 -0.0202709 0.0270624 0.0068587 0.9994047
1769788848.205710 0.3127260 -0.1511331 0.0602873 -0.0101880 0.0258443 0.0077648 0.9995839
1769788848.539059 0.3467211 -0.0991394 0.0737444 0.0026575 0.0240095 0.0094881 0.9996632
1769788849.405723 0.3382411 0.1341274 0.0546743 0.0082724 0.0246158 -0.0009933 0.9996623
1769788850.005713 0.2792698 0.2014757 0.0457162 0.0060077 0.0195042 -0.0043540 0.9997823
1769788850.772410 0.1387088 0.0902380 0.0239818 0.0305463 0.0093345 -0.0056251 0.9994739
1769788850.905731 0.1182425 0.0494525 0.0052430 0.0442501 0.0023437 -0.0065913 0.9989960
1769788851.005726 0.1009641 0.0220131 0.0166650 0.0525712 -0.0096912 -0.0042073 0.9985613
1769788851.105732 0.0897497 -0.0214820 -0.0041509 0.0580596 -0.0238084 -0.0025614 0.9980259
1769788851.339061 0.0329802 -0.1040299 0.0237795 0.0613841 -0.0445356 -0.0007449 0.9971199
1769788851.405724 0.0249525 -0.1255574 0.0177871 0.0584378 -0.0446742 0.0038061 0.9972837
1769788851.505727 0.0035165 -0.1386161 0.0124175 0.0458339 -0.0358836 0.0040519 0.9982961
1769788851.639066 -0.0258730 -0.1714432 0.0085704 0.0009018 -0.0263114 0.0029426 0.9996490
1769788851.705729 -0.0376869 -0.1777100 0.0276027 -0.0085706 -0.0239318 0.0031353 0.9996719
1769788851.805738 -0.0612382 -0.1901386 0.0457694 -0.0192095 -0.0190024 0.0024970 0.9996318
1769788852.572402 -0.1812824 -0.2134271 0.0057197 -0.0075621 0.0017361 0.0033950 0.9999641
1769788852.872392 -0.1854934 -0.2024239 -0.0013582 -0.0100053 0.0010786 0.0042554 0.9999403
1769788853.405723 -0.2092303 -0.0612323 -0.0134114 -0.0121777 0.0031922 0.0025594 0.9999175
1769788853.505731 -0.2054054 -0.0307266 -0.0197859 -0.0128541 0.0038973 0.0017815 0.9999082
1769788853.705730 -0.1881710 0.0239650 -0.0096182 -0.0129806 0.0047098 0.0008043 0.9999043
1769788853.872387 -0.1806941 0.0582681 0.0080286 -0.0140122 0.0040058 -0.0462662 0.9988229
1769788853.972395 -0.1740666 0.0690911 0.0181904 -0.0148198 0.0045066 -0.0650778 0.9977600
1769788854.105724 -0.1534092 0.0777863 -0.0185931 -0.0146243 0.0046583 -0.0782056 0.9968191
1769788854.205727 -0.1335493 0.0744998 -0.0368343 -0.0145293 0.0053778 -0.0742895 0.9971164
1769788854.472392 -0.0688547 0.0497571 -0.0306830 -0.0110795 0.0086803 -0.0453710 0.9988711
1769788854.639060 -0.0215513 0.0257978 -0.0334622 -0.0069514 0.0098575 -0.0330858 0.9993798
1769788854.772391 0.0084293 -0.0012838 -0.0089938 0.0021251 0.0158749 -0.0329039 0.9993302
1769788854.939084 0.0518571 -0.0566882 -0.0016753 0.0178450 0.0269596 -0.0297188 0.9990353
1769788855.105728 0.0723035 -0.0784341 0.0192209 0.0308494 0.0520890 -0.0302845 0.9977064
1769788858.705742 0.2078257 0.1475201 0.0075228 0.0100846 0.0152408 -0.0038513 0.9998256
1769788859.172408 0.1183843 0.0459383 0.0045644 0.0457673 -0.0007917 -0.0055528 0.9989364
1769788859.272406 0.1033045 0.0159433 0.0100529 0.0539312 -0.0129339 -0.0026263 0.9984574
1769788859.405742 0.0729910 -0.0333651 0.0161882 0.0618192 -0.0298593 -0.0036915 0.9976338
1769788859.572457 0.0392914 -0.0966304 0.0088143 0.0623929 -0.0448751 -0.0009467 0.9970419
1769788859.639080 0.0256250 -0.1215638 0.0085851 0.0589882 -0.0449571 0.0022371 0.9972433
1769788859.739099 0.0067451 -0.1364669 0.0147485 0.0500940 -0.0370841 0.0047757 0.9980444
1769788859.805763 -0.0021305 -0.1570977 0.0027079 0.0235383 -0.0327580 0.0042458 0.9991771
1769788859.872419 -0.0179307 -0.1697112 -0.0111872 0.0041125 -0.0278521 0.0037089 0.9995967
1769788859.972416 -0.0365049 -0.1875791 -0.0030547 -0.0116194 -0.0233633 0.0042224 0.9996506
1769788861.339089 -0.2109851 -0.0739695 -0.0407513 -0.0017717 0.0035880 0.0014411 0.9999909
1769788861.672429 -0.2124135 -0.0660672 -0.0517467 -0.0134225 0.0035960 0.0029512 0.9998991
1769788861.872417 -0.2124079 -0.0620393 -0.0608354 -0.0200881 0.0056140 0.0033746 0.9997768
1769788862.005764 -0.2038613 -0.0250901 -0.0492128 -0.0201637 0.0059440 -0.0124789 0.9997011
1769788862.139070 -0.2017789 -0.0201724 -0.0321125 -0.0238353 0.0058234 -0.0493190 0.9984816
1769788862.272427 -0.1930422 0.0057306 -0.0145330 -0.0227394 0.0066776 -0.0712332 0.9971781
1769788862.405744 -0.1692421 0.0049111 -0.0460465 -0.0231421 0.0068462 -0.0755260 0.9968517
1769788862.539078 -0.1360186 -0.0008703 -0.0462782 -0.0219813 0.0080347 -0.0626046 0.9977640
1769788862.705767 -0.0932107 -0.0167691 -0.0424174 -0.0190712 0.0100217 -0.0456708 0.9987242
1769788862.839071 -0.0556953 -0.0294860 -0.0246240 -0.0160609 0.0116924 -0.0344305 0.9992096
1769788862.972406 -0.0188522 -0.0538073 -0.0304364 -0.0091737 0.0144921 -0.0309192 0.9993747
1769788863.139141 0.0221828 -0.0878474 -0.0221537 0.0069364 0.0245847 -0.0281352 0.9992777
1769788863.272429 0.0567044 -0.1244652 -0.0232326 0.0187389 0.0372581 -0.0245503 0.9988283
1769788863.405759 0.0747584 -0.1411994 0.0141983 0.0275694 0.0587558 -0.0224287 0.9976395
1769788863.539078 0.0864977 -0.1623538 0.0355285 0.0303125 0.0772585 -0.0233833 0.9962758
1769788863.739103 0.1343635 -0.2276750 0.0203984 0.0209231 0.0734973 -0.0228894 0.9968132
1769788863.839089 0.1685275 -0.2134912 0.0306219 -0.0102056 0.0584706 -0.0138258 0.9981412
1769788863.939087 0.1939915 -0.2196175 0.0435233 -0.0284800 0.0491064 -0.0030124 0.9983829
1769788864.072408 0.2297185 -0.2318916 0.0545920 -0.0432094 0.0389251 0.0052517 0.9982936
1769788864.305750 0.2884773 -0.2564690 0.0549931 -0.0479765 0.0259526 0.0181994 0.9983454
1769788864.605743 0.3180765 -0.2547114 0.0607816 -0.0263008 0.0245053 0.0195049 0.9991633
1769788865.072406 0.3369246 -0.1587464 0.0728460 -0.0065771 0.0253452 0.0125167 0.9995788
1769788865.439077 0.3457575 -0.1007632 0.0623865 -0.0061222 0.0247172 0.0146299 0.9995687
1769788865.772407 0.3402005 -0.0261351 0.0503667 -0.0081438 0.0245306 0.0124786 0.9995880
1769788866.139079 0.3122900 0.0357112 0.0492291 -0.0113881 0.0227990 0.0114050 0.9996101
1769788866.439073 0.2676833 0.0566253 0.0319237 -0.0125246 0.0226679 0.0084381 0.9996290
1769788866.872409 0.2155177 0.0197829 0.0052971 -0.0098888 0.0158398 0.0054270 0.9998109
1769788867.105762 0.1750756 -0.0169487 -0.0020388 -0.0024277 0.0131576 0.0054763 0.9998955
1769788867.272405 0.1508879 -0.0524544 -0.0116837 0.0119670 0.0062502 0.0050124 0.9998963
1769788867.405735 0.1299261 -0.0902293 -0.0228628 0.0266973 -0.0008056 0.0041421 0.9996347
1769788867.505740 0.1120035 -0.1257221 -0.0353198 0.0352533 -0.0118631 0.0039820 0.9993001
1769788867.639081 0.0373176 -0.0951249 -0.0072111 0.0531207 -0.0242003 -0.0002306 0.9982948
1769788867.705747 0.0226001 -0.1178597 -0.0092207 0.0556290 -0.0319263 -0.0020791 0.9979388
1769788867.772398 0.0029444 -0.1597913 -0.0067463 0.0544110 -0.0377862 0.0000278 0.9978034
1769788867.839067 0.0010763 -0.1641623 -0.0022711 0.0544104 -0.0418220 0.0010031 0.9976419
1769788867.905736 0.0012729 -0.1658734 0.0007354 0.0535563 -0.0420337 0.0052313 0.9976661
1769788867.972402 -0.0027696 -0.1705218 -0.0009335 0.0504637 -0.0369762 0.0055444 0.9980258
1769788868.005738 -0.0086246 -0.1727845 0.0004466 0.0407319 -0.0342551 0.0037944 0.9985756
1769788868.039085 -0.0104543 -0.1740959 0.0057770 0.0287769 -0.0326730 0.0055157 0.9990365
1769788868.139069 -0.0319765 -0.2048654 -0.0010873 -0.0036501 -0.0260176 0.0046536 0.9996440
1769788868.239069 -0.0507732 -0.2193897 0.0063494 -0.0170947 -0.0215035 0.0045237 0.9996124
1769788868.405731 -0.0864493 -0.2489781 0.0153903 -0.0303407 -0.0144055 0.0039862 0.9994279
1769788868.539067 -0.1143328 -0.2638630 0.0266021 -0.0292106 -0.0092425 0.0029984 0.9995261
1769788868.639065 -0.1264902 -0.2763409 0.0106645 -0.0239627 -0.0064847 0.0043133 0.9996825
1769788868.839069 -0.1446981 -0.2819986 -0.0314798 -0.0191634 -0.0019661 0.0053604 0.9998001
1769788869.072402 -0.1807254 -0.2432488 -0.0337888 -0.0108538 0.0018036 0.0046208 0.9999288
1769788869.172409 -0.1903037 -0.2224413 -0.0362109 -0.0084918 0.0025054 0.0045533 0.9999505
1769788869.272408 -0.1925103 -0.2174405 -0.0376025 -0.0093609 0.0024874 0.0044930 0.9999430
1769788869.405738 -0.1942770 -0.2227596 -0.0476404 -0.0129018 0.0020618 0.0053261 0.9999005
1769788869.505739 -0.1978818 -0.2039514 -0.0508942 -0.0141519 0.0019066 0.0044821 0.9998880
1769788869.672399 -0.2033901 -0.1990867 -0.0648290 -0.0195579 0.0022580 0.0043166 0.9997969
1769788869.805736 -0.2058290 -0.1162204 -0.0497371 -0.0145999 0.0027169 0.0040096 0.9998817
1769788869.939064 -0.2088745 -0.1072723 -0.0579746 -0.0188098 0.0032871 0.0036641 0.9998110
1769788870.039067 -0.2036946 -0.0711940 -0.0568216 -0.0183535 0.0039975 0.0033665 0.9998179
1769788870.139063 -0.1952688 -0.0361617 -0.0545271 -0.0177893 0.0039133 0.0038465 0.9998267
1769788870.272406 -0.1980460 -0.0303959 -0.0611080 -0.0209208 0.0050932 -0.0179457 0.9996071
1769788870.405740 -0.1920523 -0.0123998 -0.0572395 -0.0224412 0.0047726 -0.0535346 0.9983024
1769788870.539067 -0.1750489 0.0013947 -0.0577771 -0.0226893 0.0045990 -0.0713214 0.9971847
1769788870.705734 -0.1405534 0.0073925 -0.0302843 -0.0223942 0.0046302 -0.0698622 0.9972945
1769788870.839074 -0.1150061 -0.0043003 -0.0507832 -0.0214564 0.0089855 -0.0550580 0.9982122
1769788870.939076 -0.1162139 -0.0060837 -0.0461004 -0.0180548 0.0179484 -0.0475399 0.9985449
1769788871.072415 -0.0999348 0.0006865 -0.0362398 -0.0081135 0.0262976 -0.0359961 0.9989729
1769788871.205768 -0.0802159 0.0251157 -0.0098624 0.0093606 0.0337906 -0.0286585 0.9989741
1769788871.339078 -0.0542091 0.0055449 0.0138835 0.0224807 0.0435625 -0.0266053 0.9984433
1769788871.472414 -0.0330953 -0.0141088 0.0366625 0.0388076 0.0571148 -0.0217899 0.9973751
1769788871.639072 0.0374263 -0.1041237 0.0190236 0.0351909 0.0689499 -0.0226358 0.9967423
1769788871.872404 0.0961594 -0.1672526 0.0157765 0.0320057 0.0858240 -0.0241872 0.9955024
1769788872.039065 0.1490538 -0.2023498 0.0283275 0.0096497 0.0690282 -0.0158154 0.9974427
1769788872.139065 0.1859056 -0.2029946 0.0375875 -0.0176690 0.0549878 -0.0055007 0.9983156
1769788872.305742 0.2464523 -0.2203208 0.0381770 -0.0379483 0.0368849 0.0095954 0.9985527
1769788872.639065 0.3346686 -0.2525683 0.0400182 -0.0397977 0.0187713 0.0268778 0.9986698
1769788872.772406 0.3509996 -0.2610303 0.0446731 -0.0308466 0.0178262 0.0270165 0.9990000
1769788873.072400 0.3742115 -0.2358718 0.0520529 -0.0180358 0.0155978 0.0256845 0.9993857
1769788873.572406 0.3710749 -0.1410936 0.0489496 -0.0062334 0.0205705 0.0209502 0.9995494
1769788874.005750 0.3614061 -0.0810172 0.0373776 -0.0126824 0.0206813 0.0235517 0.9994282
1769788874.272420 0.3394792 -0.0333715 0.0331375 -0.0148777 0.0206603 0.0219164 0.9994356
1769788874.472400 0.3166289 -0.0178318 0.0344616 -0.0189770 0.0193291 0.0182131 0.9994671
1769788874.739075 0.2778861 -0.0157566 0.0066223 -0.0214322 0.0181989 0.0145426 0.9994988
1769788875.005730 0.2475309 -0.0347897 -0.0068570 -0.0189727 0.0138667 0.0151091 0.9996096
1769788875.172397 0.2242106 -0.0624859 -0.0500205 -0.0149352 0.0113729 0.0196909 0.9996299
1769788875.305735 0.2017927 -0.0861092 -0.0794424 -0.0101081 0.0095421 0.0220236 0.9996608
1769788875.439064 0.1736881 -0.0764807 -0.0684607 -0.0008688 0.0092794 0.0072570 0.9999303
1769788875.572404 0.1444535 -0.1024499 -0.0574139 0.0137614 0.0037114 0.0078867 0.9998673
1769788875.705729 0.1177685 -0.1571857 -0.0674250 0.0246167 -0.0058088 0.0058000 0.9996633
1769788875.839074 0.0930843 -0.2141068 -0.0703280 0.0325015 -0.0219064 0.0079245 0.9992002
1769788875.939072 0.0692873 -0.2535095 -0.0741103 0.0363356 -0.0332263 0.0095471 0.9987415
1769788876.039060 0.0440833 -0.3213162 -0.0942358 0.0309009 -0.0402162 0.0174547 0.9985605
1769788876.105739 0.0384157 -0.3116626 -0.0720899 0.0351466 -0.0439025 0.0132400 0.9983296
1769788876.205731 0.0223647 -0.2952679 -0.0251682 0.0378692 -0.0384608 0.0054835 0.9985273
1769788876.239064 0.0240789 -0.2947152 -0.0204113 0.0332330 -0.0371236 0.0065296 0.9987366
1769788876.272406 0.0193769 -0.2982814 -0.0138554 0.0217075 -0.0349587 0.0068072 0.9991298
1769788876.372396 0.0019247 -0.3267462 -0.0228669 -0.0110991 -0.0295555 0.0098036 0.9994535
1769788876.405727 -0.0040536 -0.3288326 -0.0148959 -0.0169018 -0.0280422 0.0086588 0.9994263
1769788876.572396 -0.0374224 -0.3566273 -0.0074755 -0.0350513 -0.0206213 0.0084298 0.9991372
1769788876.672406 -0.0569625 -0.3684820 0.0025059 -0.0401242 -0.0165601 0.0078295 0.9990268
1769788876.739080 -0.0661700 -0.3737864 0.0077824 -0.0403218 -0.0146016 0.0072652 0.9990537
1769788876.805740 -0.0733085 -0.3791285 0.0156415 -0.0394425 -0.0128736 0.0069965 0.9991145
1769788876.872396 -0.0792892 -0.3832381 0.0026610 -0.0359284 -0.0111929 0.0078950 0.9992605
1769788877.005740 -0.0907119 -0.3845862 -0.0205186 -0.0338983 -0.0073628 0.0087555 0.9993598
1769788877.172415 -0.1005180 -0.3793282 -0.0380058 -0.0307602 -0.0052126 0.0084213 0.9994777
1769788877.305728 -0.1113109 -0.3546745 -0.0132671 -0.0276158 -0.0031057 0.0071167 0.9995884
1769788877.405776 -0.1106043 -0.3395729 -0.0348041 -0.0261898 -0.0024453 0.0084706 0.9996182
1769788877.539080 -0.1127697 -0.3110934 -0.0385102 -0.0242458 -0.0013466 0.0072046 0.9996792
1769788877.739065 -0.1083840 -0.2703203 -0.0398313 -0.0228725 -0.0002830 0.0055576 0.9997230
1769788877.905766 -0.1004006 -0.2363804 -0.0423159 -0.0222862 0.0002293 0.0068443 0.9997282
1769788878.072414 -0.0917726 -0.2084062 -0.0377887 -0.0212766 0.0009312 0.0047371 0.9997620
1769788878.205731 -0.0812951 -0.1923518 -0.0412920 -0.0215774 0.0009603 0.0047180 0.9997556
1769788878.305730 -0.0727893 -0.1829915 -0.0451055 -0.0217749 0.0015435 0.0048808 0.9997498
1769788878.405731 -0.0637522 -0.1760034 -0.0459328 -0.0220808 0.0016018 0.0059060 0.9997375
1769788878.472403 -0.0601066 -0.1717315 -0.0454736 -0.0219046 0.0020430 0.0053165 0.9997439
1769788878.572395 -0.0514906 -0.1664846 -0.0462220 -0.0216246 0.0022885 0.0050105 0.9997510
1769788878.672402 -0.0445454 -0.1638776 -0.0475020 -0.0214630 0.0025822 0.0047960 0.9997548
1769788878.872397 -0.0283202 -0.1636832 -0.0488894 -0.0214446 0.0022574 0.0052254 0.9997539
1769788879.205728 -0.0115059 -0.1663458 -0.0437932 -0.0205782 0.0017716 0.0046618 0.9997758
1769788879.539059 -0.0006638 -0.1718980 -0.0430128 -0.0195226 0.0009115 0.0053009 0.9997950
1769788880.905733 0.0044250 -0.1688047 -0.0389417 -0.0196255 -0.0003580 0.0046043 0.9997967
