1769786526.366904 0.0000000 0.0000000 0.0000000 -0.0000000 -0.0000000 -0.0000000 1.0000000
1769786528.866927 0.0009040 -0.0003835 0.0002002 -0.0017638 -0.0005854 -0.0030867 0.9999935
1769786531.600261 0.0003819 -0.0005144 0.0010254 -0.0011627 0.0002671 -0.0016425 0.9999980
1769786534.433591 -0.0005209 0.0013206 -0.0016359 0.0079652 0.0086064 -0.0065172 0.9999100
1769786534.500258 0.0001662 0.0008018 0.0011116 0.0078035 0.0095607 -0.0045023 0.9999137
1769786534.566923 -0.0001123 0.0014158 -0.0003901 0.0080091 0.0101558 -0.0048083 0.9999048
1769786534.966925 -0.0000458 0.0008172 -0.0008920 0.0068098 0.0159256 -0.0095332 0.9998046
1769786535.033591 -0.0002664 0.0016137 -0.0016538 0.0069678 0.0168320 -0.0057653 0.9998174
1769786535.366936 -0.0013759 0.0005022 -0.0024652 0.0020999 0.0258978 -0.0076330 0.9996333
1769786535.400270 -0.0007508 0.0002094 -0.0020511 0.0013771 0.0253979 -0.0081896 0.9996430
1769786535.700272 -0.0016593 0.0001705 -0.0015039 -0.0041980 0.0345050 -0.0063259 0.9993757
1769786535.733603 -0.0024524 0.0000594 -0.0031486 -0.0040405 0.0353110 -0.0067452 0.9993455
1769786535.766936 -0.0014564 0.0003533 -0.0016143 -0.0050769 0.0354192 -0.0085558 0.9993230
1769786535.800270 -0.0013437 -0.0003082 -0.0002760 -0.0067471 0.0366595 -0.0071671 0.9992793
1769786535.833603 -0.0023052 -0.0005551 -0.0025945 -0.0071400 0.0382820 -0.0046937 0.9992304
1769786535.900271 -0.0023450 -0.0010295 -0.0025967 -0.0089778 0.0393964 -0.0048282 0.9991717
1769786536.000271 -0.0023756 -0.0011674 -0.0015919 -0.0117963 0.0419187 -0.0037165 0.9990445
1769786536.100270 -0.0027246 -0.0018921 -0.0018768 -0.0158321 0.0439714 -0.0066506 0.9988852
1769786536.166936 -0.0032214 -0.0019788 -0.0031934 -0.0175157 0.0456054 -0.0033006 0.9988005
1769786536.266936 -0.0037086 -0.0020474 -0.0034179 -0.0198960 0.0490348 -0.0038898 0.9985914
1769786536.333602 -0.0033487 -0.0022152 -0.0027445 -0.0215277 0.0505081 -0.0044265 0.9984818
1769786536.500270 -0.0039133 -0.0033269 -0.0035101 -0.0285086 0.0532424 -0.0025825 0.9981713
1769786536.533602 -0.0041914 -0.0030447 -0.0044000 -0.0289866 0.0532669 -0.0022832 0.9981569
1769786536.566935 -0.0038081 -0.0032596 -0.0030896 -0.0302187 0.0532521 -0.0023514 0.9981210
1769786536.600270 -0.0040773 -0.0031093 -0.0037523 -0.0313240 0.0537954 -0.0017067 0.9980591
1769786536.766935 -0.0044563 -0.0040836 -0.0035368 -0.0362446 0.0554716 -0.0000240 0.9978022
1769786536.833602 -0.0048050 -0.0042693 -0.0038378 -0.0380038 0.0558138 -0.0001166 0.9977177
1769786536.866935 -0.0047792 -0.0044581 -0.0031799 -0.0391427 0.0569809 0.0004858 0.9976075
1769786537.066934 -0.0050695 -0.0051795 -0.0042191 -0.0437707 0.0573241 0.0015450 0.9973944
1769786537.166935 -0.0050182 -0.0051671 -0.0043966 -0.0443858 0.0563407 0.0014934 0.9974234
1769786537.600270 -0.0045975 -0.0056622 -0.0038443 -0.0452089 0.0515430 0.0010020 0.9976465
1769786537.800270 -0.0043461 -0.0056686 -0.0040596 -0.0415962 0.0492255 0.0007087 0.9979209
1769786537.833602 -0.0042929 -0.0050784 -0.0038261 -0.0400295 0.0484748 0.0016528 0.9980206
1769786537.933602 -0.0039600 -0.0049224 -0.0036180 -0.0372800 0.0465710 0.0010120 0.9982186
1769786537.966936 -0.0038049 -0.0046571 -0.0036987 -0.0355468 0.0456480 0.0014166 0.9983240
1769786538.033601 -0.0032695 -0.0046637 -0.0030837 -0.0330906 0.0437307 0.0004727 0.9984951
1769786538.066934 -0.0034663 -0.0045165 -0.0035637 -0.0318596 0.0433268 0.0003942 0.9985528
1769786538.100268 -0.0033601 -0.0044160 -0.0033799 -0.0307462 0.0424136 -0.0005695 0.9986268
1769786538.233602 -0.0027053 -0.0034518 -0.0031150 -0.0225817 0.0383619 -0.0008404 0.9990084
1769786538.300269 -0.0023723 -0.0034996 -0.0024399 -0.0195715 0.0364725 -0.0007593 0.9991427
1769786538.333602 -0.0023421 -0.0030921 -0.0028610 -0.0170655 0.0353061 -0.0018325 0.9992292
1769786538.566934 -0.0018448 -0.0023414 -0.0020145 0.0003607 0.0272618 -0.0047632 0.9996169
1769786538.666935 -0.0014182 -0.0012946 -0.0026880 0.0116967 0.0219995 -0.0077185 0.9996598
1769786538.766934 -0.0011222 -0.0008006 -0.0019422 0.0215156 0.0152575 -0.0099202 0.9996029
1769786538.800268 -0.0010720 -0.0006155 -0.0014105 0.0247336 0.0128034 -0.0107184 0.9995546
1769786538.900268 -0.0008666 -0.0000488 -0.0017613 0.0341012 0.0030584 -0.0139040 0.9993170
1769786538.933601 -0.0010956 0.0002012 -0.0018753 0.0371219 0.0004077 -0.0137113 0.9992166
1769786538.966936 -0.0007078 0.0001663 -0.0016978 0.0392030 -0.0033151 -0.0150140 0.9991130
1769786539.033601 -0.0006417 0.0005558 -0.0015509 0.0436684 -0.0093992 -0.0153373 0.9988841
1769786539.066933 -0.0009061 0.0011533 -0.0017080 0.0462822 -0.0115693 -0.0155907 0.9987397
1769786539.100268 -0.0005519 0.0006599 -0.0009623 0.0468837 -0.0145732 -0.0150768 0.9986803
1769786539.566933 0.0012831 0.0016941 0.0031784 0.0091960 -0.0151853 -0.0051695 0.9998291
1769786539.600268 0.0013085 0.0017238 0.0035125 0.0067136 -0.0156315 -0.0056777 0.9998392
1769786539.633600 0.0019688 0.0021703 0.0045405 0.0059241 -0.0165669 -0.0060164 0.9998271
1769786539.666934 0.0017068 0.0020197 0.0038615 0.0041769 -0.0164632 -0.0053028 0.9998417
1769786539.733601 0.0023571 0.0024029 0.0040232 0.0035054 -0.0180351 -0.0053532 0.9998169
1769786539.833600 0.0031302 0.0031714 0.0040343 0.0047202 -0.0193532 -0.0064256 0.9997810
1769786539.866933 0.0026489 0.0027639 0.0031432 0.0058531 -0.0202816 -0.0059951 0.9997592
1769786540.000268 0.0035642 0.0036995 0.0024649 0.0127070 -0.0231170 -0.0069880 0.9996276
1769786540.066933 0.0030870 0.0034435 0.0011572 0.0176762 -0.0237522 -0.0053748 0.9995472
1769786540.100267 0.0034963 0.0037941 0.0009524 0.0203116 -0.0243600 -0.0061409 0.9994780
1769786540.500267 0.0047233 0.0047806 0.0014077 0.0495615 -0.0291707 -0.0011186 0.9983444
1769786540.566933 0.0046693 0.0051702 0.0004991 0.0531334 -0.0296210 -0.0000815 0.9981480
1769786541.066932 0.0056570 0.0044716 0.0000667 0.0577085 -0.0371812 0.0022872 0.9976382
1769786541.100267 0.0056001 0.0040080 0.0001756 0.0571243 -0.0373643 0.0029873 0.9976631
1769786541.166932 0.0057712 0.0038040 0.0006222 0.0553987 -0.0383602 0.0022657 0.9977246
1769786541.200266 0.0058370 0.0037147 -0.0001228 0.0549232 -0.0389374 0.0017626 0.9977295
1769786541.333600 0.0059312 0.0030113 -0.0004980 0.0513813 -0.0405036 0.0054561 0.9978425
1769786541.600267 0.0064702 0.0015903 -0.0008884 0.0401786 -0.0447726 0.0060632 0.9981705
1769786541.666933 0.0068159 0.0014526 -0.0014125 0.0372648 -0.0456625 0.0052711 0.9982477
1769786541.700267 0.0068671 0.0010343 -0.0014249 0.0353501 -0.0451907 0.0057609 0.9983361
1769786541.733599 0.0063287 0.0005715 -0.0007856 0.0330891 -0.0456399 0.0068850 0.9983861
1769786541.866932 0.0065610 -0.0004234 -0.0017436 0.0247959 -0.0473219 0.0047674 0.9985605
1769786541.933599 0.0069437 -0.0010928 -0.0019298 0.0198574 -0.0485641 0.0067971 0.9985995
1769786542.100267 0.0066985 -0.0025086 -0.0019287 0.0094928 -0.0483563 0.0068502 0.9987615
1769786542.166931 0.0066052 -0.0031627 -0.0023186 0.0042198 -0.0481240 0.0057826 0.9988157
1769786542.200266 0.0064908 -0.0035566 -0.0020494 0.0021178 -0.0478267 0.0053282 0.9988392
1769786542.233599 0.0068407 -0.0038937 -0.0032880 -0.0011643 -0.0486060 0.0065591 0.9987958
1769786542.366932 0.0068750 -0.0052959 -0.0033746 -0.0108119 -0.0488006 0.0062777 0.9987303
1769786542.433599 0.0068855 -0.0062699 -0.0035001 -0.0164596 -0.0479989 0.0089874 0.9986714
1769786542.500267 0.0070548 -0.0066626 -0.0040249 -0.0212030 -0.0488669 0.0022176 0.9985778
1769786542.533599 0.0068816 -0.0071227 -0.0039299 -0.0230035 -0.0488819 -0.0133527 0.9984504
1769786542.566931 0.0068429 -0.0078907 -0.0049020 -0.0255413 -0.0490869 -0.0271250 0.9980994
1769786542.600267 0.0074282 -0.0079787 -0.0039964 -0.0272548 -0.0504011 -0.0428754 0.9974360
1769786542.633598 0.0072495 -0.0085141 -0.0042727 -0.0287140 -0.0510482 -0.0560240 0.9967101
1769786542.733599 0.0071026 -0.0095806 -0.0056953 -0.0356724 -0.0525585 -0.0959546 0.9933569
1769786542.766932 0.0076005 -0.0104513 -0.0034810 -0.0380538 -0.0532946 -0.1107509 0.9916884
1769786542.866932 0.0072913 -0.0118211 -0.0048972 -0.0445506 -0.0556923 -0.1482626 0.9863731
1769786543.066931 0.0071265 -0.0136315 -0.0073420 -0.0538146 -0.0607443 -0.2116663 0.9739669
1769786543.100266 0.0072682 -0.0140029 -0.0065966 -0.0552189 -0.0608610 -0.2221372 0.9715461
1769786543.133599 0.0070346 -0.0140612 -0.0082064 -0.0567496 -0.0613214 -0.2311259 0.9693297
1769786543.333599 0.0067444 -0.0153724 -0.0075194 -0.0643664 -0.0609879 -0.2789161 0.9562130
1769786543.366931 0.0069448 -0.0156282 -0.0074798 -0.0644908 -0.0610366 -0.2867578 0.9538792
1769786543.700265 0.0059189 -0.0166539 -0.0076646 -0.0714584 -0.0571344 -0.3285272 0.9400528
1769786543.733624 0.0058945 -0.0168520 -0.0076987 -0.0724805 -0.0564785 -0.3306094 0.9392839
1769786543.833623 0.0053751 -0.0166524 -0.0077090 -0.0730838 -0.0544085 -0.3334499 0.9383548
1769786543.900290 0.0051310 -0.0165806 -0.0072397 -0.0731894 -0.0525238 -0.3336024 0.9383997
1769786544.100291 0.0041025 -0.0159473 -0.0076905 -0.0721654 -0.0427958 -0.3232343 0.9425923
1769786544.166956 0.0037030 -0.0158518 -0.0073532 -0.0723897 -0.0388037 -0.3137505 0.9459464
1769786544.200290 0.0032441 -0.0157616 -0.0070699 -0.0719212 -0.0362704 -0.3099849 0.9473232
1769786544.233624 0.0028161 -0.0156802 -0.0071071 -0.0719652 -0.0334206 -0.3030104 0.9496782
1769786544.266958 0.0024735 -0.0151375 -0.0082311 -0.0707918 -0.0315268 -0.2974782 0.9515783
1769786544.366956 0.0017733 -0.0141540 -0.0071557 -0.0673501 -0.0237870 -0.2735067 0.9592144
1769786544.400291 0.0016422 -0.0139179 -0.0070086 -0.0663548 -0.0208555 -0.2646480 0.9618335
1769786544.466956 0.0009750 -0.0130273 -0.0067300 -0.0625269 -0.0140733 -0.2427012 0.9679816
1769786544.500291 0.0004825 -0.0125481 -0.0073563 -0.0612496 -0.0116558 -0.2322523 0.9706552
1769786544.533623 0.0009906 -0.0125158 -0.0063882 -0.0599904 -0.0092418 -0.2203165 0.9735381
1769786544.566956 0.0003453 -0.0118421 -0.0066635 -0.0579931 -0.0061258 -0.2069349 0.9766152
1769786544.600291 0.0002468 -0.0114653 -0.0067735 -0.0554890 -0.0036430 -0.1968199 0.9788614
1769786544.633623 0.0004284 -0.0116937 -0.0056589 -0.0547055 -0.0016930 -0.1872659 0.9807833
1769786544.666957 -0.0000091 -0.0110381 -0.0057479 -0.0524360 0.0008045 -0.1774163 0.9827377
1769786544.766956 -0.0005451 -0.0099038 -0.0057282 -0.0450318 0.0082982 -0.1557800 0.9867299
1769786544.800290 -0.0010603 -0.0097891 -0.0064878 -0.0427447 0.0104229 -0.1528019 0.9872770
1769786544.833623 -0.0010810 -0.0093276 -0.0056224 -0.0381071 0.0132254 -0.1516748 0.9876071
1769786545.066956 -0.0015310 -0.0085368 -0.0069764 -0.0140166 0.0316549 -0.1521466 0.9877515
1769786545.100291 -0.0014488 -0.0086835 -0.0045703 -0.0127070 0.0334678 -0.1532215 0.9875432
1769786545.233623 -0.0009404 -0.0084967 -0.0029996 0.0004664 0.0464419 -0.1566236 0.9865658
1769786545.300290 -0.0014529 -0.0080272 -0.0044188 0.0065187 0.0554114 -0.1585279 0.9857769
1769786545.400290 -0.0008476 -0.0080795 -0.0024869 0.0112767 0.0689211 -0.1605894 0.9845475
1769786545.433623 -0.0007188 -0.0079368 -0.0024510 0.0132843 0.0738898 -0.1625463 0.9838407
1769786545.466955 -0.0000776 -0.0083171 -0.0007940 0.0132603 0.0790536 -0.1621752 0.9835008
1769786545.500290 -0.0000149 -0.0078228 -0.0003794 0.0149457 0.0832021 -0.1655254 0.9825759
1769786545.566955 -0.0006487 -0.0073560 -0.0023963 0.0184103 0.0921693 -0.1622593 0.9822616
1769786545.600290 -0.0003816 -0.0077719 -0.0005522 0.0181691 0.0970310 -0.1663101 0.9811197
1769786545.800289 -0.0008926 -0.0066733 -0.0023233 0.0026279 0.1039707 -0.1686978 0.9801654
1769786545.833622 -0.0009589 -0.0064178 -0.0012306 -0.0065684 0.1027762 -0.1642258 0.9810320
1769786545.866956 -0.0014508 -0.0061579 -0.0014783 -0.0122577 0.1000352 -0.1560225 0.9825985
1769786545.900290 -0.0014751 -0.0066880 -0.0020755 -0.0198263 0.0951699 -0.1499457 0.9839034
1769786545.966957 -0.0014344 -0.0059127 -0.0020850 -0.0250788 0.0906900 -0.1379102 0.9859651
1769786546.033622 -0.0020065 -0.0055883 -0.0023867 -0.0309944 0.0862881 -0.1291178 0.9873816
1769786546.100290 -0.0019731 -0.0053616 -0.0016589 -0.0358414 0.0845894 -0.1198404 0.9885334
1769786546.133623 -0.0018437 -0.0055483 -0.0014313 -0.0371252 0.0829033 -0.1124613 0.9894955
1769786546.166955 -0.0022806 -0.0054071 -0.0015101 -0.0383700 0.0825965 -0.1098502 0.9897669
1769786546.200289 -0.0012550 -0.0049240 -0.0016705 -0.0397533 0.0797194 -0.1081813 0.9901320
1769786546.233622 -0.0016427 -0.0047943 -0.0016125 -0.0389384 0.0798148 -0.1040858 0.9905956
1769786547.100288 -0.0034591 -0.0008446 0.0010946 0.0172805 0.0865618 -0.0656665 0.9939297
1769786547.566954 -0.0037828 -0.0027982 0.0032733 0.0170912 0.0935789 -0.0606806 0.9936140
1769786547.700288 -0.0042982 -0.0026211 0.0023593 0.0164623 0.0965784 -0.0607278 0.9933347
1769786547.800287 -0.0046246 -0.0022068 0.0019219 0.0153610 0.0978198 -0.0599124 0.9932804
1769786547.866954 -0.0052692 -0.0027985 0.0016883 0.0127932 0.0998746 -0.0576646 0.9932453
1769786548.000289 -0.0050882 -0.0032578 0.0013755 0.0080420 0.1008459 -0.0591781 0.9931079
1769786548.033621 -0.0056977 -0.0041278 0.0007761 0.0046791 0.1015788 -0.0525625 0.9934269
1769786548.100288 -0.0057578 -0.0038017 0.0006143 0.0029092 0.1015209 -0.0553371 0.9932889
1769786548.333621 -0.0058637 -0.0060506 0.0016122 -0.0108114 0.1045964 -0.0528988 0.9930481
1769786548.400288 -0.0067063 -0.0067975 0.0002256 -0.0157150 0.1054255 -0.0472010 0.9931821
1769786548.466954 -0.0067856 -0.0073315 0.0000816 -0.0206876 0.1066890 -0.0494221 0.9928479
1769786548.533621 -0.0063631 -0.0086349 0.0022633 -0.0260389 0.1074415 -0.0476011 0.9927298
1769786548.566953 -0.0078591 -0.0074149 -0.0025962 -0.0269716 0.1077971 -0.0495619 0.9925704
1769786548.600288 -0.0075613 -0.0087902 -0.0015646 -0.0306078 0.1089814 -0.0449095 0.9925570
1769786548.700288 -0.0082704 -0.0091131 -0.0021848 -0.0377019 0.1085839 -0.0455915 0.9923254
1769786548.733622 -0.0080766 -0.0097308 -0.0019904 -0.0403467 0.1096946 -0.0442911 0.9921581
1769786548.766954 -0.0082599 -0.0104791 -0.0017950 -0.0437046 0.1091188 -0.0449611 0.9920492
1769786548.833620 -0.0077500 -0.0112169 -0.0009589 -0.0485697 0.1084609 -0.0449728 0.9918945
1769786548.900288 -0.0073372 -0.0123258 0.0010757 -0.0549038 0.1077782 -0.0445212 0.9916589
1769786548.933620 -0.0076605 -0.0125926 -0.0007006 -0.0565911 0.1078961 -0.0414573 0.9916840
1769786548.966953 -0.0079349 -0.0127353 -0.0019382 -0.0598801 0.1076307 -0.0417289 0.9915083
1769786549.066953 -0.0078349 -0.0140042 -0.0002975 -0.0673621 0.1079180 -0.0398224 0.9910753
1769786549.100287 -0.0082342 -0.0140877 -0.0023223 -0.0690902 0.1073614 -0.0392493 0.9910396
1769786549.166953 -0.0085275 -0.0142728 -0.0025734 -0.0729551 0.1069170 -0.0386902 0.9908327
1769786549.533620 -0.0094085 -0.0173472 -0.0070305 -0.0952260 0.1013361 -0.0331632 0.9897289
1769786549.566952 -0.0097704 -0.0178473 -0.0068328 -0.0970740 0.1021841 -0.0314770 0.9895172
1769786549.600287 -0.0095648 -0.0176105 -0.0081819 -0.0981549 0.1004078 -0.0328910 0.9895464
1769786549.900287 -0.0083388 -0.0193207 -0.0077268 -0.1097189 0.0916041 -0.0318998 0.9892183
1769786549.966953 -0.0083852 -0.0195295 -0.0072525 -0.1110088 0.0912592 -0.0287287 0.9892035
1769786550.166953 -0.0075031 -0.0197007 -0.0064948 -0.1134029 0.0856096 -0.0262932 0.9895047
1769786550.300287 -0.0073820 -0.0199377 -0.0084351 -0.1125378 0.0799992 -0.0243341 0.9901229
1769786550.333620 -0.0073446 -0.0200235 -0.0082002 -0.1126748 0.0788821 -0.0261005 0.9901519
1769786550.366952 -0.0065028 -0.0202718 -0.0064197 -0.1130271 0.0780562 -0.0244052 0.9902204
1769786550.466953 -0.0062898 -0.0203285 -0.0068210 -0.1117701 0.0742845 -0.0260636 0.9906109
1769786550.533619 -0.0061821 -0.0197956 -0.0077932 -0.1095469 0.0711519 -0.0229693 0.9911656
1769786550.733619 -0.0050719 -0.0189203 -0.0079987 -0.1027459 0.0632250 -0.0225246 0.9924407
1769786550.766953 -0.0048199 -0.0187089 -0.0078772 -0.1016767 0.0617119 -0.0226429 0.9926434
1769786550.833619 -0.0042519 -0.0183425 -0.0082025 -0.0982139 0.0582895 -0.0237884 0.9931719
1769786550.866952 -0.0044569 -0.0184368 -0.0082890 -0.0973148 0.0575214 -0.0234858 0.9933124
1769786550.900287 -0.0039360 -0.0183383 -0.0073934 -0.0952387 0.0564028 -0.0218778 0.9936145
1769786550.966952 -0.0035976 -0.0175051 -0.0085771 -0.0910129 0.0526055 -0.0248217 0.9941495
1769786551.100286 -0.0022742 -0.0164902 -0.0081086 -0.0834835 0.0461933 -0.0263865 0.9950882
1769786551.233619 -0.0011555 -0.0157594 -0.0072507 -0.0745932 0.0394486 -0.0291523 0.9960069
1769786551.300286 -0.0006539 -0.0152263 -0.0072543 -0.0702049 0.0370768 -0.0316468 0.9963409
1769786551.333620 -0.0005734 -0.0150471 -0.0067305 -0.0674038 0.0353845 -0.0327198 0.9965612
1769786551.433619 -0.0000661 -0.0147126 -0.0060814 -0.0584531 0.0318306 -0.0350238 0.9971677
1769786551.500287 0.0002930 -0.0135067 -0.0070476 -0.0504677 0.0281283 -0.0349162 0.9977188
1769786551.533619 0.0006545 -0.0137828 -0.0062528 -0.0466889 0.0265130 -0.0356016 0.9979228
1769786551.600286 0.0009197 -0.0135405 -0.0063565 -0.0409786 0.0227753 -0.0362751 0.9982415
1769786551.633619 0.0011361 -0.0131925 -0.0059119 -0.0371222 0.0207130 -0.0348045 0.9984897
1769786551.733611 0.0013612 -0.0125824 -0.0071198 -0.0272087 0.0148680 -0.0369201 0.9988371
1769786551.833610 0.0017128 -0.0121966 -0.0064231 -0.0169729 0.0097816 -0.0374407 0.9991068
1769786551.866943 0.0015268 -0.0118924 -0.0066151 -0.0137222 0.0073768 -0.0366867 0.9992054
1769786551.900277 0.0017687 -0.0121249 -0.0059380 -0.0111640 0.0037075 -0.0394417 0.9991527
1769786551.933610 0.0018136 -0.0112299 -0.0068425 -0.0063200 0.0011326 -0.0396066 0.9991947
1769786552.066942 0.0015873 -0.0104001 -0.0074836 0.0055139 -0.0145108 -0.0398583 0.9990848
1769786552.100277 0.0016313 -0.0101501 -0.0075751 0.0085940 -0.0192853 -0.0431046 0.9988475
1769786552.200276 0.0019150 -0.0098502 -0.0053320 0.0184824 -0.0312302 -0.0380749 0.9986157
1769786552.500277 0.0025990 -0.0081418 -0.0039878 -0.0014048 -0.0409626 -0.0180364 0.9989969
1769786552.633609 0.0030217 -0.0079705 -0.0028261 -0.0210998 -0.0361600 -0.0182404 0.9989567
1769786552.666944 0.0031174 -0.0080259 -0.0028308 -0.0248111 -0.0353000 -0.0191864 0.9988845
1769786552.733609 0.0027943 -0.0077543 -0.0039753 -0.0290302 -0.0341600 -0.0200418 0.9987937
1769786552.866942 0.0035104 -0.0075312 -0.0019361 -0.0332579 -0.0324181 -0.0206421 0.9987076
1769786553.100276 0.0041830 -0.0062718 -0.0026279 -0.0257825 -0.0322120 -0.0233282 0.9988761
1769786553.933609 0.0055605 -0.0055151 -0.0019383 0.0064849 -0.0334523 -0.0191399 0.9992360
1769786554.033608 0.0060622 -0.0059777 -0.0019515 0.0050746 -0.0355770 -0.0191303 0.9991710
1769786554.133608 0.0061153 -0.0060181 -0.0022679 0.0040876 -0.0362103 -0.0186767 0.9991613
1769786554.366941 0.0063752 -0.0071070 -0.0029560 -0.0026535 -0.0391593 -0.0168884 0.9990867
1769786554.466941 0.0061728 -0.0077150 -0.0033545 -0.0058962 -0.0399280 -0.0163795 0.9990509
1769786554.566941 0.0064542 -0.0079692 -0.0032222 -0.0093677 -0.0409060 -0.0171337 0.9989722
1769786555.000276 0.0072225 -0.0116065 -0.0041605 -0.0353792 -0.0466528 -0.0118463 0.9982142
1769786555.100275 0.0067115 -0.0126065 -0.0060320 -0.0420448 -0.0466595 -0.0133566 0.9979362
1769786555.166940 0.0076224 -0.0127713 -0.0038575 -0.0460513 -0.0472009 -0.0139229 0.9977262
1769786555.200274 0.0071737 -0.0131829 -0.0053442 -0.0477413 -0.0466294 -0.0147875 0.9976612
1769786555.233608 0.0073660 -0.0139865 -0.0058480 -0.0517413 -0.0467800 -0.0107468 0.9975064
1769786555.333608 0.0071377 -0.0147832 -0.0062474 -0.0589847 -0.0466369 -0.0131434 0.9970823
1769786555.400274 0.0071397 -0.0153342 -0.0050417 -0.0641006 -0.0451632 -0.0111644 0.9968584
1769786555.533607 0.0063187 -0.0163270 -0.0083937 -0.0721104 -0.0467907 -0.0305704 0.9958294
1769786555.566940 0.0068946 -0.0176371 -0.0064444 -0.0763347 -0.0481140 -0.0455826 0.9948770
1769786555.633607 0.0069057 -0.0185694 -0.0061327 -0.0808655 -0.0503717 -0.0744100 0.9926664
1769786555.666941 0.0072806 -0.0188649 -0.0066886 -0.0830245 -0.0525232 -0.0902943 0.9910576
1769786555.833607 0.0066199 -0.0205678 -0.0086980 -0.0917734 -0.0590785 -0.1545525 0.9819373
1769786555.933608 0.0066400 -0.0219321 -0.0086142 -0.0972557 -0.0632588 -0.1891411 0.9750720
1769786556.100274 0.0066189 -0.0237200 -0.0089126 -0.1048637 -0.0672375 -0.2413082 0.9624204
1769786556.266941 0.0066908 -0.0249330 -0.0085525 -0.1111824 -0.0714350 -0.2834708 0.9498315
1769786556.300274 0.0065121 -0.0252286 -0.0084124 -0.1122484 -0.0715749 -0.2907479 0.9474930
1769786556.400274 0.0062233 -0.0259178 -0.0085389 -0.1149129 -0.0717571 -0.3088115 0.9414252
1769786556.500276 0.0059774 -0.0261497 -0.0088168 -0.1170888 -0.0709930 -0.3247221 0.9358450
1769786556.700274 0.0053253 -0.0266496 -0.0085796 -0.1207848 -0.0690854 -0.3433026 0.9288604
1769786556.733607 0.0052548 -0.0265711 -0.0092196 -0.1212400 -0.0686240 -0.3467024 0.9275717
1769786556.866940 0.0041657 -0.0264600 -0.0093908 -0.1221293 -0.0642929 -0.3467952 0.9277306
1769786557.066940 0.0039076 -0.0259922 -0.0087981 -0.1207778 -0.0559790 -0.3424070 0.9300734
1769786557.166939 0.0029674 -0.0254991 -0.0084202 -0.1207764 -0.0493016 -0.3292436 0.9351904
1769786557.200273 0.0024837 -0.0250374 -0.0111929 -0.1189134 -0.0463865 -0.3260010 0.9367130
1769786557.400273 0.0012308 -0.0229360 -0.0096968 -0.1133487 -0.0290602 -0.2833411 0.9518536
1769786557.433606 0.0011339 -0.0227445 -0.0095570 -0.1122215 -0.0264005 -0.2741982 0.9547380
1769786557.466939 0.0010352 -0.0223304 -0.0087959 -0.1106682 -0.0226330 -0.2636134 0.9579918
1769786557.500273 0.0006201 -0.0219904 -0.0095280 -0.1090960 -0.0192459 -0.2494885 0.9620204
1769786557.533606 0.0005588 -0.0215386 -0.0089057 -0.1076965 -0.0158494 -0.2373265 0.9653116
1769786557.600274 -0.0000684 -0.0204836 -0.0083414 -0.1027204 -0.0088744 -0.2149499 0.9711675
1769786557.633606 -0.0001537 -0.0203141 -0.0090290 -0.1007890 -0.0059289 -0.2044128 0.9736642
1769786557.666940 -0.0007574 -0.0195041 -0.0082719 -0.0979806 -0.0017347 -0.1948986 0.9759157
1769786557.766939 -0.0008041 -0.0191808 -0.0081194 -0.0918168 0.0050735 -0.1762260 0.9800451
1769786557.800273 -0.0008071 -0.0189411 -0.0087246 -0.0885383 0.0065456 -0.1745857 0.9806314
1769786557.833606 -0.0010640 -0.0182557 -0.0076905 -0.0847240 0.0101554 -0.1743447 0.9809805
1769786557.866939 -0.0009082 -0.0182568 -0.0081071 -0.0812372 0.0106881 -0.1743018 0.9812773
1769786557.900273 -0.0015527 -0.0174148 -0.0084192 -0.0762275 0.0146147 -0.1734173 0.9817852
1769786557.966939 -0.0009192 -0.0177014 -0.0074611 -0.0700447 0.0181039 -0.1755161 0.9818147
1769786558.033607 -0.0007138 -0.0175526 -0.0067943 -0.0637511 0.0234302 -0.1779392 0.9816947
1769786558.066939 -0.0012896 -0.0168761 -0.0076081 -0.0591674 0.0271513 -0.1769628 0.9820622
1769786558.100273 -0.0011971 -0.0172236 -0.0070367 -0.0574165 0.0299129 -0.1788470 0.9817445
1769786558.233605 -0.0008883 -0.0172401 -0.0060475 -0.0451519 0.0420351 -0.1824072 0.9812859
1769786558.266939 -0.0007919 -0.0166044 -0.0060955 -0.0409464 0.0458286 -0.1819569 0.9813842
1769786558.300273 -0.0008896 -0.0166932 -0.0055738 -0.0393394 0.0506067 -0.1827631 0.9810653
1769786558.333606 -0.0018141 -0.0159594 -0.0076591 -0.0357834 0.0561090 -0.1835570 0.9807539
1769786558.366939 -0.0009592 -0.0162121 -0.0056916 -0.0346859 0.0597910 -0.1874180 0.9798451
1769786558.466938 -0.0009488 -0.0157303 -0.0059480 -0.0293815 0.0739295 -0.1900641 0.9785432
1769786558.533605 -0.0007776 -0.0156161 -0.0051837 -0.0277364 0.0830352 -0.1940483 0.9770778
1769786558.700272 -0.0006027 -0.0147058 -0.0051688 -0.0250802 0.0988302 -0.2057531 0.9732776
1769786558.733605 -0.0003493 -0.0148121 -0.0043462 -0.0287358 0.0997002 -0.2090314 0.9723888
1769786559.200272 -0.0013261 -0.0128846 -0.0030649 -0.0843096 0.0796960 -0.1302969 0.9846640
1769786559.900286 -0.0031945 -0.0096873 -0.0014510 -0.0407018 0.0848219 -0.0952641 0.9909962
1769786560.033619 -0.0031566 -0.0093779 -0.0014853 -0.0342488 0.0856836 -0.0946789 0.9912221
1769786560.100286 -0.0035731 -0.0094144 -0.0019138 -0.0328716 0.0871911 -0.0947376 0.9911317
1769786560.633618 -0.0047573 -0.0098210 -0.0019322 -0.0286332 0.0948986 -0.0886358 0.9911196
1769786560.866952 -0.0052844 -0.0107525 -0.0027614 -0.0348214 0.0980273 -0.0873198 0.9907337
1769786561.166951 -0.0065986 -0.0117797 -0.0029441 -0.0440809 0.1038710 -0.0780779 0.9905410
1769786561.266952 -0.0074678 -0.0122521 -0.0042760 -0.0491044 0.1053775 -0.0759901 0.9903080
1769786561.500286 -0.0073973 -0.0139169 -0.0012251 -0.0640483 0.1106694 -0.0711849 0.9892334
1769786561.533618 -0.0064536 -0.0214477 -0.0035850 -0.0692153 0.1111620 -0.0642644 0.9893040
1769786561.566951 -0.0079731 -0.0152396 -0.0032302 -0.0697093 0.1095471 -0.0707524 0.9890066
1769786561.600286 -0.0071499 -0.0168441 0.0018095 -0.0727352 0.1110454 -0.0660734 0.9889453
1769786561.700285 -0.0081269 -0.0162091 -0.0041452 -0.0786429 0.1092365 -0.0712098 0.9883379
1769786561.833618 -0.0085027 -0.0181795 -0.0038378 -0.0900120 0.1101767 -0.0667004 0.9875779
1769786561.866951 -0.0083840 -0.0185005 -0.0030669 -0.0921146 0.1106134 -0.0665385 0.9873461
1769786562.466951 -0.0111251 -0.0241606 -0.0085202 -0.1332709 0.1061161 -0.0563268 0.9837711
1769786562.500285 -0.0102894 -0.0241955 -0.0075411 -0.1349208 0.1048518 -0.0556786 0.9837187
1769786562.533618 -0.0101190 -0.0244756 -0.0076036 -0.1357900 0.1034847 -0.0550674 0.9837782
1769786563.000286 -0.0091726 -0.0273534 -0.0071398 -0.1542728 0.0936563 -0.0475196 0.9824308
1769786563.100284 -0.0097890 -0.0279310 -0.0089121 -0.1562046 0.0902908 -0.0473558 0.9824486
1769786563.333617 -0.0087884 -0.0280265 -0.0093207 -0.1558429 0.0827213 -0.0464132 0.9832172
1769786563.400284 -0.0085901 -0.0281772 -0.0090082 -0.1545795 0.0806378 -0.0421658 0.9837809
1769786563.466950 -0.0074750 -0.0274531 -0.0074317 -0.1534379 0.0774002 -0.0462117 0.9840379
1769786563.500285 -0.0073061 -0.0276454 -0.0071538 -0.1532977 0.0767496 -0.0463372 0.9841048
1769786563.566950 -0.0070314 -0.0275977 -0.0079940 -0.1518655 0.0734962 -0.0461445 0.9845842
1769786563.700284 -0.0057784 -0.0272014 -0.0071769 -0.1478513 0.0674346 -0.0450932 0.9856770
1769786563.733618 -0.0055696 -0.0270569 -0.0077072 -0.1464975 0.0655647 -0.0452556 0.9859978
1769786563.766949 -0.0054086 -0.0266864 -0.0078246 -0.1443571 0.0640275 -0.0460080 0.9863796
1769786563.800283 -0.0051477 -0.0265601 -0.0075153 -0.1427779 0.0631388 -0.0448790 0.9867188
1769786563.833616 -0.0053454 -0.0261243 -0.0079667 -0.1409268 0.0617205 -0.0443318 0.9870993
1769786563.866949 -0.0048384 -0.0263036 -0.0071400 -0.1399853 0.0606194 -0.0431781 0.9873526
1769786563.900284 -0.0043712 -0.0261957 -0.0070659 -0.1385007 0.0586824 -0.0431004 0.9876823
1769786563.933617 -0.0039532 -0.0259559 -0.0073866 -0.1367766 0.0566079 -0.0446015 0.9879770
1769786564.033617 -0.0028864 -0.0252326 -0.0064759 -0.1309743 0.0517803 -0.0471124 0.9889110
1769786564.133616 -0.0020176 -0.0238280 -0.0087827 -0.1233322 0.0455298 -0.0484889 0.9901338
1769786564.166949 -0.0018734 -0.0237828 -0.0090882 -0.1217038 0.0448427 -0.0479986 0.9903906
1769786564.233616 -0.0016098 -0.0232582 -0.0095025 -0.1167845 0.0419732 -0.0485119 0.9910834
1769786564.266950 -0.0014077 -0.0232070 -0.0093364 -0.1150913 0.0406030 -0.0479328 0.9913667
1769786564.333617 -0.0008912 -0.0225876 -0.0097707 -0.1093778 0.0366855 -0.0504152 0.9920428
1769786564.366949 -0.0006197 -0.0224741 -0.0098685 -0.1069776 0.0354860 -0.0521523 0.9922584
1769786564.400283 -0.0008312 -0.0231218 -0.0095228 -0.1043329 0.0344122 -0.0524253 0.9925634
1769786564.433617 -0.0005664 -0.0224173 -0.0089380 -0.1008306 0.0335348 -0.0515766 0.9929997
1769786564.500285 -0.0003651 -0.0217855 -0.0095700 -0.0937273 0.0303672 -0.0529618 0.9937243
1769786564.600283 -0.0000859 -0.0209185 -0.0100382 -0.0833826 0.0247692 -0.0538531 0.9947531
1769786564.633615 0.0002612 -0.0208301 -0.0095541 -0.0803760 0.0227267 -0.0539340 0.9950449
1769786564.666950 0.0002649 -0.0209271 -0.0096596 -0.0780286 0.0211266 -0.0539202 0.9952677
1769786564.700283 0.0004567 -0.0207315 -0.0092005 -0.0746764 0.0193939 -0.0545227 0.9955273
1769786564.766949 0.0006070 -0.0203878 -0.0091039 -0.0672462 0.0162452 -0.0555106 0.9960585
1769786564.866949 0.0004173 -0.0198464 -0.0086131 -0.0572540 0.0098783 -0.0558462 0.9967476
1769786564.933617 0.0004287 -0.0196363 -0.0092697 -0.0504888 0.0039264 -0.0556179 0.9971671
1769786565.000285 0.0007765 -0.0192864 -0.0092330 -0.0445070 -0.0042049 -0.0578500 0.9973238
1769786565.066949 0.0009131 -0.0188721 -0.0092310 -0.0373181 -0.0132814 -0.0582683 0.9975148
1769786565.100282 0.0009014 -0.0184421 -0.0086016 -0.0334359 -0.0171778 -0.0582619 0.9975933
1769786565.133616 0.0010421 -0.0182645 -0.0086579 -0.0303305 -0.0213224 -0.0568059 0.9976966
1769786565.200282 0.0010730 -0.0181282 -0.0085926 -0.0254397 -0.0298015 -0.0543186 0.9977546
1769786565.366949 0.0020235 -0.0173562 -0.0062701 -0.0213533 -0.0416509 -0.0438625 0.9979405
1769786565.433616 0.0026472 -0.0172609 -0.0063832 -0.0309026 -0.0419930 -0.0377954 0.9979244
1769786565.500283 0.0025076 -0.0172068 -0.0062600 -0.0481057 -0.0384230 -0.0360396 0.9974521
1769786566.366948 0.0052925 -0.0146929 -0.0076421 -0.0496007 -0.0334760 -0.0392456 0.9974362
1769786566.433615 0.0054348 -0.0148022 -0.0076551 -0.0470786 -0.0337820 -0.0409876 0.9974781
1769786566.966947 0.0059782 -0.0151633 -0.0064614 -0.0377629 -0.0365661 -0.0374254 0.9979160
1769786567.233614 0.0062908 -0.0158077 -0.0073839 -0.0417450 -0.0398793 -0.0360715 0.9976802
1769786567.466948 0.0065561 -0.0173272 -0.0077818 -0.0525576 -0.0422491 -0.0370620 0.9970352
1769786567.700321 0.0065391 -0.0185999 -0.0086068 -0.0646801 -0.0436268 -0.0389293 0.9961916
1769786567.933655 0.0071421 -0.0201728 -0.0082765 -0.0763290 -0.0457163 -0.0309531 0.9955530
1769786568.100321 0.0077515 -0.0221597 -0.0080839 -0.0901428 -0.0471468 -0.0317922 0.9943041
1769786568.200321 0.0074936 -0.0225934 -0.0098851 -0.0961519 -0.0472681 -0.0323865 0.9937161
1769786568.266988 0.0069836 -0.0241128 -0.0091944 -0.1025338 -0.0458847 -0.0308724 0.9931909
1769786568.300320 0.0093362 -0.0302803 -0.0021863 -0.1066308 -0.0461894 -0.0283667 0.9928201
1769786568.366987 0.0073302 -0.0248791 -0.0075653 -0.1111290 -0.0454612 -0.0348215 0.9921548
1769786568.433654 0.0073936 -0.0255533 -0.0074913 -0.1157190 -0.0450465 -0.0329633 0.9917124
1769786568.466987 0.0073757 -0.0255030 -0.0073003 -0.1188666 -0.0455298 -0.0361541 0.9912066
1769786568.566987 0.0070270 -0.0267952 -0.0060041 -0.1241352 -0.0498000 -0.0710985 0.9884611
1769786568.700320 0.0071772 -0.0286410 -0.0077187 -0.1331437 -0.0578672 -0.1315898 0.9806163
1769786568.733654 0.0069210 -0.0290620 -0.0071655 -0.1349164 -0.0588657 -0.1403557 0.9790979
1769786568.766987 0.0072558 -0.0296682 -0.0055811 -0.1371680 -0.0617682 -0.1565392 0.9761481
1769786568.800321 0.0081115 -0.0308647 -0.0045014 -0.1391370 -0.0646133 -0.1704826 0.9733456
1769786569.100320 0.0060775 -0.0328844 -0.0079605 -0.1509001 -0.0769671 -0.2648139 0.9493044
1769786569.666987 0.0050895 -0.0352967 -0.0058569 -0.1654477 -0.0837850 -0.3642838 0.9126360
1769786569.933653 0.0042957 -0.0348273 -0.0053768 -0.1665176 -0.0772474 -0.3726647 0.9096295
1769786570.000321 0.0042314 -0.0350583 -0.0055358 -0.1673988 -0.0739522 -0.3688089 0.9113115
1769786570.066985 0.0035313 -0.0347027 -0.0050074 -0.1670545 -0.0696555 -0.3641607 0.9135798
1769786570.133653 0.0035083 -0.0342694 -0.0047767 -0.1654202 -0.0658675 -0.3592720 0.9160902
1769786570.200320 0.0031738 -0.0339907 -0.0050238 -0.1647526 -0.0603909 -0.3491871 0.9204770
1769786570.233653 0.0032251 -0.0334924 -0.0049334 -0.1636453 -0.0576438 -0.3442752 0.9226982
1769786570.266986 0.0029411 -0.0335213 -0.0047486 -0.1630949 -0.0547170 -0.3378339 0.9253509
1769786570.333653 0.0026046 -0.0329123 -0.0049621 -0.1610830 -0.0478843 -0.3243671 0.9308842
1769786570.366985 0.0022928 -0.0325629 -0.0034561 -0.1602168 -0.0445541 -0.3166765 0.9338424
1769786570.433653 0.0020652 -0.0319454 -0.0052143 -0.1575362 -0.0370686 -0.2994749 0.9402782
1769786570.466986 0.0022245 -0.0314973 -0.0044389 -0.1561399 -0.0333710 -0.2890998 0.9438899
1769786570.566985 0.0007500 -0.0305851 -0.0064448 -0.1511671 -0.0205044 -0.2524425 0.9555108
1769786570.600320 0.0019945 -0.0307856 -0.0024628 -0.1499939 -0.0177146 -0.2426175 0.9582926
1769786570.633652 0.0016534 -0.0300946 -0.0034917 -0.1482634 -0.0149954 -0.2340938 0.9607254
1769786570.666986 0.0017075 -0.0297122 -0.0027102 -0.1463473 -0.0110684 -0.2248395 0.9632794
1769786570.700319 0.0017084 -0.0297158 -0.0028981 -0.1440064 -0.0088067 -0.2166839 0.9655220
1769786570.733653 0.0012961 -0.0292479 -0.0034497 -0.1413015 -0.0056460 -0.2095765 0.9675121
1769786570.800319 0.0007031 -0.0289864 -0.0041087 -0.1351261 -0.0015405 -0.2016975 0.9700808
1769786570.833652 0.0011433 -0.0289971 -0.0035673 -0.1326953 -0.0002652 -0.1997161 0.9708272
1769786570.866985 0.0008632 -0.0286701 -0.0031882 -0.1286473 0.0033575 -0.2010752 0.9710857
1769786570.900319 0.0009841 -0.0285556 -0.0033871 -0.1251704 0.0045652 -0.2018291 0.9713787
1769786570.933653 0.0008918 -0.0285015 -0.0028958 -0.1213087 0.0069345 -0.2009751 0.9720315
1769786571.000321 0.0010974 -0.0284534 -0.0020869 -0.1149940 0.0119378 -0.2014959 0.9726424
1769786571.133652 0.0005158 -0.0275935 -0.0038951 -0.1001663 0.0231640 -0.2030398 0.9737582
1769786571.166985 0.0010494 -0.0275681 -0.0019835 -0.0953708 0.0268370 -0.2027181 0.9742123
1769786571.200319 0.0005928 -0.0272678 -0.0028313 -0.0912480 0.0305906 -0.2040948 0.9742091
1769786571.233654 0.0005801 -0.0271769 -0.0031146 -0.0880827 0.0343282 -0.2032012 0.9745626
1769786571.266986 0.0005581 -0.0267381 -0.0028181 -0.0836871 0.0385472 -0.2040928 0.9746060
1769786571.300319 0.0005747 -0.0264558 -0.0024782 -0.0812267 0.0436004 -0.2053552 0.9743360
1769786571.333652 0.0007740 -0.0264227 -0.0020426 -0.0787265 0.0478594 -0.2064548 0.9741088
1769786571.366985 0.0006603 -0.0260735 -0.0023958 -0.0753035 0.0528989 -0.2066050 0.9740870
1769786571.500319 0.0011447 -0.0255852 -0.0013997 -0.0681363 0.0709348 -0.2116021 0.9723941
1769786571.533653 0.0006674 -0.0251157 -0.0019521 -0.0666876 0.0762938 -0.2128613 0.9718138
1769786571.633652 0.0012465 -0.0251945 -0.0019532 -0.0671154 0.0846437 -0.2185728 0.9698232
1769786571.666986 0.0011008 -0.0249720 -0.0021302 -0.0666525 0.0877648 -0.2183677 0.9696238
1769786571.900318 0.0008510 -0.0240323 -0.0005217 -0.1061454 0.0830758 -0.1941497 0.9716673
1769786571.933652 0.0010638 -0.0240712 -0.0007646 -0.1104295 0.0809277 -0.1868575 0.9728003
1769786571.966985 0.0006972 -0.0232768 -0.0007000 -0.1121573 0.0797972 -0.1814117 0.9737263
1769786572.000321 0.0005839 -0.0232375 0.0015017 -0.1171416 0.0821958 -0.1797727 0.9732438
1769786573.333651 -0.0017509 -0.0182679 0.0034439 -0.0664518 0.0913107 -0.1134522 0.9871044
1769786573.533651 -0.0021803 -0.0189776 0.0027301 -0.0682969 0.0939825 -0.1138481 0.9866821
1769786573.633651 -0.0025304 -0.0185928 0.0019704 -0.0649863 0.0954979 -0.1081593 0.9873999
1769786573.800318 -0.0019585 -0.0201484 0.0030364 -0.0730631 0.0968327 -0.1088779 0.9866260
1769786574.033650 -0.0037324 -0.0208776 0.0029160 -0.0804274 0.1047493 -0.0981887 0.9863660
1769786574.300318 -0.0047127 -0.0226153 0.0021492 -0.0951284 0.1085117 -0.0968160 0.9847855
1769786574.566983 -0.0050935 -0.0245402 0.0016651 -0.1127556 0.1106618 -0.0949864 0.9828620
1769786574.600317 -0.0052201 -0.0251641 0.0017813 -0.1163305 0.1110344 -0.0947936 0.9824219
1769786574.700316 -0.0051284 -0.0260042 0.0022128 -0.1239696 0.1113522 -0.0929646 0.9816261
1769786574.733650 0.0019918 -0.0243006 0.0094114 -0.1266664 0.1099823 -0.0906506 0.9816527
1769786574.800317 -0.0056662 -0.0270400 0.0024193 -0.1311428 0.1128495 -0.0890669 0.9808841
1769786574.866983 -0.0059523 -0.0278201 0.0015948 -0.1362136 0.1126639 -0.0899286 0.9801355
1769786574.900317 -0.0057092 -0.0281065 0.0021298 -0.1393170 0.1123213 -0.0896788 0.9797614
1769786574.966983 -0.0059579 -0.0291618 0.0026729 -0.1446128 0.1137256 -0.0864343 0.9791235
1769786575.633649 -0.0062636 -0.0358114 0.0006362 -0.1883793 0.1042556 -0.0767950 0.9735227
1769786575.666996 -0.0073640 -0.0358508 0.0000415 -0.1884908 0.1062367 -0.0727790 0.9735955
1769786575.733662 -0.0069249 -0.0361558 0.0009014 -0.1910802 0.1050499 -0.0728785 0.9732120
1769786576.166995 -0.0062122 -0.0377565 -0.0010095 -0.2001450 0.0925498 -0.0685177 0.9729757
1769786576.200329 -0.0060127 -0.0380855 -0.0008836 -0.2002487 0.0923682 -0.0671691 0.9730657
1769786576.233662 -0.0060508 -0.0380167 -0.0008927 -0.2005967 0.0913211 -0.0677353 0.9730536
1769786576.266996 -0.0054886 -0.0378954 -0.0001501 -0.2002921 0.0891254 -0.0685245 0.9732647
1769786576.300329 -0.0057380 -0.0382029 -0.0010808 -0.2007637 0.0886016 -0.0670670 0.9733169
1769786576.433662 -0.0040289 -0.0379735 0.0018440 -0.1992858 0.0836155 -0.0673930 0.9740389
1769786576.466995 -0.0045270 -0.0381235 -0.0002507 -0.1985167 0.0823205 -0.0660439 0.9743987
1769786576.500329 -0.0044466 -0.0380181 -0.0009019 -0.1974763 0.0810643 -0.0665007 0.9746843
1769786576.566995 -0.0040640 -0.0382210 -0.0012648 -0.1973074 0.0779342 -0.0665068 0.9749733
1769786576.733662 -0.0032382 -0.0375269 -0.0016801 -0.1920176 0.0711118 -0.0670210 0.9765145
1769786576.766995 -0.0023903 -0.0370865 -0.0014716 -0.1901075 0.0680709 -0.0690013 0.9769669
1769786576.800328 -0.0020464 -0.0369418 -0.0011800 -0.1886280 0.0662900 -0.0687404 0.9773945
1769786576.833662 -0.0019408 -0.0367806 -0.0016822 -0.1871205 0.0646988 -0.0682373 0.9778260
1769786576.866994 -0.0014111 -0.0365328 -0.0017022 -0.1859288 0.0625656 -0.0698274 0.9780799
1769786576.900327 -0.0018865 -0.0363873 -0.0033812 -0.1842045 0.0608860 -0.0704438 0.9784679
1769786576.933662 -0.0015662 -0.0362350 -0.0030131 -0.1824502 0.0599405 -0.0711630 0.9788028
1769786577.033662 0.0002145 -0.0352550 -0.0017793 -0.1761257 0.0536976 -0.0736439 0.9801392
1769786577.066996 -0.0006073 -0.0351549 -0.0039336 -0.1743034 0.0533112 -0.0711735 0.9806684
1769786577.100328 -0.0001848 -0.0349222 -0.0040733 -0.1723349 0.0517978 -0.0717323 0.9810566
1769786577.133662 0.0002766 -0.0346754 -0.0026489 -0.1705747 0.0500679 -0.0728687 0.9813703
1769786577.200327 0.0008674 -0.0340148 -0.0054586 -0.1648114 0.0452626 -0.0741263 0.9824936
1769786577.233661 0.0007358 -0.0338531 -0.0052826 -0.1629522 0.0446407 -0.0733190 0.9828928
1769786577.300328 0.0012135 -0.0334603 -0.0053343 -0.1588319 0.0413655 -0.0750703 0.9835780
1769786577.400327 0.0018183 -0.0328733 -0.0054965 -0.1497545 0.0356962 -0.0787536 0.9849352
1769786577.433662 0.0020851 -0.0325905 -0.0053909 -0.1461869 0.0343308 -0.0778831 0.9855887
1769786577.533662 0.0023294 -0.0321401 -0.0055409 -0.1366163 0.0301665 -0.0765712 0.9871995
1769786577.566995 0.0024618 -0.0320300 -0.0051566 -0.1336554 0.0283843 -0.0788750 0.9874762
1769786577.600328 0.0030550 -0.0318882 -0.0036999 -0.1306710 0.0255747 -0.0778118 0.9880366
1769786577.633661 0.0031605 -0.0317078 -0.0052251 -0.1279438 0.0235174 -0.0791560 0.9883378
1769786577.733661 0.0045204 -0.0310139 -0.0034917 -0.1184878 0.0158192 -0.0809149 0.9895267
1769786578.700326 0.0056914 -0.0260750 -0.0003951 -0.1209838 -0.0289832 -0.0597140 0.9904328
1769786578.933661 0.0069362 -0.0253710 -0.0006200 -0.1249772 -0.0292715 -0.0621688 0.9897772
1769786579.100327 0.0076367 -0.0244964 0.0001745 -0.1174047 -0.0295953 -0.0623978 0.9906800
1769786579.233660 0.0082108 -0.0233078 -0.0023002 -0.1065777 -0.0319959 -0.0638090 0.9917389
1769786579.333661 0.0085638 -0.0233091 -0.0019835 -0.0992982 -0.0324203 -0.0621760 0.9925840
1769786580.066993 0.0096641 -0.0246423 -0.0015315 -0.0885958 -0.0373787 -0.0585572 0.9936422
1769786580.200325 0.0099352 -0.0252231 -0.0016491 -0.0914270 -0.0393600 -0.0588865 0.9932896
1769786580.233660 0.0097036 -0.0250307 -0.0019261 -0.0914966 -0.0385971 -0.0575673 0.9933905
1769786580.366993 0.0098321 -0.0257602 -0.0022458 -0.0954158 -0.0399553 -0.0564065 0.9930346
1769786580.433660 0.0100217 -0.0260989 -0.0025636 -0.0977532 -0.0408145 -0.0552304 0.9928384
1769786580.466993 0.0099258 -0.0263934 -0.0027820 -0.0993705 -0.0410458 -0.0554818 0.9926543
1769786580.533660 0.0097114 -0.0265794 -0.0026911 -0.1013922 -0.0404939 -0.0536061 0.9925756
1769786580.600327 0.0099000 -0.0272316 -0.0026033 -0.1055347 -0.0417749 -0.0555347 0.9919845
1769786580.666993 0.0098970 -0.0275087 -0.0031950 -0.1080330 -0.0421395 -0.0530014 0.9918387
1769786580.733660 0.0098545 -0.0278187 -0.0029423 -0.1109177 -0.0422570 -0.0546326 0.9914267
1769786580.833659 0.0098249 -0.0287100 -0.0029411 -0.1175299 -0.0419856 -0.0553718 0.9906351
1769786580.933660 0.0099396 -0.0294749 -0.0032201 -0.1220197 -0.0425079 -0.0551472 0.9900824
1769786581.000327 0.0091646 -0.0297112 -0.0067015 -0.1258217 -0.0413268 -0.0564555 0.9895826
1769786581.100326 0.0093967 -0.0311400 -0.0037786 -0.1344408 -0.0410193 -0.0550809 0.9885389
1769786581.166992 0.0091930 -0.0315462 -0.0059664 -0.1393093 -0.0407408 -0.0548850 0.9878870
1769786581.233659 0.0093566 -0.0329108 -0.0049417 -0.1441042 -0.0401563 -0.0543389 0.9872531
1769786581.300325 0.0090998 -0.0330976 -0.0041899 -0.1488638 -0.0397948 -0.0545490 0.9865497
1769786581.333659 0.0102731 -0.0331085 -0.0065975 -0.1509809 -0.0412963 -0.0559695 0.9860866
1769786581.400325 0.0088481 -0.0349328 -0.0052264 -0.1586730 -0.0394808 -0.0557781 0.9849635
1769786581.466992 0.0090272 -0.0348081 -0.0019002 -0.1615258 -0.0389495 -0.0540565 0.9846168
1769786581.500325 0.0088764 -0.0356787 -0.0015552 -0.1643785 -0.0405377 -0.0658206 0.9833637
1769786581.533660 0.0086692 -0.0357209 -0.0039244 -0.1665410 -0.0429151 -0.0793916 0.9818958
1769786581.633658 0.0085697 -0.0376028 0.0004634 -0.1738534 -0.0503359 -0.1172630 0.9764685
1769786581.666993 0.0089300 -0.0380682 -0.0009975 -0.1760419 -0.0528562 -0.1326970 0.9739646
1769786581.700325 0.0100641 -0.0377652 -0.0042783 -0.1770552 -0.0567210 -0.1469763 0.9715102
1769786581.733659 0.0078694 -0.0377205 -0.0070557 -0.1778969 -0.0563437 -0.1564756 0.9698936
1769786581.900325 0.0078905 -0.0389882 -0.0078430 -0.1864846 -0.0699600 -0.2178974 0.9554318
1769786581.933659 0.0080378 -0.0393883 -0.0076667 -0.1886989 -0.0730376 -0.2310738 0.9516633
1769786582.166991 0.0070049 -0.0405817 -0.0093752 -0.1970584 -0.0830404 -0.2978050 0.9303679
1769786582.266992 0.0068658 -0.0419607 -0.0109008 -0.2004305 -0.0864311 -0.3211288 0.9215388
1769786582.500326 0.0059804 -0.0429473 -0.0096118 -0.2048725 -0.0899771 -0.3621188 0.9048764
1769786582.533659 0.0061988 -0.0429407 -0.0100530 -0.2053781 -0.0906048 -0.3662117 0.9030501
1769786582.933656 0.0043044 -0.0428260 -0.0095761 -0.2078137 -0.0834047 -0.3850690 0.8953095
1769786582.966988 0.0043994 -0.0428333 -0.0100107 -0.2081169 -0.0813744 -0.3831012 0.8962696
1769786583.066990 0.0036289 -0.0423135 -0.0095242 -0.2076483 -0.0757930 -0.3772329 0.8993514
1769786583.100321 0.0036545 -0.0420669 -0.0093734 -0.2073542 -0.0738804 -0.3740954 0.9008877
1769786583.133655 0.0035891 -0.0415969 -0.0090080 -0.2067793 -0.0713783 -0.3703235 0.9027779
1769786583.166988 0.0033344 -0.0417648 -0.0096180 -0.2062552 -0.0689506 -0.3668529 0.9045018
1769786583.200321 0.0028361 -0.0415135 -0.0103235 -0.2060192 -0.0661299 -0.3614448 0.9069402
1769786583.266989 0.0027241 -0.0408836 -0.0096670 -0.2049137 -0.0597530 -0.3520719 0.9113097
1769786583.333656 0.0020777 -0.0400761 -0.0103757 -0.2023214 -0.0527676 -0.3366019 0.9181399
1769786583.400321 0.0016412 -0.0394716 -0.0102151 -0.2002601 -0.0443811 -0.3185735 0.9254389
1769786583.433655 0.0015436 -0.0391599 -0.0096285 -0.1992658 -0.0400926 -0.3103646 0.9286332
1769786583.466989 0.0016168 -0.0388207 -0.0094575 -0.1986147 -0.0359565 -0.2993555 0.9325479
1769786583.500321 0.0008855 -0.0384397 -0.0102498 -0.1966158 -0.0311988 -0.2861287 0.9372829
1769786583.533656 0.0007285 -0.0375248 -0.0097666 -0.1937212 -0.0253476 -0.2736579 0.9417755
1769786583.566988 0.0005468 -0.0369161 -0.0099464 -0.1919806 -0.0215339 -0.2643008 0.9448941
1769786583.600322 0.0003612 -0.0366483 -0.0098413 -0.1901707 -0.0175556 -0.2542074 0.9481063
1769786583.733655 0.0003385 -0.0354911 -0.0086942 -0.1831772 -0.0044981 -0.2221262 0.9576460
1769786583.766988 0.0005235 -0.0352085 -0.0083583 -0.1808142 -0.0028541 -0.2195297 0.9586996
1769786583.900321 0.0007606 -0.0338559 -0.0058812 -0.1655536 0.0067018 -0.2174799 0.9618990
1769786583.933655 0.0004102 -0.0333612 -0.0072891 -0.1606837 0.0090174 -0.2184962 0.9624754
1769786583.966987 0.0002351 -0.0335895 -0.0074208 -0.1581417 0.0111728 -0.2200980 0.9625089
1769786584.000322 0.0007294 -0.0335040 -0.0057462 -0.1552454 0.0136649 -0.2200698 0.9629545
1769786584.166987 0.0011576 -0.0331696 -0.0055043 -0.1395264 0.0256546 -0.2260008 0.9637416
1769786584.200321 0.0009208 -0.0327692 -0.0057499 -0.1344201 0.0297362 -0.2261481 0.9643154
1769786584.233655 0.0009854 -0.0329672 -0.0057078 -0.1325813 0.0326411 -0.2279810 0.9640443
1769786584.300321 0.0011971 -0.0326329 -0.0047591 -0.1273949 0.0413591 -0.2303661 0.9638420
1769786586.966985 -0.0004505 -0.0289367 -0.0022085 -0.1265862 0.0986181 -0.1363115 0.9775835
1769786587.033654 -0.0008246 -0.0285682 -0.0027656 -0.1284229 0.1004941 -0.1347620 0.9773678
1769786587.066986 -0.0012415 -0.0285933 -0.0021013 -0.1295806 0.1025415 -0.1357053 0.9768716
1769786587.166986 -0.0009957 -0.0292102 -0.0015419 -0.1369587 0.1036742 -0.1347286 0.9758803
1769786587.200319 -0.0020074 -0.0295293 -0.0026053 -0.1386550 0.1045738 -0.1361721 0.9753442
1769786587.333653 -0.0021723 -0.0299348 -0.0023479 -0.1457083 0.1070824 -0.1321896 0.9745914
1769786587.400318 -0.0019362 -0.0304011 -0.0014048 -0.1502556 0.1095138 -0.1283655 0.9741418
1769786587.500319 -0.0024709 -0.0306894 -0.0017350 -0.1578959 0.1099497 -0.1314558 0.9724707
1769786587.533653 -0.0016168 -0.0309728 -0.0006530 -0.1601710 0.1096923 -0.1304158 0.9722677
1769786587.633652 -0.0022012 -0.0316203 -0.0010961 -0.1675439 0.1106511 -0.1303027 0.9709308
1769786587.766987 -0.0033803 -0.0330106 -0.0022262 -0.1778891 0.1129028 -0.1264548 0.9693388
1769786587.833653 -0.0036040 -0.0329978 -0.0022038 -0.1818325 0.1128207 -0.1253078 0.9687654
1769786587.866986 -0.0032499 -0.0334139 -0.0020171 -0.1853265 0.1125798 -0.1277699 0.9678093
1769786587.966985 -0.0039041 -0.0342704 -0.0028028 -0.1921262 0.1132947 -0.1261739 0.9666085
1769786588.000319 -0.0041365 -0.0347133 -0.0031992 -0.1945524 0.1133736 -0.1240598 0.9663876
1769786588.066986 -0.0039852 -0.0347235 -0.0025492 -0.1987281 0.1130247 -0.1244389 0.9655297
1769786588.166985 -0.0046919 -0.0358456 -0.0036477 -0.2058413 0.1133906 -0.1210069 0.9644321
1769786588.300318 -0.0046074 -0.0367471 -0.0032024 -0.2155753 0.1121504 -0.1198653 0.9625913
1769786588.366985 -0.0050803 -0.0371278 -0.0041130 -0.2188964 0.1121952 -0.1176194 0.9621134
1769786588.400318 -0.0043753 -0.0369759 -0.0028386 -0.2212234 0.1111228 -0.1184476 0.9616039
1769786588.433653 -0.0048710 -0.0374499 -0.0037254 -0.2236630 0.1109324 -0.1179947 0.9611171
1769786588.466985 -0.0052668 -0.0377860 -0.0042049 -0.2247274 0.1106209 -0.1177112 0.9609395
1769786588.633651 -0.0054319 -0.0387876 -0.0048514 -0.2334985 0.1079206 -0.1162649 0.9593300
1769786588.666986 -0.0055688 -0.0389859 -0.0048355 -0.2352743 0.1072902 -0.1152912 0.9590843
1769786588.700318 -0.0047648 -0.0387686 -0.0033979 -0.2359991 0.1065059 -0.1156982 0.9589446
1769786588.733652 -0.0054685 -0.0390690 -0.0049775 -0.2366135 0.1061962 -0.1152260 0.9588845
1769786588.866984 -0.0054089 -0.0397170 -0.0054673 -0.2404357 0.1026159 -0.1122608 0.9586752
1769786588.933652 -0.0053278 -0.0399553 -0.0052615 -0.2420476 0.1019473 -0.1107296 0.9585190
1769786589.066985 -0.0052513 -0.0403210 -0.0053293 -0.2451614 0.0985302 -0.1089294 0.9582913
1769786589.166984 -0.0051496 -0.0402373 -0.0051657 -0.2460545 0.0966398 -0.1068400 0.9584901
1769786589.233651 -0.0051613 -0.0405309 -0.0056785 -0.2457418 0.0942832 -0.1065445 0.9588378
1769786589.300318 -0.0047973 -0.0404301 -0.0053504 -0.2460237 0.0918508 -0.1054442 0.9591233
1769786589.333652 -0.0045767 -0.0403777 -0.0053063 -0.2460206 0.0908663 -0.1047154 0.9592976
1769786589.366985 -0.0047410 -0.0404861 -0.0056084 -0.2455280 0.0898343 -0.1045899 0.9595347
1769786589.633651 -0.0037152 -0.0405709 -0.0058305 -0.2410926 0.0782638 -0.1035252 0.9617857
1769786589.766984 -0.0027506 -0.0401848 -0.0058161 -0.2356389 0.0726519 -0.1009103 0.9638533
1769786589.800318 -0.0024760 -0.0398038 -0.0059491 -0.2341748 0.0703680 -0.1026132 0.9641997
1769786589.833651 -0.0022353 -0.0397427 -0.0058305 -0.2330056 0.0692837 -0.1026190 0.9645608
1769786589.866984 -0.0021880 -0.0395916 -0.0055997 -0.2318903 0.0678347 -0.1027092 0.9649229
1769786589.900317 -0.0021854 -0.0395817 -0.0060836 -0.2305782 0.0660877 -0.1029692 0.9653308
1769786589.933651 -0.0021107 -0.0395788 -0.0063858 -0.2286142 0.0645458 -0.1026606 0.9659349
1769786590.000319 -0.0013224 -0.0390755 -0.0058801 -0.2249431 0.0606485 -0.1042248 0.9668813
1769786590.033653 -0.0009527 -0.0390179 -0.0051959 -0.2235665 0.0596132 -0.1034484 0.9673483
1769786590.067012 -0.0007249 -0.0387687 -0.0052521 -0.2216852 0.0582229 -0.1032823 0.9678835
1769786590.133678 -0.0002216 -0.0385795 -0.0051318 -0.2183596 0.0543742 -0.1051689 0.9686599
1769786590.167011 0.0000856 -0.0383261 -0.0052683 -0.2153847 0.0524016 -0.1044449 0.9695126
1769786590.200343 0.0005294 -0.0377248 -0.0041903 -0.2133909 0.0505527 -0.1056968 0.9699160
1769786590.267012 0.0003767 -0.0376352 -0.0063387 -0.2083571 0.0463451 -0.1073913 0.9710338
1769786590.333678 0.0036794 -0.0362042 -0.0005048 -0.2034451 0.0425047 -0.1079432 0.9721891
1769786590.367011 0.0008025 -0.0374696 -0.0057665 -0.2004323 0.0421772 -0.1074238 0.9728865
1769786590.500344 0.0016596 -0.0373147 -0.0061117 -0.1887742 0.0340961 -0.1103158 0.9752088
1769786590.533679 0.0017346 -0.0372483 -0.0054392 -0.1863170 0.0324900 -0.1101185 0.9757583
1769786590.700343 0.0021281 -0.0379716 -0.0033109 -0.1731769 0.0235119 -0.1100168 0.9784443
1769786590.733678 0.0024225 -0.0364218 -0.0049778 -0.1671810 0.0211326 -0.1106936 0.9794646
1769786590.767012 0.0005832 -0.0369091 -0.0097719 -0.1657782 0.0199685 -0.1128826 0.9794776
1769786590.800344 0.0001945 -0.0366302 -0.0097782 -0.1629923 0.0198917 -0.1121683 0.9800286
1769786591.567010 0.0048231 -0.0326345 -0.0038220 -0.1592680 -0.0298112 -0.0908320 0.9825959
1769786592.933677 0.0086619 -0.0301791 -0.0054795 -0.1452841 -0.0291694 -0.0995431 0.9839374
1769786593.100342 0.0086698 -0.0307566 -0.0061831 -0.1469556 -0.0294385 -0.0980535 0.9838307
1769786593.200342 0.0087371 -0.0314758 -0.0064933 -0.1492203 -0.0293670 -0.0975462 0.9835424
1769786593.400342 0.0083500 -0.0323649 -0.0054101 -0.1556833 -0.0274617 -0.0952171 0.9828237
1769786593.433676 0.0083655 -0.0327030 -0.0060215 -0.1571624 -0.0276704 -0.0958312 0.9825227
1769786593.733676 0.0075570 -0.0343388 -0.0048271 -0.1692440 -0.0242285 -0.0951337 0.9806727
1769786593.833676 0.0071428 -0.0349669 -0.0048790 -0.1731437 -0.0224390 -0.0938080 0.9801621
1769786594.100342 0.0066324 -0.0364235 -0.0048090 -0.1831672 -0.0195989 -0.0939106 0.9783897
1769786594.200341 0.0063628 -0.0370222 -0.0047552 -0.1871948 -0.0176497 -0.0939550 0.9776600
1769786594.233675 0.0062180 -0.0370101 -0.0046110 -0.1880704 -0.0167185 -0.0936766 0.9775350
1769786594.833676 0.0042717 -0.0392461 -0.0038203 -0.2043791 -0.0055084 -0.0946091 0.9742936
1769786594.933676 0.0042719 -0.0394371 -0.0036336 -0.2059857 -0.0039111 -0.0950283 0.9739221
1769786594.967008 0.0040414 -0.0394916 -0.0038142 -0.2062459 -0.0032573 -0.0952346 0.9738493
1769786595.600342 0.0030332 -0.0394844 -0.0035390 -0.2088068 0.0056071 -0.0981479 0.9730033
1769786595.633675 0.0030401 -0.0395460 -0.0035371 -0.2089247 0.0054398 -0.0983992 0.9729535
1769786596.300340 0.0025809 -0.0388887 -0.0035596 -0.2055204 0.0097702 -0.1013811 0.9733385
1769786596.833674 0.0024690 -0.0385400 -0.0034364 -0.2031528 0.0100123 -0.1023801 0.9737284
1769786596.967006 0.0024348 -0.0385530 -0.0034279 -0.2032092 0.0102455 -0.1025936 0.9736918
1769786597.367007 0.0024250 -0.0384426 -0.0033128 -0.2034781 0.0103104 -0.1036099 0.9735273
1769786597.967019 0.0024597 -0.0384355 -0.0033495 -0.2032036 0.0100579 -0.1034498 0.9736043
1769786598.233686 0.0024188 -0.0384500 -0.0034418 -0.2029934 0.0100612 -0.1036278 0.9736292
