1769786526366904064.000000 0.000000000 0.000000000 0.000000000 -0.000000000 -0.000000000 -0.000000000 1.000000000
1769786528866927360.000000 0.000903967 -0.000383533 0.000200176 -0.001763798 -0.000585450 -0.003086672 0.999993503
1769786531600260864.000000 0.000381901 -0.000514360 0.001025418 -0.001162687 0.000267090 -0.001642532 0.999997973
1769786534433591296.000000 -0.000520895 0.001320569 -0.001635876 0.007965215 0.008606405 -0.006517232 0.999909997
1769786534500258304.000000 0.000166158 0.000801760 0.001111559 0.007803519 0.009560701 -0.004502281 0.999913692
1769786534566923264.000000 -0.000112287 0.001415793 -0.000390147 0.008009150 0.010155849 -0.004808322 0.999904811
1769786534966924800.000000 -0.000045775 0.000817212 -0.000891972 0.006809826 0.015925642 -0.009533217 0.999804556
1769786535033590784.000000 -0.000266351 0.001613703 -0.001653797 0.006967817 0.016832022 -0.005765254 0.999817431
1769786535366936320.000000 -0.001375946 0.000502213 -0.002465213 0.002099857 0.025897790 -0.007632984 0.999633312
1769786535400270336.000000 -0.000750800 0.000209382 -0.002051090 0.001377105 0.025397878 -0.008189602 0.999642968
1769786535700271872.000000 -0.001659273 0.000170458 -0.001503897 -0.004197981 0.034504987 -0.006325891 0.999375701
1769786535733603072.000000 -0.002452419 0.000059447 -0.003148582 -0.004040544 0.035310958 -0.006745150 0.999345481
1769786535766936064.000000 -0.001456428 0.000353321 -0.001614263 -0.005076896 0.035419222 -0.008555820 0.999323010
1769786535800270336.000000 -0.001343686 -0.000308242 -0.000275996 -0.006747148 0.036659516 -0.007167138 0.999279320
1769786535833602560.000000 -0.002305181 -0.000555105 -0.002594528 -0.007139980 0.038282007 -0.004693749 0.999230444
1769786535900270592.000000 -0.002345039 -0.001029494 -0.002596710 -0.008977761 0.039396450 -0.004828238 0.999171674
1769786536000271104.000000 -0.002375597 -0.001167379 -0.001591882 -0.011796315 0.041918710 -0.003716487 0.999044478
1769786536100269824.000000 -0.002724643 -0.001892064 -0.001876825 -0.015832108 0.043971423 -0.006650578 0.998885214
1769786536166935808.000000 -0.003221409 -0.001978806 -0.003193393 -0.017515676 0.045605447 -0.003300558 0.998800516
1769786536266936320.000000 -0.003708645 -0.002047449 -0.003417865 -0.019896036 0.049034834 -0.003889760 0.998591363
1769786536333602304.000000 -0.003348712 -0.002215176 -0.002744546 -0.021527708 0.050508071 -0.004426526 0.998481810
1769786536500270080.000000 -0.003913297 -0.003326869 -0.003510076 -0.028508637 0.053242438 -0.002582495 0.998171270
1769786536533602048.000000 -0.004191363 -0.003044674 -0.004399957 -0.028986633 0.053266853 -0.002283166 0.998156905
1769786536566934784.000000 -0.003808100 -0.003259650 -0.003089637 -0.030218691 0.053252116 -0.002351424 0.998121023
1769786536600270080.000000 -0.004077294 -0.003109295 -0.003752290 -0.031324018 0.053795427 -0.001706732 0.998059094
1769786536766934784.000000 -0.004456279 -0.004083560 -0.003536806 -0.036244623 0.055471588 -0.000024030 0.997802198
1769786536833601792.000000 -0.004804999 -0.004269286 -0.003837828 -0.038003795 0.055813815 -0.000116611 0.997717679
1769786536866935040.000000 -0.004779213 -0.004458119 -0.003179938 -0.039142683 0.056980852 0.000485755 0.997607529
1769786537066934272.000000 -0.005069526 -0.005179470 -0.004219108 -0.043770749 0.057324145 0.001545017 0.997394443
1769786537166935296.000000 -0.005018175 -0.005167129 -0.004396599 -0.044385832 0.056340698 0.001493422 0.997423410
1769786537600269568.000000 -0.004597452 -0.005662214 -0.003844341 -0.045208864 0.051543016 0.001001970 0.997646451
1769786537800269824.000000 -0.004346096 -0.005668610 -0.004059561 -0.041596174 0.049225468 0.000708698 0.997920871
1769786537833601792.000000 -0.004292874 -0.005078436 -0.003826078 -0.040029533 0.048474833 0.001652780 0.998020589
1769786537933601792.000000 -0.003960029 -0.004922413 -0.003618020 -0.037279975 0.046571027 0.001012035 0.998218596
1769786537966935552.000000 -0.003804922 -0.004657121 -0.003698682 -0.035546772 0.045648027 0.001416613 0.998323977
1769786538033601280.000000 -0.003269483 -0.004663749 -0.003083732 -0.033090595 0.043730728 0.000472747 0.998495102
1769786538066934016.000000 -0.003466310 -0.004516464 -0.003563657 -0.031859633 0.043326795 0.000394225 0.998552799
1769786538100268288.000000 -0.003360114 -0.004415955 -0.003379851 -0.030746188 0.042413644 -0.000569454 0.998626769
1769786538233602048.000000 -0.002705310 -0.003451834 -0.003115022 -0.022581700 0.038361914 -0.000840369 0.999008417
1769786538300269312.000000 -0.002372283 -0.003499585 -0.002439850 -0.019571548 0.036472484 -0.000759323 0.999142706
1769786538333601792.000000 -0.002342107 -0.003092148 -0.002861049 -0.017065499 0.035306085 -0.001832514 0.999229193
1769786538566933504.000000 -0.001844802 -0.002341389 -0.002014504 0.000360674 0.027261769 -0.004763249 0.999616921
1769786538666935040.000000 -0.001418235 -0.001294623 -0.002688045 0.011696715 0.021999544 -0.007718451 0.999659777
1769786538766934272.000000 -0.001122209 -0.000800645 -0.001942174 0.021515649 0.015257531 -0.009920196 0.999602854
1769786538800268032.000000 -0.001071950 -0.000615492 -0.001410496 0.024733551 0.012803360 -0.010718450 0.999554634
1769786538900268032.000000 -0.000866624 -0.000048824 -0.001761341 0.034101151 0.003058354 -0.013903996 0.999316990
1769786538933601024.000000 -0.001095551 0.000201151 -0.001875327 0.037121896 0.000407670 -0.013711272 0.999216616
1769786538966935552.000000 -0.000707834 0.000166298 -0.001697815 0.039203010 -0.003315133 -0.015013985 0.999113023
1769786539033601280.000000 -0.000641652 0.000555808 -0.001550878 0.043668389 -0.009399173 -0.015337289 0.998884141
1769786539066933504.000000 -0.000906149 0.001153313 -0.001708019 0.046282224 -0.011569333 -0.015590688 0.998739719
1769786539100268032.000000 -0.000551945 0.000659947 -0.000962286 0.046883706 -0.014573228 -0.015076820 0.998680294
1769786539566933248.000000 0.001283083 0.001694055 0.003178405 0.009195970 -0.015185290 -0.005169453 0.999829054
1769786539600267776.000000 0.001308523 0.001723803 0.003512489 0.006713571 -0.015631519 -0.005677700 0.999839187
1769786539633600000.000000 0.001968766 0.002170277 0.004540536 0.005924127 -0.016566869 -0.006016401 0.999827087
1769786539666934016.000000 0.001706777 0.002019712 0.003861464 0.004176877 -0.016463198 -0.005302805 0.999841750
1769786539733600768.000000 0.002357100 0.002402894 0.004023188 0.003505450 -0.018035077 -0.005353178 0.999816895
1769786539833600256.000000 0.003130245 0.003171360 0.004034339 0.004720158 -0.019353228 -0.006425567 0.999780953
1769786539866932736.000000 0.002648930 0.002763915 0.003143226 0.005853078 -0.020281553 -0.005995124 0.999759197
1769786540000268032.000000 0.003564224 0.003699519 0.002464861 0.012706987 -0.023117019 -0.006988049 0.999627590
1769786540066932992.000000 0.003087001 0.003443502 0.001157165 0.017676208 -0.023752224 -0.005374761 0.999547184
1769786540100267520.000000 0.003496296 0.003794146 0.000952377 0.020311590 -0.024360038 -0.006140863 0.999478042
1769786540500267264.000000 0.004723336 0.004780649 0.001407699 0.049561515 -0.029170707 -0.001118611 0.998344362
1769786540566932736.000000 0.004669297 0.005170229 0.000499108 0.053133447 -0.029621003 -0.000081480 0.998148024
1769786541066932480.000000 0.005657038 0.004471577 0.000066733 0.057708547 -0.037181161 0.002287154 0.997638226
1769786541100266752.000000 0.005600107 0.004008019 0.000175596 0.057124324 -0.037364330 0.002987330 0.997663140
1769786541166932224.000000 0.005771202 0.003804019 0.000622168 0.055398650 -0.038360160 0.002265721 0.997724593
1769786541200265984.000000 0.005837041 0.003714676 -0.000122769 0.054923248 -0.038937397 0.001762635 0.997729540
1769786541333599488.000000 0.005931204 0.003011302 -0.000498023 0.051381256 -0.040503558 0.005456106 0.997842491
1769786541600267008.000000 0.006470247 0.001590258 -0.000888440 0.040178586 -0.044772606 0.006063231 0.998170495
1769786541666932480.000000 0.006815920 0.001452615 -0.001412462 0.037264824 -0.045662455 0.005271081 0.998247743
1769786541700266496.000000 0.006867129 0.001034342 -0.001424922 0.035350051 -0.045190714 0.005760902 0.998336136
1769786541733599232.000000 0.006328742 0.000571465 -0.000785618 0.033089098 -0.045639884 0.006885006 0.998386085
1769786541866931968.000000 0.006560976 -0.000423448 -0.001743586 0.024795886 -0.047321852 0.004767363 0.998560488
1769786541933599488.000000 0.006943656 -0.001092802 -0.001929765 0.019857420 -0.048564121 0.006797093 0.998599529
1769786542100267008.000000 0.006698499 -0.002508603 -0.001928747 0.009492753 -0.048356310 0.006850190 0.998761535
1769786542166931456.000000 0.006605164 -0.003162749 -0.002318627 0.004219781 -0.048124027 0.005782641 0.998815715
1769786542200265728.000000 0.006490790 -0.003556639 -0.002049407 0.002117842 -0.047826748 0.005328198 0.998839200
1769786542233598720.000000 0.006840737 -0.003893732 -0.003287998 -0.001164292 -0.048606016 0.006559114 0.998795807
1769786542366932480.000000 0.006874984 -0.005295933 -0.003374629 -0.010811946 -0.048800573 0.006277666 0.998730302
1769786542433598976.000000 0.006885507 -0.006269890 -0.003500083 -0.016459577 -0.047998894 0.008987356 0.998671353
1769786542500267264.000000 0.007054779 -0.006662615 -0.004024894 -0.021202993 -0.048866898 0.002217644 0.998577774
1769786542533599232.000000 0.006881619 -0.007122701 -0.003929940 -0.023003548 -0.048881933 -0.013352701 0.998450398
1769786542566931456.000000 0.006842917 -0.007890739 -0.004902022 -0.025541285 -0.049086943 -0.027124975 0.998099387
1769786542600266752.000000 0.007428166 -0.007978685 -0.003996420 -0.027254846 -0.050401114 -0.042875420 0.997436047
1769786542633598208.000000 0.007249512 -0.008514117 -0.004272673 -0.028713973 -0.051048204 -0.056024022 0.996710062
1769786542733599488.000000 0.007102630 -0.009580584 -0.005695293 -0.035672374 -0.052558482 -0.095954612 0.993356884
1769786542766931712.000000 0.007600520 -0.010451310 -0.003481007 -0.038053766 -0.053294595 -0.110750861 0.991688371
1769786542866931968.000000 0.007291284 -0.011821119 -0.004897187 -0.044550627 -0.055692345 -0.148262620 0.986373067
1769786543066931200.000000 0.007126473 -0.013631465 -0.007341973 -0.053814579 -0.060744252 -0.211666346 0.973966897
1769786543100265728.000000 0.007268194 -0.014002904 -0.006596573 -0.055218872 -0.060861032 -0.222137213 0.971546113
1769786543133598720.000000 0.007034606 -0.014061186 -0.008206440 -0.056749608 -0.061321352 -0.231125906 0.969329655
1769786543333598976.000000 0.006744375 -0.015372395 -0.007519428 -0.064366415 -0.060987946 -0.278916061 0.956212997
1769786543366931456.000000 0.006944801 -0.015628226 -0.007479772 -0.064490847 -0.061036631 -0.286757827 0.953879178
1769786543700264960.000000 0.005918879 -0.016653931 -0.007664588 -0.071458444 -0.057134416 -0.328527153 0.940052807
1769786543733623808.000000 0.005894511 -0.016851982 -0.007698718 -0.072480522 -0.056478500 -0.330609351 0.939283907
1769786543833623296.000000 0.005375092 -0.016652409 -0.007709024 -0.073083803 -0.054408539 -0.333449930 0.938354790
1769786543900290560.000000 0.005131019 -0.016580570 -0.007239705 -0.073189415 -0.052523829 -0.333602428 0.938399732
1769786544100290816.000000 0.004102496 -0.015947288 -0.007690498 -0.072165377 -0.042795785 -0.323234349 0.942592323
1769786544166956288.000000 0.003703001 -0.015851794 -0.007353158 -0.072389722 -0.038803674 -0.313750535 0.945946395
1769786544200290560.000000 0.003244060 -0.015761601 -0.007069893 -0.071921155 -0.036270350 -0.309984893 0.947323203
1769786544233623808.000000 0.002816070 -0.015680160 -0.007107070 -0.071965240 -0.033420566 -0.303010434 0.949678242
1769786544266957824.000000 0.002473450 -0.015137536 -0.008231075 -0.070791788 -0.031526834 -0.297478229 0.951578319
1769786544366956544.000000 0.001773330 -0.014153968 -0.007155652 -0.067350082 -0.023786992 -0.273506731 0.959214389
1769786544400290816.000000 0.001642175 -0.013917851 -0.007008600 -0.066354759 -0.020855486 -0.264647961 0.961833477
1769786544466955776.000000 0.000975001 -0.013027291 -0.006730036 -0.062526941 -0.014073285 -0.242701173 0.967981637
1769786544500291328.000000 0.000482539 -0.012548095 -0.007356273 -0.061249625 -0.011655780 -0.232252270 0.970655203
1769786544533623296.000000 0.000990575 -0.012515769 -0.006388209 -0.059990432 -0.009241784 -0.220316529 0.973538101
1769786544566955776.000000 0.000345302 -0.011842062 -0.006663457 -0.057993099 -0.006125796 -0.206934944 0.976615191
1769786544600290560.000000 0.000246817 -0.011465291 -0.006773545 -0.055488981 -0.003642967 -0.196819901 0.978861392
1769786544633622784.000000 0.000428420 -0.011693705 -0.005658899 -0.054705471 -0.001693044 -0.187265933 0.980783343
1769786544666957056.000000 -0.000009098 -0.011038084 -0.005747878 -0.052435987 0.000804467 -0.177416250 0.982737660
1769786544766956288.000000 -0.000545080 -0.009903822 -0.005728185 -0.045031846 0.008298248 -0.155780017 0.986729920
1769786544800290048.000000 -0.001060310 -0.009789111 -0.006487787 -0.042744741 0.010422947 -0.152801916 0.987276971
1769786544833623296.000000 -0.001081049 -0.009327616 -0.005622385 -0.038107149 0.013225361 -0.151674777 0.987607062
1769786545066955520.000000 -0.001531024 -0.008536777 -0.006976393 -0.014016645 0.031654924 -0.152146578 0.987751484
1769786545100290816.000000 -0.001448776 -0.008683535 -0.004570324 -0.012707015 0.033467818 -0.153221458 0.987543225
1769786545233622528.000000 -0.000940383 -0.008496728 -0.002999551 0.000466397 0.046441868 -0.156623632 0.986565769
1769786545300290048.000000 -0.001452940 -0.008027195 -0.004418789 0.006518725 0.055411436 -0.158527851 0.985776901
1769786545400289792.000000 -0.000847593 -0.008079526 -0.002486903 0.011276655 0.068921052 -0.160589367 0.984547496
1769786545433622528.000000 -0.000718771 -0.007936843 -0.002450991 0.013284328 0.073889822 -0.162546322 0.983840704
1769786545466955520.000000 -0.000077579 -0.008317054 -0.000793960 0.013260309 0.079053558 -0.162175193 0.983500838
1769786545500290304.000000 -0.000014881 -0.007822778 -0.000379378 0.014945672 0.083202057 -0.165525377 0.982575893
1769786545566954752.000000 -0.000648692 -0.007355968 -0.002396279 0.018410280 0.092169330 -0.162259296 0.982261598
1769786545600290304.000000 -0.000381613 -0.007771899 -0.000552212 0.018169150 0.097030982 -0.166310117 0.981119692
1769786545800289280.000000 -0.000892621 -0.006673307 -0.002323313 0.002627932 0.103970736 -0.168697760 0.980165422
1769786545833622272.000000 -0.000958916 -0.006417813 -0.001230593 -0.006568379 0.102776222 -0.164225757 0.981032014
1769786545866955520.000000 -0.001450841 -0.006157876 -0.001478318 -0.012257745 0.100035235 -0.156022489 0.982598484
1769786545900290048.000000 -0.001475107 -0.006687965 -0.002075457 -0.019826282 0.095169902 -0.149945721 0.983903408
1769786545966956800.000000 -0.001434409 -0.005912665 -0.002084978 -0.025078842 0.090689979 -0.137910172 0.985965073
1769786546033622272.000000 -0.002006455 -0.005588281 -0.002386734 -0.030994369 0.086288087 -0.129117832 0.987381577
1769786546100289536.000000 -0.001973147 -0.005361570 -0.001658872 -0.035841420 0.084589384 -0.119840354 0.988533437
1769786546133623040.000000 -0.001843659 -0.005548277 -0.001431261 -0.037125152 0.082903303 -0.112461276 0.989495456
1769786546166954752.000000 -0.002280627 -0.005407064 -0.001510083 -0.038369972 0.082596496 -0.109850168 0.989766896
1769786546200289024.000000 -0.001255039 -0.004923991 -0.001670486 -0.039753310 0.079719432 -0.108181275 0.990131974
1769786546233621760.000000 -0.001642676 -0.004794271 -0.001612543 -0.038938425 0.079814792 -0.104085788 0.990595579
1769786547100288512.000000 -0.003459056 -0.000844552 0.001094615 0.017280530 0.086561829 -0.065666549 0.993929744
1769786547566953728.000000 -0.003782773 -0.002798214 0.003273313 0.017091220 0.093578897 -0.060680576 0.993614018
1769786547700288000.000000 -0.004298167 -0.002621138 0.002359330 0.016462291 0.096578397 -0.060727797 0.993334651
1769786547800287488.000000 -0.004624569 -0.002206808 0.001921882 0.015361008 0.097819783 -0.059912369 0.993280351
1769786547866953984.000000 -0.005269172 -0.002798519 0.001688323 0.012793204 0.099874616 -0.057664558 0.993245304
1769786548000289024.000000 -0.005088203 -0.003257809 0.001375509 0.008041983 0.100845940 -0.059178088 0.993107915
1769786548033620992.000000 -0.005697718 -0.004127782 0.000776098 0.004679100 0.101578787 -0.052562475 0.993426919
1769786548100288256.000000 -0.005757777 -0.003801733 0.000614273 0.002909208 0.101520933 -0.055337120 0.993288934
1769786548333621248.000000 -0.005863653 -0.006050621 0.001612155 -0.010811361 0.104596354 -0.052898835 0.993048072
1769786548400288000.000000 -0.006706295 -0.006797462 0.000225609 -0.015714956 0.105425507 -0.047201004 0.993182063
1769786548466953472.000000 -0.006785613 -0.007331492 0.000081552 -0.020687608 0.106688976 -0.049422100 0.992847919
1769786548533620736.000000 -0.006363100 -0.008634917 0.002263296 -0.026038930 0.107441530 -0.047601130 0.992729783
1769786548566953216.000000 -0.007859074 -0.007414921 -0.002596203 -0.026971586 0.107797071 -0.049561858 0.992570400
1769786548600288000.000000 -0.007561339 -0.008790213 -0.001564554 -0.030607760 0.108981445 -0.044909496 0.992556989
1769786548700287488.000000 -0.008270443 -0.009113065 -0.002184802 -0.037701860 0.108583920 -0.045591470 0.992325366
1769786548733621504.000000 -0.008076579 -0.009730814 -0.001990444 -0.040346723 0.109694563 -0.044291113 0.992158055
1769786548766953984.000000 -0.008259895 -0.010479068 -0.001795048 -0.043704595 0.109118782 -0.044961073 0.992049158
1769786548833619968.000000 -0.007750008 -0.011216940 -0.000958922 -0.048569735 0.108460948 -0.044972822 0.991894484
1769786548900287744.000000 -0.007337234 -0.012325834 0.001075654 -0.054903809 0.107778229 -0.044521160 0.991658866
1769786548933620480.000000 -0.007660542 -0.012592572 -0.000700588 -0.056591101 0.107896082 -0.041457262 0.991684020
1769786548966953216.000000 -0.007934881 -0.012735279 -0.001938215 -0.059880082 0.107630685 -0.041728873 0.991508305
1769786549066953216.000000 -0.007834899 -0.014004189 -0.000297506 -0.067362055 0.107918017 -0.039822426 0.991075337
1769786549100287232.000000 -0.008234192 -0.014087748 -0.002322301 -0.069090247 0.107361443 -0.039249346 0.991039634
1769786549166952960.000000 -0.008527454 -0.014272788 -0.002573429 -0.072955132 0.106917009 -0.038690228 0.990832686
1769786549533619968.000000 -0.009408467 -0.017347241 -0.007030480 -0.095225953 0.101336062 -0.033163179 0.989728868
1769786549566951936.000000 -0.009770378 -0.017847318 -0.006832826 -0.097074047 0.102184132 -0.031477012 0.989517152
1769786549600287488.000000 -0.009564774 -0.017610526 -0.008181912 -0.098154910 0.100407802 -0.032891009 0.989546418
1769786549900287488.000000 -0.008338843 -0.019320684 -0.007726826 -0.109718882 0.091604061 -0.031899843 0.989218295
1769786549966952704.000000 -0.008385193 -0.019529462 -0.007252468 -0.111008808 0.091259234 -0.028728718 0.989203453
1769786550166952704.000000 -0.007503067 -0.019700656 -0.006494827 -0.113402866 0.085609645 -0.026293216 0.989504695
1769786550300286976.000000 -0.007382022 -0.019937694 -0.008435091 -0.112537839 0.079999231 -0.024334056 0.990122855
1769786550333620224.000000 -0.007344555 -0.020023469 -0.008200206 -0.112674847 0.078882068 -0.026100539 0.990151942
1769786550366952448.000000 -0.006502816 -0.020271780 -0.006419720 -0.113027051 0.078056172 -0.024405207 0.990220428
1769786550466952448.000000 -0.006289849 -0.020328475 -0.006821045 -0.111770131 0.074284494 -0.026063588 0.990610898
1769786550533619456.000000 -0.006182127 -0.019795567 -0.007793220 -0.109546885 0.071151860 -0.022969278 0.991165638
1769786550733619200.000000 -0.005071937 -0.018920254 -0.007998729 -0.102745935 0.063225009 -0.022524649 0.992440701
1769786550766952448.000000 -0.004819899 -0.018708935 -0.007877245 -0.101676665 0.061711900 -0.022642884 0.992643356
1769786550833618944.000000 -0.004251856 -0.018342450 -0.008202489 -0.098213926 0.058289513 -0.023788439 0.993171930
1769786550866952448.000000 -0.004456855 -0.018436762 -0.008288954 -0.097314753 0.057521425 -0.023485752 0.993312418
1769786550900286976.000000 -0.003935976 -0.018338326 -0.007393379 -0.095238678 0.056402780 -0.021877766 0.993614495
1769786550966952448.000000 -0.003597573 -0.017505080 -0.008577055 -0.091012932 0.052605499 -0.024821674 0.994149506
1769786551100285952.000000 -0.002274181 -0.016490163 -0.008108591 -0.083483450 0.046193335 -0.026386522 0.995088160
1769786551233618944.000000 -0.001155486 -0.015759440 -0.007250710 -0.074593239 0.039448556 -0.029152285 0.996006906
1769786551300285696.000000 -0.000653852 -0.015226267 -0.007254257 -0.070204906 0.037076786 -0.031646766 0.996340871
1769786551333619712.000000 -0.000573419 -0.015047066 -0.006730451 -0.067403816 0.035384472 -0.032719761 0.996561170
1769786551433618944.000000 -0.000066102 -0.014712585 -0.006081441 -0.058453109 0.031830627 -0.035023812 0.997167706
1769786551500287232.000000 0.000293003 -0.013506663 -0.007047560 -0.050467651 0.028128324 -0.034916215 0.997718751
1769786551533619200.000000 0.000654466 -0.013782769 -0.006252769 -0.046688851 0.026512979 -0.035601553 0.997922778
1769786551600286464.000000 0.000919700 -0.013540529 -0.006356540 -0.040978603 0.022775305 -0.036275059 0.998241544
1769786551633618688.000000 0.001136072 -0.013192504 -0.005911878 -0.037122194 0.020713044 -0.034804489 0.998489678
1769786551733610752.000000 0.001361188 -0.012582394 -0.007119800 -0.027208740 0.014868003 -0.036920097 0.998837113
1769786551833609472.000000 0.001712827 -0.012196571 -0.006423103 -0.016972866 0.009781626 -0.037440713 0.999106824
1769786551866942720.000000 0.001526762 -0.011892417 -0.006615073 -0.013722197 0.007376804 -0.036686674 0.999205351
1769786551900276992.000000 0.001768697 -0.012124949 -0.005938011 -0.011163997 0.003707486 -0.039441664 0.999152660
1769786551933610240.000000 0.001813565 -0.011229930 -0.006842474 -0.006319971 0.001132612 -0.039606564 0.999194741
1769786552066942464.000000 0.001587316 -0.010400104 -0.007483588 0.005513946 -0.014510844 -0.039858345 0.999084771
1769786552100276736.000000 0.001631333 -0.010150147 -0.007575142 0.008594025 -0.019285314 -0.043104593 0.998847485
1769786552200276480.000000 0.001914978 -0.009850199 -0.005331971 0.018482378 -0.031230178 -0.038074858 0.998615742
1769786552500277248.000000 0.002599036 -0.008141835 -0.003987805 -0.001404771 -0.040962588 -0.018036418 0.998996913
1769786552633608704.000000 0.003021715 -0.007970485 -0.002826113 -0.021099841 -0.036159988 -0.018240377 0.998956740
1769786552666943488.000000 0.003117380 -0.008025900 -0.002830831 -0.024811072 -0.035300046 -0.019186446 0.998884499
1769786552733609216.000000 0.002794291 -0.007754333 -0.003975345 -0.029030165 -0.034159999 -0.020041807 0.998793662
1769786552866942208.000000 0.003510434 -0.007531180 -0.001936149 -0.033257868 -0.032418102 -0.020642055 0.998707592
1769786553100275968.000000 0.004182982 -0.006271804 -0.002627885 -0.025782485 -0.032211982 -0.023328248 0.998876095
1769786553933608704.000000 0.005560477 -0.005515084 -0.001938256 0.006484891 -0.033452310 -0.019139862 0.999235988
1769786554033608448.000000 0.006062153 -0.005977723 -0.001951508 0.005074580 -0.035577014 -0.019130325 0.999170959
1769786554133608192.000000 0.006115315 -0.006018057 -0.002267859 0.004087585 -0.036210336 -0.018676732 0.999161303
1769786554366941184.000000 0.006375154 -0.007106973 -0.002955954 -0.002653467 -0.039159261 -0.016888423 0.999086738
1769786554466941184.000000 0.006172829 -0.007714994 -0.003354493 -0.005896203 -0.039927993 -0.016379466 0.999050915
1769786554566940672.000000 0.006454171 -0.007969201 -0.003222157 -0.009367733 -0.040906031 -0.017133694 0.998972178
1769786555000276224.000000 0.007222469 -0.011606488 -0.004160497 -0.035379216 -0.046652850 -0.011846251 0.998214185
1769786555100274688.000000 0.006711493 -0.012606462 -0.006032044 -0.042044755 -0.046659507 -0.013356558 0.997936249
1769786555166940160.000000 0.007622383 -0.012771320 -0.003857515 -0.046051301 -0.047200918 -0.013922851 0.997726202
1769786555200274432.000000 0.007173701 -0.013182927 -0.005344227 -0.047741313 -0.046629403 -0.014787505 0.997661173
1769786555233607680.000000 0.007366007 -0.013986467 -0.005847989 -0.051741257 -0.046779983 -0.010746837 0.997506380
1769786555333608192.000000 0.007137653 -0.014783158 -0.006247379 -0.058984697 -0.046636872 -0.013143411 0.997082293
1769786555400273920.000000 0.007139656 -0.015334154 -0.005041740 -0.064100586 -0.045163207 -0.011164372 0.996858418
1769786555533607168.000000 0.006318746 -0.016326997 -0.008393702 -0.072110415 -0.046790723 -0.030570386 0.995829403
1769786555566939904.000000 0.006894596 -0.017637147 -0.006444363 -0.076334715 -0.048113968 -0.045582630 0.994877040
1769786555633606656.000000 0.006905671 -0.018569408 -0.006132692 -0.080865487 -0.050371692 -0.074410036 0.992666423
1769786555666941440.000000 0.007280570 -0.018864917 -0.006688606 -0.083024487 -0.052523211 -0.090294339 0.991057634
1769786555833606912.000000 0.006619933 -0.020567803 -0.008697973 -0.091773398 -0.059078492 -0.154552549 0.981937349
1769786555933607680.000000 0.006640038 -0.021932086 -0.008614175 -0.097255722 -0.063258797 -0.189141095 0.975071967
1769786556100273920.000000 0.006618930 -0.023719985 -0.008912649 -0.104863733 -0.067237504 -0.241308227 0.962420404
1769786556266941184.000000 0.006690785 -0.024932967 -0.008552483 -0.111182384 -0.071434997 -0.283470839 0.949831486
1769786556300273920.000000 0.006512143 -0.025228623 -0.008412438 -0.112248383 -0.071574904 -0.290747851 0.947493017
1769786556400274176.000000 0.006223318 -0.025917774 -0.008538867 -0.114912912 -0.071757086 -0.308811486 0.941425204
1769786556500275968.000000 0.005977401 -0.026149739 -0.008816760 -0.117088810 -0.070992954 -0.324722052 0.935844958
1769786556700273664.000000 0.005325275 -0.026649617 -0.008579642 -0.120784782 -0.069085352 -0.343302578 0.928860366
1769786556733606912.000000 0.005254791 -0.026571138 -0.009219607 -0.121239968 -0.068623997 -0.346702397 0.927571654
1769786556866939904.000000 0.004165718 -0.026460011 -0.009390825 -0.122129254 -0.064292863 -0.346795171 0.927730560
1769786557066939648.000000 0.003907576 -0.025992217 -0.008798140 -0.120777830 -0.055978976 -0.342406988 0.930073440
1769786557166939136.000000 0.002967409 -0.025499055 -0.008420166 -0.120776355 -0.049301621 -0.329243600 0.935190380
1769786557200273152.000000 0.002483706 -0.025037419 -0.011192915 -0.118913382 -0.046386451 -0.326000959 0.936713040
1769786557400272896.000000 0.001230845 -0.022936024 -0.009696771 -0.113348730 -0.029060215 -0.283341140 0.951853633
1769786557433606400.000000 0.001133889 -0.022744535 -0.009556977 -0.112221457 -0.026400544 -0.274198174 0.954738021
1769786557466938880.000000 0.001035227 -0.022330379 -0.008795897 -0.110668160 -0.022633025 -0.263613403 0.957991779
1769786557500273408.000000 0.000620052 -0.021990430 -0.009527995 -0.109096020 -0.019245941 -0.249488518 0.962020397
1769786557533606400.000000 0.000558754 -0.021538563 -0.008905678 -0.107696451 -0.015849400 -0.237326473 0.965311587
1769786557600273664.000000 -0.000068435 -0.020483622 -0.008341382 -0.102720357 -0.008874413 -0.214949891 0.971167505
1769786557633606144.000000 -0.000153681 -0.020314058 -0.009029004 -0.100788981 -0.005928935 -0.204412833 0.973664165
1769786557666940160.000000 -0.000757380 -0.019504111 -0.008271948 -0.097980604 -0.001734713 -0.194898576 0.975915670
1769786557766939392.000000 -0.000804060 -0.019180777 -0.008119432 -0.091816813 0.005073507 -0.176225960 0.980045080
1769786557800272640.000000 -0.000807133 -0.018941076 -0.008724642 -0.088538274 0.006545558 -0.174585655 0.980631411
1769786557833605888.000000 -0.001063967 -0.018255677 -0.007690517 -0.084724039 0.010155432 -0.174344748 0.980980456
1769786557866938624.000000 -0.000908209 -0.018256798 -0.008107069 -0.081237227 0.010688057 -0.174301788 0.981277347
1769786557900273152.000000 -0.001552713 -0.017414806 -0.008419168 -0.076227516 0.014614744 -0.173417270 0.981785238
1769786557966938880.000000 -0.000919178 -0.017701415 -0.007461116 -0.070044719 0.018103857 -0.175516129 0.981814682
1769786558033606656.000000 -0.000713796 -0.017552579 -0.006794253 -0.063751131 0.023430185 -0.177939177 0.981694698
1769786558066938880.000000 -0.001289569 -0.016876107 -0.007608105 -0.059167385 0.027151348 -0.176962838 0.982062221
1769786558100272896.000000 -0.001197102 -0.017223589 -0.007036711 -0.057416528 0.029912869 -0.178847030 0.981744528
1769786558233605376.000000 -0.000888311 -0.017240074 -0.006047477 -0.045151852 0.042035144 -0.182407230 0.981285870
1769786558266939392.000000 -0.000791890 -0.016604356 -0.006095470 -0.040946390 0.045828611 -0.181956872 0.981384158
1769786558300272640.000000 -0.000889564 -0.016693186 -0.005573781 -0.039339364 0.050606679 -0.182763070 0.981065273
1769786558333605888.000000 -0.001814142 -0.015959367 -0.007659114 -0.035783373 0.056108970 -0.183557004 0.980753899
1769786558366939136.000000 -0.000959176 -0.016212128 -0.005691578 -0.034685850 0.059790980 -0.187418014 0.979845107
1769786558466938368.000000 -0.000948752 -0.015730267 -0.005948009 -0.029381538 0.073929533 -0.190064088 0.978543222
1769786558533604864.000000 -0.000777621 -0.015616136 -0.005183651 -0.027736427 0.083035156 -0.194048315 0.977077842
1769786558700272128.000000 -0.000602717 -0.014705838 -0.005168761 -0.025080226 0.098830238 -0.205753088 0.973277628
1769786558733605376.000000 -0.000349275 -0.014812123 -0.004346215 -0.028735759 0.099700250 -0.209031388 0.972388804
1769786559200271616.000000 -0.001326101 -0.012884603 -0.003064875 -0.084309608 0.079695992 -0.130296901 0.984663963
1769786559900285696.000000 -0.003194537 -0.009687345 -0.001451013 -0.040701799 0.084821947 -0.095264062 0.990996182
1769786560033618944.000000 -0.003156584 -0.009377880 -0.001485274 -0.034248821 0.085683577 -0.094678901 0.991222084
1769786560100285440.000000 -0.003573095 -0.009414440 -0.001913787 -0.032871593 0.087191075 -0.094737582 0.991131723
1769786560633617920.000000 -0.004757254 -0.009821021 -0.001932206 -0.028633198 0.094898589 -0.088635817 0.991119623
1769786560866951680.000000 -0.005284382 -0.010752517 -0.002761418 -0.034821395 0.098027334 -0.087319821 0.990733743
1769786561166951168.000000 -0.006598615 -0.011779673 -0.002944133 -0.044080891 0.103870958 -0.078077905 0.990541041
1769786561266951936.000000 -0.007467763 -0.012252093 -0.004276035 -0.049104404 0.105377451 -0.075990073 0.990307987
1769786561500286464.000000 -0.007397316 -0.013916896 -0.001225069 -0.064048328 0.110669449 -0.071184859 0.989233434
1769786561533617664.000000 -0.006453619 -0.021447707 -0.003584970 -0.069215290 0.111162007 -0.064264417 0.989304006
1769786561566950912.000000 -0.007973119 -0.015239623 -0.003230152 -0.069709264 0.109547116 -0.070752367 0.989006639
1769786561600285440.000000 -0.007149894 -0.016844086 0.001809526 -0.072735153 0.111045375 -0.066073447 0.988945305
1769786561700284672.000000 -0.008126852 -0.016209051 -0.004145210 -0.078642920 0.109236501 -0.071209796 0.988337934
1769786561833617664.000000 -0.008502691 -0.018179499 -0.003837834 -0.090011954 0.110176660 -0.066700429 0.987577856
1769786561866950656.000000 -0.008383960 -0.018500539 -0.003066936 -0.092114627 0.110613436 -0.066538461 0.987346053
1769786562466950656.000000 -0.011125099 -0.024160622 -0.008520210 -0.133270949 0.106116109 -0.056326769 0.983771086
1769786562500285440.000000 -0.010289397 -0.024195487 -0.007541056 -0.134920821 0.104851760 -0.055678565 0.983718693
1769786562533617664.000000 -0.010118952 -0.024475632 -0.007603642 -0.135789961 0.103484750 -0.055067413 0.983778238
1769786563000285696.000000 -0.009172617 -0.027353356 -0.007139761 -0.154272795 0.093656272 -0.047519609 0.982430816
1769786563100283648.000000 -0.009788985 -0.027930995 -0.008912058 -0.156204566 0.090290844 -0.047355819 0.982448578
1769786563333616896.000000 -0.008788402 -0.028026463 -0.009320688 -0.155842945 0.082721293 -0.046413172 0.983217180
1769786563400283648.000000 -0.008590102 -0.028177245 -0.009008186 -0.154579461 0.080637813 -0.042165786 0.983780861
1769786563466950144.000000 -0.007475034 -0.027453106 -0.007431653 -0.153437883 0.077400245 -0.046211720 0.984037876
1769786563500284928.000000 -0.007306111 -0.027645387 -0.007153795 -0.153297707 0.076749556 -0.046337165 0.984104753
1769786563566949632.000000 -0.007031368 -0.027597684 -0.007994002 -0.151865453 0.073496200 -0.046144519 0.984584153
1769786563700283648.000000 -0.005778358 -0.027201368 -0.007176937 -0.147851259 0.067434587 -0.045093175 0.985677004
1769786563733617920.000000 -0.005569642 -0.027056914 -0.007707240 -0.146497548 0.065564722 -0.045255598 0.985997796
1769786563766949376.000000 -0.005408641 -0.026686408 -0.007824647 -0.144357055 0.064027488 -0.046007998 0.986379623
1769786563800283136.000000 -0.005147734 -0.026560068 -0.007515332 -0.142777905 0.063138768 -0.044879027 0.986718774
1769786563833616384.000000 -0.005345403 -0.026124332 -0.007966691 -0.140926793 0.061720502 -0.044331774 0.987099290
1769786563866949376.000000 -0.004838449 -0.026303632 -0.007139956 -0.139985263 0.060619373 -0.043178100 0.987352550
1769786563900283648.000000 -0.004371157 -0.026195688 -0.007065936 -0.138500690 0.058682397 -0.043100376 0.987682283
1769786563933617408.000000 -0.003953246 -0.025955891 -0.007386564 -0.136776596 0.056607854 -0.044601496 0.987976968
1769786564033616640.000000 -0.002886448 -0.025232574 -0.006475921 -0.130974323 0.051780257 -0.047112368 0.988911033
1769786564133616128.000000 -0.002017646 -0.023827976 -0.008782730 -0.123332240 0.045529779 -0.048488911 0.990133822
1769786564166949376.000000 -0.001873357 -0.023782756 -0.009088244 -0.121703789 0.044842664 -0.047998566 0.990390599
1769786564233616128.000000 -0.001609806 -0.023258170 -0.009502459 -0.116784476 0.041973218 -0.048511893 0.991083384
1769786564266949888.000000 -0.001407702 -0.023207031 -0.009336414 -0.115091294 0.040603034 -0.047932837 0.991366684
1769786564333616640.000000 -0.000891247 -0.022587564 -0.009770710 -0.109377846 0.036685515 -0.050415229 0.992042840
1769786564366949120.000000 -0.000619667 -0.022474146 -0.009868526 -0.106977612 0.035486016 -0.052152291 0.992258370
1769786564400283392.000000 -0.000831245 -0.023121808 -0.009522817 -0.104332894 0.034412190 -0.052425329 0.992563367
1769786564433616640.000000 -0.000566421 -0.022417262 -0.008938048 -0.100830629 0.033534847 -0.051576562 0.992999732
1769786564500284672.000000 -0.000365095 -0.021785501 -0.009570045 -0.093727343 0.030367162 -0.052961774 0.993724346
1769786564600283136.000000 -0.000085880 -0.020918492 -0.010038192 -0.083382584 0.024769161 -0.053853057 0.994753063
1769786564633615616.000000 0.000261179 -0.020830115 -0.009554136 -0.080376029 0.022726651 -0.053933989 0.995044887
1769786564666949632.000000 0.000264870 -0.020927113 -0.009659618 -0.078028567 0.021126566 -0.053920213 0.995267749
1769786564700282880.000000 0.000456681 -0.020731507 -0.009200474 -0.074676357 0.019393923 -0.054522723 0.995527327
1769786564766948864.000000 0.000607018 -0.020387774 -0.009103925 -0.067246184 0.016245211 -0.055510633 0.996058524
1769786564866948608.000000 0.000417322 -0.019846419 -0.008613122 -0.057253994 0.009878300 -0.055846203 0.996747553
1769786564933616640.000000 0.000428669 -0.019636333 -0.009269696 -0.050488826 0.003926361 -0.055617858 0.997167051
1769786565000284672.000000 0.000776500 -0.019286433 -0.009233018 -0.044506971 -0.004204931 -0.057850026 0.997323811
1769786565066948864.000000 0.000913056 -0.018872086 -0.009230979 -0.037318096 -0.013281398 -0.058268301 0.997514784
1769786565100282368.000000 0.000901418 -0.018442089 -0.008601645 -0.033435863 -0.017177843 -0.058261897 0.997593343
1769786565133615872.000000 0.001042070 -0.018264523 -0.008657941 -0.030330548 -0.021322416 -0.056805860 0.997696579
1769786565200282112.000000 0.001072993 -0.018128173 -0.008592562 -0.025439741 -0.029801549 -0.054318622 0.997754574
1769786565366949376.000000 0.002023506 -0.017356180 -0.006270086 -0.021353254 -0.041650850 -0.043862522 0.997940540
1769786565433615616.000000 0.002647155 -0.017260920 -0.006383205 -0.030902645 -0.041992974 -0.037795383 0.997924447
1769786565500283392.000000 0.002507638 -0.017206848 -0.006260024 -0.048105706 -0.038422987 -0.036039576 0.997452080
1769786566366948096.000000 0.005292471 -0.014692896 -0.007642130 -0.049600683 -0.033475976 -0.039245624 0.997436225
1769786566433614848.000000 0.005434755 -0.014802238 -0.007655052 -0.047078636 -0.033781953 -0.040987607 0.997478068
1769786566966947328.000000 0.005978231 -0.015163338 -0.006461449 -0.037762918 -0.036566075 -0.037425447 0.997915983
1769786567233614336.000000 0.006290776 -0.015807737 -0.007383917 -0.041745000 -0.039879344 -0.036071487 0.997680247
1769786567466947584.000000 0.006556078 -0.017327165 -0.007781813 -0.052557617 -0.042249087 -0.037061978 0.997035205
1769786567700321536.000000 0.006539085 -0.018599868 -0.008606828 -0.064680144 -0.043626782 -0.038929284 0.996191621
1769786567933655296.000000 0.007142066 -0.020172786 -0.008276477 -0.076329038 -0.045716275 -0.030953079 0.995553017
1769786568100321024.000000 0.007751461 -0.022159664 -0.008083931 -0.090142824 -0.047146842 -0.031792209 0.994304121
1769786568200321024.000000 0.007493563 -0.022593357 -0.009885061 -0.096151911 -0.047268059 -0.032386478 0.993716121
1769786568266987776.000000 0.006983591 -0.024112839 -0.009194409 -0.102533847 -0.045884695 -0.030872403 0.993190944
1769786568300320512.000000 0.009336201 -0.030280270 -0.002186274 -0.106630780 -0.046189390 -0.028366707 0.992820084
1769786568366987264.000000 0.007330201 -0.024879102 -0.007565342 -0.111129023 -0.045461208 -0.034821458 0.992154777
1769786568433653760.000000 0.007393560 -0.025553260 -0.007491349 -0.115718976 -0.045046542 -0.032963298 0.991712391
1769786568466987008.000000 0.007375740 -0.025502995 -0.007300342 -0.118866593 -0.045529779 -0.036154091 0.991206646
1769786568566986496.000000 0.007027047 -0.026795195 -0.006004069 -0.124135211 -0.049800050 -0.071098477 0.988461137
1769786568700320512.000000 0.007177179 -0.028641040 -0.007718702 -0.133143723 -0.057867225 -0.131589800 0.980616271
1769786568733654016.000000 0.006921000 -0.029062005 -0.007165451 -0.134916380 -0.058865700 -0.140355736 0.979097903
1769786568766986752.000000 0.007255764 -0.029668210 -0.005581052 -0.137167960 -0.061768223 -0.156539157 0.976148129
1769786568800320512.000000 0.008111513 -0.030864665 -0.004501370 -0.139136985 -0.064613260 -0.170482635 0.973345637
1769786569100320256.000000 0.006077507 -0.032884397 -0.007960523 -0.150900111 -0.076967105 -0.264813930 0.949304402
1769786569666987008.000000 0.005089547 -0.035296731 -0.005856905 -0.165447667 -0.083784975 -0.364283800 0.912635982
1769786569933653248.000000 0.004295705 -0.034827258 -0.005376753 -0.166517571 -0.077247418 -0.372664720 0.909629464
1769786570000321280.000000 0.004231405 -0.035058312 -0.005535844 -0.167398795 -0.073952176 -0.368808925 0.911311507
1769786570066985472.000000 0.003531343 -0.034702651 -0.005007425 -0.167054459 -0.069655478 -0.364160717 0.913579762
1769786570133652736.000000 0.003508314 -0.034269426 -0.004776692 -0.165420189 -0.065867543 -0.359271973 0.916090190
1769786570200319744.000000 0.003173848 -0.033990663 -0.005023757 -0.164752617 -0.060390878 -0.349187136 0.920476973
1769786570233652480.000000 0.003225131 -0.033492375 -0.004933381 -0.163645297 -0.057643846 -0.344275177 0.922698200
1769786570266986240.000000 0.002941083 -0.033521309 -0.004748637 -0.163094893 -0.054716982 -0.337833941 0.925350904
1769786570333652736.000000 0.002604609 -0.032912344 -0.004962072 -0.161083028 -0.047884282 -0.324367076 0.930884182
1769786570366985216.000000 0.002292765 -0.032562882 -0.003456126 -0.160216779 -0.044554077 -0.316676497 0.933842361
1769786570433652736.000000 0.002065165 -0.031945396 -0.005214345 -0.157536179 -0.037068624 -0.299474925 0.940278232
1769786570466985728.000000 0.002224453 -0.031497307 -0.004438928 -0.156139880 -0.033371039 -0.289099813 0.943889856
1769786570566985216.000000 0.000750050 -0.030585054 -0.006444760 -0.151167139 -0.020504422 -0.252442509 0.955510795
1769786570600319744.000000 0.001994487 -0.030785639 -0.002462807 -0.149993911 -0.017714579 -0.242617548 0.958292603
1769786570633652224.000000 0.001653435 -0.030094620 -0.003491705 -0.148263395 -0.014995416 -0.234093845 0.960725367
1769786570666985984.000000 0.001707461 -0.029712155 -0.002710202 -0.146347284 -0.011068382 -0.224839479 0.963279426
1769786570700319232.000000 0.001708383 -0.029715847 -0.002898069 -0.144006446 -0.008806693 -0.216683924 0.965521991
1769786570733652736.000000 0.001296099 -0.029247902 -0.003449676 -0.141301468 -0.005645994 -0.209576517 0.967512131
1769786570800319232.000000 0.000703061 -0.028986415 -0.004108686 -0.135126069 -0.001540473 -0.201697499 0.970080793
1769786570833651712.000000 0.001143299 -0.028997123 -0.003567267 -0.132695273 -0.000265150 -0.199716106 0.970827162
1769786570866984960.000000 0.000863179 -0.028670108 -0.003188240 -0.128647327 0.003357521 -0.201075226 0.971085668
1769786570900318976.000000 0.000984095 -0.028555622 -0.003387069 -0.125170425 0.004565154 -0.201829135 0.971378684
1769786570933652992.000000 0.000891846 -0.028501544 -0.002895771 -0.121308662 0.006934463 -0.200975075 0.972031474
1769786571000321024.000000 0.001097368 -0.028453445 -0.002086868 -0.114994019 0.011937774 -0.201495901 0.972642422
1769786571133651968.000000 0.000515798 -0.027593531 -0.003895082 -0.100166276 0.023163982 -0.203039810 0.973758221
1769786571166984960.000000 0.001049390 -0.027568122 -0.001983512 -0.095370784 0.026836976 -0.202718109 0.974212289
1769786571200318720.000000 0.000592825 -0.027267780 -0.002831283 -0.091247968 0.030590644 -0.204094753 0.974209070
1769786571233654272.000000 0.000580116 -0.027176898 -0.003114571 -0.088082708 0.034328166 -0.203201160 0.974562645
1769786571266985728.000000 0.000558055 -0.026738061 -0.002818058 -0.083687112 0.038547195 -0.204092756 0.974605978
1769786571300318720.000000 0.000574660 -0.026455786 -0.002478204 -0.081226699 0.043600403 -0.205355167 0.974335968
1769786571333652224.000000 0.000773998 -0.026422670 -0.002042572 -0.078726485 0.047859374 -0.206454813 0.974108815
1769786571366985216.000000 0.000660273 -0.026073512 -0.002395805 -0.075303465 0.052898902 -0.206604972 0.974087000
1769786571500318720.000000 0.001144730 -0.025585176 -0.001399660 -0.068136342 0.070934795 -0.211602062 0.972394109
1769786571533652480.000000 0.000667417 -0.025115654 -0.001952138 -0.066687599 0.076293789 -0.212861344 0.971813798
1769786571633651712.000000 0.001246514 -0.025194528 -0.001953200 -0.067115448 0.084643699 -0.218572766 0.969823182
1769786571666985728.000000 0.001100810 -0.024971962 -0.002130229 -0.066652484 0.087764800 -0.218367666 0.969623804
1769786571900318464.000000 0.000851037 -0.024032302 -0.000521748 -0.106145427 0.083075821 -0.194149703 0.971667349
1769786571933652480.000000 0.001063807 -0.024071183 -0.000764645 -0.110429518 0.080927677 -0.186857522 0.972800255
1769786571966984704.000000 0.000697206 -0.023276838 -0.000700016 -0.112157278 0.079797231 -0.181411698 0.973726332
1769786572000320768.000000 0.000583899 -0.023237476 0.001501671 -0.117141560 0.082195848 -0.179772660 0.973243773
1769786573333650944.000000 -0.001750856 -0.018267868 0.003443909 -0.066451848 0.091310732 -0.113452248 0.987104416
1769786573533651456.000000 -0.002180322 -0.018977592 0.002730092 -0.068296902 0.093982503 -0.113848068 0.986682057
1769786573633650432.000000 -0.002530358 -0.018592784 0.001970403 -0.064986333 0.095497899 -0.108159319 0.987399876
1769786573800317440.000000 -0.001958522 -0.020148436 0.003036428 -0.073063053 0.096832663 -0.108877912 0.986625969
1769786574033650432.000000 -0.003732364 -0.020877639 0.002916009 -0.080427393 0.104749277 -0.098188661 0.986366034
1769786574300317440.000000 -0.004712713 -0.022615289 0.002149209 -0.095128424 0.108511716 -0.096816048 0.984785497
1769786574566982656.000000 -0.005093463 -0.024540162 0.001665103 -0.112755649 0.110661797 -0.094986446 0.982861996
1769786574600317184.000000 -0.005220084 -0.025164083 0.001781270 -0.116330519 0.111034378 -0.094793558 0.982421875
1769786574700316160.000000 -0.005128384 -0.026004164 0.002212788 -0.123969629 0.111352235 -0.092964627 0.981626093
1769786574733649664.000000 0.001991829 -0.024300551 0.009411379 -0.126666397 0.109982297 -0.090650573 0.981652677
1769786574800317184.000000 -0.005666165 -0.027039994 0.002419256 -0.131142795 0.112849489 -0.089066930 0.980884135
1769786574866982656.000000 -0.005952269 -0.027820067 0.001594777 -0.136213571 0.112663925 -0.089928560 0.980135500
1769786574900316672.000000 -0.005709187 -0.028106464 0.002129774 -0.139317006 0.112321287 -0.089678779 0.979761422
1769786574966982656.000000 -0.005957923 -0.029161837 0.002672911 -0.144612834 0.113725610 -0.086434327 0.979123473
1769786575633648896.000000 -0.006263579 -0.035811394 0.000636211 -0.188379332 0.104255639 -0.076795049 0.973522723
1769786575666995968.000000 -0.007363977 -0.035850793 0.000041517 -0.188490823 0.106236659 -0.072779015 0.973595500
1769786575733662208.000000 -0.006924943 -0.036155764 0.000901393 -0.191080168 0.105049945 -0.072878540 0.973212004
1769786576166994688.000000 -0.006212172 -0.037756499 -0.001009470 -0.200145021 0.092549801 -0.068517692 0.972975731
1769786576200328704.000000 -0.006012696 -0.038085520 -0.000883582 -0.200248733 0.092368200 -0.067169115 0.973065734
1769786576233661952.000000 -0.006050766 -0.038016737 -0.000892704 -0.200596750 0.091321126 -0.067735285 0.973053634
1769786576266996480.000000 -0.005488627 -0.037895426 -0.000150087 -0.200292110 0.089125358 -0.068524487 0.973264694
1769786576300328960.000000 -0.005738019 -0.038202904 -0.001080807 -0.200763717 0.088601626 -0.067066967 0.973316908
1769786576433662464.000000 -0.004028876 -0.037973519 0.001844034 -0.199285835 0.083615519 -0.067392990 0.974038899
1769786576466995200.000000 -0.004527046 -0.038123511 -0.000250658 -0.198516667 0.082320452 -0.066043906 0.974398673
1769786576500329216.000000 -0.004446603 -0.038018055 -0.000901865 -0.197476253 0.081064254 -0.066500686 0.974684298
1769786576566994944.000000 -0.004063988 -0.038220953 -0.001264780 -0.197307438 0.077934176 -0.066506825 0.974973321
1769786576733661952.000000 -0.003238204 -0.037526932 -0.001680148 -0.192017630 0.071111806 -0.067021042 0.976514459
1769786576766994944.000000 -0.002390277 -0.037086517 -0.001471612 -0.190107539 0.068070903 -0.069001295 0.976966858
1769786576800327936.000000 -0.002046360 -0.036941804 -0.001179971 -0.188628033 0.066290043 -0.068740435 0.977394462
1769786576833661696.000000 -0.001940783 -0.036780562 -0.001682249 -0.187120527 0.064698823 -0.068237260 0.977825999
1769786576866994432.000000 -0.001411111 -0.036532752 -0.001702225 -0.185928792 0.062565632 -0.069827370 0.978079855
1769786576900327424.000000 -0.001886475 -0.036387254 -0.003381188 -0.184204459 0.060886037 -0.070443772 0.978467882
1769786576933662208.000000 -0.001566160 -0.036234975 -0.003013144 -0.182450205 0.059940547 -0.071162976 0.978802800
1769786577033662208.000000 0.000214474 -0.035254989 -0.001779315 -0.176125720 0.053697586 -0.073643878 0.980139196
1769786577066995712.000000 -0.000607282 -0.035154916 -0.003933642 -0.174303412 0.053311206 -0.071173474 0.980668426
1769786577100327936.000000 -0.000184762 -0.034922242 -0.004073340 -0.172334939 0.051797766 -0.071732283 0.981056631
1769786577133662208.000000 0.000276553 -0.034675427 -0.002648861 -0.170574710 0.050067902 -0.072868727 0.981370270
1769786577200326912.000000 0.000867381 -0.034014847 -0.005458578 -0.164811417 0.045262616 -0.074126311 0.982493639
1769786577233661440.000000 0.000735759 -0.033853140 -0.005282624 -0.162952214 0.044640739 -0.073318951 0.982892752
1769786577300328192.000000 0.001213467 -0.033460256 -0.005334313 -0.158831879 0.041365530 -0.075070329 0.983578026
1769786577400326912.000000 0.001818273 -0.032873340 -0.005496460 -0.149754465 0.035696160 -0.078753568 0.984935164
1769786577433661952.000000 0.002085133 -0.032590456 -0.005390933 -0.146186918 0.034330778 -0.077883109 0.985588670
1769786577533662208.000000 0.002329357 -0.032140099 -0.005540926 -0.136616275 0.030166537 -0.076571204 0.987199485
1769786577566994688.000000 0.002461820 -0.032030020 -0.005156628 -0.133655369 0.028384324 -0.078874975 0.987476230
1769786577600328192.000000 0.003055000 -0.031888202 -0.003699900 -0.130671039 0.025574660 -0.077811837 0.988036633
1769786577633660672.000000 0.003160528 -0.031707805 -0.005225054 -0.127943814 0.023517434 -0.079155967 0.988337815
1769786577733661440.000000 0.004520388 -0.031013940 -0.003491677 -0.118487798 0.015819214 -0.080914900 0.989526749
1769786578700326144.000000 0.005691397 -0.026074966 -0.000395139 -0.120983846 -0.028983233 -0.059713993 0.990432799
1769786578933661184.000000 0.006936166 -0.025370989 -0.000619958 -0.124977179 -0.029271509 -0.062168792 0.989777207
1769786579100326656.000000 0.007636653 -0.024496371 0.000174468 -0.117404714 -0.029595343 -0.062397830 0.990679979
1769786579233660416.000000 0.008210797 -0.023307776 -0.002300190 -0.106577747 -0.031995870 -0.063809015 0.991738856
1769786579333660672.000000 0.008563812 -0.023309134 -0.001983460 -0.099298224 -0.032420326 -0.062175989 0.992583990
1769786580066993152.000000 0.009664147 -0.024642309 -0.001531541 -0.088595815 -0.037378743 -0.058557250 0.993642151
1769786580200325376.000000 0.009935153 -0.025223060 -0.001649088 -0.091426976 -0.039360024 -0.058886476 0.993289649
1769786580233659648.000000 0.009703586 -0.025030745 -0.001926053 -0.091496572 -0.038597070 -0.057567272 0.993390501
1769786580366992640.000000 0.009832093 -0.025760198 -0.002245805 -0.095415838 -0.039955348 -0.056406472 0.993034601
1769786580433659904.000000 0.010021698 -0.026098901 -0.002563644 -0.097753197 -0.040814523 -0.055230357 0.992838442
1769786580466992896.000000 0.009925776 -0.026393354 -0.002781964 -0.099370524 -0.041045751 -0.055481840 0.992654324
1769786580533659648.000000 0.009711352 -0.026579414 -0.002691126 -0.101392247 -0.040493917 -0.053606141 0.992575586
1769786580600326912.000000 0.009899957 -0.027231554 -0.002603312 -0.105534710 -0.041774880 -0.055534657 0.991984487
1769786580666993408.000000 0.009897037 -0.027508736 -0.003194979 -0.108032987 -0.042139489 -0.053001367 0.991838694
1769786580733659392.000000 0.009854480 -0.027818667 -0.002942323 -0.110917680 -0.042256977 -0.054632615 0.991426706
1769786580833659136.000000 0.009824869 -0.028709989 -0.002941081 -0.117529921 -0.041985624 -0.055371828 0.990635097
1769786580933659904.000000 0.009939649 -0.029474869 -0.003220072 -0.122019656 -0.042507868 -0.055147182 0.990082383
1769786581000326912.000000 0.009164648 -0.029711206 -0.006701468 -0.125821725 -0.041326806 -0.056455523 0.989582598
1769786581100325632.000000 0.009396696 -0.031140015 -0.003778643 -0.134440839 -0.041019313 -0.055080920 0.988538921
1769786581166991872.000000 0.009193019 -0.031546179 -0.005966445 -0.139309317 -0.040740833 -0.054884993 0.987887025
1769786581233658880.000000 0.009356639 -0.032910794 -0.004941718 -0.144104168 -0.040156264 -0.054338925 0.987253129
1769786581300325120.000000 0.009099785 -0.033097647 -0.004189908 -0.148863778 -0.039794751 -0.054548956 0.986549735
1769786581333659392.000000 0.010273101 -0.033108495 -0.006597534 -0.150980949 -0.041296307 -0.055969514 0.986086607
1769786581400325120.000000 0.008848056 -0.034932800 -0.005226362 -0.158673003 -0.039480772 -0.055778142 0.984963477
1769786581466992128.000000 0.009027192 -0.034808114 -0.001900235 -0.161525846 -0.038949464 -0.054056469 0.984616816
1769786581500325120.000000 0.008876363 -0.035678744 -0.001555154 -0.164378539 -0.040537722 -0.065820567 0.983363688
1769786581533659648.000000 0.008669177 -0.035720859 -0.003924404 -0.166540951 -0.042915132 -0.079391643 0.981895804
1769786581633658368.000000 0.008569675 -0.037602797 0.000463367 -0.173853442 -0.050335899 -0.117263049 0.976468503
1769786581666992640.000000 0.008930044 -0.038068242 -0.000997468 -0.176041916 -0.052856237 -0.132697031 0.973964572
1769786581700324864.000000 0.010064122 -0.037765171 -0.004278277 -0.177055240 -0.056721032 -0.146976292 0.971510231
1769786581733658880.000000 0.007869394 -0.037720531 -0.007055658 -0.177896932 -0.056343697 -0.156475604 0.969893575
1769786581900324608.000000 0.007890549 -0.038988203 -0.007842985 -0.186484575 -0.069959968 -0.217897445 0.955431759
1769786581933658880.000000 0.008037792 -0.039388340 -0.007666746 -0.188698918 -0.073037557 -0.231073841 0.951663315
1769786582166991104.000000 0.007004868 -0.040581655 -0.009375232 -0.197058380 -0.083040424 -0.297805011 0.930367887
1769786582266992384.000000 0.006865765 -0.041960731 -0.010900827 -0.200430498 -0.086431094 -0.321128786 0.921538770
1769786582500326400.000000 0.005980415 -0.042947315 -0.009611834 -0.204872534 -0.089977115 -0.362118840 0.904876411
1769786582533658624.000000 0.006198808 -0.042940661 -0.010052972 -0.205378145 -0.090604849 -0.366211742 0.903050125
1769786582933656064.000000 0.004304365 -0.042826012 -0.009576079 -0.207813725 -0.083404742 -0.385068953 0.895309508
1769786582966988288.000000 0.004399395 -0.042833325 -0.010010734 -0.208116949 -0.081374384 -0.383101165 0.896269560
1769786583066989568.000000 0.003628943 -0.042313531 -0.009524248 -0.207648337 -0.075793006 -0.377232939 0.899351358
1769786583100321280.000000 0.003654540 -0.042066872 -0.009373423 -0.207354248 -0.073880382 -0.374095351 0.900887668
1769786583133655040.000000 0.003589110 -0.041596912 -0.009007987 -0.206779301 -0.071378306 -0.370323509 0.902777910
1769786583166987776.000000 0.003334438 -0.041764814 -0.009617983 -0.206255198 -0.068950564 -0.366852939 0.904501796
1769786583200321024.000000 0.002836077 -0.041513532 -0.010323491 -0.206019208 -0.066129945 -0.361444801 0.906940222
1769786583266989312.000000 0.002724107 -0.040883586 -0.009666974 -0.204913661 -0.059753027 -0.352071911 0.911309659
1769786583333655552.000000 0.002077714 -0.040076125 -0.010375680 -0.202321365 -0.052767627 -0.336601943 0.918139875
1769786583400321280.000000 0.001641184 -0.039471604 -0.010215120 -0.200260073 -0.044381090 -0.318573475 0.925438881
1769786583433655296.000000 0.001543560 -0.039159860 -0.009628517 -0.199265793 -0.040092595 -0.310364574 0.928633153
1769786583466988800.000000 0.001616760 -0.038820691 -0.009457480 -0.198614717 -0.035956465 -0.299355537 0.932547927
1769786583500321280.000000 0.000885543 -0.038439736 -0.010249844 -0.196615830 -0.031198794 -0.286128670 0.937282920
1769786583533655808.000000 0.000728504 -0.037524767 -0.009766558 -0.193721190 -0.025347574 -0.273657858 0.941775501
1769786583566988032.000000 0.000546819 -0.036916137 -0.009946393 -0.191980615 -0.021533912 -0.264300823 0.944894075
1769786583600321792.000000 0.000361225 -0.036648281 -0.009841290 -0.190170676 -0.017555567 -0.254207373 0.948106289
1769786583733655296.000000 0.000338484 -0.035491116 -0.008694205 -0.183177233 -0.004498062 -0.222126171 0.957646012
1769786583766988288.000000 0.000523535 -0.035208516 -0.008358322 -0.180814192 -0.002854068 -0.219529673 0.958699584
1769786583900320768.000000 0.000760575 -0.033855911 -0.005881221 -0.165553555 0.006701774 -0.217479870 0.961898983
1769786583933655296.000000 0.000410158 -0.033361159 -0.007289106 -0.160683736 0.009017419 -0.218496203 0.962475359
1769786583966987264.000000 0.000235110 -0.033589471 -0.007420825 -0.158141747 0.011172766 -0.220098019 0.962508857
1769786584000322048.000000 0.000729428 -0.033504009 -0.005746222 -0.155245364 0.013664911 -0.220069781 0.962954521
1769786584166987520.000000 0.001157635 -0.033169553 -0.005504337 -0.139526397 0.025654616 -0.226000771 0.963741601
1769786584200321024.000000 0.000920805 -0.032769229 -0.005749933 -0.134420067 0.029736152 -0.226148054 0.964315355
1769786584233654784.000000 0.000985355 -0.032967199 -0.005707779 -0.132581308 0.032641113 -0.227981046 0.964044333
1769786584300320768.000000 0.001197135 -0.032632936 -0.004759078 -0.127394930 0.041359112 -0.230366066 0.963842034
1769786586966985472.000000 -0.000450510 -0.028936673 -0.002208530 -0.126586154 0.098618090 -0.136311501 0.977583528
1769786587033654272.000000 -0.000824638 -0.028568178 -0.002765624 -0.128422931 0.100494072 -0.134762049 0.977367759
1769786587066985984.000000 -0.001241544 -0.028593257 -0.002101287 -0.129580647 0.102541536 -0.135705262 0.976871610
1769786587166985728.000000 -0.000995732 -0.029210230 -0.001541910 -0.136958733 0.103674158 -0.134728596 0.975880265
1769786587200318464.000000 -0.002007381 -0.029529272 -0.002605267 -0.138655022 0.104573794 -0.136172086 0.975344181
1769786587333652992.000000 -0.002172284 -0.029934805 -0.002347909 -0.145708337 0.107082382 -0.132189557 0.974591434
1769786587400318464.000000 -0.001936153 -0.030401070 -0.001404804 -0.150255620 0.109513849 -0.128365487 0.974141836
1769786587500319232.000000 -0.002470911 -0.030689443 -0.001734957 -0.157895893 0.109949738 -0.131455809 0.972470701
1769786587533653504.000000 -0.001616757 -0.030972850 -0.000653014 -0.160171017 0.109692305 -0.130415842 0.972267747
1769786587633651712.000000 -0.002201190 -0.031620294 -0.001096110 -0.167543888 0.110651091 -0.130302742 0.970930755
1769786587766986496.000000 -0.003380341 -0.033010647 -0.002226220 -0.177889124 0.112902790 -0.126454785 0.969338775
1769786587833652736.000000 -0.003603982 -0.032997761 -0.002203848 -0.181832463 0.112820730 -0.125307843 0.968765378
1769786587866985472.000000 -0.003249921 -0.033413939 -0.002017068 -0.185326502 0.112579815 -0.127769917 0.967809260
1769786587966984704.000000 -0.003904121 -0.034270421 -0.002802810 -0.192126229 0.113294721 -0.126173884 0.966608465
1769786588000318976.000000 -0.004136543 -0.034713298 -0.003199199 -0.194552422 0.113373585 -0.124059752 0.966387570
1769786588066985728.000000 -0.003985164 -0.034723539 -0.002549230 -0.198728070 0.113024689 -0.124438941 0.965529680
1769786588166984960.000000 -0.004691900 -0.035845552 -0.003647690 -0.205841303 0.113390602 -0.121006869 0.964432120
1769786588300317952.000000 -0.004607412 -0.036747117 -0.003202361 -0.215575263 0.112150386 -0.119865343 0.962591290
1769786588366985216.000000 -0.005080285 -0.037127838 -0.004113033 -0.218896374 0.112195194 -0.117619351 0.962113440
1769786588400318208.000000 -0.004375257 -0.036975857 -0.002838568 -0.221223354 0.111122787 -0.118447587 0.961603940
1769786588433652736.000000 -0.004871019 -0.037449900 -0.003725374 -0.223663002 0.110932380 -0.117994703 0.961117148
1769786588466985216.000000 -0.005266844 -0.037786007 -0.004204925 -0.224727392 0.110620871 -0.117711172 0.960939527
1769786588633651200.000000 -0.005431877 -0.038787626 -0.004851412 -0.233498499 0.107920595 -0.116264932 0.959330022
1769786588666985472.000000 -0.005568776 -0.038985945 -0.004835496 -0.235274285 0.107290246 -0.115291186 0.959084332
1769786588700317696.000000 -0.004764811 -0.038768589 -0.003397902 -0.235999122 0.106505945 -0.115698241 0.958944619
1769786588733652224.000000 -0.005468502 -0.039069016 -0.004977495 -0.236613497 0.106196158 -0.115226015 0.958884478
1769786588866984448.000000 -0.005408945 -0.039717011 -0.005467267 -0.240435675 0.102615923 -0.112260774 0.958675206
1769786588933652224.000000 -0.005327811 -0.039955251 -0.005261533 -0.242047608 0.101947337 -0.110729635 0.958518982
1769786589066985472.000000 -0.005251252 -0.040321030 -0.005329319 -0.245161355 0.098530173 -0.108929351 0.958291292
1769786589166984192.000000 -0.005149595 -0.040237293 -0.005165670 -0.246054456 0.096639790 -0.106839962 0.958490074
1769786589233651456.000000 -0.005161333 -0.040530887 -0.005678507 -0.245741755 0.094283164 -0.106544510 0.958837807
1769786589300317696.000000 -0.004797341 -0.040430140 -0.005350430 -0.246023670 0.091850750 -0.105444185 0.959123254
1769786589333651712.000000 -0.004576728 -0.040377721 -0.005306304 -0.246020615 0.090866305 -0.104715362 0.959297597
1769786589366984704.000000 -0.004740994 -0.040486142 -0.005608401 -0.245527953 0.089834295 -0.104589947 0.959534705
1769786589633650688.000000 -0.003715221 -0.040570877 -0.005830488 -0.241092607 0.078263775 -0.103525206 0.961785674
1769786589766984448.000000 -0.002750598 -0.040184781 -0.005816149 -0.235638946 0.072651908 -0.100910336 0.963853300
1769786589800317440.000000 -0.002475963 -0.039803848 -0.005949066 -0.234174803 0.070367970 -0.102613240 0.964199722
1769786589833650944.000000 -0.002235294 -0.039742675 -0.005830533 -0.233005643 0.069283672 -0.102619007 0.964560807
1769786589866983680.000000 -0.002187967 -0.039591603 -0.005599736 -0.231890321 0.067834705 -0.102709152 0.964922905
1769786589900316928.000000 -0.002185396 -0.039581668 -0.006083611 -0.230578184 0.066087663 -0.102969177 0.965330780
1769786589933651456.000000 -0.002110654 -0.039578754 -0.006385834 -0.228614151 0.064545766 -0.102660634 0.965934873
1769786590000318720.000000 -0.001322422 -0.039075524 -0.005880064 -0.224943087 0.060648505 -0.104224801 0.966881335
1769786590033652480.000000 -0.000952685 -0.039017856 -0.005195865 -0.223566517 0.059613243 -0.103448391 0.967348278
1769786590067011840.000000 -0.000724856 -0.038768671 -0.005252146 -0.221685231 0.058222901 -0.103282280 0.967883527
1769786590133678336.000000 -0.000221599 -0.038579501 -0.005131774 -0.218359604 0.054374240 -0.105168879 0.968659937
1769786590167011328.000000 0.000085630 -0.038326070 -0.005268320 -0.215384737 0.052401595 -0.104444861 0.969512641
1769786590200343296.000000 0.000529417 -0.037724812 -0.004190338 -0.213390931 0.050552726 -0.105696805 0.969915986
1769786590267011584.000000 0.000376735 -0.037635174 -0.006338737 -0.208357111 0.046345130 -0.107391298 0.971033752
1769786590333678336.000000 0.003679355 -0.036204182 -0.000504801 -0.203445137 0.042504702 -0.107943222 0.972189128
1769786590367011328.000000 0.000802514 -0.037469599 -0.005766534 -0.200432256 0.042177182 -0.107423790 0.972886503
1769786590500344064.000000 0.001659593 -0.037314728 -0.006111695 -0.188774183 0.034096092 -0.110315755 0.975208819
1769786590533679104.000000 0.001734598 -0.037248313 -0.005439172 -0.186316967 0.032489996 -0.110118523 0.975758314
1769786590700343296.000000 0.002128129 -0.037971593 -0.003310887 -0.173176855 0.023511879 -0.110016808 0.978444338
1769786590733678336.000000 0.002422464 -0.036421768 -0.004977835 -0.167181015 0.021132560 -0.110693634 0.979464591
1769786590767011840.000000 0.000583227 -0.036909133 -0.009771949 -0.165778220 0.019968469 -0.112882569 0.979477584
1769786590800344576.000000 0.000194490 -0.036630217 -0.009778202 -0.162992299 0.019891741 -0.112168320 0.980028629
1769786591567010304.000000 0.004823126 -0.032634493 -0.003822047 -0.159267962 -0.029811209 -0.090832040 0.982595861
1769786592933677056.000000 0.008661862 -0.030179098 -0.005479452 -0.145284057 -0.029169366 -0.099543124 0.983937442
1769786593100342272.000000 0.008669835 -0.030756600 -0.006183065 -0.146955565 -0.029438507 -0.098053508 0.983830750
1769786593200342016.000000 0.008737081 -0.031475849 -0.006493343 -0.149220258 -0.029367004 -0.097546220 0.983542383
1769786593400342016.000000 0.008350042 -0.032364856 -0.005410144 -0.155683309 -0.027461672 -0.095217064 0.982823670
1769786593433676288.000000 0.008365507 -0.032702964 -0.006021507 -0.157162443 -0.027670367 -0.095831245 0.982522666
1769786593733676544.000000 0.007556994 -0.034338828 -0.004827148 -0.169243991 -0.024228519 -0.095133737 0.980672717
1769786593833675520.000000 0.007142839 -0.034966856 -0.004879022 -0.173143700 -0.022438981 -0.093807966 0.980162144
1769786594100341760.000000 0.006632439 -0.036423534 -0.004808967 -0.183167204 -0.019598883 -0.093910605 0.978389740
1769786594200340736.000000 0.006362760 -0.037022188 -0.004755185 -0.187194824 -0.017649706 -0.093954951 0.977660000
1769786594233675520.000000 0.006217954 -0.037010115 -0.004610962 -0.188070431 -0.016718538 -0.093676604 0.977535009
1769786594833675520.000000 0.004271726 -0.039246064 -0.003820298 -0.204379126 -0.005508351 -0.094609112 0.974293590
1769786594933676032.000000 0.004271883 -0.039437145 -0.003633610 -0.205985695 -0.003911126 -0.095028266 0.973922074
1769786594967008000.000000 0.004041393 -0.039491624 -0.003814234 -0.206245914 -0.003257340 -0.095234610 0.973849297
1769786595600341504.000000 0.003033151 -0.039484370 -0.003538965 -0.208806813 0.005607144 -0.098147869 0.973003268
1769786595633674496.000000 0.003040073 -0.039546035 -0.003537058 -0.208924726 0.005439759 -0.098399222 0.972953498
1769786596300340224.000000 0.002580929 -0.038888738 -0.003559556 -0.205520377 0.009770180 -0.101381108 0.973338485
1769786596833673984.000000 0.002468967 -0.038540035 -0.003436391 -0.203152761 0.010012273 -0.102380060 0.973728418
1769786596967005952.000000 0.002434823 -0.038552988 -0.003427875 -0.203209206 0.010245507 -0.102593616 0.973691761
1769786597367006720.000000 0.002424984 -0.038442556 -0.003312846 -0.203478113 0.010310376 -0.103609890 0.973527312
1769786597967018752.000000 0.002459651 -0.038435530 -0.003349499 -0.203203604 0.010057852 -0.103449777 0.973604321
1769786598233685760.000000 0.002418795 -0.038449980 -0.003441838 -0.202993438 0.010061178 -0.103627756 0.973629177
