1769786275378433024.000000 0.000000000 0.000000000 0.000000000 -0.000000000 -0.000000000 -0.000000000 1.000000000
1769786284678431488.000000 -0.000069721 0.000471329 0.000547214 0.004155538 0.007717931 -0.010727328 0.999904096
1769786284811765504.000000 -0.000110208 0.000679519 -0.000552692 0.004417335 0.008209964 -0.010196249 0.999904573
1769786285578441472.000000 -0.000906778 0.000235311 0.000410541 0.003919554 0.022498392 -0.010621307 0.999682784
1769786286445107968.000000 -0.002663360 -0.001277807 -0.001825978 -0.012284296 0.043469798 -0.008405081 0.998943865
1769786286511775232.000000 -0.002773050 -0.001554185 -0.001286744 -0.013483289 0.044900365 -0.006770945 0.998877525
1769786286545107456.000000 -0.003018035 -0.001536506 -0.001794209 -0.014817020 0.046015691 -0.005700002 0.998814583
1769786286678441472.000000 -0.003453000 -0.002074678 -0.002533505 -0.018734837 0.048980203 -0.004676666 0.998613060
1769786286811775488.000000 -0.003403591 -0.002326636 -0.002211706 -0.022706917 0.052237649 -0.006064808 0.998358130
1769786286845107968.000000 -0.003397917 -0.002459197 -0.002080270 -0.023556933 0.052512884 -0.007047498 0.998317540
1769786286978441472.000000 -0.003730976 -0.002882782 -0.002027151 -0.028348386 0.055096418 -0.004844611 0.998066783
1769786287011774976.000000 -0.003929704 -0.002935391 -0.002662660 -0.029104201 0.055193465 -0.004439928 0.998041570
1769786287078440704.000000 -0.004179489 -0.003728055 -0.002021734 -0.032020781 0.056533538 -0.003523808 0.997880876
1769786287178440448.000000 -0.004247403 -0.003502794 -0.002334298 -0.034578666 0.057227023 -0.003227128 0.997757018
1769786287278440960.000000 -0.004497101 -0.004292659 -0.002369451 -0.038099576 0.057697076 -0.002438657 0.997603893
1769786287311773696.000000 -0.004474445 -0.004286443 -0.002394474 -0.038472984 0.057826277 -0.002483310 0.997581959
1769786287478440960.000000 -0.004794121 -0.004836520 -0.002834076 -0.042392876 0.058705106 -0.000333537 0.997374773
1769786287678440448.000000 -0.005320438 -0.005095351 -0.003767928 -0.044983022 0.058859143 -0.000123771 0.997252285
1769786288111773696.000000 -0.004725309 -0.005221963 -0.003657049 -0.044718474 0.052908611 0.000307457 0.997597516
1769786288245106688.000000 -0.004867502 -0.005112576 -0.003514816 -0.042254351 0.052302994 -0.001054222 0.997736394
1769786288345106944.000000 -0.004698338 -0.004850704 -0.003386442 -0.039050911 0.051092643 -0.000769973 0.997929871
1769786288511773952.000000 -0.004214297 -0.004246322 -0.002958677 -0.032957438 0.047649290 -0.000942382 0.998319864
1769786288745107456.000000 -0.003439428 -0.003329216 -0.002446057 -0.021124614 0.041221324 -0.001000893 0.998926222
1769786288778439680.000000 -0.003276738 -0.003273496 -0.002198167 -0.019693164 0.040095799 -0.001013625 0.999001265
1769786288878439168.000000 -0.003107515 -0.002781048 -0.002342438 -0.012936820 0.036491364 -0.003107695 0.999245405
1769786288911772928.000000 -0.002781626 -0.002432948 -0.002835111 -0.010051420 0.035574354 -0.004394830 0.999306858
1769786288978440704.000000 -0.002375539 -0.002372593 -0.001890734 -0.004661663 0.032766949 -0.004054432 0.999443948
1769786289078438912.000000 -0.002329361 -0.001633561 -0.002433214 0.004509188 0.029601123 -0.006807957 0.999528408
1769786289111772928.000000 -0.002332217 -0.001450909 -0.001748107 0.007553058 0.028469436 -0.007281872 0.999539614
1769786289211772928.000000 -0.001927931 -0.000837157 -0.001533593 0.017783785 0.022404078 -0.010162109 0.999539137
1769786289245106176.000000 -0.001724662 -0.000592115 -0.001329025 0.020577157 0.019577742 -0.011753807 0.999527454
1769786289278439680.000000 -0.001883890 -0.000313005 -0.001173741 0.024107277 0.016934963 -0.013246918 0.999478161
1769786289345106176.000000 -0.001948376 0.000111871 -0.001567309 0.030416150 0.010920537 -0.012116336 0.999404252
1769786289445106176.000000 -0.001610839 0.000662576 -0.000838017 0.039740577 0.001451450 -0.013174727 0.999122143
1769786289511773696.000000 -0.001359052 0.000835215 0.000566865 0.044379361 -0.004315755 -0.013912662 0.998908579
1769786289545105920.000000 -0.001291514 0.000889435 0.001357230 0.046620265 -0.006949872 -0.012731263 0.998807371
1769786289645105920.000000 -0.000757126 0.001678503 0.000405408 0.049388833 -0.012626832 -0.013699427 0.998605847
1769786289711772672.000000 -0.000839839 0.002252258 -0.001010997 0.052253257 -0.014343145 -0.010261484 0.998478115
1769786289811773184.000000 -0.000200286 0.002445539 0.001469950 0.043570880 -0.011964355 -0.005375055 0.998964250
1769786289845106176.000000 -0.000322720 0.002350635 0.001765766 0.034611978 -0.010735455 -0.005533081 0.999327838
1769786289911772672.000000 -0.000049427 0.002630479 0.001366197 0.022252213 -0.010949401 -0.005240275 0.999678731
1769786289978440192.000000 0.000481021 0.002846805 0.001436100 0.015018593 -0.011832358 -0.005918414 0.999799669
1769786290111772416.000000 0.000998500 0.002964361 0.004449338 0.006028865 -0.011891136 -0.006779105 0.999888182
1769786290245106432.000000 0.000815513 0.003407046 0.003427147 0.002748882 -0.012352892 -0.005130065 0.999906778
1769786290478439424.000000 0.001060328 0.005542967 0.001811655 0.011149826 -0.013899816 -0.009385183 0.999797225
1769786290545105408.000000 0.000995020 0.005719719 0.001768108 0.015534461 -0.014516051 -0.008350480 0.999739110
1769786290645105408.000000 0.001315646 0.006245417 0.001233067 0.023077171 -0.016512705 -0.007664067 0.999567926
1769786290678439168.000000 0.001410470 0.006437047 0.001574127 0.026447486 -0.016487245 -0.006445405 0.999493480
1769786290878438144.000000 0.002098137 0.007110485 0.001981106 0.042620577 -0.019009732 -0.004367101 0.998900950
1769786290911771904.000000 0.001665867 0.007428362 0.001795348 0.045388419 -0.018290905 -0.003186227 0.998796880
1769786291278438400.000000 0.002734272 0.007353808 0.001850306 0.055462278 -0.024060460 -0.000075306 0.998170853
1769786291611771648.000000 0.003286770 0.006334909 0.001095604 0.055348627 -0.029010691 0.000972996 0.998045087
1769786291678437888.000000 0.003536042 0.006132191 0.000678687 0.053779196 -0.030173868 0.000463245 0.998096764
1769786291778437888.000000 0.003543132 0.005431409 0.001147438 0.051631968 -0.030808991 0.000453554 0.998190761
1769786291878437632.000000 0.003297402 0.005376814 0.000125316 0.049365088 -0.031067668 0.002125137 0.998295248
1769786291911771136.000000 0.003924171 0.005796312 -0.000391974 0.048044585 -0.033136528 0.001000875 0.998294890
1769786292078437632.000000 0.003891253 0.004158690 -0.000383183 0.040093407 -0.034459040 0.001264168 0.998600781
1769786292111771648.000000 0.003735251 0.003956791 -0.000861717 0.037962757 -0.034137972 0.000343935 0.998695791
1769786292145105152.000000 0.004557908 0.004870767 -0.002478641 0.038753044 -0.034936883 0.002056913 0.998635769
1769786292211771648.000000 0.003903246 0.003266381 -0.000833646 0.032631781 -0.034966595 0.001910015 0.998853803
1769786292245104384.000000 0.003971577 0.003308219 -0.000030932 0.031501260 -0.035981447 0.000232773 0.998855829
1769786292378437376.000000 0.004386550 0.001852147 -0.001329486 0.023493130 -0.037573893 0.001805949 0.999016047
1769786292411771136.000000 0.004488318 0.001462051 -0.002004447 0.021692272 -0.036952149 0.002813632 0.999077618
1769786292478441216.000000 0.004110478 0.000302288 0.000102607 0.015865374 -0.038038962 0.001154334 0.999149680
1769786292678437376.000000 0.003718372 -0.000897555 -0.000946722 0.002155174 -0.036983959 0.006047530 0.999295235
1769786292745103872.000000 0.003992874 -0.001899785 -0.003039660 -0.002912312 -0.037922785 0.006204781 0.999257207
1769786292778437120.000000 0.004132604 -0.001420062 -0.002484156 -0.004639952 -0.037409086 0.005310274 0.999275148
1769786292845103616.000000 0.004312264 -0.003031662 -0.002188843 -0.011392917 -0.038617123 0.002618568 0.999185681
1769786292878437120.000000 0.005266155 -0.005454151 0.001573893 -0.014685995 -0.039045963 0.003605463 0.999122977
1769786292911770368.000000 0.004150676 -0.004096624 -0.002580003 -0.016774742 -0.038036969 0.002985867 0.999131083
1769786292945103616.000000 0.003208896 -0.003516083 -0.000494828 -0.018124990 -0.038736198 0.001579484 0.999083877
1769786293045103872.000000 0.004552969 -0.005167861 -0.003553403 -0.025843719 -0.039632760 -0.030761918 0.998406231
1769786293078436352.000000 0.004364764 -0.005099873 -0.004989466 -0.027345451 -0.039826266 -0.043907642 0.997866869
1769786293178484480.000000 0.004756687 -0.006769572 -0.004401220 -0.035725407 -0.042941909 -0.086875387 0.994651914
1769786293211816960.000000 0.004881272 -0.007673417 -0.003350264 -0.037216932 -0.043095224 -0.097974725 0.993558586
1769786293378483712.000000 0.004614293 -0.009064169 -0.005565910 -0.046483126 -0.046241697 -0.159797803 0.984969914
1769786293411816960.000000 0.004958502 -0.009701741 -0.005238651 -0.049614601 -0.048808184 -0.174347207 0.982221603
1769786293445150720.000000 0.004706791 -0.009833093 -0.005431751 -0.050567985 -0.049209055 -0.184883147 0.980224252
1769786293545150464.000000 0.004426125 -0.010832055 -0.005160942 -0.055584304 -0.050673526 -0.213440150 0.974056423
1769786293911816704.000000 0.003836155 -0.013413368 -0.006920133 -0.070142157 -0.050023086 -0.298157781 0.950620711
1769786293945150208.000000 0.003804448 -0.013495507 -0.005885240 -0.070820555 -0.049575116 -0.303746223 0.948822975
1769786294011817728.000000 0.003482545 -0.013896916 -0.006611747 -0.072681427 -0.049447864 -0.312242687 0.945926428
1769786294145150720.000000 0.003078214 -0.014407781 -0.006670064 -0.076054133 -0.047530092 -0.326222062 0.941029131
1769786294178483200.000000 0.002791503 -0.014371547 -0.004957460 -0.076655798 -0.047001127 -0.327112913 0.940697551
1769786294211816192.000000 0.002957402 -0.014047719 -0.006233123 -0.076159321 -0.046462689 -0.331256270 0.939313710
1769786294311816448.000000 0.002528824 -0.014347336 -0.006093995 -0.077898704 -0.044378113 -0.334001899 0.938299060
1769786294378482688.000000 0.002143330 -0.014267782 -0.006028885 -0.078065731 -0.041752074 -0.332851946 0.938814223
1769786294445149696.000000 0.001962137 -0.014402691 -0.005791524 -0.078047939 -0.039196093 -0.332217276 0.939150631
1769786294578482432.000000 0.000935115 -0.013535306 -0.006239766 -0.076946512 -0.031629629 -0.322089672 0.943046689
1769786294645149184.000000 0.000589582 -0.013044186 -0.006012182 -0.075897455 -0.027837792 -0.314549923 0.945792258
1769786294711816192.000000 0.000186446 -0.012896443 -0.005676400 -0.074909486 -0.023561470 -0.304368287 0.949312031
1769786294745150464.000000 -0.000098128 -0.012504290 -0.006046926 -0.074033506 -0.021264400 -0.298577726 0.951271951
1769786294778483200.000000 -0.000161124 -0.012256915 -0.005605689 -0.072785296 -0.019428020 -0.291380703 0.953636289
1769786294811817216.000000 -0.000403043 -0.012010335 -0.005469420 -0.071644954 -0.017017104 -0.283878148 0.956028581
1769786294845149696.000000 -0.000695210 -0.011643324 -0.005470580 -0.070408985 -0.013832057 -0.275198221 0.958706021
1769786294945149696.000000 -0.000974237 -0.010024406 -0.005438205 -0.065056816 -0.005148062 -0.245705724 0.967145205
1769786295045149440.000000 -0.001826996 -0.009478624 -0.005832780 -0.060749684 0.003267686 -0.210449338 0.975709915
1769786295078482688.000000 -0.002095771 -0.009014707 -0.005416017 -0.058947749 0.006197908 -0.198694170 0.978267550
1769786295111816448.000000 -0.002666244 -0.008523834 -0.006142472 -0.055947915 0.009158158 -0.187224403 0.980679870
1769786295178481920.000000 -0.002976972 -0.008185171 -0.004002313 -0.051797926 0.014263119 -0.169152692 0.984124482
1769786295211816192.000000 -0.003327653 -0.007468221 -0.005615291 -0.048764739 0.016463671 -0.160977706 0.985615075
1769786295278482944.000000 -0.003257963 -0.007181711 -0.004418321 -0.043345381 0.020559940 -0.152009934 0.987213969
1769786295311815936.000000 -0.002931959 -0.007093079 -0.004533811 -0.041031919 0.021578517 -0.153070867 0.987127185
1769786295378482176.000000 -0.003247095 -0.006658383 -0.003771095 -0.033558585 0.026318066 -0.151687965 0.987507939
1769786295411816192.000000 -0.003385518 -0.006758777 -0.004168152 -0.031038297 0.028428718 -0.150738552 0.987677217
1769786295445149440.000000 -0.003896592 -0.006305151 -0.004512583 -0.026940539 0.032071669 -0.152880222 0.987356722
1769786295511817728.000000 -0.003704824 -0.006103920 -0.004419180 -0.020272590 0.036670532 -0.152865276 0.987358332
1769786295578482432.000000 -0.003938538 -0.005747884 -0.005133714 -0.014229525 0.042792976 -0.154404536 0.986977994
1769786295611815936.000000 -0.003817988 -0.006073757 -0.003869421 -0.011222881 0.046137173 -0.153040454 0.987078547
1769786295645148416.000000 -0.003482278 -0.006044079 -0.003894350 -0.008629532 0.047726143 -0.154452845 0.986809075
1769786295711815680.000000 -0.003798280 -0.005760919 -0.004278469 -0.000939557 0.054697748 -0.154388100 0.986494601
1769786295745148416.000000 -0.003684643 -0.005868903 -0.003214413 0.002052695 0.059474513 -0.153008148 0.986431479
1769786295778481920.000000 -0.003759814 -0.005450756 -0.002834347 0.005098647 0.063892879 -0.154360160 0.985933363
1769786295811816192.000000 -0.003553843 -0.005282042 -0.002531277 0.008050846 0.068411842 -0.155405059 0.985446274
1769786295845148928.000000 -0.003625917 -0.004846959 -0.002529867 0.010342128 0.073681839 -0.155414268 0.985043347
1769786295878482688.000000 -0.003897928 -0.004796505 -0.003616110 0.012894844 0.078356922 -0.156215951 0.984525561
1769786295911815168.000000 -0.004185306 -0.004563985 -0.003411928 0.014773886 0.084121160 -0.155544013 0.984129786
1769786296045149184.000000 -0.003604174 -0.004556035 -0.003145003 0.016181426 0.101201661 -0.165093541 0.980938613
1769786296078481920.000000 -0.003893297 -0.004059693 -0.002994762 0.017322743 0.106087841 -0.165805981 0.980282485
1769786296145149440.000000 -0.003636299 -0.004488531 -0.000837970 0.017309533 0.113720529 -0.168377012 0.978987873
1769786296245149440.000000 -0.003634522 -0.003070388 -0.001381276 0.011659659 0.117688432 -0.170793682 0.978183568
1769786296278481920.000000 -0.004151683 -0.003233845 -0.002471467 0.002275108 0.115181215 -0.166715190 0.979251862
1769786296378481664.000000 -0.003795863 -0.003538870 -0.000105949 -0.019105475 0.106420949 -0.144556105 0.983571589
1769786296445148672.000000 -0.004294464 -0.002413115 -0.001865558 -0.024677698 0.101666696 -0.133729398 0.985480309
1769786296611815424.000000 -0.003787726 -0.001884339 0.000346593 -0.036637288 0.093281828 -0.109860711 0.988881648
1769786296778481152.000000 -0.004456729 -0.001344674 0.002922141 -0.037763406 0.091931365 -0.090809107 0.990896702
1769786296911814144.000000 -0.004268643 -0.000151202 0.002362083 -0.030911149 0.090778552 -0.080807507 0.992105782
1769786296945148416.000000 -0.004180472 0.000206721 0.002043336 -0.028118037 0.090144061 -0.077898540 0.992479324
1769786296978481152.000000 -0.004544933 0.000137113 0.002200069 -0.026746700 0.090595432 -0.075513169 0.992660463
1769786297145148928.000000 -0.005086664 0.001224948 0.001307805 -0.012311030 0.091917507 -0.070386805 0.993199527
1769786297211814912.000000 -0.005120155 0.001353509 0.002190771 -0.006419814 0.092905499 -0.070920773 0.993125200
1769786297578480640.000000 -0.005960797 0.002148708 0.002294451 0.015406752 0.098301776 -0.067452870 0.992748499
1769786297611814656.000000 -0.006213341 0.002186104 0.002717898 0.017176390 0.099814832 -0.065471865 0.992701113
1769786297745148416.000000 -0.006371047 0.002131448 0.002826567 0.018529061 0.101121508 -0.064333178 0.992618978
1769786297978480128.000000 -0.007021520 0.001761077 0.002315351 0.019500244 0.105393611 -0.060152508 0.992418110
1769786298045147904.000000 -0.007324146 0.001483257 0.002081881 0.019660551 0.106915370 -0.059290204 0.992304027
1769786298345147392.000000 -0.007799797 0.000307584 0.002339274 0.012090941 0.111241736 -0.055976037 0.992142022
1769786298445147136.000000 -0.007609384 0.000147025 0.001545612 0.009747128 0.111209117 -0.054266896 0.992266417
1769786298545147648.000000 -0.008791874 -0.000111824 0.000022573 0.005887565 0.114255257 -0.049380776 0.992205977
1769786298645146880.000000 -0.008476348 -0.000951499 0.001282260 0.000615716 0.114643008 -0.050615385 0.992116272
1769786298678480896.000000 -0.008856649 -0.000571133 0.000432060 0.000009730 0.114653394 -0.049642257 0.992164433
1769786298745146624.000000 -0.007530138 -0.001719636 0.002382164 -0.004668220 0.113576733 -0.051676642 0.992173374
1769786298778480128.000000 -0.008728163 -0.001474660 0.000116099 -0.005761468 0.114608623 -0.047989529 0.992234170
1769786299011815168.000000 -0.009615244 -0.003148195 -0.000626791 -0.021992955 0.117213711 -0.046503849 0.991773486
1769786299078480128.000000 -0.010750850 -0.003066142 -0.003293509 -0.027424969 0.117870271 -0.047248177 0.991525114
1769786299111813888.000000 -0.010190394 -0.003906598 -0.002043606 -0.030490033 0.117945299 -0.045853440 0.991492212
1769786299178480128.000000 -0.009366813 -0.005726742 0.000076481 -0.037570160 0.119036347 -0.049484722 0.990944088
1769786299278480384.000000 -0.010470457 -0.006145782 -0.001813745 -0.044724874 0.119091697 -0.042212773 0.990976810
1769786299878479360.000000 -0.010882176 -0.010467852 -0.003366590 -0.085765250 0.113148905 -0.033217143 0.989312053
1769786300111813120.000000 -0.010716806 -0.012457040 -0.004442682 -0.099429205 0.108534358 -0.030561373 0.988635480
1769786300145146368.000000 -0.010340721 -0.012821635 -0.003513435 -0.100810640 0.107097283 -0.029888799 0.988672853
1769786300311813120.000000 -0.010795815 -0.013362686 -0.006606469 -0.106328592 0.102832712 -0.028820898 0.988579333
1769786300445145856.000000 -0.010292282 -0.014066895 -0.006054155 -0.109978281 0.100020066 -0.026183678 0.988541961
1769786300745147392.000000 -0.008187675 -0.013360994 -0.006066353 -0.112136945 0.088239685 -0.026710398 0.989406705
1769786300778479360.000000 -0.008478144 -0.013981586 -0.006028581 -0.112622149 0.088245519 -0.024266392 0.989414036
1769786300911812096.000000 -0.008364179 -0.014579256 -0.006489019 -0.110495217 0.082767852 -0.023171658 0.990153193
1769786301045146112.000000 -0.007652022 -0.014209701 -0.005610722 -0.107812800 0.077452436 -0.023438169 0.990872443
1769786301078478080.000000 -0.007376328 -0.014051903 -0.005622349 -0.106711440 0.075560860 -0.023693537 0.991131604
1769786301111812352.000000 -0.007044060 -0.014125613 -0.005877611 -0.106026955 0.074120343 -0.024671493 0.991289973
1769786301211817472.000000 -0.006646393 -0.013598666 -0.005976774 -0.102554485 0.069487661 -0.024551341 0.991993606
1769786301245150976.000000 -0.006760488 -0.013247740 -0.006993906 -0.099967673 0.068310201 -0.023146303 0.992373168
1769786301311817984.000000 -0.006156542 -0.013120553 -0.006682015 -0.097719140 0.065286450 -0.024367491 0.992771327
1769786301378482944.000000 -0.005700450 -0.012484383 -0.006136718 -0.093440205 0.062439851 -0.024271859 0.993368566
1769786301411817728.000000 -0.005404149 -0.012565008 -0.006010156 -0.092155576 0.060570784 -0.024198825 0.993606031
1769786301445150720.000000 -0.005208837 -0.012217662 -0.006255301 -0.090733066 0.059227586 -0.025796827 0.993777692
1769786301478484736.000000 -0.005147553 -0.012016309 -0.006271980 -0.088864654 0.058203336 -0.025461284 0.994015694
1769786301511819776.000000 -0.004806178 -0.011884430 -0.005948679 -0.087028079 0.056649983 -0.026166299 0.994249582
1769786301578483968.000000 -0.004646430 -0.011470360 -0.006310717 -0.082851656 0.053554256 -0.026253348 0.994775534
1769786301645150720.000000 -0.004210494 -0.010811037 -0.006657390 -0.077743560 0.050890189 -0.027364241 0.995297611
1769786301678484736.000000 -0.003914721 -0.010869715 -0.006091997 -0.076287679 0.049378514 -0.027023874 0.995495737
1769786301711817216.000000 -0.003777802 -0.010899704 -0.006187978 -0.074655898 0.047519226 -0.027759323 0.995689631
1769786301745150208.000000 -0.003578926 -0.010642938 -0.006449522 -0.071822114 0.046207134 -0.027150681 0.995976567
1769786301811818240.000000 -0.003044432 -0.010212319 -0.006105679 -0.066700973 0.042665642 -0.030271469 0.996400654
1769786301878483712.000000 -0.002951366 -0.009723508 -0.007185912 -0.060533211 0.040071413 -0.031307906 0.996870041
1769786302078483456.000000 -0.002252792 -0.008716878 -0.007137464 -0.038519122 0.029732917 -0.032968234 0.998271167
1769786302145150976.000000 -0.002035252 -0.008313604 -0.007103709 -0.031967893 0.025923556 -0.033932075 0.998576343
1769786302245151488.000000 -0.001697295 -0.007750335 -0.007521504 -0.021419942 0.021235706 -0.034444544 0.998951375
1769786302278484224.000000 -0.001947642 -0.007570869 -0.007270844 -0.017831240 0.020056583 -0.035083640 0.999023974
1769786302411816960.000000 -0.001750267 -0.007382936 -0.006878640 -0.006024644 0.009229742 -0.037884545 0.999221385
1769786302478484224.000000 -0.001220592 -0.006885951 -0.006674968 0.001926087 0.001181043 -0.037333015 0.999300361
1769786302511819264.000000 -0.001448187 -0.006713479 -0.007071479 0.004387969 -0.002533422 -0.038813278 0.999233663
1769786302545150976.000000 -0.001330497 -0.006637007 -0.006955991 0.006705824 -0.007051046 -0.039937653 0.999154806
1769786302578483456.000000 -0.001278855 -0.006076368 -0.007103450 0.011361144 -0.011435810 -0.039412420 0.999092996
1769786302611817472.000000 -0.001225802 -0.006156357 -0.006945373 0.015871953 -0.015938805 -0.036798436 0.999069512
1769786302845149952.000000 -0.000546786 -0.004691224 -0.007303685 0.025497872 -0.039389513 -0.029350579 0.998467326
1769786302878482944.000000 -0.000573601 -0.004766549 -0.006958405 0.025736386 -0.039389931 -0.024153521 0.998600364
1769786302945149952.000000 -0.000556479 -0.004566664 -0.007271075 0.009016330 -0.038022477 -0.018875523 0.999057949
1769786303011818240.000000 -0.000205124 -0.004755313 -0.006690164 -0.007366071 -0.034691330 -0.021556336 0.999138474
1769786303245149952.000000 0.000027928 -0.004047506 -0.006351524 -0.029568616 -0.029147936 -0.022183584 0.998891354
1769786303278483200.000000 0.000469694 -0.003436194 -0.006583998 -0.029628005 -0.029247032 -0.023117911 0.998865545
1769786303411816960.000000 0.000362745 -0.002726299 -0.006581421 -0.030279247 -0.027548194 -0.025344616 0.998840272
1769786303478483456.000000 0.000658522 -0.002720797 -0.005312201 -0.028302306 -0.027037242 -0.024548713 0.998932123
1769786303811816960.000000 0.001196814 -0.001089422 -0.007407100 -0.006570922 -0.027148390 -0.027088152 0.999242723
1769786304045149696.000000 0.001811696 -0.000950927 -0.006912318 0.004260766 -0.027870243 -0.024317943 0.999306619
1769786304211816192.000000 0.001889555 -0.001499469 -0.007270145 0.005489922 -0.028476041 -0.022558702 0.999324858
1769786304278482688.000000 0.002189447 -0.001071975 -0.007224448 0.007509943 -0.029367927 -0.024228785 0.999246776
1769786304511817728.000000 0.002323623 -0.001565093 -0.007311819 0.007802323 -0.031909600 -0.021975812 0.999218702
1769786304778482176.000000 0.002451280 -0.002531909 -0.007897302 0.002422846 -0.033974934 -0.020382460 0.999211907
1769786304978481408.000000 0.002754538 -0.003212975 -0.008650096 -0.003589251 -0.036237668 -0.020467354 0.999127150
1769786305011816960.000000 0.002776771 -0.003517688 -0.008070769 -0.005717374 -0.036453966 -0.021285480 0.999092281
1769786305145149184.000000 0.002816079 -0.004777384 -0.007401022 -0.013267650 -0.037581932 -0.020171540 0.999001861
1769786305211814912.000000 0.002945413 -0.005186450 -0.008046815 -0.016351484 -0.037963379 -0.018722776 0.998969913
1769786305245149696.000000 0.002947952 -0.005593681 -0.008469885 -0.018448951 -0.038668640 -0.019035572 0.998900414
1769786305311814912.000000 0.003151398 -0.006114951 -0.008267686 -0.023339497 -0.039137471 -0.019899584 0.998763025
1769786305411814912.000000 0.002933967 -0.006800395 -0.010423744 -0.028222447 -0.039150290 -0.019534592 0.998643696
1769786305445148416.000000 0.003486263 -0.007120117 -0.008590100 -0.031003270 -0.040250435 -0.022006052 0.998466074
1769786305578480896.000000 0.003057024 -0.008692280 -0.009195476 -0.041426286 -0.040161520 -0.022109792 0.998089254
1769786305678481920.000000 0.003412629 -0.009444889 -0.010229026 -0.046771791 -0.040408477 -0.018598991 0.997914672
1769786305711814400.000000 0.003211303 -0.008868576 -0.011927907 -0.050280232 -0.040986147 -0.023464400 0.997617900
1769786305778480128.000000 0.004483394 -0.010902846 -0.006270799 -0.056031190 -0.040060487 -0.019035473 0.997443378
1769786305878480640.000000 0.002854582 -0.011092878 -0.011635606 -0.062926345 -0.039887596 -0.016645262 0.997081816
1769786305945147904.000000 0.002784644 -0.012105502 -0.011391484 -0.068700008 -0.039104212 -0.015844308 0.996744752
1769786305978480640.000000 0.003063343 -0.012058581 -0.010742230 -0.070758410 -0.040328231 -0.021365300 0.996448874
1769786306045148672.000000 0.002724365 -0.013059226 -0.012188510 -0.074767545 -0.041956477 -0.050518721 0.995036364
1769786306078480896.000000 0.002654335 -0.013204392 -0.013138177 -0.077137537 -0.043412689 -0.064836599 0.993962467
1769786306111814656.000000 0.002792015 -0.013751114 -0.013560793 -0.079815626 -0.044929553 -0.078876458 0.992667794
1769786306178481408.000000 0.002968376 -0.014744136 -0.013093182 -0.084491253 -0.047655705 -0.106701069 0.989547908
1769786306211814400.000000 0.002898431 -0.015153567 -0.013998309 -0.086211897 -0.048801765 -0.122024223 0.987570763
1769786306278481408.000000 0.002842333 -0.015947657 -0.013309238 -0.090379886 -0.051061686 -0.146325201 0.983774960
1769786306378480896.000000 0.002702267 -0.016988315 -0.014527662 -0.095167272 -0.055913944 -0.182341620 0.977020144
1769786306611814400.000000 0.002679999 -0.018930916 -0.014498813 -0.106442370 -0.061483290 -0.253205419 0.959571183
1769786306745148928.000000 0.002094353 -0.020106331 -0.014770615 -0.111441039 -0.063380092 -0.286026746 0.949606538
1769786306978479616.000000 0.001785066 -0.021089608 -0.014334409 -0.117906101 -0.063365743 -0.329824477 0.934504569
1769786307078480128.000000 0.001480141 -0.021322031 -0.014749967 -0.119426236 -0.063730843 -0.341291338 0.930159092
1769786307111814656.000000 0.001333131 -0.021555645 -0.014565389 -0.120035529 -0.063263454 -0.343382359 0.929342628
1769786307145147904.000000 0.001367243 -0.021456596 -0.014274836 -0.120966211 -0.062532715 -0.347731411 0.927652776
1769786307245146880.000000 0.001124065 -0.021703832 -0.014044531 -0.122050151 -0.060923453 -0.352545887 0.925798893
1769786307278480896.000000 0.000759369 -0.021547342 -0.014406563 -0.122548424 -0.059870157 -0.353755802 0.925340116
1769786307511816192.000000 -0.000212746 -0.020810833 -0.014165240 -0.121837854 -0.050306302 -0.349201262 0.927730203
1769786307578480128.000000 -0.000758651 -0.020960206 -0.014156996 -0.122462131 -0.046945304 -0.342859358 0.930186331
1769786307611813888.000000 -0.000951158 -0.020726735 -0.014176741 -0.122017227 -0.044510733 -0.339040756 0.931762815
1769786307678480896.000000 -0.001156364 -0.020017495 -0.014226304 -0.119847253 -0.040482983 -0.332052171 0.934740126
1769786307711813632.000000 -0.001188429 -0.019692402 -0.014565352 -0.118748084 -0.037780598 -0.324291378 0.937713504
1769786307745146624.000000 -0.001135531 -0.019814394 -0.013927120 -0.118686594 -0.036193717 -0.320774108 0.938992798
1769786307778480128.000000 -0.001760302 -0.019565018 -0.013595577 -0.118678913 -0.032840468 -0.313860834 0.941450059
1769786307911813376.000000 -0.002023168 -0.018348236 -0.012137344 -0.114062600 -0.020483386 -0.279520899 0.953120232
1769786308011815424.000000 -0.002947914 -0.016835440 -0.011739492 -0.108060144 -0.007977691 -0.241624594 0.964301288
1769786308045147392.000000 -0.003145417 -0.017037217 -0.011651665 -0.106888525 -0.005970150 -0.229797959 0.967332482
1769786308078479872.000000 -0.003308311 -0.016394233 -0.010695318 -0.105133347 -0.001764494 -0.220604241 0.969679177
1769786308111814144.000000 -0.003434478 -0.016174154 -0.010305276 -0.103320964 0.001164526 -0.210445762 0.972129643
1769786308145147136.000000 -0.003384138 -0.016012609 -0.010365127 -0.101418547 0.003231782 -0.200607613 0.974402606
1769786308245148160.000000 -0.003835615 -0.014706458 -0.008094609 -0.094657123 0.012152752 -0.179291844 0.979156137
1769786308311813120.000000 -0.004064313 -0.014683863 -0.010198984 -0.087744527 0.014680736 -0.175776243 0.980401993
1769786308345147136.000000 -0.003910328 -0.014606196 -0.009562077 -0.083962053 0.016780302 -0.173926041 0.981029332
1769786308478479872.000000 -0.004186868 -0.013599653 -0.008676589 -0.067243092 0.028122690 -0.173727319 0.982092798
1769786308545146880.000000 -0.004425210 -0.013478071 -0.008588172 -0.061241470 0.034163345 -0.175709158 0.981941283
1769786308611814144.000000 -0.004539224 -0.012891494 -0.008704416 -0.053615458 0.040165029 -0.174465179 0.982381821
1769786308678479872.000000 -0.003916143 -0.012961092 -0.007845409 -0.047333375 0.045159619 -0.179909199 0.981505394
1769786308711812608.000000 -0.004361459 -0.012729922 -0.008291582 -0.044658836 0.050135784 -0.181425899 0.981109917
1769786308811813888.000000 -0.003965518 -0.012564130 -0.007147899 -0.036014445 0.061560240 -0.180173755 0.981045783
1769786308845146880.000000 -0.003968788 -0.012915296 -0.008304284 -0.037646953 0.066600963 -0.183108181 0.980111480
1769786308878478336.000000 -0.003782901 -0.012094691 -0.007844882 -0.032891821 0.070890434 -0.181597456 0.980262756
1769786308911813376.000000 -0.004521082 -0.011898440 -0.009116198 -0.030952392 0.076500230 -0.183519468 0.979545951
1769786309078501376.000000 -0.004086373 -0.011659562 -0.007459965 -0.027297763 0.098746583 -0.192179561 0.975997448
1769786309645168128.000000 -0.005606845 -0.009809028 -0.008974192 -0.085854605 0.087623551 -0.135965705 0.983089209
1769786311111834624.000000 -0.007817339 -0.005703261 -0.006566687 -0.024261681 0.101097859 -0.086353764 0.990824759
1769786311345167616.000000 -0.008604776 -0.006665245 -0.007105526 -0.029967964 0.105796047 -0.081027262 0.990627944
1769786311578499840.000000 -0.009467129 -0.007663880 -0.007545614 -0.039470535 0.109258674 -0.076568797 0.990273654
1769786311611834112.000000 -0.009522518 -0.007785885 -0.007849246 -0.041312065 0.109367244 -0.076289035 0.990208089
1769786311711833088.000000 -0.009850811 -0.008390952 -0.008413280 -0.047589660 0.109807961 -0.077161036 0.989809930
1769786311811834368.000000 -0.009295512 -0.009440564 -0.006732828 -0.053445052 0.110595860 -0.074876748 0.989598751
1769786312045166592.000000 -0.010743230 -0.010960304 -0.010286497 -0.070527293 0.112625994 -0.078391999 0.988026321
1769786312078498816.000000 -0.010672173 -0.012042634 -0.008770122 -0.074427411 0.113494202 -0.074170940 0.987966776
1769786312145167104.000000 -0.010924310 -0.012822090 -0.007468743 -0.078354590 0.116101280 -0.067237720 0.987856328
1769786312245166336.000000 -0.010526462 -0.013874883 -0.007194251 -0.086641125 0.114785902 -0.070672907 0.987077951
1769786312311832576.000000 -0.010192018 -0.014387012 -0.007069368 -0.092255034 0.114652708 -0.070718303 0.986581326
1769786312378499840.000000 -0.011184040 -0.015294137 -0.008399318 -0.098079674 0.115090474 -0.065415360 0.986334324
1769786312445165568.000000 -0.012076974 -0.016241467 -0.009439454 -0.103241712 0.117436476 -0.062647261 0.985710502
1769786312545166080.000000 -0.011256411 -0.017046593 -0.008695846 -0.110448718 0.114183098 -0.063527405 0.985255063
1769786312745167616.000000 -0.012121869 -0.019299017 -0.009775048 -0.125203520 0.113746420 -0.058372762 0.983858943
1769786313178498560.000000 -0.011847754 -0.022605477 -0.010987800 -0.148885950 0.107468650 -0.057391997 0.981320381
1769786313278499328.000000 -0.012063532 -0.023175722 -0.010209241 -0.152260140 0.105310619 -0.050203886 0.981430650
1769786313445165824.000000 -0.010836842 -0.024035463 -0.010814407 -0.157796651 0.098390922 -0.054838791 0.981026113
1769786313811833088.000000 -0.010124055 -0.024446907 -0.011518582 -0.159407675 0.087727398 -0.046801519 0.982192814
1769786313845165568.000000 -0.009694817 -0.024116784 -0.011452551 -0.158750266 0.085266009 -0.050074641 0.982354641
1769786313878497792.000000 -0.009603849 -0.024217926 -0.012344163 -0.157938361 0.083856054 -0.048565682 0.982682586
1769786313978498048.000000 -0.009070894 -0.024315566 -0.011897067 -0.157024682 0.080651999 -0.048179653 0.983116090
1769786314211831552.000000 -0.007719923 -0.023178978 -0.012883486 -0.148604438 0.069505110 -0.047918715 0.985286534
1769786314245166336.000000 -0.007761986 -0.023004720 -0.012760570 -0.147163883 0.068855330 -0.047775097 0.985555291
1769786314278499328.000000 -0.007424582 -0.022807274 -0.012826072 -0.146351412 0.067028649 -0.048908491 0.985746622
1769786314311831296.000000 -0.007401117 -0.022835620 -0.013067210 -0.144609988 0.066095859 -0.047700875 0.986125708
1769786314411831552.000000 -0.006838589 -0.022210769 -0.013560205 -0.139741942 0.060960714 -0.049330048 0.987077773
1769786314445165056.000000 -0.006574759 -0.021960946 -0.013355532 -0.137669072 0.059619788 -0.049523961 0.987441182
1769786314478498560.000000 -0.006380101 -0.021582384 -0.013405849 -0.135845736 0.058258548 -0.050347783 0.987733245
1769786314511833600.000000 -0.006230316 -0.021604009 -0.012761371 -0.134045944 0.057195902 -0.048205774 0.988148034
1769786314545165312.000000 -0.006015057 -0.021469109 -0.013082010 -0.132856965 0.055571727 -0.049879871 0.988318145
1769786314611831808.000000 -0.005750485 -0.021101434 -0.012642547 -0.128952399 0.053449392 -0.049739171 0.988959312
1769786314745164544.000000 -0.004420475 -0.020088146 -0.012739183 -0.119354926 0.046103589 -0.051318254 0.990452111
1769786314778496768.000000 -0.003797962 -0.019959349 -0.011314782 -0.116869241 0.043923542 -0.051695649 0.990827918
1769786314878498304.000000 -0.003953646 -0.018902697 -0.013373479 -0.106939472 0.039879203 -0.052996356 0.992050886
1769786315045165056.000000 -0.002922113 -0.018358743 -0.014219921 -0.089684770 0.030296311 -0.055983085 0.993933976
1769786315078497024.000000 -0.002996202 -0.017977288 -0.014682367 -0.086352147 0.029051822 -0.054134060 0.994368553
1769786315111832064.000000 -0.002755637 -0.017837992 -0.014293180 -0.083274297 0.027177608 -0.054915234 0.994641185
1769786315211831296.000000 -0.002599379 -0.017215084 -0.014445075 -0.073559098 0.021681942 -0.057109393 0.995418251
1769786315245164544.000000 -0.002498145 -0.017082198 -0.014214329 -0.070010401 0.020597389 -0.056679048 0.995721757
1769786315311830784.000000 -0.001999489 -0.016581485 -0.014444755 -0.063086912 0.015090420 -0.057735864 0.996222317
1769786315478497792.000000 -0.002361549 -0.015934907 -0.015074632 -0.047554057 -0.000481363 -0.057219092 0.997228324
1769786315611831552.000000 -0.001867185 -0.015800890 -0.012867138 -0.036450680 -0.016914796 -0.058763582 0.997462869
1769786315645164288.000000 -0.002002196 -0.014846329 -0.014630159 -0.032007989 -0.021431286 -0.057702694 0.997590423
1769786315745165824.000000 -0.001353763 -0.014851349 -0.012592635 -0.027043261 -0.033472680 -0.051934402 0.997722924
1769786315778498048.000000 -0.001335914 -0.014514502 -0.012537417 -0.025364624 -0.035599034 -0.050927255 0.997745335
1769786315945164288.000000 -0.000433084 -0.013570944 -0.012848759 -0.041678838 -0.039955061 -0.035128601 0.997713625
1769786316078496256.000000 -0.000107024 -0.013023308 -0.012736863 -0.065775193 -0.033739466 -0.037508328 0.996558309
1769786316145165056.000000 -0.000405126 -0.012671673 -0.013515302 -0.071657673 -0.031155534 -0.038296979 0.996206760
1769786316478506240.000000 0.000745999 -0.011597224 -0.011499278 -0.077591062 -0.028512035 -0.042669468 0.995663643
1769786316945172992.000000 0.001723703 -0.009639318 -0.012767578 -0.047160789 -0.028562175 -0.040351279 0.997663200
1769786317678506496.000000 0.003062088 -0.010855128 -0.013040107 -0.043176163 -0.036235847 -0.038306594 0.997675002
1769786317778505984.000000 0.002735352 -0.011001707 -0.013068479 -0.044901107 -0.035814643 -0.035601694 0.997714281
1769786317945172224.000000 0.002668011 -0.011809925 -0.013187689 -0.050984614 -0.036023851 -0.037245527 0.997354329
1769786318111839488.000000 0.003109578 -0.012253267 -0.013905647 -0.056664892 -0.038575716 -0.036527980 0.996978819
1769786318845172480.000000 0.003011873 -0.018372005 -0.015483304 -0.108296752 -0.040746264 -0.035532683 0.992647469
1769786318978504192.000000 0.002930291 -0.019478722 -0.017391196 -0.117663786 -0.040959470 -0.041729711 0.991330504
1769786319045172224.000000 0.002381678 -0.020600649 -0.016395537 -0.123174421 -0.042657349 -0.067492880 0.989167869
1769786319078503680.000000 0.002435104 -0.020972447 -0.015838472 -0.124556065 -0.044921979 -0.080066875 0.987956047
1769786319111838720.000000 0.002811222 -0.021428136 -0.017183881 -0.127629682 -0.048155278 -0.097644985 0.985828161
1769786319211837952.000000 0.002585341 -0.022596292 -0.016996620 -0.132995158 -0.052689966 -0.138260424 0.980010271
1769786319278504960.000000 0.002575574 -0.023080567 -0.016170170 -0.137168556 -0.056522720 -0.164955929 0.975079238
1769786319311837696.000000 0.002618334 -0.023379760 -0.016936138 -0.138268337 -0.059335545 -0.175393462 0.972932816
1769786319411838208.000000 0.002878746 -0.024258373 -0.016223773 -0.143679157 -0.065552332 -0.211886078 0.964449883
1769786319511840000.000000 0.002481953 -0.025125472 -0.017327312 -0.148156315 -0.069206409 -0.243853942 0.955926478
1769786319545171712.000000 0.002556374 -0.025442151 -0.017502723 -0.149051473 -0.070352353 -0.253134459 0.953287542
1769786319578504192.000000 0.002475591 -0.025531985 -0.016866008 -0.150567263 -0.071476199 -0.262556225 0.950413048
1769786319645171200.000000 0.002413718 -0.026048282 -0.018075380 -0.152978286 -0.073580377 -0.280254692 0.944796741
1769786319745170944.000000 0.002217239 -0.026590984 -0.017653812 -0.156306818 -0.076593578 -0.304424345 0.936497450
1769786319878504192.000000 0.001962962 -0.027394334 -0.017708089 -0.159615964 -0.078564748 -0.330592871 0.926854193
1769786319911837440.000000 0.001902007 -0.027463334 -0.017975118 -0.160250574 -0.078210711 -0.334789038 0.925267041
1769786320078503936.000000 0.001340218 -0.028061010 -0.018306054 -0.163712919 -0.078373194 -0.355998069 0.916690350
1769786320111837952.000000 0.001261848 -0.028117556 -0.018240994 -0.164216489 -0.078087479 -0.358861804 0.915507257
1769786320145171712.000000 0.001122262 -0.028052922 -0.018365445 -0.164690778 -0.077604644 -0.361578226 0.914393663
1769786320378504192.000000 0.000340901 -0.027828498 -0.017769542 -0.165672868 -0.072331406 -0.368663818 0.911815584
1769786320445170688.000000 0.000000700 -0.027701430 -0.017843626 -0.165695503 -0.069247924 -0.366903573 0.912760437
1769786320511837184.000000 -0.000239826 -0.027641138 -0.017963620 -0.165565744 -0.065728053 -0.363760710 0.914300799
1769786320645170688.000000 -0.000833631 -0.027083013 -0.017697185 -0.164642245 -0.057083171 -0.351047426 0.920000136
1769786320678504704.000000 -0.001092492 -0.026826479 -0.017999994 -0.164190531 -0.054182660 -0.346082628 0.922134817
1769786320745170432.000000 -0.001376024 -0.026357939 -0.018105218 -0.162274137 -0.048643783 -0.335202605 0.926790237
1769786320778503424.000000 -0.001581887 -0.026171111 -0.018204253 -0.161393434 -0.045223281 -0.328469723 0.929523885
1769786320811838464.000000 -0.001823865 -0.025811717 -0.018307414 -0.160504982 -0.042134952 -0.320506483 0.932597637
1769786320878503424.000000 -0.002120595 -0.025217416 -0.018354470 -0.157460466 -0.034952082 -0.303660095 0.939028800
1769786320911837184.000000 -0.002418111 -0.024887871 -0.017777715 -0.156314358 -0.030762326 -0.294058472 0.942416608
1769786320945170176.000000 -0.002698820 -0.024666362 -0.018588129 -0.155096397 -0.027154800 -0.283261687 0.946028888
1769786320978502400.000000 -0.002935761 -0.024265207 -0.018785834 -0.153345063 -0.023027945 -0.270492077 0.950152099
1769786321011839744.000000 -0.003030432 -0.023919076 -0.018474290 -0.151676387 -0.019158628 -0.259147018 0.953661442
1769786321078502400.000000 -0.003419981 -0.023176592 -0.018050695 -0.147820592 -0.011153539 -0.236443356 0.960270405
1769786321178503424.000000 -0.003898325 -0.022743911 -0.018094663 -0.142198309 -0.001840717 -0.207240552 0.967898548
1769786321211836928.000000 -0.003895254 -0.022428231 -0.018216323 -0.140058026 0.000537805 -0.202879772 0.969135344
1769786321245170432.000000 -0.004134898 -0.022347139 -0.018512843 -0.138104811 0.002787805 -0.198110506 0.970397651
1769786321278503680.000000 -0.003958774 -0.022128837 -0.018208366 -0.134637967 0.004600803 -0.196722314 0.971160054
1769786321345170176.000000 -0.004044325 -0.021771260 -0.017866131 -0.127757445 0.008923712 -0.197005570 0.972001672
1769786321378503168.000000 -0.004188628 -0.021382812 -0.017511128 -0.123455808 0.011964997 -0.196987197 0.972528458
1769786321411837184.000000 -0.004440465 -0.021114996 -0.017225681 -0.119430840 0.014677756 -0.197107300 0.972969472
1769786321445170688.000000 -0.004160509 -0.021234721 -0.017471667 -0.116501532 0.016221156 -0.197527230 0.973214924
1769786321478503680.000000 -0.004449495 -0.021147545 -0.018225236 -0.112563834 0.018888244 -0.198317990 0.973469377
1769786321578503168.000000 -0.004170527 -0.020278042 -0.016642258 -0.102118142 0.028077900 -0.199506521 0.974156380
1769786321611837184.000000 -0.004602711 -0.020318678 -0.017098013 -0.098069422 0.031272482 -0.199350193 0.974507034
1769786321645169664.000000 -0.004153768 -0.020191271 -0.016468240 -0.093974903 0.033238608 -0.200379252 0.974634349
1769786321678503680.000000 -0.004786507 -0.020040793 -0.017444484 -0.090810351 0.036957815 -0.201068193 0.974658489
1769786321745169664.000000 -0.004414456 -0.019812476 -0.017284136 -0.084033422 0.044071551 -0.202404931 0.974694014
1769786321778503424.000000 -0.004357774 -0.019768752 -0.016606657 -0.082471251 0.048194405 -0.203493252 0.974405646
1769786321811837952.000000 -0.004267122 -0.019773114 -0.016466767 -0.080065846 0.052827749 -0.204507425 0.974153697
1769786321845169920.000000 -0.004418532 -0.019357545 -0.016552670 -0.077265732 0.057537388 -0.205332756 0.973939419
1769786321878502656.000000 -0.004407255 -0.019269325 -0.016591424 -0.075183973 0.062483061 -0.205557227 0.973750234
1769786321945169920.000000 -0.004395189 -0.019075312 -0.016724506 -0.071263194 0.071982816 -0.207857504 0.972900450
1769786321978501888.000000 -0.004539243 -0.018883673 -0.016924221 -0.070453979 0.076639406 -0.209811792 0.972183943
1769786322011838208.000000 -0.004236488 -0.018890409 -0.016594717 -0.070082583 0.080398254 -0.212327600 0.971360683
1769786322045170688.000000 -0.004310959 -0.018881399 -0.015499020 -0.069089070 0.085655622 -0.213397667 0.970747769
1769786322078502144.000000 -0.003998189 -0.018408041 -0.016135229 -0.068386123 0.088042304 -0.213564560 0.970547318
1769786322111837440.000000 -0.004177961 -0.018410383 -0.016037621 -0.067910388 0.092178188 -0.216067359 0.969642341
1769786322145170432.000000 -0.004662692 -0.017855795 -0.017450579 -0.066850275 0.095398776 -0.218236059 0.968918562
1769786322311835904.000000 -0.004778150 -0.017646089 -0.016654070 -0.096331716 0.094007291 -0.209660530 0.968465447
1769786322378502912.000000 -0.004736318 -0.017431648 -0.016141996 -0.107921369 0.089470178 -0.196258768 0.970479548
1769786322411836160.000000 -0.005026711 -0.017010961 -0.016929436 -0.110829398 0.088013195 -0.190211952 0.971488535
1769786322511837440.000000 -0.004906720 -0.016329706 -0.015881123 -0.119006947 0.084859043 -0.173239678 0.973973453
1769786322545170688.000000 -0.004845724 -0.016237110 -0.014674695 -0.121166840 0.084675148 -0.168286234 0.974591434
1769786322578502144.000000 -0.005225910 -0.015938185 -0.015617113 -0.122173771 0.084584288 -0.163490131 0.975289702
1769786322645169152.000000 -0.005501095 -0.015364645 -0.015142596 -0.124312401 0.084603272 -0.153607160 0.976623595
1769786322678502912.000000 -0.005533395 -0.014964152 -0.014686782 -0.123352692 0.085470282 -0.149912491 0.977243721
1769786322745169152.000000 -0.005644112 -0.014431905 -0.014492801 -0.122415178 0.084904060 -0.143984184 0.978301764
1769786322878502144.000000 -0.005821829 -0.013483956 -0.014903478 -0.117307708 0.084854729 -0.135268822 0.980173945
1769786322978501888.000000 -0.006223035 -0.012891996 -0.014876637 -0.110481918 0.086250290 -0.129738554 0.981591821
1769786323178502144.000000 -0.006056710 -0.012200247 -0.012888541 -0.094310857 0.087716691 -0.123631224 0.983934224
1769786323211836160.000000 -0.006056512 -0.011930066 -0.013610153 -0.090790547 0.087742880 -0.123161830 0.984321833
1769786323245168896.000000 -0.005928450 -0.011837313 -0.013272338 -0.088077575 0.087854423 -0.123500027 0.984516025
1769786323311835648.000000 -0.006305567 -0.011268170 -0.013902687 -0.081794709 0.088745683 -0.121641725 0.985209227
1769786324178501632.000000 -0.007884723 -0.011794376 -0.013526257 -0.067820415 0.102599032 -0.114813432 0.985744238
1769786324211834880.000000 -0.008093346 -0.012032781 -0.013534375 -0.069104850 0.103319973 -0.115142941 0.985541284
1769786324445197568.000000 -0.009002316 -0.013314763 -0.014693510 -0.076578170 0.107524812 -0.110772595 0.985039949
1769786324511864064.000000 -0.008983307 -0.013420555 -0.013643035 -0.079553492 0.108694576 -0.109744854 0.984790742
1769786324545197824.000000 -0.009169802 -0.013898613 -0.013878874 -0.082226701 0.108829789 -0.111551657 0.984353125
1769786324578530048.000000 -0.009384060 -0.013838484 -0.014250675 -0.083201870 0.109913304 -0.109818101 0.984345734
1769786324678530816.000000 -0.009475340 -0.014141250 -0.014600627 -0.088408053 0.110330172 -0.111044921 0.983707428
1769786324778531328.000000 -0.010235994 -0.014662669 -0.015558629 -0.093489319 0.112299651 -0.107757397 0.983380377
1769786324911863552.000000 -0.011012551 -0.016133836 -0.015134248 -0.102776483 0.115417480 -0.102233581 0.982682109
1769786324945197312.000000 -0.010911851 -0.016244842 -0.014970958 -0.104285218 0.116161644 -0.100819670 0.982581556
1769786324978529024.000000 -0.011363774 -0.016514890 -0.015736531 -0.105753250 0.116111182 -0.099886045 0.982525945
1769786325011864064.000000 -0.011067227 -0.016826509 -0.015068257 -0.108671278 0.116133109 -0.100602776 0.982131720
1769786325078530048.000000 -0.010963652 -0.017599765 -0.014947618 -0.113844067 0.116742067 -0.101205550 0.981411397
1769786325145197312.000000 -0.011058581 -0.017969284 -0.013659002 -0.118740231 0.118018702 -0.100209251 0.980780542
1769786325278530048.000000 -0.011801504 -0.019670436 -0.014491950 -0.129740566 0.119125538 -0.096017316 0.979671955
1769786325345197312.000000 -0.012465835 -0.020339396 -0.014889305 -0.135031715 0.119509332 -0.094373986 0.979069710
1769786325445196544.000000 -0.011844898 -0.021984331 -0.014076725 -0.142139792 0.120606974 -0.089349493 0.978400230
1769786325478530048.000000 -0.011963405 -0.021844266 -0.014218885 -0.144811913 0.119336717 -0.089141831 0.978183031
1769786325545196544.000000 -0.012365839 -0.022942722 -0.014220385 -0.149722308 0.119298510 -0.087696441 0.977578878
1769786325578529792.000000 -0.012872178 -0.023115471 -0.014894783 -0.151910171 0.120322280 -0.085819781 0.977282405
1769786325611863808.000000 -0.013289109 -0.023469988 -0.015878458 -0.154712081 0.119764835 -0.087193273 0.976789594
1769786325645196544.000000 -0.012466271 -0.023523951 -0.014544586 -0.156277046 0.118688427 -0.088397019 0.976563632
1769786325678530048.000000 -0.013235190 -0.024169808 -0.014994343 -0.158036545 0.120063297 -0.083671637 0.976528704
1769786325811864832.000000 -0.013435530 -0.025776671 -0.015991857 -0.167084500 0.117921747 -0.083506070 0.975296915
1769786325878529280.000000 -0.013543077 -0.026428143 -0.016130084 -0.172494158 0.117735669 -0.080772944 0.974607527
1769786325911863296.000000 -0.013756896 -0.026723048 -0.016248222 -0.173736870 0.116533585 -0.083404526 0.974309564
1769786325978528768.000000 -0.013904095 -0.026912555 -0.016620968 -0.176666602 0.116233915 -0.081985295 0.973938882
1769786326045196544.000000 -0.013515046 -0.027360590 -0.016248925 -0.180470169 0.115038417 -0.081153795 0.973452985
1769786326078529280.000000 -0.014130696 -0.028149445 -0.016770104 -0.182311043 0.114708230 -0.081779301 0.973096550
1769786326145197056.000000 -0.013242783 -0.028454686 -0.016005889 -0.185655415 0.112697862 -0.082054205 0.972675920
1769786326178528768.000000 -0.013689838 -0.028644774 -0.016211186 -0.186888799 0.112845227 -0.078906901 0.972683012
1769786326411863296.000000 -0.013311233 -0.029733978 -0.016675882 -0.193789214 0.107109196 -0.075933181 0.972217858
1769786326511863040.000000 -0.012709833 -0.030328715 -0.016432535 -0.196446881 0.103899568 -0.075914063 0.972034276
1769786326545196288.000000 -0.012577910 -0.030319359 -0.016481426 -0.196252972 0.103068665 -0.075607106 0.972185791
1769786326611862784.000000 -0.012539095 -0.030313428 -0.016804945 -0.196797222 0.100903712 -0.074081078 0.972420335
1769786326711862528.000000 -0.012225698 -0.030976010 -0.016510975 -0.198138162 0.098446295 -0.071879946 0.972565114
1769786326745196288.000000 -0.012336138 -0.030738724 -0.016819682 -0.197613984 0.097118728 -0.072724193 0.972742498
1769786326811863296.000000 -0.011961581 -0.030872546 -0.016576428 -0.197565988 0.094838552 -0.071544245 0.973064661
1769786327011864320.000000 -0.010941717 -0.031100716 -0.017047789 -0.195272341 0.086648963 -0.069641598 0.974428415
1769786327078528768.000000 -0.009569707 -0.030407451 -0.015919698 -0.192440480 0.083502904 -0.068360962 0.975356698
1769786327111863040.000000 -0.009666604 -0.030771893 -0.017284017 -0.191539258 0.081540622 -0.068421267 0.975695848
1769786327178528512.000000 -0.008610541 -0.030022725 -0.016244017 -0.189696074 0.078153469 -0.070502959 0.976184845
1769786327211862272.000000 -0.008624054 -0.030318711 -0.017038453 -0.188690022 0.076589175 -0.069375642 0.976584494
1769786327411862016.000000 -0.007151812 -0.029316608 -0.016671548 -0.179341897 0.068460107 -0.067378692 0.979086220
1769786327445195520.000000 -0.006750704 -0.029461998 -0.016232220 -0.177452669 0.067569420 -0.065693609 0.979606748
1769786327478529024.000000 -0.006374257 -0.028871089 -0.015699442 -0.175747842 0.065673612 -0.066980906 0.979955733
1769786327511861760.000000 -0.006256017 -0.028780976 -0.016460823 -0.173872426 0.063795619 -0.068137646 0.980334520
1769786327545195520.000000 -0.005659779 -0.028512243 -0.016127069 -0.171714321 0.062253255 -0.066994295 0.980892718
1769786327578528512.000000 -0.005566398 -0.028068688 -0.015887808 -0.170136526 0.060872905 -0.068012722 0.981184125
1769786327611862784.000000 -0.005060588 -0.028093470 -0.015714386 -0.168911979 0.059319988 -0.068574220 0.981451690
1769786327645195008.000000 -0.005060012 -0.028291907 -0.017147103 -0.166227892 0.057561293 -0.068950631 0.981988192
1769786327711861760.000000 -0.003923002 -0.027587639 -0.017047236 -0.161495373 0.053226031 -0.070330128 0.982924163
1769786327745195520.000000 -0.003996922 -0.027181085 -0.016951174 -0.158987582 0.052309971 -0.070188612 0.983392239
1769786327778528768.000000 -0.003436614 -0.026913105 -0.017052863 -0.156397581 0.049739610 -0.071259767 0.983863771
1769786327811863296.000000 -0.003078692 -0.026893891 -0.015903909 -0.154033378 0.048278108 -0.071264133 0.984309077
1769786328011862016.000000 -0.002224515 -0.025569825 -0.016736569 -0.134370714 0.038444430 -0.074863374 0.987351060
1769786328045195520.000000 -0.002345049 -0.025402863 -0.016877821 -0.130912185 0.036752358 -0.073566422 0.987977326
1769786328145195520.000000 -0.001744015 -0.024541790 -0.016922077 -0.120923221 0.030302310 -0.074958913 0.989363730
1769786328211861504.000000 -0.001409401 -0.024421906 -0.016753888 -0.114521146 0.026622988 -0.076582208 0.990106761
1769786328245195008.000000 -0.001243091 -0.024265822 -0.015929462 -0.111474447 0.025979510 -0.076855704 0.990450263
1769786328311861248.000000 -0.001372558 -0.023957076 -0.015919244 -0.104803987 0.021547252 -0.077152409 0.991261542
1769786328478528512.000000 -0.000638253 -0.023314416 -0.014436991 -0.091039255 0.004158874 -0.080478184 0.992581427
1769786328511863552.000000 -0.000244796 -0.022948358 -0.013639600 -0.087706245 -0.000243924 -0.080127887 0.992918491
1769786328545195264.000000 -0.000439615 -0.022789858 -0.014302326 -0.083481707 -0.004804521 -0.078961469 0.993364394
1769786328578528000.000000 -0.000060258 -0.022346899 -0.014097772 -0.079653509 -0.009703619 -0.077469274 0.993760407
1769786328611862016.000000 -0.000043144 -0.022549057 -0.013888345 -0.077622712 -0.013611542 -0.076504424 0.993950009
1769786328645194752.000000 -0.000055292 -0.022144491 -0.013476619 -0.074548937 -0.018212698 -0.075050093 0.994222462
1769786328711860992.000000 0.000230480 -0.022113513 -0.013141748 -0.071720831 -0.026257169 -0.073680826 0.994352996
1769786328745194496.000000 0.000137640 -0.021866962 -0.013278225 -0.070039891 -0.029049845 -0.070428640 0.994630754
1769786328811862016.000000 0.000551750 -0.021361090 -0.012661044 -0.068849809 -0.033284597 -0.067575336 0.994779110
1769786328845194752.000000 0.000569447 -0.021219026 -0.012550191 -0.068780072 -0.033874128 -0.063068949 0.995059907
1769786328945194752.000000 0.001766680 -0.020621156 -0.011263386 -0.088680275 -0.031300358 -0.055313565 0.994030416
1769786328978526720.000000 0.001256551 -0.020798981 -0.011270658 -0.096027911 -0.028545819 -0.053701151 0.993519008
1769786329011861248.000000 0.001351937 -0.020664381 -0.011125859 -0.103384674 -0.026832102 -0.054634545 0.992777288
1769786329045195520.000000 0.001452709 -0.020418976 -0.010480439 -0.108647525 -0.025105549 -0.056005899 0.992183864
1769786329145195008.000000 0.001741966 -0.020638382 -0.010839991 -0.118043087 -0.022246541 -0.057066143 0.991117775
1769786329211861248.000000 0.001962774 -0.020512607 -0.010323483 -0.122465931 -0.021135073 -0.056931186 0.990613103
1769786329478527232.000000 0.001698692 -0.019999588 -0.012680193 -0.122375816 -0.019923288 -0.058035586 0.990585208
1769786329511861248.000000 0.001710530 -0.019991281 -0.012674938 -0.121516347 -0.019646417 -0.058274921 0.990682483
1769786329645193728.000000 0.002286017 -0.019471021 -0.012950411 -0.112549841 -0.019671962 -0.058164902 0.991747141
1769786329778525696.000000 0.002499734 -0.019402407 -0.013485149 -0.103121124 -0.019843990 -0.058104053 0.992771983
1769786329811861504.000000 0.002963290 -0.019341554 -0.013001381 -0.100887276 -0.020245966 -0.058222786 0.992986381
1769786329878527488.000000 0.002745083 -0.019094625 -0.013816291 -0.097149551 -0.020127380 -0.057262916 0.993417263
1769786330611860736.000000 0.004001322 -0.020513898 -0.014673244 -0.089383394 -0.026639214 -0.052923132 0.994233429
1769786330645193216.000000 0.004005682 -0.020344872 -0.014555184 -0.089253739 -0.026389230 -0.052455865 0.994276524
1769786330745193472.000000 0.004283012 -0.019976564 -0.014280274 -0.091186523 -0.027213374 -0.051855601 0.994110405
1769786330778527488.000000 0.004154053 -0.021221248 -0.014586271 -0.092612810 -0.027196269 -0.050568551 0.994045317
1769786330811860992.000000 0.004095804 -0.021308405 -0.014911846 -0.093388416 -0.027653733 -0.050994840 0.993938386
1769786331045194496.000000 0.004402898 -0.022903370 -0.015097022 -0.103228912 -0.030139888 -0.051855125 0.992847621
1769786331078526720.000000 0.004188162 -0.022994539 -0.015364745 -0.104856364 -0.030048992 -0.050953247 0.992726505
1769786331111860736.000000 0.004257015 -0.023357540 -0.015365905 -0.106277645 -0.030104520 -0.050050259 0.992619634
1769786331178526208.000000 0.004283890 -0.023545654 -0.015508698 -0.110849693 -0.030631522 -0.050052002 0.992103279
1769786331211859712.000000 0.004011340 -0.023730297 -0.017470824 -0.112056769 -0.031240966 -0.049725331 0.991965055
1769786331411860224.000000 0.004572188 -0.025537416 -0.015360899 -0.125356033 -0.031886261 -0.050163232 0.990329623
1769786331578526208.000000 0.005248486 -0.027180770 -0.013687794 -0.137237236 -0.032091517 -0.051000439 0.988703728
1769786331611859712.000000 0.004412246 -0.028564967 -0.014797056 -0.140197411 -0.031818181 -0.050310921 0.988332510
1769786331645192960.000000 0.004354012 -0.028513642 -0.016552784 -0.142001867 -0.031701554 -0.052012425 0.987990499
1769786331711859456.000000 0.003966141 -0.028830698 -0.017851371 -0.146391898 -0.031297658 -0.051526345 0.987387896
1769786331778525184.000000 0.004129939 -0.029380973 -0.016041312 -0.151655406 -0.031033084 -0.050720233 0.986643374
1769786331845193472.000000 0.004137283 -0.029471163 -0.017300736 -0.156323448 -0.030606830 -0.050374240 0.985945582
1769786331945192704.000000 0.004030498 -0.029917484 -0.016339116 -0.164736643 -0.029145835 -0.049036048 0.984686673
1769786331978524416.000000 0.004089043 -0.030010821 -0.016636694 -0.167246163 -0.031425055 -0.060456365 0.983557940
1769786332011859968.000000 0.003942985 -0.030372599 -0.017082319 -0.169742867 -0.033818673 -0.075573921 0.982004225
1769786332111859712.000000 0.003971254 -0.030992003 -0.016626380 -0.175864518 -0.041315768 -0.115938626 0.976689756
1769786332178525696.000000 0.004090819 -0.031187791 -0.017001297 -0.180364192 -0.047041669 -0.144797504 0.971745610
1769786332211859200.000000 0.003521316 -0.031659756 -0.018266439 -0.181991234 -0.049396422 -0.157486349 0.969348848
1769786332278526720.000000 0.003100896 -0.032192703 -0.019388419 -0.184959367 -0.054376602 -0.181820467 0.964248180
1769786332311858944.000000 0.003053963 -0.032610707 -0.019369515 -0.187152609 -0.057258837 -0.194699347 0.961138666
1769786332445194240.000000 0.002402632 -0.031909768 -0.021181928 -0.193174124 -0.066449463 -0.240685523 0.948861837
1769786332478528000.000000 0.002850052 -0.032099195 -0.021587720 -0.193983316 -0.068326816 -0.250882357 0.945917547
1769786332545194496.000000 0.002451520 -0.032585159 -0.021394143 -0.196858451 -0.071914338 -0.271407932 0.939368367
1769786332578526720.000000 0.002400903 -0.033051755 -0.021635419 -0.198371425 -0.072902158 -0.280172169 0.936396062
1769786333045194240.000000 0.001058447 -0.035366025 -0.021310076 -0.211364299 -0.083028056 -0.369509101 0.901051939
1769786333111860736.000000 0.001110079 -0.035493813 -0.020999048 -0.211928681 -0.083961718 -0.376025110 0.898132384
1769786333178526976.000000 0.000787775 -0.035380561 -0.021089122 -0.212558299 -0.082909361 -0.380796880 0.896068513
1769786333245192960.000000 0.000479933 -0.035402931 -0.021020172 -0.213095278 -0.082114778 -0.383412540 0.894897997
1769786333278526976.000000 0.000376767 -0.035268340 -0.021054085 -0.213075563 -0.081076249 -0.384612948 0.894482136
1769786333345193984.000000 0.000178513 -0.035312098 -0.021074329 -0.213511690 -0.079435207 -0.385022908 0.894349039
1769786333411860992.000000 -0.000011321 -0.035075407 -0.021197373 -0.213213742 -0.076801553 -0.385278702 0.894540012
1769786333478526464.000000 -0.000538603 -0.035102431 -0.021637609 -0.213353530 -0.073286153 -0.382523268 0.895982921
1769786333511859712.000000 -0.000641033 -0.034807809 -0.020913562 -0.213133737 -0.071027920 -0.380626470 0.897024274
1769786333578526464.000000 -0.001096093 -0.034325428 -0.020754065 -0.212645173 -0.066036627 -0.374856323 0.899946630
1769786333611859968.000000 -0.001134886 -0.034233220 -0.021367809 -0.212247521 -0.064006649 -0.371199042 0.901701391
1769786333645193216.000000 -0.001399220 -0.034158580 -0.020880796 -0.212121159 -0.061323609 -0.367000967 0.903633952
1769786333678526464.000000 -0.001717998 -0.034100767 -0.021145033 -0.211830944 -0.058353864 -0.362132579 0.905860126
1769786333745193472.000000 -0.001964478 -0.033181466 -0.021021862 -0.209785551 -0.052504376 -0.352198303 0.910598516
1769786333845193216.000000 -0.002755781 -0.032430675 -0.021181399 -0.206980795 -0.041259665 -0.329008549 0.920440078
1769786333878526208.000000 -0.002364100 -0.031662766 -0.021016937 -0.204852253 -0.038168233 -0.321206331 0.923799396
1769786333911859200.000000 -0.002344346 -0.031414468 -0.020353243 -0.204073548 -0.033782434 -0.311538815 0.927446127
1769786333945193216.000000 -0.002589111 -0.031111754 -0.019701466 -0.202637583 -0.028798111 -0.299381703 0.931922376
1769786333978524416.000000 -0.002876088 -0.031274281 -0.020482220 -0.201742858 -0.024236608 -0.287492663 0.935980976
1769786334011859456.000000 -0.003379003 -0.030199323 -0.020812228 -0.199447259 -0.019647274 -0.275974303 0.940038800
1769786334045193728.000000 -0.003582015 -0.029731628 -0.021234289 -0.197657645 -0.015786698 -0.267061949 0.943058908
1769786334078525696.000000 -0.003205879 -0.029670555 -0.019930011 -0.196219638 -0.012061602 -0.256761074 0.946269631
1769786334111860480.000000 -0.003205014 -0.029332921 -0.019746358 -0.194310129 -0.008536283 -0.248252541 0.948968589
1769786334145193216.000000 -0.003198673 -0.028740911 -0.019330049 -0.191898480 -0.004712528 -0.238275647 0.952038586
1769786334178526464.000000 -0.003529254 -0.028809177 -0.020656832 -0.189933956 -0.001809930 -0.231657743 0.954073668
1769786334245192704.000000 -0.003669186 -0.028349286 -0.019970745 -0.185210690 0.003870237 -0.221326023 0.957442880
1769786334278526208.000000 -0.003276452 -0.027983556 -0.018646510 -0.182196721 0.005765277 -0.220162839 0.958279431
1769786334311859200.000000 -0.003554161 -0.027648019 -0.019083910 -0.179455012 0.007484746 -0.221941978 0.958374500
1769786334378525696.000000 -0.004566597 -0.026930319 -0.019686364 -0.169821844 0.013972866 -0.220427871 0.960404515
1769786334445192704.000000 -0.003478923 -0.026589993 -0.017590072 -0.162099868 0.018670391 -0.221288309 0.961460650
1769786334511860736.000000 -0.003981104 -0.026149822 -0.017661216 -0.155796632 0.024218984 -0.223164424 0.961945176
1769786334611859200.000000 -0.003498890 -0.025468484 -0.016978897 -0.145202890 0.031994298 -0.227464259 0.962368190
1769786334678525952.000000 -0.003321721 -0.025276590 -0.016424781 -0.137982786 0.037901115 -0.229115918 0.962824047
1769786334711858688.000000 -0.003358853 -0.025177797 -0.016679822 -0.134527847 0.040816311 -0.229710430 0.963052154
1769786334745192192.000000 -0.003501617 -0.025190718 -0.016815707 -0.131993070 0.045007944 -0.230938956 0.962922275
1769786334778525440.000000 -0.002924791 -0.024743810 -0.015959898 -0.128748775 0.049246520 -0.231689796 0.962973714
1769786334811859712.000000 -0.003051881 -0.024552666 -0.015975824 -0.126341343 0.053452548 -0.232724458 0.962818801
1769786334878525440.000000 -0.003317103 -0.024688996 -0.016291171 -0.123092793 0.062532924 -0.234495759 0.962262690
1769786334945192192.000000 -0.002876717 -0.023951434 -0.015982101 -0.117804870 0.071246810 -0.236507550 0.961826444
1769786334978524928.000000 -0.003019289 -0.024365913 -0.015972657 -0.117480628 0.076204412 -0.236244813 0.961550653
1769786335011859456.000000 -0.002677824 -0.023933724 -0.015743731 -0.115688898 0.079983681 -0.239833042 0.960572183
1769786335078524416.000000 -0.003252420 -0.023903923 -0.016202470 -0.115084626 0.088627078 -0.244341373 0.958748221
1769786335111858944.000000 -0.002835551 -0.023322050 -0.015366415 -0.114025421 0.091307417 -0.245782718 0.958254695
1769786335178524928.000000 -0.003032223 -0.023403170 -0.015435241 -0.114114977 0.096134588 -0.250602901 0.956521869
1769786335211858688.000000 -0.002711189 -0.023161869 -0.014759080 -0.118131749 0.096149847 -0.251493812 0.955798626
1769786335378524928.000000 -0.003941058 -0.022965271 -0.016186841 -0.154875189 0.091742024 -0.225607634 0.957443655
1769786335511858688.000000 -0.003686922 -0.021564284 -0.014998998 -0.165745184 0.089135744 -0.201656491 0.961206555
1769786335578525184.000000 -0.003392814 -0.020533418 -0.013625540 -0.168132901 0.089337178 -0.192396909 0.962670028
1769786335645191680.000000 -0.003924203 -0.020617215 -0.013842156 -0.169693068 0.090630591 -0.180593416 0.964560211
1769786335678524928.000000 -0.004375076 -0.020251874 -0.014565751 -0.170044705 0.090336621 -0.179618537 0.964707851
1769786335745191936.000000 -0.004222654 -0.019719353 -0.013871069 -0.169116884 0.090303279 -0.172848225 0.966109872
1769786335778524416.000000 -0.004343947 -0.019787654 -0.014339987 -0.168785095 0.090192869 -0.170294449 0.966631591
1769786335811858944.000000 -0.004183485 -0.019417424 -0.013428492 -0.167948693 0.090863965 -0.168254241 0.967071652
1769786336145192448.000000 -0.003780117 -0.017754264 -0.012568971 -0.144747362 0.092205130 -0.150468662 0.973604441
1769786336178524672.000000 -0.003782132 -0.017785620 -0.012294629 -0.142162755 0.092071518 -0.150339499 0.974017799
1769786336245191936.000000 -0.004334095 -0.017188901 -0.012823571 -0.135030612 0.093205422 -0.149772808 0.975011587
1769786336345191680.000000 -0.004243256 -0.017038457 -0.012719122 -0.127712399 0.094558634 -0.145739138 0.976477504
1769786336378524672.000000 -0.004118541 -0.016953913 -0.012514004 -0.125651494 0.094054855 -0.147981524 0.976456285
1769786337011857920.000000 -0.005109011 -0.016999807 -0.011884605 -0.113208525 0.102940544 -0.144460678 0.977608383
1769786337211857664.000000 -0.005937864 -0.017767819 -0.012703816 -0.117612548 0.106746309 -0.143854141 0.976769447
1769786337245190912.000000 -0.006037051 -0.017971333 -0.012325383 -0.118310846 0.107654005 -0.142893612 0.976726472
1769786337345190912.000000 -0.006226184 -0.018314268 -0.012846243 -0.121176884 0.109219201 -0.141361505 0.976424217
1769786337445190656.000000 -0.006720439 -0.018720908 -0.013123657 -0.125111848 0.111110143 -0.139718875 0.975950897
1769786337511858432.000000 -0.007072223 -0.019044615 -0.013751161 -0.127332941 0.112048082 -0.142114103 0.975210309
1769786337545191936.000000 -0.007040831 -0.019015694 -0.013493450 -0.128800750 0.112940796 -0.140256956 0.975183427
1769786337578523648.000000 -0.006907010 -0.019248439 -0.013447885 -0.131020501 0.113044389 -0.141519651 0.974693179
1769786337645190400.000000 -0.007728025 -0.019891197 -0.014136799 -0.134382337 0.114540882 -0.139879405 0.974297464
1769786337745190656.000000 -0.007598171 -0.020027261 -0.014217047 -0.138319090 0.115633488 -0.137223497 0.973995090
1769786337778523136.000000 -0.008265364 -0.020694593 -0.014084891 -0.140766680 0.117301010 -0.134247825 0.973859727
1769786337811857920.000000 -0.008226368 -0.020891445 -0.013913705 -0.143059313 0.117396593 -0.135281175 0.973370969
1769786338011857664.000000 -0.008923077 -0.023049761 -0.014042314 -0.157225668 0.121022709 -0.131242871 0.971292377
1769786338045191424.000000 -0.009163242 -0.023428300 -0.014135960 -0.160217419 0.121633112 -0.131429732 0.970701814
1769786338078522880.000000 -0.009456614 -0.023604654 -0.013530580 -0.162391365 0.122629784 -0.128494635 0.970608115
1769786338111857152.000000 -0.009598419 -0.023799520 -0.014488018 -0.164623693 0.122132383 -0.129441246 0.970168948
1769786338145190912.000000 -0.009833779 -0.024240755 -0.014336647 -0.166803524 0.123228215 -0.128014252 0.969847262
1769786338178523392.000000 -0.009940197 -0.024426334 -0.014207354 -0.169493526 0.123508289 -0.128352672 0.969300389
1769786338211856896.000000 -0.009916708 -0.024621656 -0.015349464 -0.171510458 0.122508205 -0.130124733 0.968836129
1769786338245190144.000000 -0.010316102 -0.025041820 -0.015288200 -0.174363494 0.123492740 -0.128645241 0.968399346
1769786338278524928.000000 -0.010292054 -0.025374204 -0.014728137 -0.177174926 0.124381818 -0.125906229 0.968135238
1769786338345190656.000000 -0.010325859 -0.026117960 -0.014359216 -0.182056457 0.124892689 -0.124177508 0.967386782
1769786338411856896.000000 -0.010517140 -0.027372558 -0.014303055 -0.188325435 0.124632783 -0.123664305 0.966285348
1769786338445190400.000000 -0.010876729 -0.027632967 -0.013763431 -0.190228119 0.126265660 -0.120234095 0.966133595
1769786338478523904.000000 -0.011029320 -0.028317651 -0.014050303 -0.192980573 0.125716418 -0.121500857 0.965500593
1769786338511856896.000000 -0.010854954 -0.028262734 -0.013390774 -0.195582271 0.125953242 -0.120606951 0.965058208
1769786338545191680.000000 -0.011194537 -0.028811630 -0.014672602 -0.199061021 0.124734730 -0.121313252 0.964416444
1769786338578522880.000000 -0.011367419 -0.028926475 -0.015054611 -0.199942648 0.125700578 -0.119054981 0.964390099
1769786338645189632.000000 -0.011332468 -0.029399386 -0.013531361 -0.203840122 0.125893593 -0.116780631 0.963826954
1769786338745189376.000000 -0.011597919 -0.030685201 -0.014343658 -0.211080164 0.124486573 -0.117965728 0.962305784
1769786338778522112.000000 -0.012164754 -0.031221200 -0.014393293 -0.213068873 0.124884732 -0.115979828 0.962057292
1769786338845189888.000000 -0.012206054 -0.031700626 -0.015249634 -0.216663167 0.124798700 -0.115534797 0.961318910
1769786338878523392.000000 -0.011378841 -0.031960387 -0.013518521 -0.219668671 0.123128235 -0.115692608 0.960833192
1769786338945189888.000000 -0.012553673 -0.032986376 -0.015448956 -0.223534986 0.123057239 -0.113997355 0.960152924
1769786338978522880.000000 -0.012573613 -0.033341445 -0.015379913 -0.224827141 0.123011731 -0.112150207 0.960074604
1769786339011858176.000000 -0.012354333 -0.033565145 -0.015333102 -0.225893602 0.122214966 -0.112725854 0.959858537
1769786339045190656.000000 -0.012076523 -0.033688124 -0.014746489 -0.227872521 0.122233108 -0.111982852 0.959475398
1769786339111856640.000000 -0.011983713 -0.034368951 -0.015143675 -0.231851965 0.120539814 -0.112472497 0.958678663
1769786339378522112.000000 -0.011944983 -0.035900980 -0.015479755 -0.240684047 0.114890836 -0.108933806 0.957603633
1769786339411855872.000000 -0.011582773 -0.036059041 -0.015269157 -0.241477340 0.113109522 -0.110366434 0.957451940
1769786339611856128.000000 -0.010623153 -0.036403194 -0.015042960 -0.244687036 0.107749917 -0.106699318 0.957670867
1769786339745188864.000000 -0.010216558 -0.036843136 -0.015053541 -0.245054141 0.103433706 -0.104314461 0.958315432
1769786339778523136.000000 -0.010226978 -0.037054125 -0.015567914 -0.245143622 0.102253161 -0.104510531 0.958397865
1769786339811856640.000000 -0.009886689 -0.037027005 -0.014751296 -0.245189980 0.101482034 -0.104156278 0.958506525
1769786340111872768.000000 -0.007791903 -0.036636077 -0.016198736 -0.240029395 0.087032653 -0.104646437 0.961176515
1769786340178538752.000000 -0.007755362 -0.036506247 -0.016206125 -0.237815589 0.085300691 -0.103135787 0.962044954
1769786340211872000.000000 -0.007194602 -0.036347140 -0.016145354 -0.236746058 0.083182596 -0.104736172 0.962321341
1769786340278538496.000000 -0.006302245 -0.035572343 -0.015818035 -0.233690038 0.080055989 -0.103645064 0.963450909
1769786340345206272.000000 -0.006664304 -0.035857312 -0.016546726 -0.231350392 0.077754736 -0.104315661 0.964131415
1769786340378538496.000000 -0.005449026 -0.035229467 -0.015504656 -0.230160415 0.075689055 -0.105122127 0.964492977
1769786340411872512.000000 -0.005466727 -0.034951355 -0.016426750 -0.228410035 0.073609062 -0.105856501 0.964989662
1769786340511874048.000000 -0.004573477 -0.034621973 -0.016897060 -0.222334832 0.067777313 -0.106768951 0.966733575
1769786340545206016.000000 -0.004355628 -0.034263924 -0.016831016 -0.220730767 0.066292040 -0.106623299 0.967220128
1769786340578538496.000000 -0.003909244 -0.033997010 -0.016504275 -0.218955830 0.064753480 -0.107620798 0.967617273
1769786340611872512.000000 -0.003541246 -0.034058891 -0.015579440 -0.217892572 0.063679837 -0.106471404 0.968055546
1769786340645204992.000000 -0.003312841 -0.033712413 -0.015499198 -0.215716362 0.062227078 -0.106361032 0.968649328
1769786340711871744.000000 -0.002876836 -0.033289284 -0.015793502 -0.211576268 0.059129160 -0.107266024 0.969656229
1769786340745205248.000000 -0.003094191 -0.033075396 -0.017027551 -0.209510460 0.058372356 -0.105852149 0.970305800
1769786340911872256.000000 -0.002111499 -0.031875003 -0.017421758 -0.194310069 0.048221495 -0.110975564 0.973448932
1769786341045206784.000000 -0.000847190 -0.031340111 -0.014859269 -0.181949511 0.041198682 -0.110289909 0.976234198
1769786341111872256.000000 -0.000715814 -0.031426422 -0.015721023 -0.177334592 0.037187539 -0.110496908 0.977220535
1769786341178538240.000000 -0.000273892 -0.030998828 -0.014918990 -0.171350062 0.032882486 -0.111014143 0.978383243
1769786341211871488.000000 -0.000354774 -0.030811496 -0.015495556 -0.168138757 0.031468518 -0.112330019 0.978836596
1769786341278539776.000000 -0.000092504 -0.030568574 -0.014775332 -0.161023065 0.028099375 -0.110037394 0.980394721
1769786341378537728.000000 0.000103993 -0.029808123 -0.014744104 -0.150651872 0.018899338 -0.109642915 0.982306123
1769786341411872000.000000 0.000675322 -0.029775020 -0.013185148 -0.150348634 0.015324786 -0.112294614 0.982115269
1769786341445205248.000000 0.000389210 -0.029855696 -0.013745931 -0.146455243 0.011179167 -0.110371768 0.982977092
1769786341478539008.000000 0.000906980 -0.029553903 -0.013883149 -0.143659115 0.007279872 -0.112235762 0.983215272
1769786341511871744.000000 0.000798193 -0.029061137 -0.014098150 -0.139829621 0.001908905 -0.112824373 0.983724952
1769786341545206784.000000 0.000969221 -0.029107399 -0.013860981 -0.137798980 -0.002492661 -0.113118440 0.983976364
1769786341611872000.000000 0.001145264 -0.028235944 -0.013716182 -0.130173326 -0.011523608 -0.108717702 0.985445380
1769786341678538752.000000 0.001278665 -0.028184004 -0.013593996 -0.127223745 -0.020191012 -0.107029296 0.985875845
1769786341811872256.000000 0.001682883 -0.027249558 -0.013589634 -0.121761143 -0.029927084 -0.095247053 0.987525523
1769786341845204992.000000 0.001857200 -0.027241718 -0.013838283 -0.120829754 -0.030437833 -0.092923485 0.987845659
1769786341878537472.000000 0.001756359 -0.027081432 -0.013182416 -0.124125779 -0.028292663 -0.087947004 0.987956285
1769786342145205248.000000 0.002509053 -0.025859874 -0.011679825 -0.167650238 -0.016501615 -0.089415118 0.981644571
1769786342345204736.000000 0.003341832 -0.024902023 -0.013128588 -0.173466355 -0.015018625 -0.092044331 0.980414093
1769786342511871488.000000 0.003615270 -0.024085745 -0.013719929 -0.169173881 -0.014596391 -0.092329927 0.981143415
1769786342578537216.000000 0.003991481 -0.023994770 -0.013815224 -0.166843712 -0.015676208 -0.094159663 0.981351852
1769786343878536448.000000 0.005453408 -0.026088409 -0.015140138 -0.154364273 -0.016731469 -0.088981315 0.983856738
1769786343945203456.000000 0.005269861 -0.026322760 -0.014704229 -0.157338083 -0.016234871 -0.090088941 0.983292997
1769786343978536960.000000 0.005217422 -0.026412742 -0.014470554 -0.158361629 -0.015689943 -0.088582039 0.983274460
1769786344311869952.000000 0.004700538 -0.028268002 -0.013682814 -0.171280846 -0.012690338 -0.089305274 0.981084287
1769786344345204224.000000 0.004732089 -0.028404517 -0.013555877 -0.172716722 -0.012556971 -0.089618631 0.980805695
1769786344511869696.000000 0.004338077 -0.029346325 -0.013667594 -0.179547146 -0.010559882 -0.090802677 0.979492843
1769786344611870464.000000 0.004358748 -0.030004289 -0.013444077 -0.183488399 -0.009569949 -0.091811813 0.978678226
1769786344645202944.000000 0.004127007 -0.029900307 -0.013250020 -0.184611842 -0.009024222 -0.091682903 0.978484213
1769786344811870464.000000 0.004084847 -0.031078378 -0.013628252 -0.191104844 -0.007102522 -0.093704209 0.977060914
1769786344878535680.000000 0.003814873 -0.031179113 -0.013530991 -0.192712948 -0.005740609 -0.093158603 0.976806164
1769786345178535680.000000 0.002832187 -0.032178394 -0.013636624 -0.200619161 -0.000042417 -0.094291441 0.975121081
1769786345478535424.000000 0.002219478 -0.032599121 -0.013551108 -0.205284819 0.005332443 -0.095423713 0.974024653
1769786345578535424.000000 0.002105693 -0.032715082 -0.013632341 -0.206553251 0.006666896 -0.095628172 0.973728180
1769786345645201920.000000 0.001989346 -0.032710515 -0.013638762 -0.206938908 0.007594327 -0.095727287 0.973629773
1769786345978534912.000000 0.001337866 -0.032775410 -0.013566178 -0.207772940 0.012607395 -0.097360104 0.973238111
1769786346145202944.000000 0.001111485 -0.032656584 -0.013641814 -0.207221046 0.014154368 -0.098462656 0.973223627
1769786346178534656.000000 0.001066551 -0.032688797 -0.013693224 -0.207115740 0.014741795 -0.098600224 0.973223388
1769786348211900160.000000 0.000527887 -0.031449057 -0.013341401 -0.201491997 0.019307056 -0.102525286 0.973918259
1769786348278567424.000000 0.000570395 -0.031496171 -0.013382467 -0.201559097 0.019027444 -0.102983847 0.973861516
1769786348545235200.000000 0.000600817 -0.031420857 -0.013374508 -0.201128244 0.019006614 -0.102788001 0.973971665
1769786348811901952.000000 0.000538575 -0.031479880 -0.013466255 -0.201132700 0.018980227 -0.102560066 0.973995268
1769786349045235712.000000 0.000561136 -0.031466626 -0.013478320 -0.200971022 0.018957498 -0.102718361 0.974012434
1769786349978565888.000000 0.000557182 -0.031481668 -0.013468718 -0.201070458 0.018869352 -0.102787919 0.973986268
1769786351078565632.000000 0.000454361 -0.031517092 -0.013725610 -0.200978965 0.018860163 -0.102645509 0.974020362
