1769786275.378433 0.0000000 0.0000000 0.0000000 -0.0000000 -0.0000000 -0.0000000 1.0000000
1769786284.678432 -0.0000697 0.0004713 0.0005472 0.0041555 0.0077179 -0.0107273 0.9999041
1769786284.811765 -0.0001102 0.0006795 -0.0005527 0.0044173 0.0082100 -0.0101962 0.9999046
1769786285.578441 -0.0009068 0.0002353 0.0004105 0.0039196 0.0224984 -0.0106213 0.9996828
1769786286.445108 -0.0026634 -0.0012778 -0.0018260 -0.0122843 0.0434698 -0.0084051 0.9989439
1769786286.511775 -0.0027731 -0.0015542 -0.0012867 -0.0134833 0.0449004 -0.0067709 0.9988775
1769786286.545107 -0.0030180 -0.0015365 -0.0017942 -0.0148170 0.0460157 -0.0057000 0.9988146
1769786286.678442 -0.0034530 -0.0020747 -0.0025335 -0.0187348 0.0489802 -0.0046767 0.9986131
1769786286.811775 -0.0034036 -0.0023266 -0.0022117 -0.0227069 0.0522376 -0.0060648 0.9983581
1769786286.845108 -0.0033979 -0.0024592 -0.0020803 -0.0235569 0.0525129 -0.0070475 0.9983175
1769786286.978441 -0.0037310 -0.0028828 -0.0020272 -0.0283484 0.0550964 -0.0048446 0.9980668
1769786287.011775 -0.0039297 -0.0029354 -0.0026627 -0.0291042 0.0551935 -0.0044399 0.9980416
1769786287.078441 -0.0041795 -0.0037281 -0.0020217 -0.0320208 0.0565335 -0.0035238 0.9978809
1769786287.178441 -0.0042474 -0.0035028 -0.0023343 -0.0345787 0.0572270 -0.0032271 0.9977570
1769786287.278441 -0.0044971 -0.0042927 -0.0023695 -0.0380996 0.0576971 -0.0024387 0.9976039
1769786287.311774 -0.0044744 -0.0042864 -0.0023945 -0.0384730 0.0578263 -0.0024833 0.9975820
1769786287.478441 -0.0047941 -0.0048365 -0.0028341 -0.0423929 0.0587051 -0.0003335 0.9973748
1769786287.678440 -0.0053204 -0.0050954 -0.0037679 -0.0449830 0.0588591 -0.0001238 0.9972523
1769786288.111774 -0.0047253 -0.0052220 -0.0036570 -0.0447185 0.0529086 0.0003075 0.9975975
1769786288.245107 -0.0048675 -0.0051126 -0.0035148 -0.0422544 0.0523030 -0.0010542 0.9977364
1769786288.345107 -0.0046983 -0.0048507 -0.0033864 -0.0390509 0.0510926 -0.0007700 0.9979299
1769786288.511774 -0.0042143 -0.0042463 -0.0029587 -0.0329574 0.0476493 -0.0009424 0.9983199
1769786288.745107 -0.0034394 -0.0033292 -0.0024461 -0.0211246 0.0412213 -0.0010009 0.9989262
1769786288.778440 -0.0032767 -0.0032735 -0.0021982 -0.0196932 0.0400958 -0.0010136 0.9990013
1769786288.878439 -0.0031075 -0.0027810 -0.0023424 -0.0129368 0.0364914 -0.0031077 0.9992454
1769786288.911773 -0.0027816 -0.0024329 -0.0028351 -0.0100514 0.0355744 -0.0043948 0.9993069
1769786288.978441 -0.0023755 -0.0023726 -0.0018907 -0.0046617 0.0327669 -0.0040544 0.9994439
1769786289.078439 -0.0023294 -0.0016336 -0.0024332 0.0045092 0.0296011 -0.0068080 0.9995284
1769786289.111773 -0.0023322 -0.0014509 -0.0017481 0.0075531 0.0284694 -0.0072819 0.9995396
1769786289.211773 -0.0019279 -0.0008372 -0.0015336 0.0177838 0.0224041 -0.0101621 0.9995391
1769786289.245106 -0.0017247 -0.0005921 -0.0013290 0.0205772 0.0195777 -0.0117538 0.9995275
1769786289.278440 -0.0018839 -0.0003130 -0.0011737 0.0241073 0.0169350 -0.0132469 0.9994782
1769786289.345106 -0.0019484 0.0001119 -0.0015673 0.0304161 0.0109205 -0.0121163 0.9994043
1769786289.445106 -0.0016108 0.0006626 -0.0008380 0.0397406 0.0014515 -0.0131747 0.9991221
1769786289.511774 -0.0013591 0.0008352 0.0005669 0.0443794 -0.0043158 -0.0139127 0.9989086
1769786289.545106 -0.0012915 0.0008894 0.0013572 0.0466203 -0.0069499 -0.0127313 0.9988074
1769786289.645106 -0.0007571 0.0016785 0.0004054 0.0493888 -0.0126268 -0.0136994 0.9986058
1769786289.711773 -0.0008398 0.0022523 -0.0010110 0.0522533 -0.0143431 -0.0102615 0.9984781
1769786289.811773 -0.0002003 0.0024455 0.0014700 0.0435709 -0.0119644 -0.0053751 0.9989643
1769786289.845106 -0.0003227 0.0023506 0.0017658 0.0346120 -0.0107355 -0.0055331 0.9993278
1769786289.911773 -0.0000494 0.0026305 0.0013662 0.0222522 -0.0109494 -0.0052403 0.9996787
1769786289.978440 0.0004810 0.0028468 0.0014361 0.0150186 -0.0118324 -0.0059184 0.9997997
1769786290.111773 0.0009985 0.0029644 0.0044493 0.0060289 -0.0118911 -0.0067791 0.9998882
1769786290.245106 0.0008155 0.0034070 0.0034271 0.0027489 -0.0123529 -0.0051301 0.9999068
1769786290.478439 0.0010603 0.0055430 0.0018117 0.0111498 -0.0138998 -0.0093852 0.9997972
1769786290.545105 0.0009950 0.0057197 0.0017681 0.0155345 -0.0145161 -0.0083505 0.9997391
1769786290.645105 0.0013156 0.0062454 0.0012331 0.0230772 -0.0165127 -0.0076641 0.9995679
1769786290.678439 0.0014105 0.0064370 0.0015741 0.0264475 -0.0164872 -0.0064454 0.9994935
1769786290.878438 0.0020981 0.0071105 0.0019811 0.0426206 -0.0190097 -0.0043671 0.9989009
1769786290.911772 0.0016659 0.0074284 0.0017953 0.0453884 -0.0182909 -0.0031862 0.9987969
1769786291.278438 0.0027343 0.0073538 0.0018503 0.0554623 -0.0240605 -0.0000753 0.9981709
1769786291.611772 0.0032868 0.0063349 0.0010956 0.0553486 -0.0290107 0.0009730 0.9980451
1769786291.678438 0.0035360 0.0061322 0.0006787 0.0537792 -0.0301739 0.0004632 0.9980968
1769786291.778438 0.0035431 0.0054314 0.0011474 0.0516320 -0.0308090 0.0004536 0.9981908
1769786291.878438 0.0032974 0.0053768 0.0001253 0.0493651 -0.0310677 0.0021251 0.9982952
1769786291.911771 0.0039242 0.0057963 -0.0003920 0.0480446 -0.0331365 0.0010009 0.9982949
1769786292.078438 0.0038913 0.0041587 -0.0003832 0.0400934 -0.0344590 0.0012642 0.9986008
1769786292.111772 0.0037353 0.0039568 -0.0008617 0.0379628 -0.0341380 0.0003439 0.9986958
1769786292.145105 0.0045579 0.0048708 -0.0024786 0.0387530 -0.0349369 0.0020569 0.9986358
1769786292.211772 0.0039032 0.0032664 -0.0008336 0.0326318 -0.0349666 0.0019100 0.9988538
1769786292.245104 0.0039716 0.0033082 -0.0000309 0.0315013 -0.0359814 0.0002328 0.9988558
1769786292.378437 0.0043866 0.0018521 -0.0013295 0.0234931 -0.0375739 0.0018059 0.9990160
1769786292.411771 0.0044883 0.0014621 -0.0020044 0.0216923 -0.0369521 0.0028136 0.9990776
1769786292.478441 0.0041105 0.0003023 0.0001026 0.0158654 -0.0380390 0.0011543 0.9991497
1769786292.678437 0.0037184 -0.0008976 -0.0009467 0.0021552 -0.0369840 0.0060475 0.9992952
1769786292.745104 0.0039929 -0.0018998 -0.0030397 -0.0029123 -0.0379228 0.0062048 0.9992572
1769786292.778437 0.0041326 -0.0014201 -0.0024842 -0.0046400 -0.0374091 0.0053103 0.9992751
1769786292.845104 0.0043123 -0.0030317 -0.0021888 -0.0113929 -0.0386171 0.0026186 0.9991857
1769786292.878437 0.0052662 -0.0054542 0.0015739 -0.0146860 -0.0390460 0.0036055 0.9991230
1769786292.911770 0.0041507 -0.0040966 -0.0025800 -0.0167747 -0.0380370 0.0029859 0.9991311
1769786292.945104 0.0032089 -0.0035161 -0.0004948 -0.0181250 -0.0387362 0.0015795 0.9990839
1769786293.045104 0.0045530 -0.0051679 -0.0035534 -0.0258437 -0.0396328 -0.0307619 0.9984062
1769786293.078436 0.0043648 -0.0050999 -0.0049895 -0.0273455 -0.0398263 -0.0439076 0.9978669
1769786293.178484 0.0047567 -0.0067696 -0.0044012 -0.0357254 -0.0429419 -0.0868754 0.9946519
1769786293.211817 0.0048813 -0.0076734 -0.0033503 -0.0372169 -0.0430952 -0.0979747 0.9935586
1769786293.378484 0.0046143 -0.0090642 -0.0055659 -0.0464831 -0.0462417 -0.1597978 0.9849699
1769786293.411817 0.0049585 -0.0097017 -0.0052387 -0.0496146 -0.0488082 -0.1743472 0.9822216
1769786293.445151 0.0047068 -0.0098331 -0.0054318 -0.0505680 -0.0492091 -0.1848831 0.9802243
1769786293.545151 0.0044261 -0.0108321 -0.0051609 -0.0555843 -0.0506735 -0.2134402 0.9740564
1769786293.911817 0.0038362 -0.0134134 -0.0069201 -0.0701422 -0.0500231 -0.2981578 0.9506207
1769786293.945150 0.0038044 -0.0134955 -0.0058852 -0.0708206 -0.0495751 -0.3037462 0.9488230
1769786294.011818 0.0034825 -0.0138969 -0.0066117 -0.0726814 -0.0494479 -0.3122427 0.9459264
1769786294.145151 0.0030782 -0.0144078 -0.0066701 -0.0760541 -0.0475301 -0.3262221 0.9410291
1769786294.178483 0.0027915 -0.0143715 -0.0049575 -0.0766558 -0.0470011 -0.3271129 0.9406976
1769786294.211816 0.0029574 -0.0140477 -0.0062331 -0.0761593 -0.0464627 -0.3312563 0.9393137
1769786294.311816 0.0025288 -0.0143473 -0.0060940 -0.0778987 -0.0443781 -0.3340019 0.9382991
1769786294.378483 0.0021433 -0.0142678 -0.0060289 -0.0780657 -0.0417521 -0.3328519 0.9388142
1769786294.445150 0.0019621 -0.0144027 -0.0057915 -0.0780479 -0.0391961 -0.3322173 0.9391506
1769786294.578482 0.0009351 -0.0135353 -0.0062398 -0.0769465 -0.0316296 -0.3220897 0.9430467
1769786294.645149 0.0005896 -0.0130442 -0.0060122 -0.0758975 -0.0278378 -0.3145499 0.9457923
1769786294.711816 0.0001864 -0.0128964 -0.0056764 -0.0749095 -0.0235615 -0.3043683 0.9493120
1769786294.745151 -0.0000981 -0.0125043 -0.0060469 -0.0740335 -0.0212644 -0.2985777 0.9512720
1769786294.778483 -0.0001611 -0.0122569 -0.0056057 -0.0727853 -0.0194280 -0.2913807 0.9536363
1769786294.811817 -0.0004030 -0.0120103 -0.0054694 -0.0716450 -0.0170171 -0.2838781 0.9560286
1769786294.845150 -0.0006952 -0.0116433 -0.0054706 -0.0704090 -0.0138321 -0.2751982 0.9587060
1769786294.945150 -0.0009742 -0.0100244 -0.0054382 -0.0650568 -0.0051481 -0.2457057 0.9671452
1769786295.045150 -0.0018270 -0.0094786 -0.0058328 -0.0607497 0.0032677 -0.2104493 0.9757099
1769786295.078483 -0.0020958 -0.0090147 -0.0054160 -0.0589477 0.0061979 -0.1986942 0.9782676
1769786295.111816 -0.0026662 -0.0085238 -0.0061425 -0.0559479 0.0091582 -0.1872244 0.9806799
1769786295.178482 -0.0029770 -0.0081852 -0.0040023 -0.0517979 0.0142631 -0.1691527 0.9841245
1769786295.211816 -0.0033277 -0.0074682 -0.0056153 -0.0487647 0.0164637 -0.1609777 0.9856151
1769786295.278483 -0.0032580 -0.0071817 -0.0044183 -0.0433454 0.0205599 -0.1520099 0.9872140
1769786295.311816 -0.0029320 -0.0070931 -0.0045338 -0.0410319 0.0215785 -0.1530709 0.9871272
1769786295.378482 -0.0032471 -0.0066584 -0.0037711 -0.0335586 0.0263181 -0.1516880 0.9875079
1769786295.411816 -0.0033855 -0.0067588 -0.0041682 -0.0310383 0.0284287 -0.1507386 0.9876772
1769786295.445149 -0.0038966 -0.0063052 -0.0045126 -0.0269405 0.0320717 -0.1528802 0.9873567
1769786295.511818 -0.0037048 -0.0061039 -0.0044192 -0.0202726 0.0366705 -0.1528653 0.9873583
1769786295.578482 -0.0039385 -0.0057479 -0.0051337 -0.0142295 0.0427930 -0.1544045 0.9869780
1769786295.611816 -0.0038180 -0.0060738 -0.0038694 -0.0112229 0.0461372 -0.1530405 0.9870785
1769786295.645149 -0.0034823 -0.0060441 -0.0038943 -0.0086295 0.0477261 -0.1544528 0.9868091
1769786295.711816 -0.0037983 -0.0057609 -0.0042785 -0.0009396 0.0546977 -0.1543881 0.9864946
1769786295.745148 -0.0036846 -0.0058689 -0.0032144 0.0020527 0.0594745 -0.1530081 0.9864315
1769786295.778482 -0.0037598 -0.0054508 -0.0028343 0.0050986 0.0638929 -0.1543602 0.9859334
1769786295.811816 -0.0035538 -0.0052820 -0.0025313 0.0080508 0.0684118 -0.1554051 0.9854463
1769786295.845149 -0.0036259 -0.0048470 -0.0025299 0.0103421 0.0736818 -0.1554143 0.9850433
1769786295.878483 -0.0038979 -0.0047965 -0.0036161 0.0128948 0.0783569 -0.1562160 0.9845256
1769786295.911815 -0.0041853 -0.0045640 -0.0034119 0.0147739 0.0841212 -0.1555440 0.9841298
1769786296.045149 -0.0036042 -0.0045560 -0.0031450 0.0161814 0.1012017 -0.1650935 0.9809386
1769786296.078482 -0.0038933 -0.0040597 -0.0029948 0.0173227 0.1060878 -0.1658060 0.9802825
1769786296.145149 -0.0036363 -0.0044885 -0.0008380 0.0173095 0.1137205 -0.1683770 0.9789879
1769786296.245149 -0.0036345 -0.0030704 -0.0013813 0.0116597 0.1176884 -0.1707937 0.9781836
1769786296.278482 -0.0041517 -0.0032338 -0.0024715 0.0022751 0.1151812 -0.1667152 0.9792519
1769786296.378482 -0.0037959 -0.0035389 -0.0001059 -0.0191055 0.1064209 -0.1445561 0.9835716
1769786296.445149 -0.0042945 -0.0024131 -0.0018656 -0.0246777 0.1016667 -0.1337294 0.9854803
1769786296.611815 -0.0037877 -0.0018843 0.0003466 -0.0366373 0.0932818 -0.1098607 0.9888816
1769786296.778481 -0.0044567 -0.0013447 0.0029221 -0.0377634 0.0919314 -0.0908091 0.9908967
1769786296.911814 -0.0042686 -0.0001512 0.0023621 -0.0309111 0.0907786 -0.0808075 0.9921058
1769786296.945148 -0.0041805 0.0002067 0.0020433 -0.0281180 0.0901441 -0.0778985 0.9924793
1769786296.978481 -0.0045449 0.0001371 0.0022001 -0.0267467 0.0905954 -0.0755132 0.9926605
1769786297.145149 -0.0050867 0.0012249 0.0013078 -0.0123110 0.0919175 -0.0703868 0.9931995
1769786297.211815 -0.0051202 0.0013535 0.0021908 -0.0064198 0.0929055 -0.0709208 0.9931252
1769786297.578481 -0.0059608 0.0021487 0.0022945 0.0154068 0.0983018 -0.0674529 0.9927485
1769786297.611815 -0.0062133 0.0021861 0.0027179 0.0171764 0.0998148 -0.0654719 0.9927011
1769786297.745148 -0.0063710 0.0021314 0.0028266 0.0185291 0.1011215 -0.0643332 0.9926190
1769786297.978480 -0.0070215 0.0017611 0.0023154 0.0195002 0.1053936 -0.0601525 0.9924181
1769786298.045148 -0.0073241 0.0014833 0.0020819 0.0196606 0.1069154 -0.0592902 0.9923040
1769786298.345147 -0.0077998 0.0003076 0.0023393 0.0120909 0.1112417 -0.0559760 0.9921420
1769786298.445147 -0.0076094 0.0001470 0.0015456 0.0097471 0.1112091 -0.0542669 0.9922664
1769786298.545148 -0.0087919 -0.0001118 0.0000226 0.0058876 0.1142553 -0.0493808 0.9922060
1769786298.645147 -0.0084763 -0.0009515 0.0012823 0.0006157 0.1146430 -0.0506154 0.9921163
1769786298.678481 -0.0088566 -0.0005711 0.0004321 0.0000097 0.1146534 -0.0496423 0.9921644
1769786298.745147 -0.0075301 -0.0017196 0.0023822 -0.0046682 0.1135767 -0.0516766 0.9921734
1769786298.778480 -0.0087282 -0.0014747 0.0001161 -0.0057615 0.1146086 -0.0479895 0.9922342
1769786299.011815 -0.0096152 -0.0031482 -0.0006268 -0.0219930 0.1172137 -0.0465038 0.9917735
1769786299.078480 -0.0107508 -0.0030661 -0.0032935 -0.0274250 0.1178703 -0.0472482 0.9915251
1769786299.111814 -0.0101904 -0.0039066 -0.0020436 -0.0304900 0.1179453 -0.0458534 0.9914922
1769786299.178480 -0.0093668 -0.0057267 0.0000765 -0.0375702 0.1190363 -0.0494847 0.9909441
1769786299.278480 -0.0104705 -0.0061458 -0.0018137 -0.0447249 0.1190917 -0.0422128 0.9909768
1769786299.878479 -0.0108822 -0.0104679 -0.0033666 -0.0857653 0.1131489 -0.0332171 0.9893121
1769786300.111813 -0.0107168 -0.0124570 -0.0044427 -0.0994292 0.1085344 -0.0305614 0.9886355
1769786300.145146 -0.0103407 -0.0128216 -0.0035134 -0.1008106 0.1070973 -0.0298888 0.9886729
1769786300.311813 -0.0107958 -0.0133627 -0.0066065 -0.1063286 0.1028327 -0.0288209 0.9885793
1769786300.445146 -0.0102923 -0.0140669 -0.0060542 -0.1099783 0.1000201 -0.0261837 0.9885420
1769786300.745147 -0.0081877 -0.0133610 -0.0060664 -0.1121369 0.0882397 -0.0267104 0.9894067
1769786300.778479 -0.0084781 -0.0139816 -0.0060286 -0.1126221 0.0882455 -0.0242664 0.9894140
1769786300.911812 -0.0083642 -0.0145793 -0.0064890 -0.1104952 0.0827679 -0.0231717 0.9901532
1769786301.045146 -0.0076520 -0.0142097 -0.0056107 -0.1078128 0.0774524 -0.0234382 0.9908724
1769786301.078478 -0.0073763 -0.0140519 -0.0056223 -0.1067114 0.0755609 -0.0236935 0.9911316
1769786301.111812 -0.0070441 -0.0141256 -0.0058776 -0.1060270 0.0741203 -0.0246715 0.9912900
1769786301.211818 -0.0066464 -0.0135987 -0.0059768 -0.1025545 0.0694877 -0.0245513 0.9919936
1769786301.245151 -0.0067605 -0.0132477 -0.0069939 -0.0999677 0.0683102 -0.0231463 0.9923732
1769786301.311818 -0.0061565 -0.0131206 -0.0066820 -0.0977191 0.0652865 -0.0243675 0.9927713
1769786301.378483 -0.0057004 -0.0124844 -0.0061367 -0.0934402 0.0624399 -0.0242719 0.9933686
1769786301.411818 -0.0054041 -0.0125650 -0.0060102 -0.0921556 0.0605708 -0.0241988 0.9936060
1769786301.445151 -0.0052088 -0.0122177 -0.0062553 -0.0907331 0.0592276 -0.0257968 0.9937777
1769786301.478485 -0.0051476 -0.0120163 -0.0062720 -0.0888647 0.0582033 -0.0254613 0.9940157
1769786301.511820 -0.0048062 -0.0118844 -0.0059487 -0.0870281 0.0566500 -0.0261663 0.9942496
1769786301.578484 -0.0046464 -0.0114704 -0.0063107 -0.0828517 0.0535543 -0.0262533 0.9947755
1769786301.645151 -0.0042105 -0.0108110 -0.0066574 -0.0777436 0.0508902 -0.0273642 0.9952976
1769786301.678485 -0.0039147 -0.0108697 -0.0060920 -0.0762877 0.0493785 -0.0270239 0.9954957
1769786301.711817 -0.0037778 -0.0108997 -0.0061880 -0.0746559 0.0475192 -0.0277593 0.9956896
1769786301.745150 -0.0035789 -0.0106429 -0.0064495 -0.0718221 0.0462071 -0.0271507 0.9959766
1769786301.811818 -0.0030444 -0.0102123 -0.0061057 -0.0667010 0.0426656 -0.0302715 0.9964007
1769786301.878484 -0.0029514 -0.0097235 -0.0071859 -0.0605332 0.0400714 -0.0313079 0.9968700
1769786302.078484 -0.0022528 -0.0087169 -0.0071375 -0.0385191 0.0297329 -0.0329682 0.9982712
1769786302.145151 -0.0020353 -0.0083136 -0.0071037 -0.0319679 0.0259236 -0.0339321 0.9985763
1769786302.245152 -0.0016973 -0.0077503 -0.0075215 -0.0214199 0.0212357 -0.0344445 0.9989514
1769786302.278484 -0.0019476 -0.0075709 -0.0072708 -0.0178312 0.0200566 -0.0350836 0.9990240
1769786302.411817 -0.0017503 -0.0073829 -0.0068786 -0.0060246 0.0092297 -0.0378845 0.9992214
1769786302.478484 -0.0012206 -0.0068860 -0.0066750 0.0019261 0.0011810 -0.0373330 0.9993004
1769786302.511819 -0.0014482 -0.0067135 -0.0070715 0.0043880 -0.0025334 -0.0388133 0.9992337
1769786302.545151 -0.0013305 -0.0066370 -0.0069560 0.0067058 -0.0070510 -0.0399377 0.9991548
1769786302.578483 -0.0012789 -0.0060764 -0.0071035 0.0113611 -0.0114358 -0.0394124 0.9990930
1769786302.611817 -0.0012258 -0.0061564 -0.0069454 0.0158720 -0.0159388 -0.0367984 0.9990695
1769786302.845150 -0.0005468 -0.0046912 -0.0073037 0.0254979 -0.0393895 -0.0293506 0.9984673
1769786302.878483 -0.0005736 -0.0047665 -0.0069584 0.0257364 -0.0393899 -0.0241535 0.9986004
1769786302.945150 -0.0005565 -0.0045667 -0.0072711 0.0090163 -0.0380225 -0.0188755 0.9990579
1769786303.011818 -0.0002051 -0.0047553 -0.0066902 -0.0073661 -0.0346913 -0.0215563 0.9991385
1769786303.245150 0.0000279 -0.0040475 -0.0063515 -0.0295686 -0.0291479 -0.0221836 0.9988914
1769786303.278483 0.0004697 -0.0034362 -0.0065840 -0.0296280 -0.0292470 -0.0231179 0.9988655
1769786303.411817 0.0003627 -0.0027263 -0.0065814 -0.0302792 -0.0275482 -0.0253446 0.9988403
1769786303.478483 0.0006585 -0.0027208 -0.0053122 -0.0283023 -0.0270372 -0.0245487 0.9989321
1769786303.811817 0.0011968 -0.0010894 -0.0074071 -0.0065709 -0.0271484 -0.0270882 0.9992427
1769786304.045150 0.0018117 -0.0009509 -0.0069123 0.0042608 -0.0278702 -0.0243179 0.9993066
1769786304.211816 0.0018896 -0.0014995 -0.0072701 0.0054899 -0.0284760 -0.0225587 0.9993249
1769786304.278483 0.0021894 -0.0010720 -0.0072244 0.0075099 -0.0293679 -0.0242288 0.9992468
1769786304.511818 0.0023236 -0.0015651 -0.0073118 0.0078023 -0.0319096 -0.0219758 0.9992187
1769786304.778482 0.0024513 -0.0025319 -0.0078973 0.0024228 -0.0339749 -0.0203825 0.9992119
1769786304.978481 0.0027545 -0.0032130 -0.0086501 -0.0035893 -0.0362377 -0.0204674 0.9991271
1769786305.011817 0.0027768 -0.0035177 -0.0080708 -0.0057174 -0.0364540 -0.0212855 0.9990923
1769786305.145149 0.0028161 -0.0047774 -0.0074010 -0.0132677 -0.0375819 -0.0201715 0.9990019
1769786305.211815 0.0029454 -0.0051864 -0.0080468 -0.0163515 -0.0379634 -0.0187228 0.9989699
1769786305.245150 0.0029480 -0.0055937 -0.0084699 -0.0184490 -0.0386686 -0.0190356 0.9989004
1769786305.311815 0.0031514 -0.0061150 -0.0082677 -0.0233395 -0.0391375 -0.0198996 0.9987630
1769786305.411815 0.0029340 -0.0068004 -0.0104237 -0.0282224 -0.0391503 -0.0195346 0.9986437
1769786305.445148 0.0034863 -0.0071201 -0.0085901 -0.0310033 -0.0402504 -0.0220061 0.9984661
1769786305.578481 0.0030570 -0.0086923 -0.0091955 -0.0414263 -0.0401615 -0.0221098 0.9980893
1769786305.678482 0.0034126 -0.0094449 -0.0102290 -0.0467718 -0.0404085 -0.0185990 0.9979147
1769786305.711814 0.0032113 -0.0088686 -0.0119279 -0.0502802 -0.0409861 -0.0234644 0.9976179
1769786305.778480 0.0044834 -0.0109028 -0.0062708 -0.0560312 -0.0400605 -0.0190355 0.9974434
1769786305.878481 0.0028546 -0.0110929 -0.0116356 -0.0629263 -0.0398876 -0.0166453 0.9970818
1769786305.945148 0.0027846 -0.0121055 -0.0113915 -0.0687000 -0.0391042 -0.0158443 0.9967448
1769786305.978481 0.0030633 -0.0120586 -0.0107422 -0.0707584 -0.0403282 -0.0213653 0.9964489
1769786306.045149 0.0027244 -0.0130592 -0.0121885 -0.0747675 -0.0419565 -0.0505187 0.9950364
1769786306.078481 0.0026543 -0.0132044 -0.0131382 -0.0771375 -0.0434127 -0.0648366 0.9939625
1769786306.111815 0.0027920 -0.0137511 -0.0135608 -0.0798156 -0.0449296 -0.0788765 0.9926678
1769786306.178481 0.0029684 -0.0147441 -0.0130932 -0.0844913 -0.0476557 -0.1067011 0.9895479
1769786306.211814 0.0028984 -0.0151536 -0.0139983 -0.0862119 -0.0488018 -0.1220242 0.9875708
1769786306.278481 0.0028423 -0.0159477 -0.0133092 -0.0903799 -0.0510617 -0.1463252 0.9837750
1769786306.378481 0.0027023 -0.0169883 -0.0145277 -0.0951673 -0.0559139 -0.1823416 0.9770201
1769786306.611814 0.0026800 -0.0189309 -0.0144988 -0.1064424 -0.0614833 -0.2532054 0.9595712
1769786306.745149 0.0020944 -0.0201063 -0.0147706 -0.1114410 -0.0633801 -0.2860267 0.9496065
1769786306.978480 0.0017851 -0.0210896 -0.0143344 -0.1179061 -0.0633657 -0.3298245 0.9345046
1769786307.078480 0.0014801 -0.0213220 -0.0147500 -0.1194262 -0.0637308 -0.3412913 0.9301591
1769786307.111815 0.0013331 -0.0215556 -0.0145654 -0.1200355 -0.0632635 -0.3433824 0.9293426
1769786307.145148 0.0013672 -0.0214566 -0.0142748 -0.1209662 -0.0625327 -0.3477314 0.9276528
1769786307.245147 0.0011241 -0.0217038 -0.0140445 -0.1220502 -0.0609235 -0.3525459 0.9257989
1769786307.278481 0.0007594 -0.0215473 -0.0144066 -0.1225484 -0.0598702 -0.3537558 0.9253401
1769786307.511816 -0.0002127 -0.0208108 -0.0141652 -0.1218379 -0.0503063 -0.3492013 0.9277302
1769786307.578480 -0.0007587 -0.0209602 -0.0141570 -0.1224621 -0.0469453 -0.3428594 0.9301863
1769786307.611814 -0.0009512 -0.0207267 -0.0141767 -0.1220172 -0.0445107 -0.3390408 0.9317628
1769786307.678481 -0.0011564 -0.0200175 -0.0142263 -0.1198473 -0.0404830 -0.3320522 0.9347401
1769786307.711814 -0.0011884 -0.0196924 -0.0145654 -0.1187481 -0.0377806 -0.3242914 0.9377135
1769786307.745147 -0.0011355 -0.0198144 -0.0139271 -0.1186866 -0.0361937 -0.3207741 0.9389928
1769786307.778480 -0.0017603 -0.0195650 -0.0135956 -0.1186789 -0.0328405 -0.3138608 0.9414501
1769786307.911813 -0.0020232 -0.0183482 -0.0121373 -0.1140626 -0.0204834 -0.2795209 0.9531202
1769786308.011816 -0.0029479 -0.0168354 -0.0117395 -0.1080601 -0.0079777 -0.2416246 0.9643013
1769786308.045147 -0.0031454 -0.0170372 -0.0116517 -0.1068885 -0.0059702 -0.2297980 0.9673325
1769786308.078480 -0.0033083 -0.0163942 -0.0106953 -0.1051333 -0.0017645 -0.2206042 0.9696792
1769786308.111814 -0.0034345 -0.0161742 -0.0103053 -0.1033210 0.0011645 -0.2104458 0.9721296
1769786308.145147 -0.0033841 -0.0160126 -0.0103651 -0.1014185 0.0032318 -0.2006076 0.9744026
1769786308.245148 -0.0038356 -0.0147065 -0.0080946 -0.0946571 0.0121528 -0.1792918 0.9791561
1769786308.311813 -0.0040643 -0.0146839 -0.0101990 -0.0877445 0.0146807 -0.1757762 0.9804020
1769786308.345147 -0.0039103 -0.0146062 -0.0095621 -0.0839621 0.0167803 -0.1739260 0.9810293
1769786308.478480 -0.0041869 -0.0135997 -0.0086766 -0.0672431 0.0281227 -0.1737273 0.9820928
1769786308.545147 -0.0044252 -0.0134781 -0.0085882 -0.0612415 0.0341633 -0.1757092 0.9819413
1769786308.611814 -0.0045392 -0.0128915 -0.0087044 -0.0536155 0.0401650 -0.1744652 0.9823818
1769786308.678480 -0.0039161 -0.0129611 -0.0078454 -0.0473334 0.0451596 -0.1799092 0.9815054
1769786308.711812 -0.0043615 -0.0127299 -0.0082916 -0.0446588 0.0501358 -0.1814259 0.9811099
1769786308.811814 -0.0039655 -0.0125641 -0.0071479 -0.0360144 0.0615602 -0.1801738 0.9810458
1769786308.845147 -0.0039688 -0.0129153 -0.0083043 -0.0376470 0.0666010 -0.1831082 0.9801115
1769786308.878478 -0.0037829 -0.0120947 -0.0078449 -0.0328918 0.0708904 -0.1815975 0.9802628
1769786308.911813 -0.0045211 -0.0118984 -0.0091162 -0.0309524 0.0765002 -0.1835195 0.9795460
1769786309.078501 -0.0040864 -0.0116596 -0.0074600 -0.0272978 0.0987466 -0.1921796 0.9759974
1769786309.645168 -0.0056068 -0.0098090 -0.0089742 -0.0858546 0.0876236 -0.1359657 0.9830892
1769786311.111835 -0.0078173 -0.0057033 -0.0065667 -0.0242617 0.1010979 -0.0863538 0.9908248
1769786311.345168 -0.0086048 -0.0066652 -0.0071055 -0.0299680 0.1057960 -0.0810273 0.9906279
1769786311.578500 -0.0094671 -0.0076639 -0.0075456 -0.0394705 0.1092587 -0.0765688 0.9902737
1769786311.611834 -0.0095225 -0.0077859 -0.0078492 -0.0413121 0.1093672 -0.0762890 0.9902081
1769786311.711833 -0.0098508 -0.0083910 -0.0084133 -0.0475897 0.1098080 -0.0771610 0.9898099
1769786311.811834 -0.0092955 -0.0094406 -0.0067328 -0.0534451 0.1105959 -0.0748767 0.9895988
1769786312.045166 -0.0107432 -0.0109603 -0.0102865 -0.0705273 0.1126260 -0.0783920 0.9880263
1769786312.078499 -0.0106722 -0.0120426 -0.0087701 -0.0744274 0.1134942 -0.0741709 0.9879668
1769786312.145167 -0.0109243 -0.0128221 -0.0074687 -0.0783546 0.1161013 -0.0672377 0.9878563
1769786312.245166 -0.0105265 -0.0138749 -0.0071943 -0.0866411 0.1147859 -0.0706729 0.9870780
1769786312.311833 -0.0101920 -0.0143870 -0.0070694 -0.0922550 0.1146527 -0.0707183 0.9865813
1769786312.378500 -0.0111840 -0.0152941 -0.0083993 -0.0980797 0.1150905 -0.0654154 0.9863343
1769786312.445166 -0.0120770 -0.0162415 -0.0094395 -0.1032417 0.1174365 -0.0626473 0.9857105
1769786312.545166 -0.0112564 -0.0170466 -0.0086958 -0.1104487 0.1141831 -0.0635274 0.9852551
1769786312.745168 -0.0121219 -0.0192990 -0.0097750 -0.1252035 0.1137464 -0.0583728 0.9838589
1769786313.178499 -0.0118478 -0.0226055 -0.0109878 -0.1488860 0.1074686 -0.0573920 0.9813204
1769786313.278499 -0.0120635 -0.0231757 -0.0102092 -0.1522601 0.1053106 -0.0502039 0.9814306
1769786313.445166 -0.0108368 -0.0240355 -0.0108144 -0.1577967 0.0983909 -0.0548388 0.9810261
1769786313.811833 -0.0101241 -0.0244469 -0.0115186 -0.1594077 0.0877274 -0.0468015 0.9821928
1769786313.845165 -0.0096948 -0.0241168 -0.0114526 -0.1587503 0.0852660 -0.0500746 0.9823546
1769786313.878498 -0.0096038 -0.0242179 -0.0123442 -0.1579384 0.0838561 -0.0485657 0.9826826
1769786313.978498 -0.0090709 -0.0243156 -0.0118971 -0.1570247 0.0806520 -0.0481797 0.9831161
1769786314.211832 -0.0077199 -0.0231790 -0.0128835 -0.1486044 0.0695051 -0.0479187 0.9852865
1769786314.245166 -0.0077620 -0.0230047 -0.0127606 -0.1471639 0.0688553 -0.0477751 0.9855553
1769786314.278499 -0.0074246 -0.0228073 -0.0128261 -0.1463514 0.0670286 -0.0489085 0.9857466
1769786314.311831 -0.0074011 -0.0228356 -0.0130672 -0.1446100 0.0660959 -0.0477009 0.9861257
1769786314.411832 -0.0068386 -0.0222108 -0.0135602 -0.1397419 0.0609607 -0.0493300 0.9870778
1769786314.445165 -0.0065748 -0.0219609 -0.0133555 -0.1376691 0.0596198 -0.0495240 0.9874412
1769786314.478498 -0.0063801 -0.0215824 -0.0134058 -0.1358457 0.0582585 -0.0503478 0.9877332
1769786314.511834 -0.0062303 -0.0216040 -0.0127614 -0.1340459 0.0571959 -0.0482058 0.9881480
1769786314.545165 -0.0060151 -0.0214691 -0.0130820 -0.1328570 0.0555717 -0.0498799 0.9883181
1769786314.611832 -0.0057505 -0.0211014 -0.0126425 -0.1289524 0.0534494 -0.0497392 0.9889593
1769786314.745165 -0.0044205 -0.0200881 -0.0127392 -0.1193549 0.0461036 -0.0513183 0.9904521
1769786314.778497 -0.0037980 -0.0199593 -0.0113148 -0.1168692 0.0439235 -0.0516956 0.9908279
1769786314.878498 -0.0039536 -0.0189027 -0.0133735 -0.1069395 0.0398792 -0.0529964 0.9920509
1769786315.045165 -0.0029221 -0.0183587 -0.0142199 -0.0896848 0.0302963 -0.0559831 0.9939340
1769786315.078497 -0.0029962 -0.0179773 -0.0146824 -0.0863521 0.0290518 -0.0541341 0.9943686
1769786315.111832 -0.0027556 -0.0178380 -0.0142932 -0.0832743 0.0271776 -0.0549152 0.9946412
1769786315.211831 -0.0025994 -0.0172151 -0.0144451 -0.0735591 0.0216819 -0.0571094 0.9954183
1769786315.245165 -0.0024981 -0.0170822 -0.0142143 -0.0700104 0.0205974 -0.0566790 0.9957218
1769786315.311831 -0.0019995 -0.0165815 -0.0144448 -0.0630869 0.0150904 -0.0577359 0.9962223
1769786315.478498 -0.0023615 -0.0159349 -0.0150746 -0.0475541 -0.0004814 -0.0572191 0.9972283
1769786315.611832 -0.0018672 -0.0158009 -0.0128671 -0.0364507 -0.0169148 -0.0587636 0.9974629
1769786315.645164 -0.0020022 -0.0148463 -0.0146302 -0.0320080 -0.0214313 -0.0577027 0.9975904
1769786315.745166 -0.0013538 -0.0148513 -0.0125926 -0.0270433 -0.0334727 -0.0519344 0.9977229
1769786315.778498 -0.0013359 -0.0145145 -0.0125374 -0.0253646 -0.0355990 -0.0509273 0.9977453
1769786315.945164 -0.0004331 -0.0135709 -0.0128488 -0.0416788 -0.0399551 -0.0351286 0.9977136
1769786316.078496 -0.0001070 -0.0130233 -0.0127369 -0.0657752 -0.0337395 -0.0375083 0.9965583
1769786316.145165 -0.0004051 -0.0126717 -0.0135153 -0.0716577 -0.0311555 -0.0382970 0.9962068
1769786316.478506 0.0007460 -0.0115972 -0.0114993 -0.0775911 -0.0285120 -0.0426695 0.9956636
1769786316.945173 0.0017237 -0.0096393 -0.0127676 -0.0471608 -0.0285622 -0.0403513 0.9976632
1769786317.678506 0.0030621 -0.0108551 -0.0130401 -0.0431762 -0.0362358 -0.0383066 0.9976750
1769786317.778506 0.0027354 -0.0110017 -0.0130685 -0.0449011 -0.0358146 -0.0356017 0.9977143
1769786317.945172 0.0026680 -0.0118099 -0.0131877 -0.0509846 -0.0360239 -0.0372455 0.9973543
1769786318.111840 0.0031096 -0.0122533 -0.0139056 -0.0566649 -0.0385757 -0.0365280 0.9969788
1769786318.845172 0.0030119 -0.0183720 -0.0154833 -0.1082968 -0.0407463 -0.0355327 0.9926475
1769786318.978504 0.0029303 -0.0194787 -0.0173912 -0.1176638 -0.0409595 -0.0417297 0.9913305
1769786319.045172 0.0023817 -0.0206006 -0.0163955 -0.1231744 -0.0426573 -0.0674929 0.9891679
1769786319.078504 0.0024351 -0.0209724 -0.0158385 -0.1245561 -0.0449220 -0.0800669 0.9879560
1769786319.111839 0.0028112 -0.0214281 -0.0171839 -0.1276297 -0.0481553 -0.0976450 0.9858282
1769786319.211838 0.0025853 -0.0225963 -0.0169966 -0.1329952 -0.0526900 -0.1382604 0.9800103
1769786319.278505 0.0025756 -0.0230806 -0.0161702 -0.1371686 -0.0565227 -0.1649559 0.9750792
1769786319.311838 0.0026183 -0.0233798 -0.0169361 -0.1382683 -0.0593355 -0.1753935 0.9729328
1769786319.411838 0.0028787 -0.0242584 -0.0162238 -0.1436792 -0.0655523 -0.2118861 0.9644499
1769786319.511840 0.0024820 -0.0251255 -0.0173273 -0.1481563 -0.0692064 -0.2438539 0.9559265
1769786319.545172 0.0025564 -0.0254422 -0.0175027 -0.1490515 -0.0703524 -0.2531345 0.9532875
1769786319.578504 0.0024756 -0.0255320 -0.0168660 -0.1505673 -0.0714762 -0.2625562 0.9504130
1769786319.645171 0.0024137 -0.0260483 -0.0180754 -0.1529783 -0.0735804 -0.2802547 0.9447967
1769786319.745171 0.0022172 -0.0265910 -0.0176538 -0.1563068 -0.0765936 -0.3044243 0.9364974
1769786319.878504 0.0019630 -0.0273943 -0.0177081 -0.1596160 -0.0785647 -0.3305929 0.9268542
1769786319.911837 0.0019020 -0.0274633 -0.0179751 -0.1602506 -0.0782107 -0.3347890 0.9252670
1769786320.078504 0.0013402 -0.0280610 -0.0183061 -0.1637129 -0.0783732 -0.3559981 0.9166903
1769786320.111838 0.0012618 -0.0281176 -0.0182410 -0.1642165 -0.0780875 -0.3588618 0.9155073
1769786320.145172 0.0011223 -0.0280529 -0.0183654 -0.1646908 -0.0776046 -0.3615782 0.9143937
1769786320.378504 0.0003409 -0.0278285 -0.0177695 -0.1656729 -0.0723314 -0.3686638 0.9118156
1769786320.445171 0.0000007 -0.0277014 -0.0178436 -0.1656955 -0.0692479 -0.3669036 0.9127604
1769786320.511837 -0.0002398 -0.0276411 -0.0179636 -0.1655657 -0.0657281 -0.3637607 0.9143008
1769786320.645171 -0.0008336 -0.0270830 -0.0176972 -0.1646422 -0.0570832 -0.3510474 0.9200001
1769786320.678505 -0.0010925 -0.0268265 -0.0180000 -0.1641905 -0.0541827 -0.3460826 0.9221348
1769786320.745170 -0.0013760 -0.0263579 -0.0181052 -0.1622741 -0.0486438 -0.3352026 0.9267902
1769786320.778503 -0.0015819 -0.0261711 -0.0182043 -0.1613934 -0.0452233 -0.3284697 0.9295239
1769786320.811838 -0.0018239 -0.0258117 -0.0183074 -0.1605050 -0.0421350 -0.3205065 0.9325976
1769786320.878503 -0.0021206 -0.0252174 -0.0183545 -0.1574605 -0.0349521 -0.3036601 0.9390288
1769786320.911837 -0.0024181 -0.0248879 -0.0177777 -0.1563144 -0.0307623 -0.2940585 0.9424166
1769786320.945170 -0.0026988 -0.0246664 -0.0185881 -0.1550964 -0.0271548 -0.2832617 0.9460289
1769786320.978502 -0.0029358 -0.0242652 -0.0187858 -0.1533451 -0.0230279 -0.2704921 0.9501521
1769786321.011840 -0.0030304 -0.0239191 -0.0184743 -0.1516764 -0.0191586 -0.2591470 0.9536614
1769786321.078502 -0.0034200 -0.0231766 -0.0180507 -0.1478206 -0.0111535 -0.2364434 0.9602704
1769786321.178504 -0.0038983 -0.0227439 -0.0180947 -0.1421983 -0.0018407 -0.2072406 0.9678985
1769786321.211837 -0.0038953 -0.0224282 -0.0182163 -0.1400580 0.0005378 -0.2028798 0.9691353
1769786321.245170 -0.0041349 -0.0223471 -0.0185128 -0.1381048 0.0027878 -0.1981105 0.9703977
1769786321.278504 -0.0039588 -0.0221288 -0.0182084 -0.1346380 0.0046008 -0.1967223 0.9711601
1769786321.345170 -0.0040443 -0.0217713 -0.0178661 -0.1277574 0.0089237 -0.1970056 0.9720017
1769786321.378503 -0.0041886 -0.0213828 -0.0175111 -0.1234558 0.0119650 -0.1969872 0.9725285
1769786321.411837 -0.0044405 -0.0211150 -0.0172257 -0.1194308 0.0146778 -0.1971073 0.9729695
1769786321.445171 -0.0041605 -0.0212347 -0.0174717 -0.1165015 0.0162212 -0.1975272 0.9732149
1769786321.478504 -0.0044495 -0.0211475 -0.0182252 -0.1125638 0.0188882 -0.1983180 0.9734694
1769786321.578503 -0.0041705 -0.0202780 -0.0166423 -0.1021181 0.0280779 -0.1995065 0.9741564
1769786321.611837 -0.0046027 -0.0203187 -0.0170980 -0.0980694 0.0312725 -0.1993502 0.9745070
1769786321.645170 -0.0041538 -0.0201913 -0.0164682 -0.0939749 0.0332386 -0.2003793 0.9746343
1769786321.678504 -0.0047865 -0.0200408 -0.0174445 -0.0908104 0.0369578 -0.2010682 0.9746585
1769786321.745170 -0.0044145 -0.0198125 -0.0172841 -0.0840334 0.0440716 -0.2024049 0.9746940
1769786321.778503 -0.0043578 -0.0197688 -0.0166067 -0.0824713 0.0481944 -0.2034933 0.9744056
1769786321.811838 -0.0042671 -0.0197731 -0.0164668 -0.0800658 0.0528277 -0.2045074 0.9741537
1769786321.845170 -0.0044185 -0.0193575 -0.0165527 -0.0772657 0.0575374 -0.2053328 0.9739394
1769786321.878503 -0.0044073 -0.0192693 -0.0165914 -0.0751840 0.0624831 -0.2055572 0.9737502
1769786321.945170 -0.0043952 -0.0190753 -0.0167245 -0.0712632 0.0719828 -0.2078575 0.9729005
1769786321.978502 -0.0045392 -0.0188837 -0.0169242 -0.0704540 0.0766394 -0.2098118 0.9721839
1769786322.011838 -0.0042365 -0.0188904 -0.0165947 -0.0700826 0.0803983 -0.2123276 0.9713607
1769786322.045171 -0.0043110 -0.0188814 -0.0154990 -0.0690891 0.0856556 -0.2133977 0.9707478
1769786322.078502 -0.0039982 -0.0184080 -0.0161352 -0.0683861 0.0880423 -0.2135646 0.9705473
1769786322.111837 -0.0041780 -0.0184104 -0.0160376 -0.0679104 0.0921782 -0.2160674 0.9696423
1769786322.145170 -0.0046627 -0.0178558 -0.0174506 -0.0668503 0.0953988 -0.2182361 0.9689186
1769786322.311836 -0.0047782 -0.0176461 -0.0166541 -0.0963317 0.0940073 -0.2096605 0.9684654
1769786322.378503 -0.0047363 -0.0174316 -0.0161420 -0.1079214 0.0894702 -0.1962588 0.9704795
1769786322.411836 -0.0050267 -0.0170110 -0.0169294 -0.1108294 0.0880132 -0.1902120 0.9714885
1769786322.511837 -0.0049067 -0.0163297 -0.0158811 -0.1190069 0.0848590 -0.1732397 0.9739735
1769786322.545171 -0.0048457 -0.0162371 -0.0146747 -0.1211668 0.0846751 -0.1682862 0.9745914
1769786322.578502 -0.0052259 -0.0159382 -0.0156171 -0.1221738 0.0845843 -0.1634901 0.9752897
1769786322.645169 -0.0055011 -0.0153646 -0.0151426 -0.1243124 0.0846033 -0.1536072 0.9766236
1769786322.678503 -0.0055334 -0.0149642 -0.0146868 -0.1233527 0.0854703 -0.1499125 0.9772437
1769786322.745169 -0.0056441 -0.0144319 -0.0144928 -0.1224152 0.0849041 -0.1439842 0.9783018
1769786322.878502 -0.0058218 -0.0134840 -0.0149035 -0.1173077 0.0848547 -0.1352688 0.9801739
1769786322.978502 -0.0062230 -0.0128920 -0.0148766 -0.1104819 0.0862503 -0.1297386 0.9815918
1769786323.178502 -0.0060567 -0.0122002 -0.0128885 -0.0943109 0.0877167 -0.1236312 0.9839342
1769786323.211836 -0.0060565 -0.0119301 -0.0136102 -0.0907905 0.0877429 -0.1231618 0.9843218
1769786323.245169 -0.0059284 -0.0118373 -0.0132723 -0.0880776 0.0878544 -0.1235000 0.9845160
1769786323.311836 -0.0063056 -0.0112682 -0.0139027 -0.0817947 0.0887457 -0.1216417 0.9852092
1769786324.178502 -0.0078847 -0.0117944 -0.0135263 -0.0678204 0.1025990 -0.1148134 0.9857442
1769786324.211835 -0.0080933 -0.0120328 -0.0135344 -0.0691049 0.1033200 -0.1151429 0.9855413
1769786324.445198 -0.0090023 -0.0133148 -0.0146935 -0.0765782 0.1075248 -0.1107726 0.9850399
1769786324.511864 -0.0089833 -0.0134206 -0.0136430 -0.0795535 0.1086946 -0.1097449 0.9847907
1769786324.545198 -0.0091698 -0.0138986 -0.0138789 -0.0822267 0.1088298 -0.1115517 0.9843531
1769786324.578530 -0.0093841 -0.0138385 -0.0142507 -0.0832019 0.1099133 -0.1098181 0.9843457
1769786324.678531 -0.0094753 -0.0141413 -0.0146006 -0.0884081 0.1103302 -0.1110449 0.9837074
1769786324.778531 -0.0102360 -0.0146627 -0.0155586 -0.0934893 0.1122997 -0.1077574 0.9833804
1769786324.911864 -0.0110126 -0.0161338 -0.0151342 -0.1027765 0.1154175 -0.1022336 0.9826821
1769786324.945197 -0.0109119 -0.0162448 -0.0149710 -0.1042852 0.1161616 -0.1008197 0.9825816
1769786324.978529 -0.0113638 -0.0165149 -0.0157365 -0.1057533 0.1161112 -0.0998860 0.9825259
1769786325.011864 -0.0110672 -0.0168265 -0.0150683 -0.1086713 0.1161331 -0.1006028 0.9821317
1769786325.078530 -0.0109637 -0.0175998 -0.0149476 -0.1138441 0.1167421 -0.1012056 0.9814114
1769786325.145197 -0.0110586 -0.0179693 -0.0136590 -0.1187402 0.1180187 -0.1002093 0.9807805
1769786325.278530 -0.0118015 -0.0196704 -0.0144920 -0.1297406 0.1191255 -0.0960173 0.9796720
1769786325.345197 -0.0124658 -0.0203394 -0.0148893 -0.1350317 0.1195093 -0.0943740 0.9790697
1769786325.445197 -0.0118449 -0.0219843 -0.0140767 -0.1421398 0.1206070 -0.0893495 0.9784002
1769786325.478530 -0.0119634 -0.0218443 -0.0142189 -0.1448119 0.1193367 -0.0891418 0.9781830
1769786325.545197 -0.0123658 -0.0229427 -0.0142204 -0.1497223 0.1192985 -0.0876964 0.9775789
1769786325.578530 -0.0128722 -0.0231155 -0.0148948 -0.1519102 0.1203223 -0.0858198 0.9772824
1769786325.611864 -0.0132891 -0.0234700 -0.0158785 -0.1547121 0.1197648 -0.0871933 0.9767896
1769786325.645196 -0.0124663 -0.0235240 -0.0145446 -0.1562770 0.1186884 -0.0883970 0.9765636
1769786325.678530 -0.0132352 -0.0241698 -0.0149943 -0.1580365 0.1200633 -0.0836716 0.9765287
1769786325.811865 -0.0134355 -0.0257767 -0.0159919 -0.1670845 0.1179217 -0.0835061 0.9752969
1769786325.878529 -0.0135431 -0.0264281 -0.0161301 -0.1724942 0.1177357 -0.0807729 0.9746075
1769786325.911863 -0.0137569 -0.0267230 -0.0162482 -0.1737369 0.1165336 -0.0834045 0.9743096
1769786325.978529 -0.0139041 -0.0269126 -0.0166210 -0.1766666 0.1162339 -0.0819853 0.9739389
1769786326.045197 -0.0135150 -0.0273606 -0.0162489 -0.1804702 0.1150384 -0.0811538 0.9734530
1769786326.078529 -0.0141307 -0.0281494 -0.0167701 -0.1823110 0.1147082 -0.0817793 0.9730965
1769786326.145197 -0.0132428 -0.0284547 -0.0160059 -0.1856554 0.1126979 -0.0820542 0.9726759
1769786326.178529 -0.0136898 -0.0286448 -0.0162112 -0.1868888 0.1128452 -0.0789069 0.9726830
1769786326.411863 -0.0133112 -0.0297340 -0.0166759 -0.1937892 0.1071092 -0.0759332 0.9722179
1769786326.511863 -0.0127098 -0.0303287 -0.0164325 -0.1964469 0.1038996 -0.0759141 0.9720343
1769786326.545196 -0.0125779 -0.0303194 -0.0164814 -0.1962530 0.1030687 -0.0756071 0.9721858
1769786326.611863 -0.0125391 -0.0303134 -0.0168049 -0.1967972 0.1009037 -0.0740811 0.9724203
1769786326.711863 -0.0122257 -0.0309760 -0.0165110 -0.1981382 0.0984463 -0.0718799 0.9725651
1769786326.745196 -0.0123361 -0.0307387 -0.0168197 -0.1976140 0.0971187 -0.0727242 0.9727425
1769786326.811863 -0.0119616 -0.0308725 -0.0165764 -0.1975660 0.0948386 -0.0715442 0.9730647
1769786327.011864 -0.0109417 -0.0311007 -0.0170478 -0.1952723 0.0866490 -0.0696416 0.9744284
1769786327.078529 -0.0095697 -0.0304075 -0.0159197 -0.1924405 0.0835029 -0.0683610 0.9753567
1769786327.111863 -0.0096666 -0.0307719 -0.0172840 -0.1915393 0.0815406 -0.0684213 0.9756958
1769786327.178529 -0.0086105 -0.0300227 -0.0162440 -0.1896961 0.0781535 -0.0705030 0.9761848
1769786327.211862 -0.0086241 -0.0303187 -0.0170385 -0.1886900 0.0765892 -0.0693756 0.9765845
1769786327.411862 -0.0071518 -0.0293166 -0.0166715 -0.1793419 0.0684601 -0.0673787 0.9790862
1769786327.445195 -0.0067507 -0.0294620 -0.0162322 -0.1774527 0.0675694 -0.0656936 0.9796067
1769786327.478529 -0.0063743 -0.0288711 -0.0156994 -0.1757478 0.0656736 -0.0669809 0.9799557
1769786327.511862 -0.0062560 -0.0287810 -0.0164608 -0.1738724 0.0637956 -0.0681376 0.9803345
1769786327.545196 -0.0056598 -0.0285122 -0.0161271 -0.1717143 0.0622533 -0.0669943 0.9808927
1769786327.578528 -0.0055664 -0.0280687 -0.0158878 -0.1701365 0.0608729 -0.0680127 0.9811841
1769786327.611863 -0.0050606 -0.0280935 -0.0157144 -0.1689120 0.0593200 -0.0685742 0.9814517
1769786327.645195 -0.0050600 -0.0282919 -0.0171471 -0.1662279 0.0575613 -0.0689506 0.9819882
1769786327.711862 -0.0039230 -0.0275876 -0.0170472 -0.1614954 0.0532260 -0.0703301 0.9829242
1769786327.745196 -0.0039969 -0.0271811 -0.0169512 -0.1589876 0.0523100 -0.0701886 0.9833922
1769786327.778529 -0.0034366 -0.0269131 -0.0170529 -0.1563976 0.0497396 -0.0712598 0.9838638
1769786327.811863 -0.0030787 -0.0268939 -0.0159039 -0.1540334 0.0482781 -0.0712641 0.9843091
1769786328.011862 -0.0022245 -0.0255698 -0.0167366 -0.1343707 0.0384444 -0.0748634 0.9873511
1769786328.045196 -0.0023450 -0.0254029 -0.0168778 -0.1309122 0.0367524 -0.0735664 0.9879773
1769786328.145195 -0.0017440 -0.0245418 -0.0169221 -0.1209232 0.0303023 -0.0749589 0.9893637
1769786328.211862 -0.0014094 -0.0244219 -0.0167539 -0.1145211 0.0266230 -0.0765822 0.9901068
1769786328.245195 -0.0012431 -0.0242658 -0.0159295 -0.1114744 0.0259795 -0.0768557 0.9904503
1769786328.311861 -0.0013726 -0.0239571 -0.0159192 -0.1048040 0.0215473 -0.0771524 0.9912615
1769786328.478528 -0.0006383 -0.0233144 -0.0144370 -0.0910393 0.0041589 -0.0804782 0.9925814
1769786328.511863 -0.0002448 -0.0229484 -0.0136396 -0.0877062 -0.0002439 -0.0801279 0.9929185
1769786328.545195 -0.0004396 -0.0227899 -0.0143023 -0.0834817 -0.0048045 -0.0789615 0.9933644
1769786328.578528 -0.0000603 -0.0223469 -0.0140978 -0.0796535 -0.0097036 -0.0774693 0.9937604
1769786328.611862 -0.0000431 -0.0225491 -0.0138883 -0.0776227 -0.0136115 -0.0765044 0.9939500
1769786328.645195 -0.0000553 -0.0221445 -0.0134766 -0.0745489 -0.0182127 -0.0750501 0.9942225
1769786328.711861 0.0002305 -0.0221135 -0.0131417 -0.0717208 -0.0262572 -0.0736808 0.9943530
1769786328.745194 0.0001376 -0.0218670 -0.0132782 -0.0700399 -0.0290498 -0.0704286 0.9946308
1769786328.811862 0.0005518 -0.0213611 -0.0126610 -0.0688498 -0.0332846 -0.0675753 0.9947791
1769786328.845195 0.0005694 -0.0212190 -0.0125502 -0.0687801 -0.0338741 -0.0630689 0.9950599
1769786328.945195 0.0017667 -0.0206212 -0.0112634 -0.0886803 -0.0313004 -0.0553136 0.9940304
1769786328.978527 0.0012566 -0.0207990 -0.0112707 -0.0960279 -0.0285458 -0.0537012 0.9935190
1769786329.011861 0.0013519 -0.0206644 -0.0111259 -0.1033847 -0.0268321 -0.0546345 0.9927773
1769786329.045196 0.0014527 -0.0204190 -0.0104804 -0.1086475 -0.0251055 -0.0560059 0.9921839
1769786329.145195 0.0017420 -0.0206384 -0.0108400 -0.1180431 -0.0222465 -0.0570661 0.9911178
1769786329.211861 0.0019628 -0.0205126 -0.0103235 -0.1224659 -0.0211351 -0.0569312 0.9906131
1769786329.478527 0.0016987 -0.0199996 -0.0126802 -0.1223758 -0.0199233 -0.0580356 0.9905852
1769786329.511861 0.0017105 -0.0199913 -0.0126749 -0.1215163 -0.0196464 -0.0582749 0.9906825
1769786329.645194 0.0022860 -0.0194710 -0.0129504 -0.1125498 -0.0196720 -0.0581649 0.9917471
1769786329.778526 0.0024997 -0.0194024 -0.0134851 -0.1031211 -0.0198440 -0.0581041 0.9927720
1769786329.811862 0.0029633 -0.0193416 -0.0130014 -0.1008873 -0.0202460 -0.0582228 0.9929864
1769786329.878527 0.0027451 -0.0190946 -0.0138163 -0.0971496 -0.0201274 -0.0572629 0.9934173
1769786330.611861 0.0040013 -0.0205139 -0.0146732 -0.0893834 -0.0266392 -0.0529231 0.9942334
1769786330.645193 0.0040057 -0.0203449 -0.0145552 -0.0892537 -0.0263892 -0.0524559 0.9942765
1769786330.745193 0.0042830 -0.0199766 -0.0142803 -0.0911865 -0.0272134 -0.0518556 0.9941104
1769786330.778527 0.0041541 -0.0212212 -0.0145863 -0.0926128 -0.0271963 -0.0505686 0.9940453
1769786330.811861 0.0040958 -0.0213084 -0.0149118 -0.0933884 -0.0276537 -0.0509948 0.9939384
1769786331.045194 0.0044029 -0.0229034 -0.0150970 -0.1032289 -0.0301399 -0.0518551 0.9928476
1769786331.078527 0.0041882 -0.0229945 -0.0153647 -0.1048564 -0.0300490 -0.0509532 0.9927265
1769786331.111861 0.0042570 -0.0233575 -0.0153659 -0.1062776 -0.0301045 -0.0500503 0.9926196
1769786331.178526 0.0042839 -0.0235457 -0.0155087 -0.1108497 -0.0306315 -0.0500520 0.9921033
1769786331.211860 0.0040113 -0.0237303 -0.0174708 -0.1120568 -0.0312410 -0.0497253 0.9919651
1769786331.411860 0.0045722 -0.0255374 -0.0153609 -0.1253560 -0.0318863 -0.0501632 0.9903296
1769786331.578526 0.0052485 -0.0271808 -0.0136878 -0.1372372 -0.0320915 -0.0510004 0.9887037
1769786331.611860 0.0044122 -0.0285650 -0.0147971 -0.1401974 -0.0318182 -0.0503109 0.9883325
1769786331.645193 0.0043540 -0.0285136 -0.0165528 -0.1420019 -0.0317016 -0.0520124 0.9879905
1769786331.711859 0.0039661 -0.0288307 -0.0178514 -0.1463919 -0.0312977 -0.0515263 0.9873879
1769786331.778525 0.0041299 -0.0293810 -0.0160413 -0.1516554 -0.0310331 -0.0507202 0.9866434
1769786331.845193 0.0041373 -0.0294712 -0.0173007 -0.1563234 -0.0306068 -0.0503742 0.9859456
1769786331.945193 0.0040305 -0.0299175 -0.0163391 -0.1647366 -0.0291458 -0.0490360 0.9846867
1769786331.978524 0.0040890 -0.0300108 -0.0166367 -0.1672462 -0.0314251 -0.0604564 0.9835579
1769786332.011860 0.0039430 -0.0303726 -0.0170823 -0.1697429 -0.0338187 -0.0755739 0.9820042
1769786332.111860 0.0039713 -0.0309920 -0.0166264 -0.1758645 -0.0413158 -0.1159386 0.9766898
1769786332.178526 0.0040908 -0.0311878 -0.0170013 -0.1803642 -0.0470417 -0.1447975 0.9717456
1769786332.211859 0.0035213 -0.0316598 -0.0182664 -0.1819912 -0.0493964 -0.1574863 0.9693488
1769786332.278527 0.0031009 -0.0321927 -0.0193884 -0.1849594 -0.0543766 -0.1818205 0.9642482
1769786332.311859 0.0030540 -0.0326107 -0.0193695 -0.1871526 -0.0572588 -0.1946993 0.9611387
1769786332.445194 0.0024026 -0.0319098 -0.0211819 -0.1931741 -0.0664495 -0.2406855 0.9488618
1769786332.478528 0.0028501 -0.0320992 -0.0215877 -0.1939833 -0.0683268 -0.2508824 0.9459175
1769786332.545194 0.0024515 -0.0325852 -0.0213941 -0.1968585 -0.0719143 -0.2714079 0.9393684
1769786332.578527 0.0024009 -0.0330518 -0.0216354 -0.1983714 -0.0729022 -0.2801722 0.9363961
1769786333.045194 0.0010584 -0.0353660 -0.0213101 -0.2113643 -0.0830281 -0.3695091 0.9010519
1769786333.111861 0.0011101 -0.0354938 -0.0209990 -0.2119287 -0.0839617 -0.3760251 0.8981324
1769786333.178527 0.0007878 -0.0353806 -0.0210891 -0.2125583 -0.0829094 -0.3807969 0.8960685
1769786333.245193 0.0004799 -0.0354029 -0.0210202 -0.2130953 -0.0821148 -0.3834125 0.8948980
1769786333.278527 0.0003768 -0.0352683 -0.0210541 -0.2130756 -0.0810762 -0.3846129 0.8944821
1769786333.345194 0.0001785 -0.0353121 -0.0210743 -0.2135117 -0.0794352 -0.3850229 0.8943490
1769786333.411861 -0.0000113 -0.0350754 -0.0211974 -0.2132137 -0.0768016 -0.3852787 0.8945400
1769786333.478526 -0.0005386 -0.0351024 -0.0216376 -0.2133535 -0.0732862 -0.3825233 0.8959829
1769786333.511860 -0.0006410 -0.0348078 -0.0209136 -0.2131337 -0.0710279 -0.3806265 0.8970243
1769786333.578526 -0.0010961 -0.0343254 -0.0207541 -0.2126452 -0.0660366 -0.3748563 0.8999466
1769786333.611860 -0.0011349 -0.0342332 -0.0213678 -0.2122475 -0.0640066 -0.3711990 0.9017014
1769786333.645193 -0.0013992 -0.0341586 -0.0208808 -0.2121212 -0.0613236 -0.3670010 0.9036340
1769786333.678526 -0.0017180 -0.0341008 -0.0211450 -0.2118309 -0.0583539 -0.3621326 0.9058601
1769786333.745193 -0.0019645 -0.0331815 -0.0210219 -0.2097856 -0.0525044 -0.3521983 0.9105985
1769786333.845193 -0.0027558 -0.0324307 -0.0211814 -0.2069808 -0.0412597 -0.3290085 0.9204401
1769786333.878526 -0.0023641 -0.0316628 -0.0210169 -0.2048523 -0.0381682 -0.3212063 0.9237994
1769786333.911859 -0.0023443 -0.0314145 -0.0203532 -0.2040735 -0.0337824 -0.3115388 0.9274461
1769786333.945193 -0.0025891 -0.0311118 -0.0197015 -0.2026376 -0.0287981 -0.2993817 0.9319224
1769786333.978524 -0.0028761 -0.0312743 -0.0204822 -0.2017429 -0.0242366 -0.2874927 0.9359810
1769786334.011859 -0.0033790 -0.0301993 -0.0208122 -0.1994473 -0.0196473 -0.2759743 0.9400388
1769786334.045194 -0.0035820 -0.0297316 -0.0212343 -0.1976576 -0.0157867 -0.2670619 0.9430589
1769786334.078526 -0.0032059 -0.0296706 -0.0199300 -0.1962196 -0.0120616 -0.2567611 0.9462696
1769786334.111861 -0.0032050 -0.0293329 -0.0197464 -0.1943101 -0.0085363 -0.2482525 0.9489686
1769786334.145193 -0.0031987 -0.0287409 -0.0193300 -0.1918985 -0.0047125 -0.2382756 0.9520386
1769786334.178526 -0.0035293 -0.0288092 -0.0206568 -0.1899340 -0.0018099 -0.2316577 0.9540737
1769786334.245193 -0.0036692 -0.0283493 -0.0199707 -0.1852107 0.0038702 -0.2213260 0.9574429
1769786334.278526 -0.0032765 -0.0279836 -0.0186465 -0.1821967 0.0057653 -0.2201628 0.9582794
1769786334.311859 -0.0035542 -0.0276480 -0.0190839 -0.1794550 0.0074847 -0.2219420 0.9583745
1769786334.378526 -0.0045666 -0.0269303 -0.0196864 -0.1698218 0.0139729 -0.2204279 0.9604045
1769786334.445193 -0.0034789 -0.0265900 -0.0175901 -0.1620999 0.0186704 -0.2212883 0.9614606
1769786334.511861 -0.0039811 -0.0261498 -0.0176612 -0.1557966 0.0242190 -0.2231644 0.9619452
1769786334.611859 -0.0034989 -0.0254685 -0.0169789 -0.1452029 0.0319943 -0.2274643 0.9623682
1769786334.678526 -0.0033217 -0.0252766 -0.0164248 -0.1379828 0.0379011 -0.2291159 0.9628240
1769786334.711859 -0.0033589 -0.0251778 -0.0166798 -0.1345278 0.0408163 -0.2297104 0.9630522
1769786334.745192 -0.0035016 -0.0251907 -0.0168157 -0.1319931 0.0450079 -0.2309390 0.9629223
1769786334.778525 -0.0029248 -0.0247438 -0.0159599 -0.1287488 0.0492465 -0.2316898 0.9629737
1769786334.811860 -0.0030519 -0.0245527 -0.0159758 -0.1263413 0.0534525 -0.2327245 0.9628188
1769786334.878525 -0.0033171 -0.0246890 -0.0162912 -0.1230928 0.0625329 -0.2344958 0.9622627
1769786334.945192 -0.0028767 -0.0239514 -0.0159821 -0.1178049 0.0712468 -0.2365075 0.9618264
1769786334.978525 -0.0030193 -0.0243659 -0.0159727 -0.1174806 0.0762044 -0.2362448 0.9615507
1769786335.011859 -0.0026778 -0.0239337 -0.0157437 -0.1156889 0.0799837 -0.2398330 0.9605722
1769786335.078524 -0.0032524 -0.0239039 -0.0162025 -0.1150846 0.0886271 -0.2443414 0.9587482
1769786335.111859 -0.0028356 -0.0233220 -0.0153664 -0.1140254 0.0913074 -0.2457827 0.9582547
1769786335.178525 -0.0030322 -0.0234032 -0.0154352 -0.1141150 0.0961346 -0.2506029 0.9565219
1769786335.211859 -0.0027112 -0.0231619 -0.0147591 -0.1181317 0.0961498 -0.2514938 0.9557986
1769786335.378525 -0.0039411 -0.0229653 -0.0161868 -0.1548752 0.0917420 -0.2256076 0.9574437
1769786335.511859 -0.0036869 -0.0215643 -0.0149990 -0.1657452 0.0891357 -0.2016565 0.9612066
1769786335.578525 -0.0033928 -0.0205334 -0.0136255 -0.1681329 0.0893372 -0.1923969 0.9626700
1769786335.645192 -0.0039242 -0.0206172 -0.0138422 -0.1696931 0.0906306 -0.1805934 0.9645602
1769786335.678525 -0.0043751 -0.0202519 -0.0145658 -0.1700447 0.0903366 -0.1796185 0.9647079
1769786335.745192 -0.0042227 -0.0197194 -0.0138711 -0.1691169 0.0903033 -0.1728482 0.9661099
1769786335.778524 -0.0043439 -0.0197877 -0.0143400 -0.1687851 0.0901929 -0.1702944 0.9666316
1769786335.811859 -0.0041835 -0.0194174 -0.0134285 -0.1679487 0.0908640 -0.1682542 0.9670717
1769786336.145192 -0.0037801 -0.0177543 -0.0125690 -0.1447474 0.0922051 -0.1504687 0.9736044
1769786336.178525 -0.0037821 -0.0177856 -0.0122946 -0.1421628 0.0920715 -0.1503395 0.9740178
1769786336.245192 -0.0043341 -0.0171889 -0.0128236 -0.1350306 0.0932054 -0.1497728 0.9750116
1769786336.345192 -0.0042433 -0.0170385 -0.0127191 -0.1277124 0.0945586 -0.1457391 0.9764775
1769786336.378525 -0.0041185 -0.0169539 -0.0125140 -0.1256515 0.0940549 -0.1479815 0.9764563
1769786337.011858 -0.0051090 -0.0169998 -0.0118846 -0.1132085 0.1029405 -0.1444607 0.9776084
1769786337.211858 -0.0059379 -0.0177678 -0.0127038 -0.1176125 0.1067463 -0.1438541 0.9767694
1769786337.245191 -0.0060371 -0.0179713 -0.0123254 -0.1183108 0.1076540 -0.1428936 0.9767265
1769786337.345191 -0.0062262 -0.0183143 -0.0128462 -0.1211769 0.1092192 -0.1413615 0.9764242
1769786337.445191 -0.0067204 -0.0187209 -0.0131237 -0.1251118 0.1111101 -0.1397189 0.9759509
1769786337.511858 -0.0070722 -0.0190446 -0.0137512 -0.1273329 0.1120481 -0.1421141 0.9752103
1769786337.545192 -0.0070408 -0.0190157 -0.0134935 -0.1288007 0.1129408 -0.1402570 0.9751834
1769786337.578524 -0.0069070 -0.0192484 -0.0134479 -0.1310205 0.1130444 -0.1415197 0.9746932
1769786337.645190 -0.0077280 -0.0198912 -0.0141368 -0.1343823 0.1145409 -0.1398794 0.9742975
1769786337.745191 -0.0075982 -0.0200273 -0.0142170 -0.1383191 0.1156335 -0.1372235 0.9739951
1769786337.778523 -0.0082654 -0.0206946 -0.0140849 -0.1407667 0.1173010 -0.1342478 0.9738597
1769786337.811858 -0.0082264 -0.0208914 -0.0139137 -0.1430593 0.1173966 -0.1352812 0.9733710
1769786338.011858 -0.0089231 -0.0230498 -0.0140423 -0.1572257 0.1210227 -0.1312429 0.9712924
1769786338.045192 -0.0091632 -0.0234283 -0.0141360 -0.1602174 0.1216331 -0.1314297 0.9707018
1769786338.078523 -0.0094566 -0.0236047 -0.0135306 -0.1623914 0.1226298 -0.1284946 0.9706081
1769786338.111857 -0.0095984 -0.0237995 -0.0144880 -0.1646237 0.1221324 -0.1294412 0.9701689
1769786338.145191 -0.0098338 -0.0242408 -0.0143366 -0.1668035 0.1232282 -0.1280143 0.9698473
1769786338.178523 -0.0099402 -0.0244263 -0.0142074 -0.1694935 0.1235083 -0.1283527 0.9693004
1769786338.211857 -0.0099167 -0.0246217 -0.0153495 -0.1715105 0.1225082 -0.1301247 0.9688361
1769786338.245190 -0.0103161 -0.0250418 -0.0152882 -0.1743635 0.1234927 -0.1286452 0.9683993
1769786338.278525 -0.0102921 -0.0253742 -0.0147281 -0.1771749 0.1243818 -0.1259062 0.9681352
1769786338.345191 -0.0103259 -0.0261180 -0.0143592 -0.1820565 0.1248927 -0.1241775 0.9673868
1769786338.411857 -0.0105171 -0.0273726 -0.0143031 -0.1883254 0.1246328 -0.1236643 0.9662853
1769786338.445190 -0.0108767 -0.0276330 -0.0137634 -0.1902281 0.1262657 -0.1202341 0.9661336
1769786338.478524 -0.0110293 -0.0283177 -0.0140503 -0.1929806 0.1257164 -0.1215009 0.9655006
1769786338.511857 -0.0108550 -0.0282627 -0.0133908 -0.1955823 0.1259532 -0.1206070 0.9650582
1769786338.545192 -0.0111945 -0.0288116 -0.0146726 -0.1990610 0.1247347 -0.1213133 0.9644164
1769786338.578523 -0.0113674 -0.0289265 -0.0150546 -0.1999426 0.1257006 -0.1190550 0.9643901
1769786338.645190 -0.0113325 -0.0293994 -0.0135314 -0.2038401 0.1258936 -0.1167806 0.9638270
1769786338.745189 -0.0115979 -0.0306852 -0.0143437 -0.2110802 0.1244866 -0.1179657 0.9623058
1769786338.778522 -0.0121648 -0.0312212 -0.0143933 -0.2130689 0.1248847 -0.1159798 0.9620573
1769786338.845190 -0.0122061 -0.0317006 -0.0152496 -0.2166632 0.1247987 -0.1155348 0.9613189
1769786338.878523 -0.0113788 -0.0319604 -0.0135185 -0.2196687 0.1231282 -0.1156926 0.9608332
1769786338.945190 -0.0125537 -0.0329864 -0.0154490 -0.2235350 0.1230572 -0.1139974 0.9601529
1769786338.978523 -0.0125736 -0.0333414 -0.0153799 -0.2248271 0.1230117 -0.1121502 0.9600746
1769786339.011858 -0.0123543 -0.0335651 -0.0153331 -0.2258936 0.1222150 -0.1127259 0.9598585
1769786339.045191 -0.0120765 -0.0336881 -0.0147465 -0.2278725 0.1222331 -0.1119829 0.9594754
1769786339.111857 -0.0119837 -0.0343690 -0.0151437 -0.2318520 0.1205398 -0.1124725 0.9586787
1769786339.378522 -0.0119450 -0.0359010 -0.0154798 -0.2406840 0.1148908 -0.1089338 0.9576036
1769786339.411856 -0.0115828 -0.0360590 -0.0152692 -0.2414773 0.1131095 -0.1103664 0.9574519
1769786339.611856 -0.0106232 -0.0364032 -0.0150430 -0.2446870 0.1077499 -0.1066993 0.9576709
1769786339.745189 -0.0102166 -0.0368431 -0.0150535 -0.2450541 0.1034337 -0.1043145 0.9583154
1769786339.778523 -0.0102270 -0.0370541 -0.0155679 -0.2451436 0.1022532 -0.1045105 0.9583979
1769786339.811857 -0.0098867 -0.0370270 -0.0147513 -0.2451900 0.1014820 -0.1041563 0.9585065
1769786340.111873 -0.0077919 -0.0366361 -0.0161987 -0.2400294 0.0870327 -0.1046464 0.9611765
1769786340.178539 -0.0077554 -0.0365062 -0.0162061 -0.2378156 0.0853007 -0.1031358 0.9620450
1769786340.211872 -0.0071946 -0.0363471 -0.0161454 -0.2367461 0.0831826 -0.1047362 0.9623213
1769786340.278538 -0.0063022 -0.0355723 -0.0158180 -0.2336900 0.0800560 -0.1036451 0.9634509
1769786340.345206 -0.0066643 -0.0358573 -0.0165467 -0.2313504 0.0777547 -0.1043157 0.9641314
1769786340.378539 -0.0054490 -0.0352295 -0.0155047 -0.2301604 0.0756891 -0.1051221 0.9644930
1769786340.411872 -0.0054667 -0.0349514 -0.0164267 -0.2284100 0.0736091 -0.1058565 0.9649897
1769786340.511874 -0.0045735 -0.0346220 -0.0168971 -0.2223348 0.0677773 -0.1067690 0.9667336
1769786340.545206 -0.0043556 -0.0342639 -0.0168310 -0.2207308 0.0662920 -0.1066233 0.9672201
1769786340.578538 -0.0039092 -0.0339970 -0.0165043 -0.2189558 0.0647535 -0.1076208 0.9676173
1769786340.611872 -0.0035412 -0.0340589 -0.0155794 -0.2178926 0.0636798 -0.1064714 0.9680555
1769786340.645205 -0.0033128 -0.0337124 -0.0154992 -0.2157164 0.0622271 -0.1063610 0.9686493
1769786340.711872 -0.0028768 -0.0332893 -0.0157935 -0.2115763 0.0591292 -0.1072660 0.9696562
1769786340.745205 -0.0030942 -0.0330754 -0.0170276 -0.2095105 0.0583724 -0.1058521 0.9703058
1769786340.911872 -0.0021115 -0.0318750 -0.0174218 -0.1943101 0.0482215 -0.1109756 0.9734489
1769786341.045207 -0.0008472 -0.0313401 -0.0148593 -0.1819495 0.0411987 -0.1102899 0.9762342
1769786341.111872 -0.0007158 -0.0314264 -0.0157210 -0.1773346 0.0371875 -0.1104969 0.9772205
1769786341.178538 -0.0002739 -0.0309988 -0.0149190 -0.1713501 0.0328825 -0.1110141 0.9783832
1769786341.211871 -0.0003548 -0.0308115 -0.0154956 -0.1681388 0.0314685 -0.1123300 0.9788366
1769786341.278540 -0.0000925 -0.0305686 -0.0147753 -0.1610231 0.0280994 -0.1100374 0.9803947
1769786341.378538 0.0001040 -0.0298081 -0.0147441 -0.1506519 0.0188993 -0.1096429 0.9823061
1769786341.411872 0.0006753 -0.0297750 -0.0131851 -0.1503486 0.0153248 -0.1122946 0.9821153
1769786341.445205 0.0003892 -0.0298557 -0.0137459 -0.1464552 0.0111792 -0.1103718 0.9829771
1769786341.478539 0.0009070 -0.0295539 -0.0138831 -0.1436591 0.0072799 -0.1122358 0.9832153
1769786341.511872 0.0007982 -0.0290611 -0.0140981 -0.1398296 0.0019089 -0.1128244 0.9837250
1769786341.545207 0.0009692 -0.0291074 -0.0138610 -0.1377990 -0.0024927 -0.1131184 0.9839764
1769786341.611872 0.0011453 -0.0282359 -0.0137162 -0.1301733 -0.0115236 -0.1087177 0.9854454
1769786341.678539 0.0012787 -0.0281840 -0.0135940 -0.1272237 -0.0201910 -0.1070293 0.9858758
1769786341.811872 0.0016829 -0.0272496 -0.0135896 -0.1217611 -0.0299271 -0.0952471 0.9875255
1769786341.845205 0.0018572 -0.0272417 -0.0138383 -0.1208298 -0.0304378 -0.0929235 0.9878457
1769786341.878537 0.0017564 -0.0270814 -0.0131824 -0.1241258 -0.0282927 -0.0879470 0.9879563
1769786342.145205 0.0025091 -0.0258599 -0.0116798 -0.1676502 -0.0165016 -0.0894151 0.9816446
1769786342.345205 0.0033418 -0.0249020 -0.0131286 -0.1734664 -0.0150186 -0.0920443 0.9804141
1769786342.511872 0.0036153 -0.0240857 -0.0137199 -0.1691739 -0.0145964 -0.0923299 0.9811434
1769786342.578537 0.0039915 -0.0239948 -0.0138152 -0.1668437 -0.0156762 -0.0941597 0.9813519
1769786343.878536 0.0054534 -0.0260884 -0.0151401 -0.1543643 -0.0167315 -0.0889813 0.9838567
1769786343.945204 0.0052699 -0.0263228 -0.0147042 -0.1573381 -0.0162349 -0.0900889 0.9832930
1769786343.978537 0.0052174 -0.0264127 -0.0144706 -0.1583616 -0.0156899 -0.0885820 0.9832745
1769786344.311870 0.0047005 -0.0282680 -0.0136828 -0.1712808 -0.0126903 -0.0893053 0.9810843
1769786344.345204 0.0047321 -0.0284045 -0.0135559 -0.1727167 -0.0125570 -0.0896186 0.9808057
1769786344.511870 0.0043381 -0.0293463 -0.0136676 -0.1795471 -0.0105599 -0.0908027 0.9794928
1769786344.611871 0.0043587 -0.0300043 -0.0134441 -0.1834884 -0.0095699 -0.0918118 0.9786782
1769786344.645203 0.0041270 -0.0299003 -0.0132500 -0.1846118 -0.0090242 -0.0916829 0.9784842
1769786344.811871 0.0040848 -0.0310784 -0.0136283 -0.1911048 -0.0071025 -0.0937042 0.9770609
1769786344.878536 0.0038149 -0.0311791 -0.0135310 -0.1927129 -0.0057406 -0.0931586 0.9768062
1769786345.178536 0.0028322 -0.0321784 -0.0136366 -0.2006192 -0.0000424 -0.0942914 0.9751211
1769786345.478535 0.0022195 -0.0325991 -0.0135511 -0.2052848 0.0053324 -0.0954237 0.9740247
1769786345.578535 0.0021057 -0.0327151 -0.0136323 -0.2065533 0.0066669 -0.0956282 0.9737282
1769786345.645202 0.0019893 -0.0327105 -0.0136388 -0.2069389 0.0075943 -0.0957273 0.9736298
1769786345.978535 0.0013379 -0.0327754 -0.0135662 -0.2077729 0.0126074 -0.0973601 0.9732381
1769786346.145203 0.0011115 -0.0326566 -0.0136418 -0.2072210 0.0141544 -0.0984627 0.9732236
1769786346.178535 0.0010666 -0.0326888 -0.0136932 -0.2071157 0.0147418 -0.0986002 0.9732234
1769786348.211900 0.0005279 -0.0314491 -0.0133414 -0.2014920 0.0193071 -0.1025253 0.9739183
1769786348.278567 0.0005704 -0.0314962 -0.0133825 -0.2015591 0.0190274 -0.1029838 0.9738615
1769786348.545235 0.0006008 -0.0314209 -0.0133745 -0.2011282 0.0190066 -0.1027880 0.9739717
1769786348.811902 0.0005386 -0.0314799 -0.0134663 -0.2011327 0.0189802 -0.1025601 0.9739953
1769786349.045236 0.0005611 -0.0314666 -0.0134783 -0.2009710 0.0189575 -0.1027184 0.9740124
1769786349.978566 0.0005572 -0.0314817 -0.0134687 -0.2010705 0.0188694 -0.1027879 0.9739863
1769786351.078566 0.0004544 -0.0315171 -0.0137256 -0.2009790 0.0188602 -0.1026455 0.9740204
