1770111448.255547 0.0000000 0.0000000 0.0000000 -0.0000000 -0.0000000 -0.0000000 1.0000000
1770111451.822237 -0.0007991 -0.0002043 -0.0009174 -0.0001067 0.0002894 -0.0001821 0.9999999
1770111453.188903 -0.0008461 -0.0002305 -0.0009574 0.0013055 -0.0000997 -0.0008565 0.9999988
1770111455.555568 -0.0015552 -0.0009603 -0.0032098 0.0058033 0.0208177 -0.0045638 0.9997560
1770111456.455567 -0.0013085 -0.0008381 -0.0026025 -0.0066064 0.0418876 -0.0055950 0.9990848
1770111456.988901 -0.0012330 -0.0006237 -0.0027497 -0.0186319 0.0534500 -0.0054864 0.9983816
1770111457.722234 -0.0009142 -0.0000939 -0.0018531 -0.0368060 0.0642556 -0.0052853 0.9972405
1770111458.555589 -0.0010463 -0.0005488 -0.0014443 -0.0455074 0.0611137 -0.0031065 0.9970881
1770111459.922255 -0.0019638 -0.0008766 -0.0040396 0.0149205 0.0255591 -0.0094673 0.9995171
1770111460.288922 -0.0021006 -0.0021772 -0.0060476 0.0420343 -0.0044573 -0.0091846 0.9990640
1770111461.122254 -0.0033651 -0.0026268 -0.0058341 0.0130718 -0.0185969 0.0026788 0.9997380
1770111461.755587 -0.0055553 -0.0047762 -0.0104829 0.0346146 -0.0245252 0.0016509 0.9990984
1770111462.088920 -0.0063071 -0.0046224 -0.0113555 0.0536964 -0.0266295 0.0016157 0.9982009
1770111462.588920 -0.0068340 -0.0052864 -0.0127161 0.0602885 -0.0295317 0.0069392 0.9977199
1770111463.522253 -0.0085617 -0.0005165 -0.0119840 0.0556081 -0.0330477 0.0139577 0.9978080
1770111463.855589 -0.0086559 0.0004629 -0.0105153 0.0446410 -0.0334910 0.0171004 0.9982951
1770111464.055586 -0.0087337 0.0004925 -0.0103853 0.0332940 -0.0337032 0.0210169 0.9986561
1770111464.722253 -0.0089806 0.0017802 -0.0084674 -0.0045922 -0.0358726 -0.0561738 0.9977658
1770111464.855588 -0.0095382 0.0022039 -0.0103786 -0.0091375 -0.0378501 -0.0980612 0.9944184
1770111464.988918 -0.0097785 0.0030401 -0.0120086 -0.0123939 -0.0400413 -0.1386695 0.9894513
1770111465.088918 -0.0100978 0.0039801 -0.0137898 -0.0141547 -0.0412451 -0.1667647 0.9850320
1770111465.155584 -0.0100340 0.0039832 -0.0139058 -0.0164552 -0.0419020 -0.1844822 0.9818044
1770111465.222252 -0.0101202 0.0044004 -0.0141309 -0.0172570 -0.0418922 -0.2006248 0.9786199
1770111465.355586 -0.0101511 0.0045638 -0.0155901 -0.0210718 -0.0429398 -0.2289570 0.9722607
1770111465.722252 -0.0101509 0.0041687 -0.0181641 -0.0290888 -0.0417999 -0.2871493 0.9565312
1770111466.222259 -0.0113175 0.0035079 -0.0180334 -0.0370141 -0.0345722 -0.3093597 0.9495953
1770111466.422260 -0.0111790 0.0040768 -0.0179157 -0.0341988 -0.0285006 -0.2996827 0.9529997
1770111466.622259 -0.0105206 0.0043132 -0.0172195 -0.0301269 -0.0206852 -0.2768153 0.9602280
1770111466.788925 -0.0102470 0.0038274 -0.0171397 -0.0257792 -0.0140245 -0.2467346 0.9686386
1770111467.055593 -0.0079655 0.0017270 -0.0161081 -0.0191985 -0.0054906 -0.1682853 0.9855360
1770111467.222258 -0.0049614 0.0007987 -0.0097257 -0.0118084 0.0000189 -0.1354287 0.9907168
1770111467.255591 -0.0048019 0.0009978 -0.0095669 -0.0100739 0.0012118 -0.1334854 0.9909989
1770111468.088924 -0.0031809 -0.0025830 -0.0071283 0.0446638 0.0704478 -0.1398047 0.9866595
1770111468.122257 -0.0030178 -0.0027446 -0.0070848 0.0464223 0.0744187 -0.1402309 0.9862262
1770111468.288924 -0.0025501 -0.0038892 -0.0072906 0.0485858 0.0897698 -0.1425316 0.9845129
1770111468.955590 0.0009250 -0.0055912 -0.0049382 -0.0089933 0.0657328 -0.0686325 0.9954335
1770111469.555589 0.0026196 -0.0090785 -0.0076131 0.0105472 0.0608149 -0.0385581 0.9973483
1770111470.088923 0.0032396 -0.0101633 -0.0080086 0.0318815 0.0652757 -0.0341682 0.9967724
1770111471.522256 0.0068951 -0.0051303 -0.0099451 0.0229993 0.0709831 -0.0150536 0.9970987
1770111472.488922 0.0071978 -0.0029671 -0.0058096 -0.0320273 0.0735971 0.0000340 0.9967737
1770111472.955587 0.0077676 -0.0023668 -0.0050851 -0.0538928 0.0675918 0.0168271 0.9961144
1770111473.222255 0.0076155 -0.0022405 -0.0047853 -0.0624034 0.0637708 0.0229742 0.9957466
1770111474.022254 0.0070703 -0.0016939 -0.0037907 -0.0675157 0.0440193 0.0259519 0.9964088
1770111475.155609 0.0064314 -0.0022511 -0.0054192 -0.0188766 0.0037590 0.0189579 0.9996350
1770111475.722276 0.0052710 -0.0038586 -0.0075627 0.0262433 -0.0174540 0.0143945 0.9993995
1770111476.722275 0.0024811 -0.0072589 -0.0056105 0.0143604 -0.0570270 0.0394463 0.9974897
1770111477.588941 0.0031404 -0.0041197 -0.0023866 0.0405704 -0.0496788 0.0324442 0.9974134
1770111479.288939 0.0010132 -0.0039033 -0.0016924 0.0304527 -0.0509618 0.0464341 0.9971557
1770111480.188939 0.0001586 -0.0024967 -0.0045230 0.0045372 -0.0545706 0.0199604 0.9983001
1770111480.355605 -0.0006242 -0.0025183 -0.0063242 -0.0024105 -0.0549274 -0.0401730 0.9976790
1770111480.422272 -0.0008563 -0.0025907 -0.0067007 -0.0048744 -0.0559616 -0.0617745 0.9965081
1770111480.688939 -0.0010838 -0.0024065 -0.0086110 -0.0116243 -0.0594582 -0.1427798 0.9878986
1770111480.788939 -0.0012239 -0.0022792 -0.0092491 -0.0142279 -0.0590897 -0.1686484 0.9838006
1770111480.922272 -0.0013409 -0.0022047 -0.0101865 -0.0166314 -0.0594573 -0.1997991 0.9778898
1770111481.522272 -0.0017523 -0.0035523 -0.0117991 -0.0302728 -0.0566617 -0.2814063 0.9574359
1770111481.888941 -0.0022581 -0.0035677 -0.0113142 -0.0314205 -0.0501267 -0.2837498 0.9570716
1770111482.255613 -0.0035497 -0.0026783 -0.0112841 -0.0261717 -0.0326352 -0.2485989 0.9677027
1770111482.722281 -0.0052368 -0.0019543 -0.0087744 -0.0133493 -0.0084222 -0.1280192 0.9916461
1770111483.122280 -0.0041678 -0.0003938 -0.0078821 0.0099633 0.0138903 -0.1279752 0.9916301
1770111486.288945 0.0050613 -0.0099332 -0.0104614 0.0354172 0.0662507 -0.0279293 0.9967830
1770111487.055611 0.0068277 -0.0052900 -0.0106339 0.0262371 0.0706290 -0.0160027 0.9970291
1770111487.588944 0.0071206 -0.0036300 -0.0077209 -0.0015931 0.0740314 -0.0098246 0.9972063
1770111487.755610 0.0073002 -0.0030911 -0.0066210 -0.0116161 0.0745477 -0.0048611 0.9971380
1770111489.055609 0.0075523 -0.0017855 -0.0036690 -0.0670644 0.0591062 0.0243014 0.9956999
1770111489.888967 0.0074572 -0.0016914 -0.0036485 -0.0623266 0.0334903 0.0248585 0.9971840
1770111490.488964 0.0069197 -0.0019830 -0.0042837 -0.0359032 0.0124455 0.0202393 0.9990728
1770111491.488963 0.0053540 -0.0036918 -0.0077735 0.0429796 -0.0333307 0.0133813 0.9984302
1770111491.655632 0.0052322 -0.0043156 -0.0088460 0.0591871 -0.0507461 0.0189185 0.9967768
1770111494.822294 0.0010596 -0.0056406 -0.0025054 0.0289048 -0.0503539 0.0518257 0.9969670
1770111497.988946 -0.0036659 -0.0026435 -0.0120914 -0.0220283 -0.0240397 -0.2178060 0.9754473
1770111498.422279 -0.0049775 0.0002244 -0.0111031 -0.0104302 -0.0008000 -0.1320187 0.9911920
1770111499.088945 -0.0037145 -0.0013741 -0.0070748 0.0369966 0.0485011 -0.1398597 0.9882905
1770111499.655611 -0.0008965 -0.0044245 -0.0058343 0.0252910 0.0891637 -0.1380820 0.9860749
1770111499.722278 -0.0004278 -0.0043944 -0.0052571 0.0142700 0.0842923 -0.1265436 0.9882702
1770111499.988944 0.0008126 -0.0049170 -0.0049624 -0.0061294 0.0688765 -0.0857811 0.9939115
1770111500.122278 0.0012923 -0.0055880 -0.0049375 -0.0100499 0.0654983 -0.0702510 0.9953260
1770111500.688945 0.0024953 -0.0086599 -0.0071738 0.0073982 0.0616729 -0.0375759 0.9973614
1770111501.088943 0.0033384 -0.0096346 -0.0074370 0.0272244 0.0625729 -0.0331911 0.9971168
1770111502.222276 0.0056861 -0.0084616 -0.0108953 0.0320611 0.0696639 -0.0218780 0.9968151
1770111502.855608 0.0070008 -0.0046121 -0.0097901 0.0168298 0.0725528 -0.0112195 0.9971595
1770111503.255607 0.0071896 -0.0033241 -0.0073204 -0.0054753 0.0741729 -0.0078595 0.9971994
1770111503.388944 0.0074200 -0.0027527 -0.0066069 -0.0127787 0.0742366 -0.0055064 0.9971436
1770111503.622276 0.0073373 -0.0023727 -0.0056483 -0.0265809 0.0741542 -0.0015812 0.9968913
1770111504.122274 0.0078747 -0.0023972 -0.0053652 -0.0522890 0.0677636 0.0156993 0.9962066
1770111504.622275 0.0077079 -0.0019241 -0.0039107 -0.0664752 0.0592339 0.0244202 0.9957289
1770111505.288941 0.0073171 -0.0016759 -0.0037260 -0.0664416 0.0409803 0.0259079 0.9966117
1770111505.688982 0.0071883 -0.0016314 -0.0034973 -0.0551702 0.0269717 0.0224281 0.9978606
1770111506.155649 0.0068261 -0.0018635 -0.0046672 -0.0315706 0.0102325 0.0201312 0.9992464
1770111506.555648 0.0058427 -0.0025597 -0.0061669 -0.0010448 -0.0032097 0.0153129 0.9998771
1770111508.588980 0.0025569 -0.0049077 -0.0023441 0.0281478 -0.0472159 0.0318161 0.9979811
1770111510.688979 0.0005587 -0.0035702 -0.0016827 0.0234934 -0.0504040 0.0506988 0.9971645
1770111511.688979 -0.0010788 -0.0021351 -0.0074451 -0.0064182 -0.0570231 -0.0865461 0.9945939
1770111511.755645 -0.0009618 -0.0023405 -0.0078400 -0.0081403 -0.0586950 -0.1081168 0.9923706
1770111511.888979 -0.0011916 -0.0023307 -0.0090032 -0.0119150 -0.0592113 -0.1456812 0.9874862
1770111512.155644 -0.0014061 -0.0023006 -0.0101980 -0.0181003 -0.0593096 -0.2102945 0.9756695
1770111513.022330 -0.0020508 -0.0035688 -0.0113916 -0.0317290 -0.0517184 -0.2861419 0.9562643
1770111513.888996 -0.0042532 -0.0030125 -0.0112231 -0.0130182 -0.0080432 -0.1313612 0.9912165
1770111514.388995 -0.0037269 -0.0004148 -0.0072845 0.0157747 0.0199576 -0.1309389 0.9910640
1770111514.822328 -0.0031296 -0.0021697 -0.0068358 0.0430240 0.0651066 -0.1408485 0.9869508
1770111514.922330 -0.0028244 -0.0026217 -0.0069861 0.0475700 0.0767305 -0.1396532 0.9860764
1770111516.055661 0.0022748 -0.0073877 -0.0079003 -0.0032634 0.0599904 -0.0432457 0.9972564
1770111521.622340 0.0070961 -0.0020137 -0.0046318 -0.0389936 0.0139755 0.0214669 0.9989111
1770111522.355674 0.0055512 -0.0032233 -0.0062056 0.0133902 -0.0106392 0.0153454 0.9997360
1770111522.655673 0.0052178 -0.0037558 -0.0079328 0.0415394 -0.0306230 0.0139714 0.9985698
1770111522.689006 0.0052931 -0.0037117 -0.0075101 0.0443259 -0.0339771 0.0130961 0.9983533
1770111523.055674 0.0045432 -0.0062953 -0.0114094 0.0693954 -0.0692836 0.0286539 0.9947678
1770111523.155671 0.0043354 -0.0068140 -0.0104410 0.0685007 -0.0702703 0.0379822 0.9944482
1770111523.322339 0.0033098 -0.0068551 -0.0079426 0.0344234 -0.0629828 0.0399911 0.9966187
1770111524.122338 0.0020197 -0.0050715 -0.0028436 0.0203218 -0.0461952 0.0329856 0.9981808
1770111526.355670 0.0014630 -0.0058358 -0.0047510 0.0194745 -0.0389280 0.0530494 0.9976428
1770111526.922337 0.0004994 -0.0031860 -0.0037339 0.0109657 -0.0334383 0.0484728 0.9982044
1770111527.355671 0.0002981 -0.0025115 -0.0032224 0.0025441 -0.0288440 0.0433941 0.9986383
1770111528.089003 -0.0008223 -0.0025252 -0.0041185 -0.0020181 -0.0197688 0.0393851 0.9990265
1770111529.655684 0.0005562 -0.0011266 -0.0026642 0.0037578 -0.0143134 0.0321258 0.9993743
