1770111448255546880.000000 0.000000000 0.000000000 0.000000000 -0.000000000 -0.000000000 -0.000000000 1.000000000
1770111451822236672.000000 -0.000799121 -0.000204341 -0.000917369 -0.000106687 0.000289361 -0.000182098 0.999999940
1770111453188903168.000000 -0.000846134 -0.000230514 -0.000957370 0.001305476 -0.000099725 -0.000856484 0.999998808
1770111455555567616.000000 -0.001555223 -0.000960267 -0.003209833 0.005803332 0.020817706 -0.004563769 0.999756038
1770111456455566848.000000 -0.001308466 -0.000838100 -0.002602525 -0.006606373 0.041887559 -0.005594960 0.999084830
1770111456988901120.000000 -0.001233024 -0.000623699 -0.002749662 -0.018631931 0.053449992 -0.005486435 0.998381615
1770111457722234368.000000 -0.000914208 -0.000093879 -0.001853055 -0.036806013 0.064255632 -0.005285344 0.997240484
1770111458555588608.000000 -0.001046337 -0.000548850 -0.001444300 -0.045507379 0.061113711 -0.003106498 0.997088075
1770111459922255104.000000 -0.001963845 -0.000876638 -0.004039571 0.014920506 0.025559079 -0.009467258 0.999517143
1770111460288921600.000000 -0.002100603 -0.002177233 -0.006047551 0.042034298 -0.004457254 -0.009184559 0.999064028
1770111461122254080.000000 -0.003365129 -0.002626838 -0.005834097 0.013071750 -0.018596850 0.002678778 0.999738038
1770111461755586816.000000 -0.005555302 -0.004776230 -0.010482855 0.034614626 -0.024525231 0.001650945 0.999098420
1770111462088919808.000000 -0.006307071 -0.004622431 -0.011355507 0.053696387 -0.026629483 0.001615702 0.998200893
1770111462588920064.000000 -0.006833960 -0.005286393 -0.012716075 0.060288519 -0.029531725 0.006939237 0.997719944
1770111463522252800.000000 -0.008561693 -0.000516550 -0.011983963 0.055608068 -0.033047710 0.013957727 0.997807980
1770111463855588864.000000 -0.008655876 0.000462903 -0.010515279 0.044640958 -0.033490989 0.017100381 0.998295128
1770111464055586304.000000 -0.008733676 0.000492498 -0.010385328 0.033293959 -0.033703223 0.021016933 0.998656094
1770111464722252800.000000 -0.008980630 0.001780182 -0.008467399 -0.004592159 -0.035872605 -0.056173842 0.997765779
1770111464855587840.000000 -0.009538232 0.002203857 -0.010378576 -0.009137475 -0.037850074 -0.098061152 0.994418383
1770111464988918272.000000 -0.009778536 0.003040105 -0.012008557 -0.012393910 -0.040041335 -0.138669476 0.989451289
1770111465088918272.000000 -0.010097765 0.003980060 -0.013789807 -0.014154679 -0.041245107 -0.166764691 0.985031962
1770111465155583744.000000 -0.010033972 0.003983247 -0.013905848 -0.016455196 -0.041902039 -0.184482247 0.981804371
1770111465222251776.000000 -0.010120155 0.004400426 -0.014130916 -0.017257033 -0.041892242 -0.200624794 0.978619933
1770111465355585536.000000 -0.010151148 0.004563802 -0.015590089 -0.021071846 -0.042939831 -0.228957042 0.972260714
1770111465722251776.000000 -0.010150871 0.004168693 -0.018164128 -0.029088769 -0.041799925 -0.287149310 0.956531167
1770111466222258688.000000 -0.011317534 0.003507890 -0.018033378 -0.037014142 -0.034572203 -0.309359670 0.949595332
1770111466422259712.000000 -0.011178999 0.004076782 -0.017915683 -0.034198768 -0.028500618 -0.299682736 0.952999711
1770111466622259456.000000 -0.010520632 0.004313203 -0.017219540 -0.030126866 -0.020685161 -0.276815325 0.960228026
1770111466788925184.000000 -0.010246951 0.003827418 -0.017139653 -0.025779204 -0.014024470 -0.246734649 0.968638599
1770111467055592448.000000 -0.007965502 0.001727040 -0.016108129 -0.019198539 -0.005490568 -0.168285280 0.985536039
1770111467222258432.000000 -0.004961372 0.000798652 -0.009725655 -0.011808395 0.000018899 -0.135428652 0.990716755
1770111467255590656.000000 -0.004801949 0.000997821 -0.009566903 -0.010073867 0.001211827 -0.133485377 0.990998864
1770111468088924160.000000 -0.003180857 -0.002582960 -0.007128327 0.044663806 0.070447810 -0.139804721 0.986659467
1770111468122256640.000000 -0.003017847 -0.002744639 -0.007084783 0.046422251 0.074418686 -0.140230909 0.986226201
1770111468288924416.000000 -0.002550051 -0.003889156 -0.007290571 0.048585836 0.089769803 -0.142531574 0.984512866
1770111468955589632.000000 0.000925035 -0.005591239 -0.004938150 -0.008993276 0.065732777 -0.068632469 0.995433509
1770111469555589120.000000 0.002619568 -0.009078545 -0.007613065 0.010547197 0.060814865 -0.038558066 0.997348309
1770111470088923136.000000 0.003239560 -0.010163306 -0.008008573 0.031881548 0.065275684 -0.034168195 0.996772408
1770111471522255872.000000 0.006895104 -0.005130343 -0.009945136 0.022999309 0.070983112 -0.015053619 0.997098684
1770111472488921600.000000 0.007197834 -0.002967088 -0.005809598 -0.032027256 0.073597059 0.000033996 0.996773660
1770111472955587072.000000 0.007767641 -0.002366849 -0.005085111 -0.053892843 0.067591809 0.016827079 0.996114373
1770111473222255104.000000 0.007615454 -0.002240533 -0.004785280 -0.062403373 0.063770771 0.022974247 0.995746613
1770111474022254592.000000 0.007070326 -0.001693936 -0.003790651 -0.067515664 0.044019252 0.025951924 0.996408820
1770111475155609344.000000 0.006431365 -0.002251113 -0.005419184 -0.018876642 0.003758956 0.018957851 0.999635041
1770111475722276096.000000 0.005271012 -0.003858565 -0.007562685 0.026243266 -0.017453957 0.014394508 0.999399543
1770111476722275072.000000 0.002481134 -0.007258853 -0.005610525 0.014360354 -0.057026967 0.039446276 0.997489691
1770111477588940544.000000 0.003140382 -0.004119749 -0.002386650 0.040570430 -0.049678795 0.032444227 0.997413397
1770111479288939520.000000 0.001013229 -0.003903314 -0.001692383 0.030452706 -0.050961766 0.046434078 0.997155666
1770111480188939008.000000 0.000158633 -0.002496710 -0.004523024 0.004537247 -0.054570645 0.019960420 0.998300076
1770111480355605248.000000 -0.000624198 -0.002518295 -0.006324152 -0.002410531 -0.054927398 -0.040173043 0.997678995
1770111480422272512.000000 -0.000856297 -0.002590683 -0.006700744 -0.004874387 -0.055961572 -0.061774455 0.996508121
1770111480688938752.000000 -0.001083785 -0.002406472 -0.008610956 -0.011624334 -0.059458233 -0.142779782 0.987898588
1770111480788938496.000000 -0.001223947 -0.002279161 -0.009249078 -0.014227940 -0.059089746 -0.168648422 0.983800650
1770111480922272512.000000 -0.001340938 -0.002204727 -0.010186465 -0.016631439 -0.059457339 -0.199799106 0.977889836
1770111481522272000.000000 -0.001752336 -0.003552281 -0.011799099 -0.030272817 -0.056661703 -0.281406283 0.957435906
1770111481888940800.000000 -0.002258092 -0.003567709 -0.011314204 -0.031420521 -0.050126668 -0.283749849 0.957071602
1770111482255613440.000000 -0.003549666 -0.002678257 -0.011284078 -0.026171656 -0.032635182 -0.248598874 0.967702746
1770111482722281216.000000 -0.005236797 -0.001954291 -0.008774379 -0.013349256 -0.008422204 -0.128019184 0.991646111
1770111483122279936.000000 -0.004167763 -0.000393821 -0.007882081 0.009963344 0.013890270 -0.127975196 0.991630077
1770111486288944640.000000 0.005061323 -0.009933216 -0.010461438 0.035417154 0.066250704 -0.027929310 0.996783018
1770111487055610880.000000 0.006827694 -0.005289976 -0.010633864 0.026237063 0.070628986 -0.016002659 0.997029126
1770111487588944128.000000 0.007120565 -0.003630024 -0.007720904 -0.001593062 0.074031375 -0.009824573 0.997206271
1770111487755609856.000000 0.007300182 -0.003091071 -0.006621032 -0.011616124 0.074547715 -0.004861065 0.997137964
1770111489055609344.000000 0.007552260 -0.001785504 -0.003669030 -0.067064367 0.059106175 0.024301419 0.995699883
1770111489888966656.000000 0.007457243 -0.001691427 -0.003648453 -0.062326640 0.033490304 0.024858527 0.997183979
1770111490488963584.000000 0.006919666 -0.001983046 -0.004283680 -0.035903178 0.012445528 0.020239299 0.999072790
1770111491488963072.000000 0.005354039 -0.003691802 -0.007773491 0.042979576 -0.033330705 0.013381328 0.998430192
1770111491655631872.000000 0.005232246 -0.004315615 -0.008845980 0.059187111 -0.050746102 0.018918548 0.996776760
1770111494822294528.000000 0.001059583 -0.005640639 -0.002505350 0.028904768 -0.050353866 0.051825661 0.996966958
1770111497988945664.000000 -0.003665892 -0.002643548 -0.012091374 -0.022028344 -0.024039745 -0.217805952 0.975447297
1770111498422279168.000000 -0.004977484 0.000224384 -0.011103069 -0.010430183 -0.000800014 -0.132018656 0.991192043
1770111499088944896.000000 -0.003714491 -0.001374071 -0.007074811 0.036996584 0.048501149 -0.139859676 0.988290548
1770111499655610624.000000 -0.000896497 -0.004424526 -0.005834321 0.025290973 0.089163736 -0.138081998 0.986074865
1770111499722278400.000000 -0.000427844 -0.004394437 -0.005257096 0.014269963 0.084292337 -0.126543611 0.988270164
1770111499988944384.000000 0.000812597 -0.004916998 -0.004962396 -0.006129436 0.068876535 -0.085781150 0.993911505
1770111500122277632.000000 0.001292324 -0.005587956 -0.004937526 -0.010049946 0.065498285 -0.070250988 0.995325983
1770111500688944896.000000 0.002495262 -0.008659867 -0.007173763 0.007398221 0.061672941 -0.037575934 0.997361422
1770111501088942848.000000 0.003338394 -0.009634635 -0.007437001 0.027224427 0.062572867 -0.033191103 0.997116804
1770111502222276352.000000 0.005686051 -0.008461632 -0.010895316 0.032061096 0.069663852 -0.021877952 0.996815145
1770111502855608576.000000 0.007000807 -0.004612056 -0.009790096 0.016829792 0.072552793 -0.011219451 0.997159481
1770111503255607296.000000 0.007189608 -0.003324140 -0.007320352 -0.005475266 0.074172877 -0.007859482 0.997199416
1770111503388944128.000000 0.007419950 -0.002752661 -0.006606940 -0.012778726 0.074236594 -0.005506427 0.997143626
1770111503622275584.000000 0.007337288 -0.002372667 -0.005648348 -0.026580883 0.074154176 -0.001581168 0.996891260
1770111504122274048.000000 0.007874710 -0.002397182 -0.005365158 -0.052289024 0.067763649 0.015699320 0.996206582
1770111504622274560.000000 0.007707878 -0.001924101 -0.003910732 -0.066475227 0.059233926 0.024420161 0.995728910
1770111505288940544.000000 0.007317061 -0.001675946 -0.003726037 -0.066441648 0.040980287 0.025907896 0.996611714
1770111505688982272.000000 0.007188255 -0.001631416 -0.003497339 -0.055170171 0.026971728 0.022428075 0.997860610
1770111506155649280.000000 0.006826094 -0.001863478 -0.004667207 -0.031570625 0.010232541 0.020131150 0.999246359
1770111506555647744.000000 0.005842712 -0.002559695 -0.006166903 -0.001044799 -0.003209746 0.015312889 0.999877095
1770111508588980224.000000 0.002556853 -0.004907741 -0.002344128 0.028147779 -0.047215868 0.031816076 0.997981071
1770111510688979200.000000 0.000558719 -0.003570196 -0.001682702 0.023493446 -0.050403960 0.050698832 0.997164547
1770111511688978688.000000 -0.001078807 -0.002135061 -0.007445072 -0.006418186 -0.057023052 -0.086546093 0.994593918
1770111511755644672.000000 -0.000961842 -0.002340464 -0.007839975 -0.008140321 -0.058695007 -0.108116813 0.992370605
1770111511888978944.000000 -0.001191604 -0.002330736 -0.009003154 -0.011915038 -0.059211310 -0.145681202 0.987486243
1770111512155644416.000000 -0.001406133 -0.002300569 -0.010197957 -0.018100295 -0.059309594 -0.210294545 0.975669503
1770111513022329600.000000 -0.002050848 -0.003568823 -0.011391623 -0.031729024 -0.051718358 -0.286141902 0.956264257
1770111513888995840.000000 -0.004253180 -0.003012460 -0.011223083 -0.013018247 -0.008043249 -0.131361231 0.991216481
1770111514388995072.000000 -0.003726877 -0.000414785 -0.007284485 0.015774705 0.019957563 -0.130938858 0.991064012
1770111514822328064.000000 -0.003129558 -0.002169674 -0.006835791 0.043023981 0.065106645 -0.140848503 0.986950755
1770111514922330112.000000 -0.002824421 -0.002621660 -0.006986052 0.047569960 0.076730460 -0.139653191 0.986076355
1770111516055661312.000000 0.002274824 -0.007387743 -0.007900342 -0.003263425 0.059990350 -0.043245714 0.997256398
1770111521622340096.000000 0.007096126 -0.002013709 -0.004631801 -0.038993578 0.013975478 0.021466866 0.998911083
1770111522355673856.000000 0.005551165 -0.003223327 -0.006205550 0.013390241 -0.010639190 0.015345373 0.999736011
1770111522655673088.000000 0.005217783 -0.003755787 -0.007932808 0.041539446 -0.030623013 0.013971436 0.998569787
1770111522689006336.000000 0.005293101 -0.003711673 -0.007510092 0.044325858 -0.033977110 0.013096077 0.998353302
1770111523055673600.000000 0.004543181 -0.006295325 -0.011409448 0.069395356 -0.069283612 0.028653949 0.994767845
1770111523155671040.000000 0.004335446 -0.006814021 -0.010441036 0.068500660 -0.070270285 0.037982155 0.994448185
1770111523322339328.000000 0.003309772 -0.006855069 -0.007942630 0.034423433 -0.062982842 0.039991092 0.996618748
1770111524122338048.000000 0.002019685 -0.005071549 -0.002843641 0.020321826 -0.046195239 0.032985602 0.998180807
1770111526355670528.000000 0.001463003 -0.005835796 -0.004750984 0.019474467 -0.038927983 0.053049378 0.997642815
1770111526922337280.000000 0.000499440 -0.003186049 -0.003733943 0.010965734 -0.033438273 0.048472833 0.998204410
1770111527355671296.000000 0.000298069 -0.002511524 -0.003222377 0.002544138 -0.028844006 0.043394126 0.998638332
1770111528089002496.000000 -0.000822279 -0.002525199 -0.004118517 -0.002018116 -0.019768814 0.039385136 0.999026477
1770111529655684352.000000 0.000556154 -0.001126574 -0.002664217 0.003757836 -0.014313358 0.032125775 0.999374270
