1770030326248453632.000000 0.000000000 0.000000000 0.000000000 -0.000000000 -0.000000000 -0.000000000 1.000000000
1770030330681795328.000000 0.024480170 -0.013043101 0.000785667 0.001246867 -0.004211159 -0.000067613 0.999990344
1770030330715153920.000000 0.025649223 -0.014593995 -0.001305037 0.001275002 -0.004403153 -0.000033391 0.999989510
1770030334315120896.000000 0.301072359 0.009419599 -0.029500291 0.008586926 0.023028219 0.005229536 0.999684274
1770030334481767680.000000 0.317961365 0.024151882 -0.027633086 0.008456019 0.025751552 0.004917669 0.999620557
1770030334648449024.000000 0.333342820 0.041824415 -0.025296399 0.007940733 0.028473506 0.005079109 0.999550104
1770030335515120384.000000 0.416063964 0.154955879 -0.024982907 0.002221181 0.034884211 0.004141454 0.999380350
1770030335881766656.000000 0.442195505 0.209965125 -0.025860699 0.000622634 0.035334695 0.003192677 0.999370217
1770030336048434944.000000 0.450066954 0.233502597 -0.026883196 -0.000224471 0.035397470 0.003163947 0.999368250
1770030336248440832.000000 0.458630502 0.259240121 -0.028153472 -0.001067061 0.035329245 0.002405945 0.999372244
1770030336448436992.000000 0.460836917 0.285759777 -0.026278846 -0.001291779 0.035787098 0.001995490 0.999356627
1770030336715111936.000000 0.460494876 0.308102995 -0.026222678 -0.002201414 0.034872260 0.001556649 0.999388158
1770030337115110656.000000 0.447878927 0.325671256 -0.031180719 -0.001300305 0.031001868 0.000633602 0.999518275
1770030337615121664.000000 0.412353605 0.309296459 -0.031145057 -0.000696957 0.030704258 0.000183160 0.999528229
1770030337948437760.000000 0.377431542 0.274603814 -0.034015235 0.001957123 0.028593140 0.001483431 0.999588132
1770030338615106048.000000 0.274545908 0.158064917 -0.032431666 0.015160803 0.024603561 0.002085260 0.999580145
1770030343815067648.000000 -0.551004410 -0.236581504 -0.016523726 0.018266255 -0.005184091 -0.000206432 0.999819696
1770030345048423168.000000 -0.575463355 0.162246630 -0.001653985 -0.007129670 -0.003871211 -0.147677585 0.989002287
1770030345281733888.000000 -0.586335838 0.231824249 -0.013430856 -0.013806702 -0.000430708 -0.210590050 0.977476895
1770030345548404480.000000 -0.577641666 0.300312549 -0.024104871 -0.021143083 -0.000029932 -0.269392103 0.962798476
1770030345848402176.000000 -0.571623027 0.387111455 -0.024793623 -0.024655478 0.003619383 -0.327180833 0.944633126
1770030346148407552.000000 -0.549457312 0.434967518 -0.026477652 -0.030802982 0.005147115 -0.366852939 0.929754615
1770030346415075840.000000 -0.520568728 0.470414162 -0.033503667 -0.032431174 0.008333994 -0.390557855 0.919969201
1770030346681732352.000000 -0.486792266 0.487098187 -0.038219724 -0.033723231 0.010061941 -0.399853587 0.915903151
1770030346981739776.000000 -0.437450230 0.488429368 -0.038076252 -0.033420380 0.011036403 -0.401043683 0.915382564
1770030347315064576.000000 -0.383793473 0.461423397 -0.050354227 -0.032356624 0.014325420 -0.387205660 0.921314061
1770030347648400128.000000 -0.316792011 0.392150581 -0.051840622 -0.031037031 0.016483342 -0.356833547 0.933506787
1770030347915080192.000000 -0.251177788 0.333963066 -0.021068767 -0.026827509 0.018584415 -0.310909808 0.949878931
1770030348181734144.000000 -0.169042423 0.253890961 -0.017960019 -0.017605584 0.018299660 -0.235868067 0.971453309
1770030349115107584.000000 0.060166571 -0.002689798 -0.031128649 0.063437536 0.072572514 -0.141254961 0.985269487
1770030349415102976.000000 0.134982541 -0.093658313 -0.031645719 0.070495039 0.118995428 -0.138250679 0.980692267
1770030349548451072.000000 0.176526546 -0.130957603 -0.030938383 0.066183403 0.132982373 -0.139990583 0.978947461
1770030349748492800.000000 0.230361968 -0.185266316 -0.042728022 0.043996762 0.128268078 -0.129325390 0.982286394
1770030349881774592.000000 0.282993823 -0.201064140 -0.034235530 0.003053275 0.104238540 -0.103049763 0.989194512
1770030349981787136.000000 0.320527822 -0.217705309 -0.025480133 -0.014605538 0.090771087 -0.086516209 0.991999149
1770030350081770496.000000 0.345294386 -0.223203346 -0.019201247 -0.026351757 0.080887839 -0.068561487 0.994013131
1770030350181768704.000000 0.383932889 -0.246048257 -0.018245291 -0.036990207 0.070703551 -0.053687528 0.995364428
1770030350381777152.000000 0.439176798 -0.287146747 -0.013845136 -0.043820437 0.058227517 -0.029008061 0.996919215
1770030351281794304.000000 0.605860174 -0.457446545 -0.038990323 0.009247255 0.039195966 -0.000524404 0.999188662
1770030351581777152.000000 0.653625071 -0.479471147 -0.043103777 0.019167125 0.037536390 0.002908031 0.999107242
1770030352048460544.000000 0.720593929 -0.471456647 -0.047966331 0.025644884 0.036171049 0.006588411 0.998994827
1770030352681775616.000000 0.785681903 -0.395740896 -0.047061093 0.029920606 0.039264616 0.007769286 0.998750567
1770030353715100672.000000 0.831369042 -0.155364424 -0.038947117 0.022016581 0.043381002 0.008028685 0.998783708
1770030353948431872.000000 0.831302345 -0.081775583 -0.037762567 0.019997442 0.044677217 0.007094894 0.998776138
1770030354181774592.000000 0.827608943 -0.008608135 -0.035780836 0.017579960 0.045344278 0.005375887 0.998802245
1770030354615136512.000000 0.818522811 0.109239757 -0.029667057 0.011207696 0.045488376 0.004971797 0.998889625
1770030354748444928.000000 0.816022873 0.144505426 -0.021328779 0.009274816 0.045287926 0.004738858 0.998919666
1770030354848432896.000000 0.809700847 0.170866683 -0.021828424 0.007954885 0.045527346 0.003628238 0.998924851
1770030355148435712.000000 0.789240539 0.255563706 -0.022578051 0.005344655 0.046916563 0.002685444 0.998880923
1770030355348438272.000000 0.771960855 0.299813181 -0.023105456 0.002991733 0.044988427 0.002042642 0.998980999
1770030355515105024.000000 0.755667031 0.334291726 -0.024866976 0.001816603 0.044288639 0.000020786 0.999017179
1770030356048444416.000000 0.695909798 0.406935871 -0.027882494 -0.003615046 0.041064452 -0.003395051 0.999144197
1770030356215110912.000000 0.673808515 0.419819027 -0.030217702 -0.003984855 0.038887843 -0.004090678 0.999227285
1770030359181734656.000000 0.166991398 -0.007058989 -0.031933412 0.084562615 -0.014261426 -0.003326417 0.996310592
1770030359548441600.000000 0.082216226 -0.142618045 -0.013163286 0.101101585 -0.065256201 0.000641917 0.992733419
1770030359815064576.000000 0.026806200 -0.228157550 -0.014594865 0.074851617 -0.063074119 0.016422736 0.995062411
1770030361215133184.000000 -0.281173974 -0.573609412 -0.027251491 0.010351060 -0.008260921 0.003407217 0.999906540
1770030362181726720.000000 -0.435289085 -0.581186354 -0.037521478 0.023314035 -0.002876117 0.001955095 0.999722183
1770030363148398848.000000 -0.532918215 -0.371901333 -0.022353942 0.021701980 -0.003850456 -0.000523167 0.999756932
1770030363348402688.000000 -0.543995619 -0.313030630 -0.021384122 0.020123180 -0.004591237 -0.000549903 0.999786794
1770030363615083264.000000 -0.550364971 -0.228814915 -0.017615313 0.017270314 -0.005904313 -0.000501879 0.999833345
1770030364115073024.000000 -0.550367415 -0.063766539 -0.003590852 0.010922627 -0.006951971 0.000213909 0.999916196
1770030364315057920.000000 -0.548866570 -0.000716940 -0.003481515 0.008655765 -0.007001745 -0.000156725 0.999938071
1770030364515063808.000000 -0.565717936 0.064819850 -0.005617856 0.002343654 -0.006562378 -0.061097361 0.998107493
1770030364615074560.000000 -0.567022681 0.098102547 -0.008003964 -0.001026511 -0.005328441 -0.091424130 0.995797276
1770030364715071488.000000 -0.573456585 0.127273753 -0.007401355 -0.004803935 -0.004254509 -0.121394791 0.992583573
1770030364848394752.000000 -0.579437315 0.171869263 -0.011099015 -0.008627875 -0.002866904 -0.159702063 0.987123370
1770030365081740544.000000 -0.584798038 0.244756028 -0.013568388 -0.014872651 -0.000511995 -0.221243203 0.975105107
1770030365148406784.000000 -0.583471179 0.264184862 -0.012973153 -0.016494576 -0.000019179 -0.236510023 0.971489012
1770030365281725696.000000 -0.580654204 0.301884055 -0.014778046 -0.019546283 0.000855749 -0.266578138 0.963614762
1770030365415079936.000000 -0.577363014 0.334173203 -0.017917069 -0.022778461 0.002034246 -0.292890191 0.955872595
1770030365548395520.000000 -0.571450770 0.365646273 -0.021110158 -0.024990963 0.002436043 -0.316787302 0.948164165
1770030365715058176.000000 -0.561571836 0.402159363 -0.025186799 -0.027350081 0.004040180 -0.343504339 0.938744068
1770030366415077120.000000 -0.484734535 0.486344725 -0.033804283 -0.033479262 0.008999826 -0.400792688 0.915512621
1770030366781731328.000000 -0.428039461 0.483694822 -0.029321142 -0.034145892 0.010354017 -0.400976002 0.915393412
1770030367015055616.000000 -0.386488795 0.462563097 -0.032944292 -0.033444185 0.011826877 -0.390969723 0.919719696
1770030367215051520.000000 -0.349724770 0.434823453 -0.034040194 -0.031811584 0.013892984 -0.376094669 0.925930798
1770030367415064064.000000 -0.307993650 0.397735924 -0.032128863 -0.029308522 0.015571884 -0.354881406 0.934322119
1770030367515073024.000000 -0.286299020 0.372788429 -0.037161253 -0.028668916 0.016111197 -0.340976208 0.939496517
1770030367681738752.000000 -0.242459908 0.326888472 -0.021346070 -0.026442830 0.016830971 -0.309553683 0.950365186
1770030367848404736.000000 -0.195554510 0.284319043 -0.014040217 -0.020356555 0.017658388 -0.267130911 0.963283420
1770030367915081216.000000 -0.175335586 0.258786827 -0.018333547 -0.019187786 0.017789049 -0.245949879 0.968929350
1770030368981718272.000000 0.084845655 -0.024200397 -0.032757945 0.070044056 0.089135371 -0.140052825 0.983633041
1770030369148387072.000000 0.132396445 -0.080018856 -0.029199844 0.071969107 0.115349479 -0.138175890 0.981031299
1770030369348396032.000000 0.184504837 -0.139397621 -0.026656602 0.063651778 0.136757433 -0.140993878 0.978451133
1770030369615063808.000000 0.276483715 -0.194566831 -0.036118511 0.008577772 0.108883649 -0.108849965 0.988039732
1770030369748400640.000000 0.317247957 -0.219540715 -0.024351392 -0.015969513 0.090806700 -0.086013503 0.992018521
1770030369915062784.000000 0.366299540 -0.247388154 -0.011348937 -0.037287273 0.074225299 -0.059145164 0.994787514
1770030371715068672.000000 0.692060709 -0.469600946 -0.056919426 0.026747996 0.038524017 0.004656405 0.998888791
1770030372548402432.000000 0.775220752 -0.375051320 -0.054979358 0.030042833 0.041637290 0.007338995 0.998654068
1770030372981689344.000000 0.802351654 -0.269380003 -0.052991960 0.028497346 0.042985890 0.006489410 0.998648107
1770030373415024896.000000 0.827422917 -0.166160300 -0.041508771 0.023540577 0.043629121 0.007221433 0.998744369
1770030373781693184.000000 0.831370294 -0.053855702 -0.036436271 0.019716036 0.044806514 0.005946298 0.998783410
1770030374115025152.000000 0.824311733 0.045941357 -0.032443300 0.015922196 0.045645192 0.004849502 0.998819053
1770030374381682176.000000 0.823057532 0.109305367 -0.021874575 0.010879899 0.045044597 0.005483733 0.998910725
1770030374581684224.000000 0.814550519 0.163859740 -0.019711353 0.008477651 0.044805147 0.004379790 0.998950183
1770030374781693440.000000 0.800600648 0.220349759 -0.020621587 0.006428099 0.046093266 0.002934657 0.998912156
1770030374915014144.000000 0.790909410 0.255330920 -0.018659977 0.004684112 0.046809018 0.002300337 0.998890221
1770030375081691648.000000 0.775368690 0.296184361 -0.020387752 0.003567898 0.045140494 0.001684382 0.998972893
1770030375981683456.000000 0.670619130 0.422751665 -0.030181199 -0.003386071 0.038993929 -0.004365050 0.999224186
1770030376248354560.000000 0.633537591 0.434006274 -0.033526950 -0.005786203 0.038402345 -0.005134876 0.999232411
1770030376515016960.000000 0.592716813 0.433575988 -0.032672785 -0.006384161 0.037545748 -0.005805541 0.999257684
1770030376815016192.000000 0.545105815 0.417439133 -0.031928182 -0.006009210 0.035616744 -0.005335841 0.999333203
1770030377015019520.000000 0.513104379 0.400089473 -0.032759629 -0.004262670 0.033612054 -0.004102987 0.999417484
1770030377348361216.000000 0.454493940 0.355391353 -0.032832749 0.000229534 0.030477533 -0.001428062 0.999534428
1770030377581698560.000000 0.411673784 0.312546343 -0.030665332 0.003716468 0.029044483 0.000584843 0.999571085
1770030377715022592.000000 0.386754543 0.285979897 -0.034384191 0.006042121 0.028014671 0.001605131 0.999587953
1770030378181695232.000000 0.286039501 0.166314632 -0.027812647 0.016128374 0.025716919 0.000613676 0.999538958
1770030378481690368.000000 0.227654576 0.101083301 -0.051336791 0.042381682 0.019751539 -0.003907448 0.998898625
1770030378748354816.000000 0.186017260 0.045588523 -0.045770027 0.068752944 0.006766338 -0.006702721 0.997588277
1770030379048353536.000000 0.148647800 -0.047220442 -0.050655726 0.091857627 -0.029082932 -0.004598581 0.995336771
1770030379181757440.000000 0.120907426 -0.100024618 -0.035597447 0.098374888 -0.049778342 -0.003553207 0.993897319
1770030379448347136.000000 0.051717881 -0.203210756 -0.032563452 0.094506279 -0.071921088 0.011843286 0.992852271
1770030380315044608.000000 -0.159504905 -0.396058172 0.031435084 -0.018887550 -0.023921562 0.001515149 0.999534249
1770030380948393472.000000 -0.276785016 -0.570396185 -0.022675343 0.009652592 -0.008772039 0.003384194 0.999909222
1770030381381721856.000000 -0.350422561 -0.607503414 -0.031862423 0.016094830 -0.004117055 0.002896793 0.999857843
1770030381548380672.000000 -0.378305495 -0.610474706 -0.038983569 0.019287696 -0.003361889 0.002639537 0.999804854
1770030381681725184.000000 -0.395808995 -0.608378768 -0.045285400 0.020919167 -0.003456542 0.002669978 0.999771655
1770030381948379392.000000 -0.436070353 -0.580231905 -0.037966575 0.023305872 -0.002715176 0.002117313 0.999722481
1770030387648390656.000000 -0.183854982 0.267339975 -0.020788059 -0.019535773 0.017692814 -0.254497498 0.966714203
1770030388781690880.000000 0.098721929 -0.041545529 -0.028364742 0.070597723 0.095735773 -0.139252529 0.983086646
1770030389115034880.000000 0.192396730 -0.141996861 -0.031982794 0.063637152 0.135718554 -0.140807822 0.978623509
1770030389281685504.000000 0.238283217 -0.174737602 -0.035330273 0.038157862 0.126656622 -0.126145765 0.983152747
1770030389415046144.000000 0.287513107 -0.202574193 -0.030403849 -0.000749896 0.102707602 -0.100374795 0.989634037
1770030389781696256.000000 0.395520955 -0.264867276 -0.006169872 -0.043102078 0.066594034 -0.044051401 0.995875001
1770030390048357888.000000 0.477504402 -0.322275221 -0.005971245 -0.040129617 0.051973507 -0.015338765 0.997723997
1770030390281690368.000000 0.536464453 -0.394447297 -0.017863067 -0.026106803 0.043209743 -0.006758162 0.998702049
1770030390481699584.000000 0.544261217 -0.397319466 -0.022143869 -0.006931269 0.043414228 -0.007661465 0.999003708
1770030393081692160.000000 0.818076193 -0.194103032 -0.050000317 0.024057593 0.044057824 0.007267644 0.998712838
1770030394015023872.000000 0.822762012 0.080339342 -0.028882990 0.013463200 0.045257207 0.005119370 0.998871565
1770030395348337152.000000 0.720546901 0.385330260 -0.026266824 -0.000843990 0.042887751 -0.001769831 0.999077976
1770030395848336640.000000 0.655778587 0.429111332 -0.031257957 -0.004138289 0.038597755 -0.004898821 0.999234259
1770030396548328960.000000 0.548782110 0.420072496 -0.031020990 -0.005846038 0.035834923 -0.005565786 0.999325156
1770030397148343552.000000 0.447490722 0.348691970 -0.032506164 0.000696457 0.030386848 -0.000914495 0.999537587
1770030397415005952.000000 0.398058951 0.295107156 -0.032924775 0.004057092 0.028049817 0.001134141 0.999597669
1770030397781661696.000000 0.324454546 0.207464948 -0.032507651 0.011836132 0.026324788 0.002894045 0.999579191
1770030398148325888.000000 0.244258761 0.119043909 -0.040936675 0.032873314 0.022957170 -0.003208263 0.999190688
1770030398881663744.000000 0.132853866 -0.072839931 -0.035442706 0.096416920 -0.040031131 -0.003580289 0.994529307
1770030398981671168.000000 0.109054334 -0.113912523 -0.030417725 0.099598616 -0.055397566 -0.002053828 0.993482292
1770030399081685504.000000 0.081858478 -0.149152100 -0.016798455 0.100605533 -0.066783369 0.002122913 0.992680192
1770030399281666816.000000 0.037131257 -0.227480128 -0.026776591 0.090450175 -0.068489939 0.017136099 0.993395329
1770030399315023104.000000 0.030718692 -0.227144659 -0.024775093 0.082558520 -0.064538650 0.016333407 0.994360149
1770030400781657344.000000 -0.286644518 -0.580290556 -0.028417556 0.011482039 -0.007961675 0.003335480 0.999896824
1770030401148325376.000000 -0.351732731 -0.605824530 -0.030528573 0.016583659 -0.004049844 0.003177231 0.999849260
1770030401381707776.000000 -0.388699651 -0.609309018 -0.042618167 0.020196583 -0.003462106 0.002424925 0.999787092
1770030401714998016.000000 -0.436567336 -0.580631971 -0.039779298 0.023245081 -0.002771386 0.002014917 0.999723971
1770030401881658112.000000 -0.458221734 -0.554343522 -0.035800230 0.024382671 -0.002872524 0.001285471 0.999697745
1770030402048325632.000000 -0.477469742 -0.525687814 -0.033558328 0.024128092 -0.002882980 0.000613181 0.999704599
1770030402348334592.000000 -0.508936703 -0.456443995 -0.031731941 0.024088189 -0.003174178 0.000438051 0.999704719
1770030403148318720.000000 -0.550752997 -0.225201160 -0.014919161 0.016907401 -0.005786609 -0.000066433 0.999840319
1770030403814986496.000000 -0.547262430 -0.006504951 -0.002670025 0.008796171 -0.007131598 0.000623713 0.999935687
1770030405015018752.000000 -0.575006962 0.355785221 -0.018380728 -0.023684513 0.002669308 -0.308264583 0.951002061
1770030405648319744.000000 -0.523901343 0.466763526 -0.027418453 -0.032269724 0.007097942 -0.387887567 0.921114326
1770030406181664512.000000 -0.448349595 0.488381833 -0.032261360 -0.033993021 0.009819458 -0.402567834 0.914706051
1770030406548327936.000000 -0.385639310 0.459389597 -0.033708371 -0.033489656 0.012007196 -0.389913797 0.920163870
1770030406814984960.000000 -0.347569704 0.416478276 -0.071769238 -0.032082155 0.015670858 -0.371391028 0.927789748
1770030407014984192.000000 -0.295321822 0.377816558 -0.043359660 -0.028748775 0.016747752 -0.345015645 0.938007057
1770030407214983936.000000 -0.239069313 0.325218141 -0.018920649 -0.025701798 0.017211128 -0.306568295 0.951345921
1770030407414987776.000000 -0.180325612 0.265237868 -0.021495480 -0.019071158 0.017398337 -0.251600564 0.967486858
1770030407515002624.000000 -0.149629131 0.232770741 -0.017642669 -0.015465292 0.017923634 -0.217817411 0.975702405
1770030408414984704.000000 0.066721745 -0.006077925 -0.029743265 0.064934134 0.075893871 -0.140834793 0.984981835
1770030408648333056.000000 0.127766460 -0.079817541 -0.031923566 0.071100533 0.112277627 -0.138562307 0.981396437
1770030409014984960.000000 0.233561173 -0.185999915 -0.038426358 0.046140902 0.129851371 -0.131203845 0.981730700
1770030410181667072.000000 0.545901299 -0.397496432 -0.018815365 -0.011976617 0.042872932 -0.007742238 0.998978794
1770030410681638144.000000 0.622124851 -0.457201302 -0.036241222 0.014957595 0.038933475 0.000120831 0.999129832
1770030411381651456.000000 0.724006236 -0.462369263 -0.046867497 0.026342276 0.036177434 0.006281823 0.998978376
1770030412481643008.000000 0.810434222 -0.275978982 -0.045557618 0.028548211 0.042257346 0.007209009 0.998672783
1770030412948304896.000000 0.829515994 -0.162489638 -0.038709804 0.023202585 0.043612037 0.007274135 0.998752594
1770030413381645312.000000 0.831897914 -0.033849139 -0.035854660 0.018370144 0.044905886 0.005805837 0.998805463
1770030414148306944.000000 0.811892688 0.177528888 -0.021317296 0.008116500 0.045073140 0.003989001 0.998942792
1770030414748308224.000000 0.759019732 0.331020117 -0.021195771 0.003426958 0.044995785 0.000720184 0.998981059
1770030415714983680.000000 0.640140712 0.433043569 -0.030183526 -0.005337697 0.038698927 -0.004965063 0.999224305
1770030416214971904.000000 0.563810945 0.426082939 -0.030098969 -0.006131513 0.036404606 -0.005733741 0.999301910
1770030416581637888.000000 0.504334331 0.395644039 -0.030818652 -0.003313754 0.033430751 -0.003508706 0.999429405
1770030416848301056.000000 0.457775563 0.360314608 -0.032266144 0.000335540 0.030833555 -0.001527894 0.999523342
1770030417081651712.000000 0.417229176 0.317940950 -0.033635695 0.003644814 0.028668264 0.000708669 0.999582112
1770030417448305920.000000 0.343224168 0.228772581 -0.032363113 0.008892274 0.026550436 0.002426132 0.999605000
1770030417748299520.000000 0.280620992 0.154039666 -0.035531107 0.018657465 0.024835844 0.000442768 0.999517322
1770030418148308736.000000 0.203648761 0.071944565 -0.047907408 0.056778643 0.012643700 -0.005115905 0.998293638
1770030418448325376.000000 0.169645980 -0.005877632 -0.057346061 0.083889417 -0.012220215 -0.005709297 0.996383846
1770030418614975744.000000 0.141156897 -0.065874040 -0.049068451 0.094383813 -0.036362123 -0.004271031 0.994862437
1770030418715011840.000000 0.118536837 -0.106430873 -0.041973952 0.098661937 -0.051593199 -0.002566443 0.993779361
1770030418781669120.000000 0.100921534 -0.122098878 -0.021734927 0.101166837 -0.060336489 -0.001409384 0.993037164
1770030418915014400.000000 0.066234030 -0.184836254 -0.038000610 0.097006328 -0.070512667 0.007411400 0.992755175
1770030419048350464.000000 0.037626915 -0.230907589 -0.030860372 0.089681022 -0.066455461 0.016247304 0.993618131
1770030421581658624.000000 -0.344153136 -0.481693953 -0.032534037 0.020644579 -0.001694432 0.001585821 0.999784172
1770030422681632000.000000 -0.337696940 -0.251020372 -0.016348522 0.017650576 -0.000761995 -0.000081669 0.999843955
1770030425881592320.000000 -0.080589816 0.044294365 -0.017195089 0.000941353 0.005631533 0.000118210 0.999983728
1770030427381586432.000000 -0.012880430 0.008801200 -0.004569750 0.001054304 0.002939113 0.001342737 0.999994218
1770030428814922752.000000 0.000530452 0.000869227 -0.003106275 0.000311059 0.000173066 0.001140265 0.999999285
