1770030326.248454 0.0000000 0.0000000 0.0000000 -0.0000000 -0.0000000 -0.0000000 1.0000000
1770030330.681795 0.0244802 -0.0130431 0.0007857 0.0012469 -0.0042112 -0.0000676 0.9999903
1770030330.715154 0.0256492 -0.0145940 -0.0013050 0.0012750 -0.0044032 -0.0000334 0.9999895
1770030334.315121 0.3010724 0.0094196 -0.0295003 0.0085869 0.0230282 0.0052295 0.9996843
1770030334.481768 0.3179614 0.0241519 -0.0276331 0.0084560 0.0257516 0.0049177 0.9996206
1770030334.648449 0.3333428 0.0418244 -0.0252964 0.0079407 0.0284735 0.0050791 0.9995501
1770030335.515120 0.4160640 0.1549559 -0.0249829 0.0022212 0.0348842 0.0041415 0.9993804
1770030335.881767 0.4421955 0.2099651 -0.0258607 0.0006226 0.0353347 0.0031927 0.9993702
1770030336.048435 0.4500670 0.2335026 -0.0268832 -0.0002245 0.0353975 0.0031639 0.9993683
1770030336.248441 0.4586305 0.2592401 -0.0281535 -0.0010671 0.0353292 0.0024059 0.9993722
1770030336.448437 0.4608369 0.2857598 -0.0262788 -0.0012918 0.0357871 0.0019955 0.9993566
1770030336.715112 0.4604949 0.3081030 -0.0262227 -0.0022014 0.0348723 0.0015566 0.9993882
1770030337.115111 0.4478789 0.3256713 -0.0311807 -0.0013003 0.0310019 0.0006336 0.9995183
1770030337.615122 0.4123536 0.3092965 -0.0311451 -0.0006970 0.0307043 0.0001832 0.9995282
1770030337.948438 0.3774315 0.2746038 -0.0340152 0.0019571 0.0285931 0.0014834 0.9995881
1770030338.615106 0.2745459 0.1580649 -0.0324317 0.0151608 0.0246036 0.0020853 0.9995801
1770030343.815068 -0.5510044 -0.2365815 -0.0165237 0.0182663 -0.0051841 -0.0002064 0.9998197
1770030345.048423 -0.5754634 0.1622466 -0.0016540 -0.0071297 -0.0038712 -0.1476776 0.9890023
1770030345.281734 -0.5863358 0.2318242 -0.0134309 -0.0138067 -0.0004307 -0.2105900 0.9774769
1770030345.548404 -0.5776417 0.3003125 -0.0241049 -0.0211431 -0.0000299 -0.2693921 0.9627985
1770030345.848402 -0.5716230 0.3871115 -0.0247936 -0.0246555 0.0036194 -0.3271808 0.9446331
1770030346.148407 -0.5494573 0.4349675 -0.0264777 -0.0308030 0.0051471 -0.3668529 0.9297546
1770030346.415076 -0.5205687 0.4704142 -0.0335037 -0.0324312 0.0083340 -0.3905579 0.9199692
1770030346.681732 -0.4867923 0.4870982 -0.0382197 -0.0337232 0.0100619 -0.3998536 0.9159032
1770030346.981740 -0.4374502 0.4884294 -0.0380763 -0.0334204 0.0110364 -0.4010437 0.9153826
1770030347.315065 -0.3837935 0.4614234 -0.0503542 -0.0323566 0.0143254 -0.3872057 0.9213141
1770030347.648400 -0.3167920 0.3921506 -0.0518406 -0.0310370 0.0164833 -0.3568335 0.9335068
1770030347.915080 -0.2511778 0.3339631 -0.0210688 -0.0268275 0.0185844 -0.3109098 0.9498789
1770030348.181734 -0.1690424 0.2538910 -0.0179600 -0.0176056 0.0182997 -0.2358681 0.9714533
1770030349.115108 0.0601666 -0.0026898 -0.0311286 0.0634375 0.0725725 -0.1412550 0.9852695
1770030349.415103 0.1349825 -0.0936583 -0.0316457 0.0704950 0.1189954 -0.1382507 0.9806923
1770030349.548451 0.1765265 -0.1309576 -0.0309384 0.0661834 0.1329824 -0.1399906 0.9789475
1770030349.748493 0.2303620 -0.1852663 -0.0427280 0.0439968 0.1282681 -0.1293254 0.9822864
1770030349.881775 0.2829938 -0.2010641 -0.0342355 0.0030533 0.1042385 -0.1030498 0.9891945
1770030349.981787 0.3205278 -0.2177053 -0.0254801 -0.0146055 0.0907711 -0.0865162 0.9919991
1770030350.081770 0.3452944 -0.2232033 -0.0192012 -0.0263518 0.0808878 -0.0685615 0.9940131
1770030350.181769 0.3839329 -0.2460483 -0.0182453 -0.0369902 0.0707036 -0.0536875 0.9953644
1770030350.381777 0.4391768 -0.2871467 -0.0138451 -0.0438204 0.0582275 -0.0290081 0.9969192
1770030351.281794 0.6058602 -0.4574465 -0.0389903 0.0092473 0.0391960 -0.0005244 0.9991887
1770030351.581777 0.6536251 -0.4794711 -0.0431038 0.0191671 0.0375364 0.0029080 0.9991072
1770030352.048460 0.7205939 -0.4714566 -0.0479663 0.0256449 0.0361710 0.0065884 0.9989948
1770030352.681776 0.7856819 -0.3957409 -0.0470611 0.0299206 0.0392646 0.0077693 0.9987506
1770030353.715101 0.8313690 -0.1553644 -0.0389471 0.0220166 0.0433810 0.0080287 0.9987837
1770030353.948432 0.8313023 -0.0817756 -0.0377626 0.0199974 0.0446772 0.0070949 0.9987761
1770030354.181775 0.8276089 -0.0086081 -0.0357808 0.0175800 0.0453443 0.0053759 0.9988022
1770030354.615137 0.8185228 0.1092398 -0.0296671 0.0112077 0.0454884 0.0049718 0.9988896
1770030354.748445 0.8160229 0.1445054 -0.0213288 0.0092748 0.0452879 0.0047389 0.9989197
1770030354.848433 0.8097008 0.1708667 -0.0218284 0.0079549 0.0455273 0.0036282 0.9989249
1770030355.148436 0.7892405 0.2555637 -0.0225781 0.0053447 0.0469166 0.0026854 0.9988809
1770030355.348438 0.7719609 0.2998132 -0.0231055 0.0029917 0.0449884 0.0020426 0.9989810
1770030355.515105 0.7556670 0.3342917 -0.0248670 0.0018166 0.0442886 0.0000208 0.9990172
1770030356.048445 0.6959098 0.4069359 -0.0278825 -0.0036150 0.0410645 -0.0033951 0.9991442
1770030356.215111 0.6738085 0.4198190 -0.0302177 -0.0039849 0.0388878 -0.0040907 0.9992273
1770030359.181735 0.1669914 -0.0070590 -0.0319334 0.0845626 -0.0142614 -0.0033264 0.9963106
1770030359.548442 0.0822162 -0.1426180 -0.0131633 0.1011016 -0.0652562 0.0006419 0.9927334
1770030359.815065 0.0268062 -0.2281576 -0.0145949 0.0748516 -0.0630741 0.0164227 0.9950624
1770030361.215133 -0.2811740 -0.5736094 -0.0272515 0.0103511 -0.0082609 0.0034072 0.9999065
1770030362.181727 -0.4352891 -0.5811864 -0.0375215 0.0233140 -0.0028761 0.0019551 0.9997222
1770030363.148399 -0.5329182 -0.3719013 -0.0223539 0.0217020 -0.0038505 -0.0005232 0.9997569
1770030363.348403 -0.5439956 -0.3130306 -0.0213841 0.0201232 -0.0045912 -0.0005499 0.9997868
1770030363.615083 -0.5503650 -0.2288149 -0.0176153 0.0172703 -0.0059043 -0.0005019 0.9998333
1770030364.115073 -0.5503674 -0.0637665 -0.0035909 0.0109226 -0.0069520 0.0002139 0.9999162
1770030364.315058 -0.5488666 -0.0007169 -0.0034815 0.0086558 -0.0070017 -0.0001567 0.9999381
1770030364.515064 -0.5657179 0.0648199 -0.0056179 0.0023437 -0.0065624 -0.0610974 0.9981075
1770030364.615075 -0.5670227 0.0981025 -0.0080040 -0.0010265 -0.0053284 -0.0914241 0.9957973
1770030364.715071 -0.5734566 0.1272738 -0.0074014 -0.0048039 -0.0042545 -0.1213948 0.9925836
1770030364.848395 -0.5794373 0.1718693 -0.0110990 -0.0086279 -0.0028669 -0.1597021 0.9871234
1770030365.081741 -0.5847980 0.2447560 -0.0135684 -0.0148727 -0.0005120 -0.2212432 0.9751051
1770030365.148407 -0.5834712 0.2641849 -0.0129732 -0.0164946 -0.0000192 -0.2365100 0.9714890
1770030365.281726 -0.5806542 0.3018841 -0.0147780 -0.0195463 0.0008557 -0.2665781 0.9636148
1770030365.415080 -0.5773630 0.3341732 -0.0179171 -0.0227785 0.0020342 -0.2928902 0.9558726
1770030365.548396 -0.5714508 0.3656463 -0.0211102 -0.0249910 0.0024360 -0.3167873 0.9481642
1770030365.715058 -0.5615718 0.4021594 -0.0251868 -0.0273501 0.0040402 -0.3435043 0.9387441
1770030366.415077 -0.4847345 0.4863447 -0.0338043 -0.0334793 0.0089998 -0.4007927 0.9155126
1770030366.781731 -0.4280395 0.4836948 -0.0293211 -0.0341459 0.0103540 -0.4009760 0.9153934
1770030367.015056 -0.3864888 0.4625631 -0.0329443 -0.0334442 0.0118269 -0.3909697 0.9197197
1770030367.215051 -0.3497248 0.4348235 -0.0340402 -0.0318116 0.0138930 -0.3760947 0.9259308
1770030367.415064 -0.3079937 0.3977359 -0.0321289 -0.0293085 0.0155719 -0.3548814 0.9343221
1770030367.515073 -0.2862990 0.3727884 -0.0371613 -0.0286689 0.0161112 -0.3409762 0.9394965
1770030367.681739 -0.2424599 0.3268885 -0.0213461 -0.0264428 0.0168310 -0.3095537 0.9503652
1770030367.848405 -0.1955545 0.2843190 -0.0140402 -0.0203566 0.0176584 -0.2671309 0.9632834
1770030367.915081 -0.1753356 0.2587868 -0.0183335 -0.0191878 0.0177890 -0.2459499 0.9689294
1770030368.981718 0.0848457 -0.0242004 -0.0327579 0.0700441 0.0891354 -0.1400528 0.9836330
1770030369.148387 0.1323964 -0.0800189 -0.0291998 0.0719691 0.1153495 -0.1381759 0.9810313
1770030369.348396 0.1845048 -0.1393976 -0.0266566 0.0636518 0.1367574 -0.1409939 0.9784511
1770030369.615064 0.2764837 -0.1945668 -0.0361185 0.0085778 0.1088836 -0.1088500 0.9880397
1770030369.748401 0.3172480 -0.2195407 -0.0243514 -0.0159695 0.0908067 -0.0860135 0.9920185
1770030369.915063 0.3662995 -0.2473882 -0.0113489 -0.0372873 0.0742253 -0.0591452 0.9947875
1770030371.715069 0.6920607 -0.4696009 -0.0569194 0.0267480 0.0385240 0.0046564 0.9988888
1770030372.548402 0.7752208 -0.3750513 -0.0549794 0.0300428 0.0416373 0.0073390 0.9986541
1770030372.981689 0.8023517 -0.2693800 -0.0529920 0.0284973 0.0429859 0.0064894 0.9986481
1770030373.415025 0.8274229 -0.1661603 -0.0415088 0.0235406 0.0436291 0.0072214 0.9987444
1770030373.781693 0.8313703 -0.0538557 -0.0364363 0.0197160 0.0448065 0.0059463 0.9987834
1770030374.115025 0.8243117 0.0459414 -0.0324433 0.0159222 0.0456452 0.0048495 0.9988191
1770030374.381682 0.8230575 0.1093054 -0.0218746 0.0108799 0.0450446 0.0054837 0.9989107
1770030374.581684 0.8145505 0.1638597 -0.0197114 0.0084777 0.0448051 0.0043798 0.9989502
1770030374.781693 0.8006006 0.2203498 -0.0206216 0.0064281 0.0460933 0.0029347 0.9989122
1770030374.915014 0.7909094 0.2553309 -0.0186600 0.0046841 0.0468090 0.0023003 0.9988902
1770030375.081692 0.7753687 0.2961844 -0.0203878 0.0035679 0.0451405 0.0016844 0.9989729
1770030375.981683 0.6706191 0.4227517 -0.0301812 -0.0033861 0.0389939 -0.0043650 0.9992242
1770030376.248355 0.6335376 0.4340063 -0.0335269 -0.0057862 0.0384023 -0.0051349 0.9992324
1770030376.515017 0.5927168 0.4335760 -0.0326728 -0.0063842 0.0375457 -0.0058055 0.9992577
1770030376.815016 0.5451058 0.4174391 -0.0319282 -0.0060092 0.0356167 -0.0053358 0.9993332
1770030377.015019 0.5131044 0.4000895 -0.0327596 -0.0042627 0.0336121 -0.0041030 0.9994175
1770030377.348361 0.4544939 0.3553914 -0.0328327 0.0002295 0.0304775 -0.0014281 0.9995344
1770030377.581699 0.4116738 0.3125463 -0.0306653 0.0037165 0.0290445 0.0005848 0.9995711
1770030377.715023 0.3867545 0.2859799 -0.0343842 0.0060421 0.0280147 0.0016051 0.9995880
1770030378.181695 0.2860395 0.1663146 -0.0278126 0.0161284 0.0257169 0.0006137 0.9995390
1770030378.481690 0.2276546 0.1010833 -0.0513368 0.0423817 0.0197515 -0.0039074 0.9988986
1770030378.748355 0.1860173 0.0455885 -0.0457700 0.0687529 0.0067663 -0.0067027 0.9975883
1770030379.048353 0.1486478 -0.0472204 -0.0506557 0.0918576 -0.0290829 -0.0045986 0.9953368
1770030379.181757 0.1209074 -0.1000246 -0.0355974 0.0983749 -0.0497783 -0.0035532 0.9938973
1770030379.448347 0.0517179 -0.2032108 -0.0325635 0.0945063 -0.0719211 0.0118433 0.9928523
1770030380.315045 -0.1595049 -0.3960582 0.0314351 -0.0188875 -0.0239216 0.0015151 0.9995342
1770030380.948393 -0.2767850 -0.5703962 -0.0226753 0.0096526 -0.0087720 0.0033842 0.9999092
1770030381.381722 -0.3504226 -0.6075034 -0.0318624 0.0160948 -0.0041171 0.0028968 0.9998578
1770030381.548381 -0.3783055 -0.6104747 -0.0389836 0.0192877 -0.0033619 0.0026395 0.9998049
1770030381.681725 -0.3958090 -0.6083788 -0.0452854 0.0209192 -0.0034565 0.0026700 0.9997717
1770030381.948379 -0.4360704 -0.5802319 -0.0379666 0.0233059 -0.0027152 0.0021173 0.9997225
1770030387.648391 -0.1838550 0.2673400 -0.0207881 -0.0195358 0.0176928 -0.2544975 0.9667142
1770030388.781691 0.0987219 -0.0415455 -0.0283647 0.0705977 0.0957358 -0.1392525 0.9830866
1770030389.115035 0.1923967 -0.1419969 -0.0319828 0.0636372 0.1357186 -0.1408078 0.9786235
1770030389.281686 0.2382832 -0.1747376 -0.0353303 0.0381579 0.1266566 -0.1261458 0.9831527
1770030389.415046 0.2875131 -0.2025742 -0.0304038 -0.0007499 0.1027076 -0.1003748 0.9896340
1770030389.781696 0.3955210 -0.2648673 -0.0061699 -0.0431021 0.0665940 -0.0440514 0.9958750
1770030390.048358 0.4775044 -0.3222752 -0.0059712 -0.0401296 0.0519735 -0.0153388 0.9977240
1770030390.281690 0.5364645 -0.3944473 -0.0178631 -0.0261068 0.0432097 -0.0067582 0.9987020
1770030390.481700 0.5442612 -0.3973195 -0.0221439 -0.0069313 0.0434142 -0.0076615 0.9990037
1770030393.081692 0.8180762 -0.1941030 -0.0500003 0.0240576 0.0440578 0.0072676 0.9987128
1770030394.015024 0.8227620 0.0803393 -0.0288830 0.0134632 0.0452572 0.0051194 0.9988716
1770030395.348337 0.7205469 0.3853303 -0.0262668 -0.0008440 0.0428878 -0.0017698 0.9990780
1770030395.848337 0.6557786 0.4291113 -0.0312580 -0.0041383 0.0385978 -0.0048988 0.9992343
1770030396.548329 0.5487821 0.4200725 -0.0310210 -0.0058460 0.0358349 -0.0055658 0.9993252
1770030397.148344 0.4474907 0.3486920 -0.0325062 0.0006965 0.0303868 -0.0009145 0.9995376
1770030397.415006 0.3980590 0.2951072 -0.0329248 0.0040571 0.0280498 0.0011341 0.9995977
1770030397.781662 0.3244545 0.2074649 -0.0325077 0.0118361 0.0263248 0.0028940 0.9995792
1770030398.148326 0.2442588 0.1190439 -0.0409367 0.0328733 0.0229572 -0.0032083 0.9991907
1770030398.881664 0.1328539 -0.0728399 -0.0354427 0.0964169 -0.0400311 -0.0035803 0.9945293
1770030398.981671 0.1090543 -0.1139125 -0.0304177 0.0995986 -0.0553976 -0.0020538 0.9934823
1770030399.081686 0.0818585 -0.1491521 -0.0167985 0.1006055 -0.0667834 0.0021229 0.9926802
1770030399.281667 0.0371313 -0.2274801 -0.0267766 0.0904502 -0.0684899 0.0171361 0.9933953
1770030399.315023 0.0307187 -0.2271447 -0.0247751 0.0825585 -0.0645387 0.0163334 0.9943601
1770030400.781657 -0.2866445 -0.5802906 -0.0284176 0.0114820 -0.0079617 0.0033355 0.9998968
1770030401.148325 -0.3517327 -0.6058245 -0.0305286 0.0165837 -0.0040498 0.0031772 0.9998493
1770030401.381708 -0.3886997 -0.6093090 -0.0426182 0.0201966 -0.0034621 0.0024249 0.9997871
1770030401.714998 -0.4365673 -0.5806320 -0.0397793 0.0232451 -0.0027714 0.0020149 0.9997240
1770030401.881658 -0.4582217 -0.5543435 -0.0358002 0.0243827 -0.0028725 0.0012855 0.9996977
1770030402.048326 -0.4774697 -0.5256878 -0.0335583 0.0241281 -0.0028830 0.0006132 0.9997046
1770030402.348335 -0.5089367 -0.4564440 -0.0317319 0.0240882 -0.0031742 0.0004381 0.9997047
1770030403.148319 -0.5507530 -0.2252012 -0.0149192 0.0169074 -0.0057866 -0.0000664 0.9998403
1770030403.814986 -0.5472624 -0.0065050 -0.0026700 0.0087962 -0.0071316 0.0006237 0.9999357
1770030405.015019 -0.5750070 0.3557852 -0.0183807 -0.0236845 0.0026693 -0.3082646 0.9510021
1770030405.648320 -0.5239013 0.4667635 -0.0274185 -0.0322697 0.0070979 -0.3878876 0.9211143
1770030406.181664 -0.4483496 0.4883818 -0.0322614 -0.0339930 0.0098195 -0.4025678 0.9147061
1770030406.548328 -0.3856393 0.4593896 -0.0337084 -0.0334897 0.0120072 -0.3899138 0.9201639
1770030406.814985 -0.3475697 0.4164783 -0.0717692 -0.0320822 0.0156709 -0.3713910 0.9277897
1770030407.014984 -0.2953218 0.3778166 -0.0433597 -0.0287488 0.0167478 -0.3450156 0.9380071
1770030407.214984 -0.2390693 0.3252181 -0.0189206 -0.0257018 0.0172111 -0.3065683 0.9513459
1770030407.414988 -0.1803256 0.2652379 -0.0214955 -0.0190712 0.0173983 -0.2516006 0.9674869
1770030407.515003 -0.1496291 0.2327707 -0.0176427 -0.0154653 0.0179236 -0.2178174 0.9757024
1770030408.414985 0.0667217 -0.0060779 -0.0297433 0.0649341 0.0758939 -0.1408348 0.9849818
1770030408.648333 0.1277665 -0.0798175 -0.0319236 0.0711005 0.1122776 -0.1385623 0.9813964
1770030409.014985 0.2335612 -0.1859999 -0.0384264 0.0461409 0.1298514 -0.1312038 0.9817307
1770030410.181667 0.5459013 -0.3974964 -0.0188154 -0.0119766 0.0428729 -0.0077422 0.9989788
1770030410.681638 0.6221249 -0.4572013 -0.0362412 0.0149576 0.0389335 0.0001208 0.9991298
1770030411.381651 0.7240062 -0.4623693 -0.0468675 0.0263423 0.0361774 0.0062818 0.9989784
1770030412.481643 0.8104342 -0.2759790 -0.0455576 0.0285482 0.0422573 0.0072090 0.9986728
1770030412.948305 0.8295160 -0.1624896 -0.0387098 0.0232026 0.0436120 0.0072741 0.9987526
1770030413.381645 0.8318979 -0.0338491 -0.0358547 0.0183701 0.0449059 0.0058058 0.9988055
1770030414.148307 0.8118927 0.1775289 -0.0213173 0.0081165 0.0450731 0.0039890 0.9989428
1770030414.748308 0.7590197 0.3310201 -0.0211958 0.0034270 0.0449958 0.0007202 0.9989811
1770030415.714984 0.6401407 0.4330436 -0.0301835 -0.0053377 0.0386989 -0.0049651 0.9992243
1770030416.214972 0.5638109 0.4260829 -0.0300990 -0.0061315 0.0364046 -0.0057337 0.9993019
1770030416.581638 0.5043343 0.3956440 -0.0308187 -0.0033138 0.0334308 -0.0035087 0.9994294
1770030416.848301 0.4577756 0.3603146 -0.0322661 0.0003355 0.0308336 -0.0015279 0.9995233
1770030417.081652 0.4172292 0.3179410 -0.0336357 0.0036448 0.0286683 0.0007087 0.9995821
1770030417.448306 0.3432242 0.2287726 -0.0323631 0.0088923 0.0265504 0.0024261 0.9996050
1770030417.748300 0.2806210 0.1540397 -0.0355311 0.0186575 0.0248358 0.0004428 0.9995173
1770030418.148309 0.2036488 0.0719446 -0.0479074 0.0567786 0.0126437 -0.0051159 0.9982936
1770030418.448325 0.1696460 -0.0058776 -0.0573461 0.0838894 -0.0122202 -0.0057093 0.9963838
1770030418.614976 0.1411569 -0.0658740 -0.0490685 0.0943838 -0.0363621 -0.0042710 0.9948624
1770030418.715012 0.1185368 -0.1064309 -0.0419740 0.0986619 -0.0515932 -0.0025664 0.9937794
1770030418.781669 0.1009215 -0.1220989 -0.0217349 0.1011668 -0.0603365 -0.0014094 0.9930372
1770030418.915015 0.0662340 -0.1848363 -0.0380006 0.0970063 -0.0705127 0.0074114 0.9927552
1770030419.048351 0.0376269 -0.2309076 -0.0308604 0.0896810 -0.0664555 0.0162473 0.9936181
1770030421.581659 -0.3441531 -0.4816940 -0.0325340 0.0206446 -0.0016944 0.0015858 0.9997842
1770030422.681632 -0.3376969 -0.2510204 -0.0163485 0.0176506 -0.0007620 -0.0000817 0.9998440
1770030425.881592 -0.0805898 0.0442944 -0.0171951 0.0009414 0.0056315 0.0001182 0.9999837
1770030427.381587 -0.0128804 0.0088012 -0.0045698 0.0010543 0.0029391 0.0013427 0.9999942
1770030428.814923 0.0005305 0.0008692 -0.0031063 0.0003111 0.0001731 0.0011403 0.9999993
