1769781959.716826 0.0000000 0.0000000 0.0000000 -0.0000000 -0.0000000 -0.0000000 1.0000000
1769781959.783492 0.0000368 -0.0001676 -0.0005652 -0.0002055 -0.0005872 -0.0009423 0.9999993
1769781959.816826 0.0001401 -0.0003431 -0.0007504 -0.0002029 -0.0010994 -0.0006571 0.9999992
1769781959.883493 0.0005949 -0.0002429 -0.0002005 -0.0003749 -0.0014020 -0.0019558 0.9999970
1769781959.983492 0.0007931 0.0002337 -0.0001559 -0.0000205 -0.0018823 -0.0038050 0.9999910
1769781960.083493 0.0003297 -0.0001015 0.0000793 -0.0004902 -0.0011369 -0.0026626 0.9999957
1769781960.216825 0.0005160 -0.0003642 -0.0006219 -0.0010877 -0.0020008 -0.0038336 0.9999901
1769781960.416827 0.0006857 0.0001222 0.0001149 -0.0007877 -0.0023091 -0.0039388 0.9999893
1769781979.816882 -0.0003839 0.0000485 -0.0007534 0.0006719 0.0082983 -0.0073065 0.9999387
1769781980.650215 -0.0018701 -0.0015181 -0.0004152 -0.0131467 0.0289552 -0.0065662 0.9994727
1769781981.183547 -0.0020602 -0.0034034 0.0016565 -0.0283936 0.0370466 -0.0048129 0.9988985
1769781981.583547 -0.0019442 -0.0035685 0.0017971 -0.0282825 0.0377753 -0.0043446 0.9988765
1769781981.716880 -0.0027013 -0.0034591 0.0001191 -0.0251933 0.0362610 -0.0055588 0.9990093
1769781981.750214 -0.0021628 -0.0034477 0.0011239 -0.0247023 0.0358267 -0.0046621 0.9990419
1769781981.783547 -0.0023046 -0.0036303 0.0003967 -0.0241677 0.0344902 -0.0047920 0.9991013
1769781982.250213 -0.0015760 -0.0007750 -0.0004488 -0.0005903 0.0237899 -0.0082174 0.9996830
1769781982.516880 -0.0008573 0.0017806 -0.0006829 0.0197726 0.0167117 -0.0052085 0.9996513
1769781982.583545 -0.0002906 0.0018730 0.0004125 0.0240776 0.0150770 -0.0026274 0.9995930
1769781983.283546 0.0016064 0.0036528 0.0023415 0.0093826 -0.0046832 -0.0108880 0.9998857
1769781983.350214 0.0013551 0.0038387 0.0004212 0.0134528 -0.0064801 -0.0069055 0.9998647
1769781983.383546 0.0014549 0.0041098 0.0008077 0.0149451 -0.0076733 -0.0103701 0.9998051
1769781983.516880 0.0008862 0.0053792 -0.0008470 0.0242086 -0.0096252 -0.0049631 0.9996483
1769781983.550212 0.0014548 0.0042986 0.0018320 0.0251798 -0.0108028 -0.0060303 0.9996064
1769781984.283545 0.0025560 0.0016242 0.0000556 0.0161911 -0.0231276 -0.0009131 0.9996010
1769781984.383545 0.0026042 0.0010090 -0.0010113 0.0105907 -0.0244265 -0.0012519 0.9996448
1769781984.450212 0.0029497 0.0001557 -0.0011589 0.0062332 -0.0258877 -0.0010982 0.9996448
1769781984.550212 0.0026410 -0.0007625 -0.0015044 0.0002026 -0.0258741 0.0006148 0.9996650
1769781984.616879 0.0033526 -0.0015570 -0.0003420 -0.0044130 -0.0264344 0.0004900 0.9996407
1769781984.850212 0.0028588 -0.0037276 -0.0007811 -0.0201305 -0.0247741 0.0036696 0.9994836
1769781984.883545 0.0028914 -0.0046172 -0.0010825 -0.0221869 -0.0241281 0.0032683 0.9994573
1769781985.050211 0.0025802 -0.0049332 -0.0004248 -0.0300317 -0.0216025 0.0041970 0.9993067
1769781985.116878 0.0023622 -0.0059199 -0.0009539 -0.0335143 -0.0210899 -0.0099079 0.9991666
1769781985.650228 0.0009555 -0.0056279 -0.0015002 -0.0385168 -0.0087733 -0.0627429 0.9972476
1769781985.750229 0.0007947 -0.0054326 -0.0003431 -0.0367920 -0.0051909 -0.0532459 0.9978899
1769781985.783561 0.0005574 -0.0051891 -0.0009112 -0.0352956 -0.0035270 -0.0507202 0.9980828
1769781985.850228 0.0006760 -0.0053027 -0.0008612 -0.0334156 -0.0016753 -0.0446718 0.9984413
1769781985.916895 0.0006528 -0.0048772 -0.0007196 -0.0307361 0.0010783 -0.0402503 0.9987162
1769781985.950228 0.0006203 -0.0048120 -0.0008936 -0.0296909 0.0020403 -0.0382001 0.9988269
1769781986.250228 0.0001095 -0.0031851 0.0003642 -0.0053406 0.0206069 -0.0391040 0.9990084
1769781986.516894 -0.0009542 -0.0014493 0.0010115 0.0196648 0.0499693 -0.0392856 0.9977841
1769781986.616894 -0.0008975 -0.0001898 0.0011221 0.0257959 0.0600035 -0.0418580 0.9969865
1769781986.650229 -0.0004502 -0.0003215 0.0005045 0.0270340 0.0606804 -0.0452080 0.9967664
1769781987.016895 -0.0017796 0.0015367 0.0035150 0.0082660 0.0647869 -0.0421560 0.9969741
1769781987.050227 -0.0018456 0.0016191 0.0030138 0.0055108 0.0632961 -0.0410663 0.9971343
1769781987.383560 -0.0036690 0.0025113 0.0060044 0.0039899 0.0697252 -0.0220333 0.9973149
1769781987.450227 -0.0033792 0.0033042 0.0058572 0.0064607 0.0693400 -0.0267812 0.9972126
1769781987.583560 -0.0046602 0.0032057 0.0052685 0.0126039 0.0729472 -0.0274548 0.9968781
1769781987.616894 -0.0045991 0.0036740 0.0064821 0.0168390 0.0739069 -0.0257146 0.9967914
1769781988.283559 -0.0063765 0.0017809 0.0044550 0.0129371 0.0830721 -0.0231715 0.9961901
1769781988.316894 -0.0063029 0.0019856 0.0052907 0.0130094 0.0836397 -0.0226264 0.9961542
1769781988.416895 -0.0070086 0.0013289 0.0047195 0.0076100 0.0851540 -0.0213295 0.9961104
1769781988.483559 -0.0074599 0.0009196 0.0021306 0.0038725 0.0851674 -0.0199445 0.9961596
1769781988.650226 -0.0081058 -0.0007300 0.0039375 -0.0080884 0.0858128 -0.0191318 0.9960947
1769781988.683560 -0.0075167 -0.0014777 0.0049534 -0.0108001 0.0856071 -0.0178955 0.9961097
1769781988.716894 -0.0070337 -0.0018465 0.0056867 -0.0132101 0.0853750 -0.0179120 0.9961003
1769781988.983559 -0.0072050 -0.0052616 0.0031042 -0.0320283 0.0832400 -0.0160160 0.9958859
1769781989.383559 -0.0065214 -0.0081395 0.0017634 -0.0496320 0.0735505 -0.0094706 0.9960107
1769781989.416895 -0.0062810 -0.0084126 0.0015015 -0.0500291 0.0720022 -0.0089598 0.9961087
1769781989.783559 -0.0050460 -0.0084826 0.0007039 -0.0495986 0.0579793 -0.0069116 0.9970610
1769781990.016893 -0.0034307 -0.0074555 0.0003302 -0.0407485 0.0467726 -0.0068806 0.9980504
1769781990.150225 -0.0024782 -0.0064268 0.0006224 -0.0335797 0.0402702 -0.0078288 0.9985937
1769781990.316892 -0.0016673 -0.0052253 -0.0007418 -0.0199124 0.0302005 -0.0113905 0.9992806
1769781990.516892 -0.0010024 -0.0035880 -0.0002547 0.0035267 0.0181791 -0.0148398 0.9997184
1769781990.616892 -0.0008643 -0.0027683 -0.0000065 0.0153224 0.0085875 -0.0162602 0.9997135
1769781990.650225 -0.0010187 -0.0024792 -0.0005293 0.0180061 0.0052238 -0.0177740 0.9996662
1769781990.716892 -0.0003507 -0.0019697 -0.0000169 0.0245811 -0.0035488 -0.0196044 0.9994993
1769781990.783557 -0.0005343 -0.0011725 -0.0002360 0.0314490 -0.0093709 -0.0170232 0.9993165
1769781991.050225 0.0006843 0.0000101 0.0011554 0.0417055 -0.0234169 -0.0117682 0.9987862
1769781991.350226 0.0016421 0.0004442 0.0034835 0.0106843 -0.0187156 -0.0102967 0.9997147
1769781991.383557 0.0014227 0.0005913 0.0022185 0.0094001 -0.0188924 -0.0110891 0.9997159
1769781991.450225 0.0018297 0.0010161 0.0026854 0.0087861 -0.0190710 -0.0112833 0.9997159
1769781991.716891 0.0028938 0.0023176 0.0023476 0.0160080 -0.0213926 -0.0138781 0.9995466
1769781992.050224 0.0029277 0.0021297 0.0010952 0.0213658 -0.0227249 -0.0091104 0.9994719
1769781992.616890 0.0035015 -0.0017317 0.0005106 0.0010420 -0.0278070 -0.0062786 0.9995931
1769781992.683558 0.0035879 -0.0019382 -0.0000206 -0.0020726 -0.0285421 -0.0060049 0.9995724
1769781992.716891 0.0040491 -0.0024295 0.0014417 -0.0049377 -0.0285427 -0.0051535 0.9995671
1769781993.250224 0.0037477 -0.0071460 0.0009242 -0.0376742 -0.0249526 -0.0019611 0.9989766
1769781993.283556 0.0032323 -0.0070244 -0.0002396 -0.0386471 -0.0243163 -0.0028563 0.9989530
1769781993.683575 0.0031025 -0.0088448 0.0013707 -0.0510167 -0.0192611 -0.0811103 0.9952123
1769781993.850240 0.0023700 -0.0084927 0.0013267 -0.0495998 -0.0127723 -0.0740667 0.9959372
1769781993.916909 0.0021966 -0.0083374 0.0013266 -0.0487693 -0.0100356 -0.0666081 0.9965361
1769781993.983575 0.0022721 -0.0075967 -0.0001465 -0.0466947 -0.0088597 -0.0636575 0.9968394
1769781994.183574 0.0012913 -0.0070748 0.0008846 -0.0393180 0.0015073 -0.0448148 0.9982201
1769781994.250241 0.0013951 -0.0067133 0.0008010 -0.0366913 0.0031328 -0.0421802 0.9984311
1769781994.516908 0.0009048 -0.0051177 0.0012957 -0.0127803 0.0198925 -0.0455642 0.9986816
1769781996.216906 -0.0047958 0.0020512 0.0038954 0.0134049 0.0761734 -0.0339494 0.9964263
1769781996.250240 -0.0034528 0.0016364 0.0055738 0.0122619 0.0762142 -0.0365923 0.9963444
1769781996.350240 -0.0045410 0.0020104 0.0048804 0.0099757 0.0797343 -0.0397302 0.9959741
1769781996.550239 -0.0047951 0.0002893 0.0049433 0.0026745 0.0824101 -0.0357089 0.9959550
1769781996.716906 -0.0055228 -0.0010777 0.0045607 -0.0066091 0.0839554 -0.0318629 0.9959381
1769781996.850238 -0.0057644 -0.0024599 0.0045246 -0.0154836 0.0843435 -0.0319752 0.9958032
1769781997.083573 -0.0060278 -0.0051922 0.0050699 -0.0329157 0.0846917 -0.0245953 0.9955596
1769781997.116906 -0.0059292 -0.0055207 0.0050535 -0.0353392 0.0839267 -0.0246152 0.9955408
1769781997.216906 -0.0060464 -0.0068639 0.0040219 -0.0418133 0.0831313 -0.0235255 0.9953830
1769781997.316906 -0.0060985 -0.0080477 0.0039815 -0.0484962 0.0817808 -0.0193978 0.9952807
1769781997.383572 -0.0059629 -0.0084852 0.0035374 -0.0523633 0.0801427 -0.0191344 0.9952232
1769781997.683573 -0.0051035 -0.0104050 0.0035666 -0.0625538 0.0715906 -0.0134855 0.9953793
1769781997.750240 -0.0048620 -0.0104025 0.0026317 -0.0632082 0.0686345 -0.0126010 0.9955578
1769781998.016906 -0.0034688 -0.0106021 0.0021433 -0.0626177 0.0576120 -0.0137328 0.9962788
1769781998.083573 -0.0032875 -0.0104093 0.0019989 -0.0608634 0.0548666 -0.0131569 0.9965501
1769781998.316905 -0.0016746 -0.0097399 0.0019273 -0.0515123 0.0439502 -0.0131196 0.9976186
1769781998.350239 -0.0016862 -0.0094003 0.0017356 -0.0486712 0.0423440 -0.0119915 0.9978448
1769781998.450238 -0.0014546 -0.0089270 0.0005528 -0.0425084 0.0372722 -0.0127106 0.9983197
1769781998.483572 -0.0011736 -0.0089841 0.0010083 -0.0400099 0.0358372 -0.0129243 0.9984728
1769781998.516905 -0.0012160 -0.0083694 0.0004390 -0.0367155 0.0338233 -0.0138042 0.9986578
1769781998.583570 -0.0005167 -0.0082452 0.0012355 -0.0302660 0.0294127 -0.0154143 0.9989901
1769781998.683572 -0.0002644 -0.0076078 0.0009704 -0.0196126 0.0229982 -0.0162731 0.9994106
1769781998.750239 0.0002450 -0.0066756 0.0010498 -0.0104974 0.0175853 -0.0203954 0.9995822
1769781998.883570 0.0005153 -0.0061214 0.0013452 0.0039911 0.0058945 -0.0218883 0.9997351
1769781998.950238 0.0007139 -0.0055555 0.0017474 0.0097168 -0.0013681 -0.0218085 0.9997141
1769781999.050237 0.0011965 -0.0053217 0.0033037 0.0151184 -0.0113062 -0.0259579 0.9994848
1769781999.083572 0.0011687 -0.0053025 0.0031758 0.0179529 -0.0151555 -0.0245546 0.9994224
1769781999.116905 0.0014303 -0.0046604 0.0031255 0.0205433 -0.0180433 -0.0247092 0.9993207
1769781999.150238 0.0012844 -0.0047668 0.0026492 0.0216954 -0.0201088 -0.0220578 0.9993190
1769781999.216904 0.0013617 -0.0043332 0.0030181 0.0245988 -0.0229420 -0.0205793 0.9992223
1769781999.416907 0.0028912 -0.0037761 0.0059453 0.0101924 -0.0203947 -0.0150669 0.9996266
1769781999.683572 0.0019473 -0.0029209 0.0044724 -0.0069642 -0.0163802 -0.0137431 0.9997472
1769781999.716905 0.0026201 -0.0031922 0.0053881 -0.0087528 -0.0174450 -0.0166519 0.9996709
1769782000.650270 0.0050000 -0.0033634 0.0038898 -0.0027759 -0.0267644 -0.0141119 0.9995383
1769782000.683604 0.0048619 -0.0037325 0.0044337 -0.0041852 -0.0262740 -0.0129567 0.9995621
1769782000.783603 0.0052623 -0.0047739 0.0042015 -0.0104536 -0.0274919 -0.0138025 0.9994721
1769782000.816937 0.0049195 -0.0045873 0.0037368 -0.0114958 -0.0264629 -0.0131843 0.9994968
1769782001.550270 0.0046857 -0.0111457 0.0001556 -0.0579445 -0.0230488 -0.0129533 0.9979696
1769782001.650272 0.0043052 -0.0120142 0.0007469 -0.0625703 -0.0219135 -0.0406742 0.9969706
1769782001.850269 0.0041187 -0.0127845 0.0019782 -0.0670701 -0.0205376 -0.0819016 0.9941690
1769782002.016937 0.0033089 -0.0126292 0.0006023 -0.0687051 -0.0158630 -0.0911125 0.9933411
1769782002.150270 0.0028983 -0.0120725 0.0009327 -0.0670963 -0.0094802 -0.0817232 0.9943488
1769782002.216937 0.0026897 -0.0118355 0.0010632 -0.0648884 -0.0067344 -0.0735284 0.9951572
1769782002.383602 0.0021684 -0.0108734 0.0004369 -0.0590598 0.0011958 -0.0615248 0.9963560
1769782002.450270 0.0017510 -0.0108028 0.0013368 -0.0563050 0.0047194 -0.0550927 0.9968813
1769782002.483603 0.0019339 -0.0113060 0.0023090 -0.0563767 0.0056982 -0.0524463 0.9970148
1769782002.516937 0.0019486 -0.0108388 0.0012957 -0.0537127 0.0064518 -0.0560298 0.9969624
1769782002.583602 0.0017224 -0.0106882 0.0013060 -0.0495072 0.0103749 -0.0548911 0.9972103
1769782002.683603 0.0014282 -0.0094425 0.0006248 -0.0393913 0.0170583 -0.0564416 0.9974827
1769782002.716937 0.0012157 -0.0094721 0.0014236 -0.0367040 0.0199634 -0.0567635 0.9975130
1769782002.750270 0.0012207 -0.0090204 0.0007726 -0.0326644 0.0212926 -0.0580137 0.9975541
1769782002.783603 0.0014634 -0.0090514 0.0018864 -0.0293220 0.0240604 -0.0584158 0.9975715
1769782002.916938 0.0009967 -0.0079699 0.0029494 -0.0160203 0.0397482 -0.0615299 0.9971848
1769782002.950269 0.0006782 -0.0079841 0.0020017 -0.0155992 0.0431810 -0.0670780 0.9966908
1769782003.016937 0.0006531 -0.0075465 0.0020522 -0.0098322 0.0501851 -0.0680800 0.9963684
1769782003.050269 0.0013535 -0.0078717 0.0023191 -0.0103027 0.0520574 -0.0712250 0.9960476
1769782003.083603 0.0013105 -0.0077233 0.0026758 -0.0078696 0.0556756 -0.0713183 0.9958674
1769782003.116936 0.0014347 -0.0075121 0.0019555 -0.0058661 0.0566833 -0.0713875 0.9958195
1769782003.150270 0.0015044 -0.0072007 0.0023731 -0.0043376 0.0599202 -0.0731702 0.9955084
1769782003.183603 0.0012876 -0.0071606 0.0025163 -0.0029606 0.0634270 -0.0753278 0.9951352
1769782003.383602 0.0013795 -0.0060636 0.0033736 -0.0051979 0.0634733 -0.0756970 0.9950950
1769782003.583602 0.0006945 -0.0053075 0.0027846 -0.0278165 0.0607639 -0.0678123 0.9954574
1769782004.083603 -0.0007160 -0.0027995 0.0034441 -0.0144493 0.0664397 -0.0606784 0.9958389
1769782004.150268 -0.0012577 -0.0034436 0.0043792 -0.0146634 0.0706283 -0.0612447 0.9955128
1769782004.583601 -0.0006136 -0.0038562 0.0063302 -0.0115327 0.0762897 -0.0557552 0.9954588
1769782004.716935 -0.0035193 -0.0039666 0.0031711 -0.0136701 0.0808532 -0.0578104 0.9949542
1769782004.783601 -0.0037130 -0.0047438 0.0027651 -0.0171314 0.0811571 -0.0559765 0.9949808
1769782004.816935 -0.0037323 -0.0048284 0.0026859 -0.0191329 0.0815417 -0.0560111 0.9949109
1769782005.116935 -0.0051321 -0.0067783 0.0019032 -0.0373372 0.0846099 -0.0531031 0.9942973
1769782005.483601 -0.0058144 -0.0106585 0.0013772 -0.0623013 0.0833712 -0.0424974 0.9936608
1769782005.750268 -0.0053883 -0.0134388 0.0007752 -0.0762151 0.0779431 -0.0344004 0.9934449
1769782006.083600 -0.0047053 -0.0150169 0.0007918 -0.0835632 0.0680148 -0.0280030 0.9937842
1769782006.583600 -0.0009626 -0.0136825 -0.0008441 -0.0689586 0.0430899 -0.0327262 0.9961511
1769782006.683600 -0.0008998 -0.0130335 -0.0013656 -0.0639759 0.0387362 -0.0332584 0.9966446
1769782006.983600 0.0012175 -0.0106794 -0.0014221 -0.0324931 0.0178223 -0.0380778 0.9985874
1769782007.116934 0.0014576 -0.0100407 -0.0006257 -0.0191870 0.0069103 -0.0420904 0.9989057
1769782007.150267 0.0012477 -0.0097992 -0.0012481 -0.0158199 0.0033244 -0.0396700 0.9990821
1769782007.283599 0.0015571 -0.0090526 -0.0013720 -0.0049346 -0.0104020 -0.0420983 0.9990472
1769782007.316934 0.0021762 -0.0094021 0.0005585 -0.0052041 -0.0140778 -0.0442279 0.9989088
1769782007.816933 0.0033823 -0.0080763 0.0025157 -0.0285916 -0.0185001 -0.0351573 0.9988014
1769782007.850266 0.0036678 -0.0078050 0.0025762 -0.0291862 -0.0183765 -0.0353223 0.9987807
1769782007.983598 0.0034283 -0.0078357 0.0029004 -0.0323188 -0.0166714 -0.0331048 0.9987901
1769782008.050266 0.0040170 -0.0074801 0.0027533 -0.0313861 -0.0187294 -0.0364866 0.9986656
1769782008.583623 0.0043613 -0.0066196 0.0019236 -0.0174553 -0.0206966 -0.0307501 0.9991603
1769782008.650290 0.0049919 -0.0071454 0.0021364 -0.0187692 -0.0226534 -0.0340813 0.9989860
1769782009.350291 0.0056523 -0.0120985 0.0016240 -0.0542364 -0.0269216 -0.0313103 0.9976739
1769782009.383623 0.0052264 -0.0118420 0.0011104 -0.0557923 -0.0252526 -0.0306936 0.9976510
1769782009.416957 0.0052220 -0.0124664 0.0018129 -0.0586013 -0.0263460 -0.0306180 0.9974639
1769782009.650289 0.0047448 -0.0137032 0.0013317 -0.0720932 -0.0241393 -0.0279093 0.9967151
1769782009.850289 0.0044187 -0.0152123 0.0021787 -0.0829011 -0.0208101 -0.0368607 0.9956584
1769782010.216956 0.0036412 -0.0164850 0.0013893 -0.0921622 -0.0175703 -0.1035312 0.9901913
1769782010.283622 0.0033756 -0.0161397 0.0011276 -0.0915732 -0.0150357 -0.1047053 0.9901642
1769782010.350290 0.0029486 -0.0162169 0.0014893 -0.0905401 -0.0109014 -0.0956576 0.9912282
1769782010.416957 0.0029276 -0.0158113 0.0009615 -0.0888853 -0.0076750 -0.0884658 0.9920757
1769782010.583622 0.0022471 -0.0154516 0.0012431 -0.0850141 0.0015239 -0.0769276 0.9934044
1769782011.016956 0.0017335 -0.0143780 0.0009037 -0.0540537 0.0219194 -0.0715890 0.9957272
1769782011.716956 0.0006233 -0.0103789 0.0041109 -0.0404471 0.0681999 -0.0853994 0.9931867
1769782011.750288 0.0003369 -0.0100842 0.0040061 -0.0427560 0.0694129 -0.0828217 0.9932243
1769782011.783621 0.0003336 -0.0099270 0.0045312 -0.0455527 0.0681996 -0.0812445 0.9933142
1769782012.216955 -0.0024339 -0.0082170 0.0030778 -0.0407796 0.0766943 -0.0646549 0.9941201
1769782012.250288 -0.0019064 -0.0076512 0.0053453 -0.0406851 0.0773902 -0.0685482 0.9938092
1769782012.650287 -0.0017313 -0.0074339 0.0061867 -0.0297018 0.0802169 -0.0741035 0.9935752
1769782012.850288 -0.0028569 -0.0077088 0.0056014 -0.0304162 0.0859536 -0.0715562 0.9932606
1769782013.016955 -0.0039321 -0.0082853 0.0045939 -0.0365297 0.0887441 -0.0701701 0.9929080
1769782013.050287 -0.0037180 -0.0084897 0.0040863 -0.0379963 0.0882900 -0.0707702 0.9928508
1769782013.083621 -0.0037426 -0.0094567 0.0050227 -0.0400244 0.0892204 -0.0680670 0.9928770
1769782013.283621 -0.0049435 -0.0108853 0.0038411 -0.0524450 0.0929362 -0.0620689 0.9923507
1769782013.350288 -0.0055854 -0.0116532 0.0029754 -0.0566870 0.0931021 -0.0598006 0.9922411
1769782013.483620 -0.0067641 -0.0136218 0.0020689 -0.0668027 0.0954430 -0.0552285 0.9916541
1769782013.583620 -0.0065382 -0.0140164 0.0024070 -0.0732021 0.0947276 -0.0541131 0.9913324
1769782013.683622 -0.0067033 -0.0151726 0.0025785 -0.0800627 0.0941799 -0.0489507 0.9911225
1769782014.016955 -0.0069608 -0.0186331 0.0014490 -0.0988713 0.0895111 -0.0425542 0.9901522
1769782014.050287 -0.0069163 -0.0188387 0.0009803 -0.0995483 0.0882814 -0.0415864 0.9902359
1769782014.483620 -0.0053170 -0.0196795 0.0005926 -0.1036326 0.0731978 -0.0380223 0.9911895
1769782014.516953 -0.0050964 -0.0195185 0.0006744 -0.1031623 0.0712293 -0.0387122 0.9913553
1769782014.750287 -0.0033004 -0.0183971 0.0002874 -0.0943705 0.0578476 -0.0408955 0.9930133
1769782014.883619 -0.0025044 -0.0174014 -0.0004470 -0.0853172 0.0513873 -0.0410828 0.9941794
1769782014.916953 -0.0025307 -0.0173848 -0.0001898 -0.0840123 0.0503516 -0.0408922 0.9943513
1769782014.950286 -0.0026332 -0.0176177 0.0000435 -0.0832659 0.0495407 -0.0403745 0.9944760
1769782015.116953 -0.0021421 -0.0163603 -0.0005673 -0.0674055 0.0404224 -0.0422936 0.9960090
1769782015.250286 -0.0016523 -0.0160421 -0.0000618 -0.0537438 0.0314981 -0.0441599 0.9970804
1769782015.383620 -0.0013068 -0.0151263 -0.0002403 -0.0399790 0.0191878 -0.0452086 0.9979928
1769782017.116969 0.0020099 -0.0116192 -0.0003556 -0.0446642 -0.0045941 -0.0337566 0.9984210
1769782017.316969 0.0017690 -0.0125838 -0.0001041 -0.0511012 -0.0024363 -0.0329401 0.9981471
1769782017.416971 0.0016374 -0.0131086 -0.0002557 -0.0553727 -0.0010792 -0.0343749 0.9978732
1769782017.550302 0.0015989 -0.0136611 -0.0001433 -0.0598066 0.0002884 -0.0341349 0.9976261
1769782017.583635 0.0015302 -0.0138000 -0.0002087 -0.0609380 0.0006246 -0.0341704 0.9975563
1769782017.716969 0.0013063 -0.0142890 -0.0000812 -0.0645882 0.0023026 -0.0346041 0.9973092
1769782018.216969 0.0006056 -0.0152071 0.0002606 -0.0716133 0.0094091 -0.0351376 0.9967690
1769782018.316969 0.0004740 -0.0153051 0.0001637 -0.0721527 0.0106834 -0.0358806 0.9966908
1769782018.450303 0.0002280 -0.0153267 0.0001802 -0.0723166 0.0122035 -0.0363521 0.9966443
1769782019.716968 -0.0000936 -0.0150042 0.0004488 -0.0698752 0.0157263 -0.0402437 0.9966196
1769782020.283633 -0.0001636 -0.0149514 0.0003833 -0.0698468 0.0157792 -0.0401764 0.9966235
1769782020.383633 -0.0001485 -0.0150136 0.0003484 -0.0697464 0.0157562 -0.0400229 0.9966370
1769782020.850300 -0.0000862 -0.0150021 0.0004721 -0.0696465 0.0157310 -0.0399521 0.9966472
