1769781959716826368.000000 0.000000000 0.000000000 0.000000000 -0.000000000 -0.000000000 -0.000000000 1.000000000
1769781959783492096.000000 0.000036818 -0.000167586 -0.000565168 -0.000205453 -0.000587159 -0.000942311 0.999999344
1769781959816826112.000000 0.000140139 -0.000343112 -0.000750378 -0.000202851 -0.001099389 -0.000657053 0.999999166
1769781959883492608.000000 0.000594884 -0.000242919 -0.000200501 -0.000374888 -0.001401972 -0.001955758 0.999997020
1769781959983491840.000000 0.000793109 0.000233651 -0.000155907 -0.000020543 -0.001882264 -0.003804953 0.999991000
1769781960083493120.000000 0.000329718 -0.000101511 0.000079325 -0.000490176 -0.001136885 -0.002662616 0.999995708
1769781960216825600.000000 0.000515995 -0.000364250 -0.000621871 -0.001087698 -0.002000775 -0.003833633 0.999990106
1769781960416826880.000000 0.000685739 0.000122167 0.000114860 -0.000787690 -0.002309070 -0.003938778 0.999989271
1769781979816881664.000000 -0.000383892 0.000048501 -0.000753382 0.000671896 0.008298303 -0.007306546 0.999938667
1769781980650214656.000000 -0.001870054 -0.001518101 -0.000415161 -0.013146727 0.028955242 -0.006566211 0.999472678
1769781981183546880.000000 -0.002060248 -0.003403411 0.001656506 -0.028393600 0.037046600 -0.004812858 0.998898506
1769781981583546880.000000 -0.001944192 -0.003568467 0.001797119 -0.028282499 0.037775271 -0.004344580 0.998876512
1769781981716880384.000000 -0.002701334 -0.003459113 0.000119128 -0.025193311 0.036261030 -0.005558787 0.999009311
1769781981750214400.000000 -0.002162847 -0.003447719 0.001123936 -0.024702298 0.035826739 -0.004662111 0.999041855
1769781981783546880.000000 -0.002304627 -0.003630262 0.000396724 -0.024167733 0.034490243 -0.004791960 0.999101281
1769781982250213120.000000 -0.001576011 -0.000774996 -0.000448812 -0.000590256 0.023789873 -0.008217423 0.999683022
1769781982516880128.000000 -0.000857291 0.001780644 -0.000682856 0.019772582 0.016711686 -0.005208536 0.999651253
1769781982583545344.000000 -0.000290586 0.001873047 0.000412460 0.024077570 0.015076979 -0.002627373 0.999592960
1769781983283545856.000000 0.001606424 0.003652772 0.002341499 0.009382566 -0.004683194 -0.010887983 0.999885738
1769781983350213632.000000 0.001355138 0.003838729 0.000421178 0.013452779 -0.006480079 -0.006905504 0.999864697
1769781983383545600.000000 0.001454862 0.004109766 0.000807734 0.014945111 -0.007673304 -0.010370109 0.999805093
1769781983516879616.000000 0.000886228 0.005379179 -0.000846952 0.024208579 -0.009625223 -0.004963100 0.999648273
1769781983550212352.000000 0.001454849 0.004298563 0.001832036 0.025179820 -0.010802793 -0.006030290 0.999606371
1769781984283545088.000000 0.002555999 0.001624155 0.000055621 0.016191145 -0.023127556 -0.000913068 0.999601007
1769781984383544832.000000 0.002604199 0.001009021 -0.001011337 0.010590743 -0.024426550 -0.001251929 0.999644756
1769781984450212096.000000 0.002949703 0.000155679 -0.001158879 0.006233175 -0.025887737 -0.001098161 0.999644816
1769781984550212096.000000 0.002640958 -0.000762538 -0.001504382 0.000202592 -0.025874147 0.000614810 0.999665022
1769781984616878592.000000 0.003352572 -0.001556957 -0.000341956 -0.004413043 -0.026434382 0.000490014 0.999640703
1769781984850211584.000000 0.002858821 -0.003727642 -0.000781082 -0.020130495 -0.024774127 0.003669552 0.999483645
1769781984883545088.000000 0.002891435 -0.004617248 -0.001082473 -0.022186879 -0.024128132 0.003268264 0.999457300
1769781985050211328.000000 0.002580208 -0.004933237 -0.000424775 -0.030031731 -0.021602510 0.004196987 0.999306679
1769781985116878336.000000 0.002362206 -0.005919869 -0.000953905 -0.033514310 -0.021089898 -0.009907913 0.999166608
1769781985650227456.000000 0.000955504 -0.005627943 -0.001500178 -0.038516819 -0.008773258 -0.062742934 0.997247636
1769781985750228992.000000 0.000794682 -0.005432643 -0.000343069 -0.036791991 -0.005190853 -0.053245921 0.997889936
1769781985783561472.000000 0.000557367 -0.005189052 -0.000911170 -0.035295606 -0.003527042 -0.050720219 0.998082757
1769781985850227712.000000 0.000675955 -0.005302679 -0.000861169 -0.033415593 -0.001675350 -0.044671778 0.998441279
1769781985916895232.000000 0.000652811 -0.004877249 -0.000719574 -0.030736061 0.001078253 -0.040250283 0.998716176
1769781985950228224.000000 0.000620303 -0.004811960 -0.000893579 -0.029690869 0.002040280 -0.038200077 0.998826861
1769781986250227712.000000 0.000109540 -0.003185061 0.000364183 -0.005340574 0.020606944 -0.039103951 0.999008417
1769781986516894464.000000 -0.000954208 -0.001449254 0.001011513 0.019664835 0.049969308 -0.039285641 0.997784078
1769781986616894464.000000 -0.000897498 -0.000189762 0.001122118 0.025795862 0.060003463 -0.041858040 0.996986508
1769781986650228992.000000 -0.000450183 -0.000321511 0.000504471 0.027033973 0.060680371 -0.045207996 0.996766448
1769781987016894976.000000 -0.001779555 0.001536699 0.003514952 0.008266024 0.064786881 -0.042156011 0.996974051
1769781987050227456.000000 -0.001845616 0.001619124 0.003013792 0.005510782 0.063296147 -0.041066293 0.997134328
1769781987383560192.000000 -0.003668975 0.002511257 0.006004436 0.003989856 0.069725193 -0.022033254 0.997314930
1769781987450227456.000000 -0.003379156 0.003304158 0.005857208 0.006460692 0.069340013 -0.026781159 0.997212648
1769781987583560192.000000 -0.004660153 0.003205670 0.005268510 0.012603945 0.072947212 -0.027454762 0.996878147
1769781987616893440.000000 -0.004599102 0.003673999 0.006482120 0.016838958 0.073906913 -0.025714608 0.996791363
1769781988283559424.000000 -0.006376539 0.001780893 0.004454966 0.012937142 0.083072059 -0.023171503 0.996190131
1769781988316893696.000000 -0.006302912 0.001985613 0.005290677 0.013009430 0.083639748 -0.022626422 0.996154189
1769781988416895232.000000 -0.007008600 0.001328935 0.004719498 0.007610039 0.085153967 -0.021329526 0.996110439
1769781988483559168.000000 -0.007459913 0.000919596 0.002130589 0.003872499 0.085167415 -0.019944508 0.996159554
1769781988650226432.000000 -0.008105804 -0.000730042 0.003937503 -0.008088415 0.085812822 -0.019131802 0.996094704
1769781988683560448.000000 -0.007516652 -0.001477676 0.004953449 -0.010800052 0.085607067 -0.017895481 0.996109724
1769781988716893696.000000 -0.007033708 -0.001846516 0.005686666 -0.013210076 0.085374996 -0.017912013 0.996100307
1769781988983559424.000000 -0.007204996 -0.005261634 0.003104168 -0.032028306 0.083240047 -0.016015995 0.995885909
1769781989383558656.000000 -0.006521400 -0.008139542 0.001763448 -0.049631968 0.073550470 -0.009470619 0.996010721
1769781989416895232.000000 -0.006280998 -0.008412630 0.001501455 -0.050029095 0.072002195 -0.008959831 0.996108711
1769781989783559168.000000 -0.005046005 -0.008482642 0.000703873 -0.049598578 0.057979327 -0.006911609 0.997061014
1769781990016893184.000000 -0.003430705 -0.007455490 0.000330183 -0.040748470 0.046772603 -0.006880567 0.998050392
1769781990150225152.000000 -0.002478177 -0.006426845 0.000622418 -0.033579681 0.040270235 -0.007828829 0.998593748
1769781990316892416.000000 -0.001667271 -0.005225314 -0.000741760 -0.019912379 0.030200483 -0.011390542 0.999280572
1769781990516892160.000000 -0.001002415 -0.003588036 -0.000254729 0.003526742 0.018179059 -0.014839783 0.999718428
1769781990616892160.000000 -0.000864309 -0.002768291 -0.000006451 0.015322371 0.008587548 -0.016260207 0.999713540
1769781990650225152.000000 -0.001018706 -0.002479216 -0.000529305 0.018006092 0.005223807 -0.017773965 0.999666214
1769781990716891904.000000 -0.000350654 -0.001969730 -0.000016880 0.024581099 -0.003548763 -0.019604359 0.999499321
1769781990783557376.000000 -0.000534345 -0.001172545 -0.000235951 0.031448979 -0.009370948 -0.017023172 0.999316454
1769781991050224640.000000 0.000684326 0.000010087 0.001155388 0.041705512 -0.023416892 -0.011768189 0.998786151
1769781991350225664.000000 0.001642064 0.000444199 0.003483517 0.010684285 -0.018715557 -0.010296707 0.999714732
1769781991383556864.000000 0.001422741 0.000591289 0.002218518 0.009400070 -0.018892419 -0.011089114 0.999715865
1769781991450225152.000000 0.001829702 0.001016107 0.002685352 0.008786066 -0.019070977 -0.011283333 0.999715865
1769781991716891392.000000 0.002893828 0.002317613 0.002347626 0.016007977 -0.021392569 -0.013878056 0.999546647
1769781992050223872.000000 0.002927667 0.002129676 0.001095186 0.021365782 -0.022724938 -0.009110382 0.999471903
1769781992616890368.000000 0.003501535 -0.001731690 0.000510605 0.001041977 -0.027806958 -0.006278564 0.999593079
1769781992683557888.000000 0.003587859 -0.001938159 -0.000020626 -0.002072603 -0.028542062 -0.006004912 0.999572396
1769781992716891136.000000 0.004049124 -0.002429471 0.001441694 -0.004937736 -0.028542701 -0.005153463 0.999567091
1769781993250223872.000000 0.003747702 -0.007145998 0.000924196 -0.037674211 -0.024952587 -0.001961134 0.998976588
1769781993283556352.000000 0.003232324 -0.007024436 -0.000239596 -0.038647089 -0.024316335 -0.002856271 0.998952985
1769781993683575040.000000 0.003102510 -0.008844824 0.001370691 -0.051016729 -0.019261140 -0.081110276 0.995212257
1769781993850240512.000000 0.002369976 -0.008492687 0.001326715 -0.049599804 -0.012772332 -0.074066676 0.995937169
1769781993916909312.000000 0.002196587 -0.008337445 0.001326614 -0.048769325 -0.010035620 -0.066608094 0.996536136
1769781993983574528.000000 0.002272086 -0.007596742 -0.000146513 -0.046694659 -0.008859679 -0.063657485 0.996839404
1769781994183574016.000000 0.001291332 -0.007074771 0.000884580 -0.039318010 0.001507328 -0.044814814 0.998220146
1769781994250240512.000000 0.001395059 -0.006713259 0.000800953 -0.036691271 0.003132826 -0.042180229 0.998431146
1769781994516908032.000000 0.000904766 -0.005117748 0.001295744 -0.012780315 0.019892516 -0.045564160 0.998681605
1769781996216906240.000000 -0.004795839 0.002051166 0.003895372 0.013404897 0.076173365 -0.033949409 0.996426284
1769781996250239488.000000 -0.003452767 0.001636388 0.005573837 0.012261858 0.076214164 -0.036592349 0.996344388
1769781996350240512.000000 -0.004541035 0.002010408 0.004880360 0.009975711 0.079734281 -0.039730188 0.995974123
1769781996550238720.000000 -0.004795080 0.000289318 0.004943255 0.002674545 0.082410060 -0.035708874 0.995954990
1769781996716906240.000000 -0.005522805 -0.001077714 0.004560729 -0.006609106 0.083955407 -0.031862892 0.995938063
1769781996850238208.000000 -0.005764420 -0.002459875 0.004524558 -0.015483592 0.084343545 -0.031975195 0.995803237
1769781997083572992.000000 -0.006027789 -0.005192237 0.005069860 -0.032915667 0.084691741 -0.024595303 0.995559633
1769781997116905728.000000 -0.005929171 -0.005520740 0.005053523 -0.035339247 0.083926745 -0.024615180 0.995540798
1769781997216905728.000000 -0.006046390 -0.006863913 0.004021937 -0.041813295 0.083131321 -0.023525462 0.995383024
1769781997316905728.000000 -0.006098463 -0.008047693 0.003981509 -0.048496205 0.081780754 -0.019397823 0.995280743
1769781997383571712.000000 -0.005962881 -0.008485212 0.003537389 -0.052363276 0.080142662 -0.019134389 0.995223165
1769781997683572736.000000 -0.005103476 -0.010404957 0.003566614 -0.062553816 0.071590573 -0.013485494 0.995379329
1769781997750239488.000000 -0.004861998 -0.010402548 0.002631721 -0.063208207 0.068634540 -0.012600970 0.995557785
1769781998016906240.000000 -0.003468797 -0.010602131 0.002143338 -0.062617660 0.057611994 -0.013732783 0.996278763
1769781998083572992.000000 -0.003287534 -0.010409284 0.001998910 -0.060863413 0.054866586 -0.013156860 0.996550143
1769781998316905216.000000 -0.001674620 -0.009739864 0.001927259 -0.051512342 0.043950245 -0.013119594 0.997618556
1769781998350239232.000000 -0.001686202 -0.009400255 0.001735569 -0.048671201 0.042344034 -0.011991515 0.997844815
1769781998450238464.000000 -0.001454556 -0.008926960 0.000552752 -0.042508435 0.037272181 -0.012710597 0.998319745
1769781998483571456.000000 -0.001173596 -0.008984146 0.001008324 -0.040009934 0.035837188 -0.012924320 0.998472810
1769781998516905216.000000 -0.001216049 -0.008369399 0.000439031 -0.036715508 0.033823311 -0.013804219 0.998657823
1769781998583570432.000000 -0.000516677 -0.008245165 0.001235537 -0.030266037 0.029412674 -0.015414292 0.998990119
1769781998683572224.000000 -0.000264435 -0.007607784 0.000970426 -0.019612635 0.022998206 -0.016273133 0.999410629
1769781998750238720.000000 0.000245035 -0.006675584 0.001049843 -0.010497397 0.017585311 -0.020395413 0.999582231
1769781998883570432.000000 0.000515281 -0.006121407 0.001345207 0.003991129 0.005894482 -0.021888344 0.999735117
1769781998950238464.000000 0.000713931 -0.005555485 0.001747385 0.009716836 -0.001368108 -0.021808475 0.999714077
1769781999050237440.000000 0.001196535 -0.005321709 0.003303691 0.015118408 -0.011306155 -0.025957892 0.999484777
1769781999083572224.000000 0.001168718 -0.005302486 0.003175791 0.017952910 -0.015155524 -0.024554621 0.999422371
1769781999116904960.000000 0.001430272 -0.004660424 0.003125457 0.020543294 -0.018043347 -0.024709249 0.999320686
1769781999150237696.000000 0.001284437 -0.004766809 0.002649162 0.021695364 -0.020108847 -0.022057753 0.999318957
1769781999216904448.000000 0.001361692 -0.004333164 0.003018129 0.024598800 -0.022941954 -0.020579275 0.999222279
1769781999416906752.000000 0.002891220 -0.003776131 0.005945302 0.010192371 -0.020394679 -0.015066868 0.999626577
1769781999683571456.000000 0.001947340 -0.002920941 0.004472445 -0.006964233 -0.016380170 -0.013743144 0.999747157
1769781999716905216.000000 0.002620110 -0.003192165 0.005388051 -0.008752778 -0.017444983 -0.016651912 0.999670863
1769782000650270208.000000 0.004999953 -0.003363403 0.003889848 -0.002775886 -0.026764361 -0.014111916 0.999538302
1769782000683603968.000000 0.004861884 -0.003732518 0.004433739 -0.004185152 -0.026273992 -0.012956739 0.999562085
1769782000783602944.000000 0.005262312 -0.004773857 0.004201467 -0.010453600 -0.027491929 -0.013802529 0.999472082
1769782000816937472.000000 0.004919534 -0.004587270 0.003736786 -0.011495819 -0.026462892 -0.013184322 0.999496758
1769782001550270208.000000 0.004685672 -0.011145657 0.000155577 -0.057944536 -0.023048799 -0.012953344 0.997969627
1769782001650272000.000000 0.004305174 -0.012014182 0.000746908 -0.062570252 -0.021913508 -0.040674247 0.996970594
1769782001850269440.000000 0.004118735 -0.012784487 0.001978173 -0.067070059 -0.020537641 -0.081901617 0.994168997
1769782002016937472.000000 0.003308917 -0.012629152 0.000602298 -0.068705149 -0.015862957 -0.091112539 0.993341088
1769782002150269696.000000 0.002898340 -0.012072493 0.000932670 -0.067096293 -0.009480173 -0.081723191 0.994348824
1769782002216936704.000000 0.002689710 -0.011835489 0.001063202 -0.064888358 -0.006734394 -0.073528372 0.995157182
1769782002383601920.000000 0.002168361 -0.010873384 0.000436928 -0.059059769 0.001195774 -0.061524816 0.996355951
1769782002450270464.000000 0.001751024 -0.010802762 0.001336840 -0.056304995 0.004719371 -0.055092722 0.996881306
1769782002483602944.000000 0.001933858 -0.011306032 0.002309005 -0.056376655 0.005698223 -0.052446257 0.997014821
1769782002516936960.000000 0.001948643 -0.010838797 0.001295693 -0.053712677 0.006451752 -0.056029804 0.996962368
1769782002583602176.000000 0.001722377 -0.010688213 0.001306048 -0.049507171 0.010374874 -0.054891076 0.997210324
1769782002683602944.000000 0.001428223 -0.009442524 0.000624784 -0.039391339 0.017058330 -0.056441627 0.997482717
1769782002716936704.000000 0.001215665 -0.009472074 0.001423648 -0.036704004 0.019963380 -0.056763474 0.997512996
1769782002750270208.000000 0.001220693 -0.009020398 0.000772564 -0.032664429 0.021292588 -0.058013666 0.997554064
1769782002783602944.000000 0.001463433 -0.009051371 0.001886377 -0.029322004 0.024060352 -0.058415823 0.997571528
1769782002916937728.000000 0.000996708 -0.007969874 0.002949388 -0.016020291 0.039748181 -0.061529852 0.997184813
1769782002950269184.000000 0.000678184 -0.007984071 0.002001708 -0.015599206 0.043181013 -0.067078017 0.996690810
1769782003016936960.000000 0.000653135 -0.007546472 0.002052192 -0.009832169 0.050185122 -0.068079993 0.996368408
1769782003050268928.000000 0.001353464 -0.007871749 0.002319067 -0.010302704 0.052057419 -0.071225025 0.996047616
1769782003083603200.000000 0.001310456 -0.007723333 0.002675787 -0.007869611 0.055675574 -0.071318299 0.995867431
1769782003116935936.000000 0.001434696 -0.007512113 0.001955457 -0.005866074 0.056683302 -0.071387507 0.995819509
1769782003150270208.000000 0.001504425 -0.007200690 0.002373053 -0.004337556 0.059920162 -0.073170207 0.995508373
1769782003183602688.000000 0.001287620 -0.007160607 0.002516257 -0.002960616 0.063426979 -0.075327814 0.995135188
1769782003383601664.000000 0.001379512 -0.006063561 0.003373551 -0.005197889 0.063473269 -0.075697049 0.995095015
1769782003583601920.000000 0.000694481 -0.005307487 0.002784605 -0.027816460 0.060763896 -0.067812257 0.995457411
1769782004083603200.000000 -0.000716030 -0.002799493 0.003444128 -0.014449283 0.066439688 -0.060678363 0.995838940
1769782004150268160.000000 -0.001257743 -0.003443617 0.004379211 -0.014663422 0.070628315 -0.061244670 0.995512784
1769782004583600896.000000 -0.000613571 -0.003856234 0.006330213 -0.011532741 0.076289654 -0.055755183 0.995458841
1769782004716935424.000000 -0.003519349 -0.003966569 0.003171102 -0.013670074 0.080853164 -0.057810411 0.994954228
1769782004783601408.000000 -0.003713027 -0.004743762 0.002765115 -0.017131401 0.081157133 -0.055976480 0.994980752
1769782004816934656.000000 -0.003732320 -0.004828440 0.002685869 -0.019132856 0.081541739 -0.056011055 0.994910896
1769782005116934656.000000 -0.005132120 -0.006778345 0.001903230 -0.037337180 0.084609888 -0.053103074 0.994297326
1769782005483601408.000000 -0.005814362 -0.010658512 0.001377211 -0.062301334 0.083371222 -0.042497404 0.993660808
1769782005750267648.000000 -0.005388343 -0.013438833 0.000775156 -0.076215133 0.077943079 -0.034400433 0.993444860
1769782006083600384.000000 -0.004705278 -0.015016878 0.000791753 -0.083563171 0.068014793 -0.028002987 0.993784189
1769782006583599616.000000 -0.000962550 -0.013682452 -0.000844121 -0.068958625 0.043089941 -0.032726225 0.996151090
1769782006683600384.000000 -0.000899816 -0.013033482 -0.001365600 -0.063975871 0.038736202 -0.033258397 0.996644616
1769782006983599872.000000 0.001217519 -0.010679414 -0.001422093 -0.032493111 0.017822253 -0.038077790 0.998587370
1769782007116933632.000000 0.001457582 -0.010040717 -0.000625663 -0.019186979 0.006910266 -0.042090353 0.998905659
1769782007150266624.000000 0.001247678 -0.009799184 -0.001248070 -0.015819868 0.003324399 -0.039670002 0.999082088
1769782007283599360.000000 0.001557089 -0.009052556 -0.001371966 -0.004934645 -0.010402029 -0.042098276 0.999047160
1769782007316934144.000000 0.002176231 -0.009402089 0.000558483 -0.005204136 -0.014077764 -0.044227887 0.998908758
1769782007816933376.000000 0.003382307 -0.008076259 0.002515692 -0.028591601 -0.018500131 -0.035157293 0.998801410
1769782007850265600.000000 0.003667756 -0.007805033 0.002576208 -0.029186152 -0.018376505 -0.035322256 0.998780668
1769782007983598080.000000 0.003428254 -0.007835718 0.002900406 -0.032318793 -0.016671356 -0.033104792 0.998790085
1769782008050265856.000000 0.004016986 -0.007480071 0.002753270 -0.031386115 -0.018729445 -0.036486574 0.998665571
1769782008583623168.000000 0.004361274 -0.006619602 0.001923568 -0.017455304 -0.020696623 -0.030750131 0.999160349
1769782008650289408.000000 0.004991889 -0.007145376 0.002136413 -0.018769167 -0.022653425 -0.034081344 0.998986006
1769782009350290944.000000 0.005652252 -0.012098531 0.001623959 -0.054236397 -0.026921613 -0.031310346 0.997673929
1769782009383622656.000000 0.005226430 -0.011842005 0.001110408 -0.055792265 -0.025252592 -0.030693628 0.997650981
1769782009416957184.000000 0.005222011 -0.012466404 0.001812939 -0.058601331 -0.026346015 -0.030617960 0.997463942
1769782009650288896.000000 0.004744758 -0.013703218 0.001331734 -0.072093248 -0.024139287 -0.027909325 0.996715069
1769782009850289152.000000 0.004418747 -0.015212284 0.002178682 -0.082901053 -0.020810122 -0.036860652 0.995658398
1769782010216956416.000000 0.003641221 -0.016485009 0.001389340 -0.092162177 -0.017570276 -0.103531197 0.990191281
1769782010283622144.000000 0.003375638 -0.016139681 0.001127620 -0.091573186 -0.015035745 -0.104705341 0.990164161
1769782010350289920.000000 0.002948558 -0.016216923 0.001489338 -0.090540051 -0.010901395 -0.095657602 0.991228163
1769782010416956672.000000 0.002927572 -0.015811324 0.000961487 -0.088885270 -0.007674976 -0.088465817 0.992075741
1769782010583622400.000000 0.002247093 -0.015451575 0.001243105 -0.085014090 0.001523898 -0.076927595 0.993404448
1769782011016956416.000000 0.001733480 -0.014377970 0.000903732 -0.054053735 0.021919385 -0.071589023 0.995727241
1769782011716955648.000000 0.000623324 -0.010378875 0.004110914 -0.040447090 0.068199903 -0.085399404 0.993186653
1769782011750288384.000000 0.000336891 -0.010084172 0.004006084 -0.042756025 0.069412917 -0.082821675 0.993224263
1769782011783620864.000000 0.000333551 -0.009927010 0.004531195 -0.045552701 0.068199582 -0.081244498 0.993314207
1769782012216954624.000000 -0.002433884 -0.008216996 0.003077803 -0.040779576 0.076694310 -0.064654924 0.994120121
1769782012250288128.000000 -0.001906373 -0.007651250 0.005345332 -0.040685084 0.077390172 -0.068548158 0.993809164
1769782012650287360.000000 -0.001731259 -0.007433904 0.006186691 -0.029701794 0.080216922 -0.074103497 0.993575215
1769782012850287616.000000 -0.002856884 -0.007708765 0.005601404 -0.030416157 0.085953638 -0.071556151 0.993260562
1769782013016955392.000000 -0.003932081 -0.008285307 0.004593862 -0.036529705 0.088744134 -0.070170112 0.992908001
1769782013050287360.000000 -0.003718025 -0.008489683 0.004086286 -0.037996251 0.088290006 -0.070770212 0.992850840
1769782013083621120.000000 -0.003742628 -0.009456692 0.005022683 -0.040024403 0.089220412 -0.068067007 0.992877007
1769782013283621120.000000 -0.004943458 -0.010885331 0.003841092 -0.052445047 0.092936233 -0.062068891 0.992350698
1769782013350288384.000000 -0.005585360 -0.011653249 0.002975418 -0.056686997 0.093102075 -0.059800573 0.992241144
1769782013483620096.000000 -0.006764114 -0.013621768 0.002068926 -0.066802688 0.095443040 -0.055228550 0.991654098
1769782013583620352.000000 -0.006538224 -0.014016361 0.002406987 -0.073202081 0.094727598 -0.054113101 0.991332412
1769782013683621888.000000 -0.006703305 -0.015172588 0.002578534 -0.080062732 0.094179936 -0.048950743 0.991122544
1769782014016954880.000000 -0.006960771 -0.018633109 0.001448962 -0.098871335 0.089511059 -0.042554174 0.990152180
1769782014050286592.000000 -0.006916345 -0.018838739 0.000980291 -0.099548340 0.088281393 -0.041586388 0.990235865
1769782014483620352.000000 -0.005317045 -0.019679533 0.000592619 -0.103632614 0.073197842 -0.038022287 0.991189539
1769782014516953344.000000 -0.005096450 -0.019518461 0.000674397 -0.103162311 0.071229301 -0.038712192 0.991355300
1769782014750287104.000000 -0.003300351 -0.018397085 0.000287350 -0.094370469 0.057847608 -0.040895537 0.993013322
1769782014883619328.000000 -0.002504410 -0.017401438 -0.000446967 -0.085317209 0.051387273 -0.041082781 0.994179368
1769782014916952832.000000 -0.002530716 -0.017384762 -0.000189847 -0.084012315 0.050351579 -0.040892225 0.994351327
1769782014950286336.000000 -0.002633179 -0.017617658 0.000043504 -0.083265893 0.049540743 -0.040374521 0.994475961
1769782015116953088.000000 -0.002142114 -0.016360272 -0.000567275 -0.067405470 0.040422369 -0.042293631 0.996008992
1769782015250286336.000000 -0.001652267 -0.016042080 -0.000061752 -0.053743843 0.031498138 -0.044159938 0.997080445
1769782015383619584.000000 -0.001306774 -0.015126287 -0.000240281 -0.039978966 0.019187830 -0.045208581 0.997992814
1769782017116968960.000000 0.002009877 -0.011619172 -0.000355606 -0.044664167 -0.004594142 -0.033756636 0.998421013
1769782017316969472.000000 0.001769027 -0.012583817 -0.000104071 -0.051101189 -0.002436299 -0.032940120 0.998147130
1769782017416971264.000000 0.001637439 -0.013108647 -0.000255749 -0.055372681 -0.001079198 -0.034374874 0.997873247
1769782017550301952.000000 0.001598911 -0.013661072 -0.000143270 -0.059806634 0.000288398 -0.034134872 0.997626126
1769782017583634688.000000 0.001530242 -0.013799955 -0.000208712 -0.060938023 0.000624638 -0.034170359 0.997556269
1769782017716968960.000000 0.001306258 -0.014289034 -0.000081178 -0.064588219 0.002302642 -0.034604106 0.997309208
1769782018216968448.000000 0.000605564 -0.015207063 0.000260582 -0.071613327 0.009409065 -0.035137609 0.996769011
1769782018316968704.000000 0.000474024 -0.015305129 0.000163676 -0.072152726 0.010683417 -0.035880588 0.996690750
1769782018450302976.000000 0.000227993 -0.015326707 0.000180193 -0.072316624 0.012203516 -0.036352083 0.996644318
1769782019716967680.000000 -0.000093636 -0.015004190 0.000448782 -0.069875158 0.015726276 -0.040243655 0.996619582
1769782020283633408.000000 -0.000163604 -0.014951397 0.000383289 -0.069846809 0.015779160 -0.040176384 0.996623456
1769782020383633152.000000 -0.000148492 -0.015013607 0.000348439 -0.069746360 0.015756164 -0.040022910 0.996637046
1769782020850300160.000000 -0.000086227 -0.015002095 0.000472051 -0.069646470 0.015730964 -0.039952129 0.996647239
